0.0078125,1000.0,1000.0078125,1001.234375,1001.609375,1002.0390625,1002.4140625,1002.6171875,1002.8125,1003.0,1003.1875,1003.375,1003.5546875,1003.734375,1003.9140625,1004.2265625,1004.546875,1004.875,1005.2109375,1005.5078125,1005.828125,1006.84375,1007.2109375,1007.5625,1007.8828125,1008.046875,1008.2109375,1008.3671875,1008.5234375,1008.6796875,1008.8359375,1008.9921875,1009.140625,1009.4140625,1009.6875,1009.96875,1010.2578125,1010.515625,1010.796875,1011.71875,1012.0546875,1012.3984375,1012.5546875,1012.703125,1012.875,1013.046875,1013.2109375,1013.375,1013.53125,1013.6875,1013.84375,1013.9921875,1014.203125,1014.4140625,1014.625,1014.8359375,1015.046875,1015.265625,1015.484375,1015.703125,1015.890625,1016.0859375,1016.2890625,1016.5,1016.6875,1016.890625,1017.578125,1017.84375,1018.1015625,1018.3359375,1018.5859375,1018.828125,1019.0546875,1019.28125,1019.40625,1019.5234375,1019.640625,1019.7578125,1019.875,1019.9921875,1020.109375,1020.2265625,1020.34375,1020.4609375,1020.578125,1020.703125,1020.8203125,1020.9453125,1021.0625,1021.1875,1021.40625,1021.640625,1021.875,1022.1328125,1022.3515625,1022.59375,1023.375,1023.6640625,1023.9375,1024.1953125,1024.4296875,1024.6484375,1024.8671875,1025.0859375,1025.3515625,1025.625,1025.90625,1026.1953125,1026.453125,1026.734375,1027.0078125,1027.6640625,1028.0078125,1028.1875,1028.359375,1028.5234375,1028.6796875,1028.8671875,1029.046875,1029.21875,1029.390625,1029.5625,1029.7265625,1029.890625,1030.0546875,1030.2421875,1030.4296875,1030.6171875,1030.8125,1031.0078125,1031.203125,1031.40625,1031.609375,1031.78125,1031.953125,1032.140625,1032.3359375,1032.5078125,1032.6953125,1033.3203125,1033.546875,1033.765625,1033.96875,1034.1796875,1034.3828125,1034.578125,1034.765625,1034.9609375,1035.0625,1035.15625,1035.34375,1035.4375,1035.53125,1035.625,1035.71875,1035.8984375,1035.9921875,1036.0859375,1036.1796875,1036.265625,1036.359375,1036.4453125,1036.5390625,1036.6328125,1036.7265625,1036.8203125,1036.9140625,1037.0078125,1037.1953125,1037.2890625,1037.390625,1037.5859375,1037.7890625,1037.9609375,1038.1328125,1038.3125,1038.5078125,1038.6796875,1038.8671875,1039.5,1039.734375,1039.96875,1040.1875,1040.4140625,1040.625,1040.828125,1041.03125,1041.234375,1041.3359375,1041.4375,1041.5390625,1041.6328125,1041.734375,1041.828125,1041.9296875,1042.0234375,1042.2109375,1042.3125,1042.40625,1042.5,1042.6015625,1042.7578125,1042.9140625,1043.0703125,1043.234375,1043.3984375,1043.5703125,1043.7421875,1043.921875,1044.0703125,1044.2265625,1044.390625,1044.5625,1044.890625,1045.703125,1045.9296875,1046.140625,1046.3671875,1046.5859375,1046.7890625,1046.9921875,1047.2109375,1047.4296875,1047.640625,1047.8515625,1048.0625,1048.2734375,1048.484375,1048.6953125,1048.8203125,1048.9453125,1049.0703125,1049.203125,1049.3359375,1049.46875,1049.6015625,1049.7421875,1050.03125,1050.3515625,1050.6953125,1051.390625,1051.6953125,1052.015625,1052.3125,1052.484375,1052.65625,1052.8203125,1052.984375,1053.1484375,1053.3046875,1053.4609375,1053.6171875,1053.7734375,1053.9375,1054.09375,1054.2578125,1054.421875,1054.5859375,1054.7578125,1054.9375,1055.2421875,1055.578125,1055.8984375,1056.671875,1057.0859375,1057.296875,1057.5,1057.6953125,1057.8828125,1058.0859375,1058.2890625,1058.4921875,1058.6875,1058.8828125,1059.078125,1059.2734375,1059.4609375,1059.65625,1059.8515625,1060.046875,1060.2421875,1060.4453125,1060.6484375,1060.859375,1061.0703125,1061.25,1061.4375,1061.6328125,1061.8359375,1062.21875,1063.1640625,1063.4296875,1063.6640625,1063.921875,1064.1640625,1064.390625,1064.6171875,1064.859375,1065.09375,1065.328125,1065.5625,1065.7890625,1066.0234375,1066.25,1066.484375,1066.671875,1066.859375,1067.046875,1067.2421875,1067.4375,1067.640625,1067.84375,1068.0546875,1068.2421875,1068.4296875,1068.6328125,1068.84375,1069.265625,1070.09375,1070.4453125,1070.8125,1071.1484375,1071.34375,1071.53125,1071.71875,1071.90625,1072.09375,1072.2734375,1072.453125,1072.6328125,1072.9375,1073.25,1073.5703125,1073.8984375,1074.2265625,1074.5859375,1074.953125,1075.984375,1076.3046875,1076.59375,1076.9296875,1077.2578125,1077.5703125,1077.875,1078.21875,1078.5625,1078.9140625,1079.28125,1079.640625,1080.03125,1080.4375,1081.5703125,1081.921875,1082.25,1082.6328125,1082.9921875,1083.34375,1083.6953125,1084.0078125,1084.3203125,1084.640625,1084.984375,1085.2734375,1085.6015625,1086.703125,1087.1484375,1087.59375,1088.0234375,1088.390625,1088.78125,1090.234375,1090.53125,1090.796875,1091.109375,1091.40625,1091.6875,1091.9609375,1092.2265625,1092.4921875,1092.75,1093.015625,1093.2734375,1093.53125,1093.796875,1094.078125,1094.3359375,1094.6171875,1095.5703125,1095.9296875,1096.125,1096.3125,1096.484375,1096.6484375,1096.859375,1097.0546875,1097.2421875,1097.4296875,1097.609375,1097.7890625,1097.96875,1098.140625,1098.3359375,1098.53125,1098.7265625,1098.921875,1099.1171875,1099.3125,1099.5078125,1099.7109375,1099.8203125,1099.9296875,1100.1484375,1100.375,1100.6171875,1100.8515625,1101.109375,1101.3671875,1102.0546875,1102.265625,1102.453125,1102.671875,1102.875,1103.0625,1103.25,1103.3671875,1103.4765625,1103.5859375,1103.6953125,1103.8046875,1103.90625,1104.015625,1104.1171875,1104.2265625,1104.328125,1104.4296875,1104.53125,1104.6328125,1104.7421875,1104.84375,1104.9453125,1105.1171875,1105.2109375,1105.296875,1105.390625,1105.4765625,1105.65625,1105.8359375,1106.0234375,1106.21875,1106.4140625,1106.59375,1106.7734375,1106.96875,1107.171875,1107.359375,1107.5703125,1108.34375,1108.671875,1108.84375,1109.0078125,1109.1640625,1109.3203125,1109.5,1109.671875,1109.84375,1110.015625,1110.1875,1110.3515625,1110.515625,1110.6796875,1110.8359375,1111.0,1111.15625,1111.3203125,1111.484375,1111.65625,1111.828125,1112.0,1112.1640625,1112.328125,1112.5,1112.6875,1113.046875,1113.75,1114.0390625,1114.34375,1114.625,1114.7890625,1114.9453125,1115.1015625,1115.2578125,1115.40625,1115.5546875,1115.703125,1115.8515625,1116.0,1116.1484375,1116.296875,1116.4453125,1116.6015625,1116.7578125,1116.9140625,1117.078125,1117.359375,1117.6640625,1117.953125,1118.6484375,1119.0078125,1119.1875,1119.359375,1119.5234375,1119.6796875,1119.8515625,1120.015625,1120.1796875,1120.34375,1120.5,1120.65625,1120.8125,1120.96875,1121.1328125,1121.296875,1121.4609375,1121.625,1121.7890625,1121.9609375,1122.1328125,1122.3125,1122.4765625,1122.6484375,1122.828125,1123.0234375,1123.203125,1123.3984375,1124.1328125,1124.4375,1124.6015625,1124.7578125,1124.90625,1125.046875,1125.21875,1125.3828125,1125.546875,1125.703125,1125.859375,1126.015625,1126.171875,1126.328125,1126.484375,1126.640625,1126.796875,1126.953125,1127.109375,1127.2734375,1127.4453125,1127.6171875,1127.7578125,1127.90625,1128.0625,1128.2265625,1128.53125,1129.25,1129.4453125,1129.625,1129.8125,1129.9921875,1130.15625,1130.3203125,1130.4921875,1130.6640625,1130.828125,1130.9921875,1131.15625,1131.3203125,1131.4765625,1131.640625,1131.7890625,1131.9453125,1132.09375,1132.25,1132.40625,1132.5625,1132.7265625,1132.890625,1133.03125,1133.1796875,1133.328125,1133.4921875,1133.7890625,1134.5,1134.6953125,1134.8671875,1135.0546875,1135.234375,1135.3984375,1135.5625,1135.734375,1135.90625,1136.078125,1136.2421875,1136.40625,1136.5703125,1136.734375,1136.890625,1137.0625,1137.234375,1137.40625,1137.578125,1137.75,1137.9296875,1138.109375,1138.2890625,1138.4609375,1138.6328125,1138.8125,1139.0078125,1139.1875,1139.390625,1140.109375,1140.40625,1140.5625,1140.7109375,1140.8515625,1140.9921875,1141.15625,1141.3125,1141.46875,1141.625,1141.7734375,1141.921875,1142.0703125,1142.2109375,1142.3046875,1142.390625,1142.4765625,1142.5703125,1142.65625,1142.75,1142.8359375,1142.9296875,1143.015625,1143.109375,1143.1953125,1143.2890625,1143.3828125,1143.4765625,1143.6640625,1143.84375,1144.03125,1144.2265625,1144.4296875,1144.625,1144.8359375,1145.046875,1145.6171875,1145.7890625,1145.9453125,1146.1171875,1146.28125,1146.4375,1146.59375,1146.78125,1146.9609375,1147.1328125,1147.3046875,1147.4765625,1147.640625,1147.8046875,1147.96875,1148.140625,1148.3046875,1148.46875,1148.640625,1148.8125,1148.984375,1149.1640625,1149.3515625,1149.5078125,1149.6640625,1149.828125,1150.0,1150.1484375,1150.3203125,1150.8828125,1151.09375,1151.296875,1151.484375,1151.6796875,1151.8671875,1152.0390625,1152.2109375,1152.3828125,1152.5546875,1152.7265625,1152.890625,1153.0546875,1153.21875,1153.3046875,1153.3828125,1153.46875,1153.546875,1153.6328125,1153.71875,1153.8046875,1153.8984375,1153.984375,1154.0703125,1154.15625,1154.25,1154.3359375,1154.4296875,1154.5234375,1154.6171875,1154.7109375,1154.8046875,1154.8984375,1155.0,1155.1640625,1155.328125,1155.5,1155.6875,1155.8515625,1156.03125,1156.6328125,1156.859375,1157.0859375,1157.296875,1157.515625,1157.625,1157.7265625,1157.921875,1158.0234375,1158.1171875,1158.21875,1158.3203125,1158.421875,1158.5234375,1158.625,1158.71875,1158.8125,1158.9140625,1159.0078125,1159.1015625,1159.1953125,1159.296875,1159.3984375,1159.4921875,1159.59375,1159.6875,1159.828125,1159.96875,1160.109375,1160.25,1160.390625,1160.5390625,1160.6875,1160.84375,1161.0,1161.1640625,1161.328125,1161.5078125,1161.6796875,1161.875,1162.6171875,1162.9375,1163.1171875,1163.28125,1163.4375,1163.59375,1163.7734375,1163.953125,1164.1328125,1164.3046875,1164.4765625,1164.6484375,1164.8125,1164.984375,1165.1328125,1165.2890625,1165.4453125,1165.6015625,1165.7578125,1165.921875,1166.0859375,1166.2578125,1166.4140625,1166.578125,1166.75,1166.9296875,1167.296875,1168.0390625,1168.359375,1168.6953125,1168.8515625,1169.0078125,1169.1875,1169.3671875,1169.546875,1169.71875,1169.890625,1170.0625,1170.234375,1170.40625,1170.546875,1170.6875,1170.828125,1170.9765625,1171.125,1171.2734375,1171.4296875,1171.59375,1171.8671875,1172.171875,1172.46875,1173.2578125,1173.7109375,1173.953125,1174.1796875,1174.40625,1174.6328125,1174.84375,1175.0546875,1175.2734375,1175.5078125,1175.9296875,1176.8828125,1177.140625,1177.3671875,1177.6171875,1177.859375,1178.0859375,1178.3125,1178.5234375,1178.734375,1178.9375,1179.140625,1179.34375,1179.5546875,1179.765625,1179.9765625,1180.15625,1180.3359375,1180.53125,1180.734375,1181.1015625,1181.9453125,1182.1640625,1182.359375,1182.5625,1182.7578125,1182.9375,1183.1171875,1183.3046875,1183.484375,1183.6640625,1183.8359375,1184.0078125,1184.1796875,1184.3515625,1184.5234375,1184.6953125,1184.875,1185.046875,1185.2265625,1185.40625,1185.5859375,1185.7734375,1185.9609375,1186.125,1186.296875,1186.4765625,1186.671875,1187.0390625,1187.734375,1188.015625,1188.3125,1188.578125,1188.734375,1188.8828125,1189.03125,1189.1796875,1189.3203125,1189.4609375,1189.6015625,1189.7421875,1189.8984375,1190.0546875,1190.2109375,1190.3671875,1190.5234375,1190.6875,1190.8515625,1191.015625,1191.171875,1191.3359375,1191.5078125,1191.6875,1192.0390625,1192.7265625,1193.0078125,1193.3046875,1193.578125,1193.734375,1193.890625,1194.046875,1194.1953125,1194.34375,1194.4921875,1194.640625,1194.78125,1194.9296875,1195.078125,1195.2265625,1195.375,1195.5234375,1195.6796875,1195.8359375,1195.9921875,1196.265625,1196.5625,1196.84375,1197.5,1197.828125,1197.9921875,1198.140625,1198.28125,1198.421875,1198.5625,1198.703125,1198.84375,1198.9765625,1199.109375,1199.234375,1199.3671875,1199.4921875,1199.6953125,1199.890625,1200.0859375,1200.28125,1200.4765625,1200.6796875,1200.8828125,1201.09375,1201.265625,1201.4453125,1201.6328125,1201.828125,1202.0,1202.1953125,1202.8203125,1203.046875,1203.265625,1203.46875,1203.6796875,1203.875,1204.0625,1204.25,1204.4296875,1204.609375,1204.78125,1204.953125,1205.125,1205.2890625,1205.4609375,1205.6328125,1205.7734375,1205.921875,1206.0703125,1206.21875,1206.3671875,1206.5234375,1206.6875,1206.8515625,1206.9921875,1207.1328125,1207.28125,1207.4375,1207.7265625,1208.4296875,1208.625,1208.796875,1208.984375,1209.15625,1209.3203125,1209.484375,1209.65625,1209.828125,1210.0,1210.1640625,1210.328125,1210.484375,1210.6484375,1210.8046875,1210.8984375,1210.9921875,1211.0859375,1211.171875,1211.265625,1211.359375,1211.453125,1211.546875,1211.640625,1211.734375,1211.828125,1211.9296875,1212.03125,1212.1328125,1212.234375,1212.3359375,1212.5078125,1212.6796875,1212.859375,1213.0546875,1213.2265625,1213.4140625,1214.046875,1214.28125,1214.515625,1214.7265625,1214.953125,1215.1640625,1215.3671875,1215.5703125,1215.671875,1215.7734375,1215.875,1215.96875,1216.0703125,1216.1640625,1216.2578125,1216.3515625,1216.453125,1216.546875,1216.640625,1216.734375,1216.828125,1216.921875,1217.015625,1217.1171875,1217.265625,1217.4140625,1217.5703125,1217.7265625,1217.8828125,1218.046875,1218.21875,1218.390625,1218.5390625,1218.6875,1218.84375,1219.015625,1219.34375,1219.9609375,1220.21875,1220.484375,1220.734375,1221.0078125,1221.2734375,1221.53125,1221.7890625,1222.0390625,1222.2890625,1222.546875,1222.8125,1223.0703125,1223.3515625,1223.640625,1224.4375,1224.6796875,1224.90625,1225.1640625,1225.40625,1225.640625,1225.875,1226.1328125,1226.390625,1226.65625,1226.9296875,1227.171875,1227.4375,1228.296875,1228.609375,1228.7734375,1228.9296875,1229.078125,1229.21875,1229.390625,1229.5546875,1229.7109375,1229.8671875,1230.0234375,1230.171875,1230.3203125,1230.4609375,1230.6484375,1230.828125,1231.0078125,1231.1875,1231.3671875,1231.546875,1231.7265625,1231.9140625,1232.109375,1232.3125,1232.515625,1232.734375,1232.9453125,1233.171875,1233.40625,1234.015625,1234.1953125,1234.359375,1234.546875,1234.71875,1234.8828125,1235.0390625,1235.1328125,1235.2265625,1235.3203125,1235.4140625,1235.5078125,1235.59375,1235.6875,1235.7734375,1235.8671875,1235.953125,1236.0390625,1236.125,1236.2109375,1236.296875,1236.3828125,1236.4609375,1236.578125,1236.6875,1236.8046875,1236.9140625,1237.03125,1237.140625,1237.25,1237.3671875,1237.4765625,1237.59375,1237.7109375,1237.828125,1237.9453125,1238.0625,1238.1796875,1238.3046875,1238.40625,1238.5078125,1238.609375,1238.7109375,1238.8203125,1238.9296875,1239.0390625,1239.15625,1239.359375,1239.578125,1239.7890625,1240.3046875,1240.578125,1240.7109375,1240.84375,1240.96875,1241.0859375,1241.2109375,1241.3359375,1241.4609375,1241.578125,1241.6953125,1241.8046875,1241.921875,1242.03125,1242.140625,1242.25,1242.359375,1242.4609375,1242.5703125,1242.671875,1242.78125,1242.8828125,1242.984375,1243.09375,1243.203125,1243.3046875,1243.40625,1243.515625,1243.6171875,1243.7265625,1243.8046875,1243.8828125,1243.96875,1244.046875,1244.125,1244.2109375,1244.375,1244.4609375,1244.546875,1244.71875,1244.8984375,1245.0859375,1245.2421875,1245.3984375,1245.5625,1245.7421875,1245.8984375,1246.0703125,1246.671875,1246.90625,1247.140625,1247.3515625,1247.578125,1247.796875,1248.0078125,1248.2109375,1248.4140625,1248.515625,1248.6171875,1248.71875,1248.8203125,1249.015625,1249.2109375,1249.3125,1249.4140625,1249.6171875,1249.71875,1249.828125,1249.9453125,1250.0625,1250.1796875,1250.3046875,1250.4296875,1250.5625,1250.6953125,1250.828125,1251.09375,1251.3828125,1251.6875,1252.3125,1252.5859375,1252.875,1253.1328125,1253.4375,1253.5859375,1253.734375,1253.8828125,1254.0234375,1254.3046875,1254.5859375,1254.8671875,1255.1640625,1255.46875,1255.734375,1256.0234375,1256.984375,1257.34375,1257.703125,1257.8671875,1258.03125,1258.2109375,1258.3828125,1258.5546875,1258.71875,1258.8828125,1259.046875,1259.203125,1259.3671875,1259.5390625,1259.703125,1259.875,1260.046875,1260.21875,1260.390625,1260.5703125,1260.7578125,1261.0859375,1261.4453125,1261.7890625,1262.6640625,1262.9140625,1263.140625,1263.390625,1263.6328125,1263.8671875,1264.0859375,1264.21875,1264.34375,1264.4765625,1264.6015625,1264.7265625,1264.8515625,1264.9765625,1265.1015625,1265.2265625,1265.34375,1265.46875,1265.5859375,1265.7109375,1265.828125,1265.9453125,1266.0625,1266.1875,1266.3046875,1266.421875,1266.546875,1266.6640625,1266.7890625,1266.90625,1267.03125,1267.15625,1267.28125,1267.40625,1267.53125,1267.65625,1267.7890625,1267.921875,1268.0625,1268.28125,1268.515625,1268.7578125,1269.015625,1269.2421875,1269.484375,1270.296875,1270.59375,1270.8828125,1271.140625,1271.4140625,1271.671875,1271.921875,1272.15625,1272.28125,1272.40625,1272.53125,1272.65625,1272.7734375,1272.890625,1273.0078125,1273.125,1273.2421875,1273.3515625,1273.46875,1273.578125,1273.6953125,1273.8046875,1273.9140625,1274.0234375,1274.1484375,1274.2734375,1274.3984375,1274.5234375,1274.640625,1274.765625,1274.890625,1275.015625,1275.140625,1275.265625,1275.390625,1275.515625,1275.640625,1275.7734375,1275.90625,1276.0390625,1276.15625,1276.2734375,1276.390625,1276.515625,1276.640625,1276.765625,1276.8984375,1277.03125,1277.2734375,1277.546875,1277.8125,1278.4921875,1278.6953125,1278.875,1279.078125,1279.2734375,1279.453125,1279.6328125,1279.84375,1280.046875,1280.2421875,1280.4375,1280.5390625,1280.6328125,1280.8203125,1280.9140625,1281.0078125,1281.1015625,1281.1953125,1281.2890625,1281.3828125,1281.4765625,1281.5703125,1281.6640625,1281.7578125,1281.8515625,1281.953125,1282.046875,1282.1484375,1282.34375,1282.4453125,1282.546875,1282.75,1282.9375,1283.1328125,1283.3359375,1283.546875,1283.7421875,1283.9609375,1284.75,1285.078125,1285.25,1285.4140625,1285.5703125,1285.7265625,1285.90625,1286.0859375,1286.2578125,1286.4296875,1286.6015625,1286.765625,1286.9296875,1287.09375,1287.2578125,1287.421875,1287.5859375,1287.75,1287.921875,1288.09375,1288.265625,1288.4453125,1288.59375,1288.75,1288.9140625,1289.0859375,1289.40625,1290.1484375,1290.34375,1290.515625,1290.703125,1290.875,1291.0390625,1291.1953125,1291.359375,1291.515625,1291.671875,1291.828125,1291.9765625,1292.125,1292.2734375,1292.421875,1292.5234375,1292.625,1292.71875,1292.8203125,1292.921875,1293.015625,1293.1171875,1293.21875,1293.3203125,1293.421875,1293.5234375,1293.625,1293.7265625,1293.828125,1293.9296875,1294.0390625,1294.140625,1294.25,1294.359375,1294.46875,1294.578125,1294.6953125,1294.8125,1294.9375,1295.1640625,1295.421875,1295.6796875,1296.390625,1296.609375,1296.8046875,1297.0234375,1297.234375,1297.4375,1297.6328125,1297.75,1297.8671875,1297.984375,1298.1015625,1298.21875,1298.328125,1298.4375,1298.546875,1298.6640625,1298.7734375,1298.8828125,1298.9921875,1299.1015625,1299.2109375,1299.3203125,1299.4375,1299.59375,1299.7578125,1299.921875,1300.0859375,1300.2578125,1300.4296875,1300.609375,1300.7890625,1300.953125,1301.1171875,1301.2890625,1301.4765625,1301.6484375,1301.8359375,1302.546875,1302.84375,1303.15625,1303.4375,1303.6015625,1303.765625,1303.921875,1304.078125,1304.234375,1304.3828125,1304.53125,1304.6875,1304.8359375,1304.9921875,1305.1484375,1305.3046875,1305.4609375,1305.625,1305.7890625,1305.9609375,1306.1171875,1306.28125,1306.453125,1306.6328125,1306.9921875,1307.703125,1308.0,1308.3125,1308.59375,1308.7578125,1308.921875,1309.078125,1309.234375,1309.390625,1309.5390625,1309.6953125,1309.84375,1309.9921875,1310.1484375,1310.296875,1310.453125,1310.609375,1310.7734375,1310.9375,1311.1015625,1311.390625,1311.703125,1312.0,1312.6953125,1313.046875,1313.2265625,1313.390625,1313.546875,1313.703125,1313.8671875,1314.0234375,1314.1796875,1314.328125,1314.4765625,1314.625,1314.7734375,1314.9140625,1315.03125,1315.1484375,1315.265625,1315.3828125,1315.4921875,1315.609375,1315.7265625,1315.84375,1315.9609375,1316.078125,1316.1953125,1316.3125,1316.4296875,1316.5546875,1316.6796875,1316.8046875,1317.0078125,1317.21875,1317.4453125,1317.6796875,1317.8828125,1318.109375,1318.8515625,1319.1328125,1319.40625,1319.6484375,1319.90625,1320.15625,1320.390625,1320.6171875,1320.734375,1320.8515625,1320.96875,1321.078125,1321.1953125,1321.3046875,1321.4140625,1321.5234375,1321.6328125,1321.7421875,1321.8515625,1321.96875,1322.078125,1322.1875,1322.296875,1322.40625,1322.6015625,1322.8046875,1323.0078125,1323.2109375,1323.421875,1323.6328125,1323.8515625,1324.078125,1324.265625,1324.4609375,1324.6640625,1324.8828125,1325.2890625,1326.03125,1326.3203125,1326.6171875,1326.8828125,1327.171875,1327.453125,1327.71875,1327.9765625,1328.1171875,1328.2578125,1328.390625,1328.53125,1328.671875,1328.8046875,1328.9453125,1329.078125,1329.21875,1329.3515625,1329.4921875,1329.625,1329.765625,1329.90625,1330.046875,1330.1875,1330.375,1330.5625,1330.75,1330.9453125,1331.1484375,1331.3515625,1331.5625,1331.7890625,1332.15625,1332.5703125,1332.984375,1334.171875,1334.5546875,1334.9140625,1335.3125,1335.7109375,1336.1015625,1336.5,1336.890625,1337.3046875,1337.7421875,1338.2265625,1338.8515625,1339.7109375,1340.8203125,1341.5390625,1341.9453125,1342.3203125,1342.6640625,1342.9921875,1343.3125,1343.625,1343.9296875,1344.234375,1344.515625,1344.796875,1345.0859375,1345.3828125,1345.9453125,1347.2890625,1347.6640625,1348.0078125,1348.3984375,1348.7734375,1349.1328125,1349.484375,1349.6796875,1349.8671875,1350.0546875,1350.25,1350.4453125,1350.640625,1350.84375,1351.046875,1351.390625,1351.7734375,1352.1328125,1352.9765625,1353.3984375,1353.8046875,1354.1796875,1354.375,1354.5625,1354.75,1354.9296875,1355.109375,1355.2890625,1355.46875,1355.6484375,1355.8203125,1355.9921875,1356.1640625,1356.34375,1356.5234375,1356.703125,1356.890625,1357.0859375,1357.40625,1357.765625,1358.1015625,1358.9140625,1359.328125,1359.7265625,1359.9140625,1360.09375,1360.2734375,1360.453125,1360.6328125,1360.8046875,1360.9765625,1361.1484375,1361.3203125,1361.4921875,1361.796875,1362.1015625,1362.421875,1362.7578125,1363.046875,1363.359375,1364.3828125,1364.75,1365.1171875,1365.4453125,1365.6171875,1365.7890625,1365.953125,1366.1171875,1366.28125,1366.4375,1366.59375,1366.75,1367.015625,1367.2734375,1367.53125,1367.796875,1368.0625,1368.3359375,1368.609375,1368.8984375,1369.140625,1369.3984375,1369.6640625,1369.953125,1370.4765625,1371.7890625,1372.15625,1372.5,1372.8125,1373.1171875,1373.4296875,1373.7421875,1374.234375,1374.78125,1376.734375,1378.28125,1378.765625,1379.2109375,1379.609375,1379.984375,1380.34375,1380.59375,1380.84375,1381.09375,1381.3359375,1381.578125,1381.828125,1382.078125,1382.328125,1382.75,1383.2109375,1383.6484375,1384.71875,1385.2890625,1385.578125,1385.859375,1386.1328125,1386.40625,1386.84375,1387.3125,1387.75,1388.6875,1389.1171875,1389.5,1389.8515625,1390.0546875,1390.25,1390.4453125,1390.6328125,1390.8203125,1391.0,1391.1796875,1391.359375,1391.5390625,1391.71875,1391.890625,1392.0703125,1392.25,1392.4296875,1392.609375,1392.7890625,1393.078125,1393.3828125,1393.6953125,1394.03125,1394.359375,1394.71875,1395.109375,1396.3671875,1396.7890625,1397.1875,1397.6484375,1398.1015625,1398.5625,1399.0234375,1399.3125,1399.609375,1399.90625,1400.1953125,1400.4765625,1400.7578125,1401.03125,1401.2890625,1401.53125,1401.7734375,1402.0,1402.2265625,1402.4375,1402.6484375,1402.8515625,1403.0546875,1403.3515625,1403.640625,1403.921875,1404.1953125,1404.46875,1404.7421875,1405.015625,1405.2890625,1405.5625,1405.84375,1406.1328125,1406.4296875,1406.7109375,1407.015625,1407.3125,1408.078125,1408.5,1408.7265625,1408.9375,1409.140625,1409.3359375,1409.5703125,1409.8046875,1410.03125,1410.25,1410.46875,1410.6796875,1410.890625,1411.1015625,1411.3046875,1411.515625,1411.71875,1411.9296875,1412.140625,1412.3515625,1412.5703125,1412.796875,1413.0,1413.2109375,1413.4296875,1413.65625,1413.8671875,1414.109375,1415.0234375,1415.40625,1415.6171875,1415.8203125,1416.0078125,1416.1953125,1416.4140625,1416.6328125,1416.84375,1417.0546875,1417.265625,1417.4765625,1417.6875,1417.8984375,1418.1640625,1418.4375,1418.71875,1419.015625,1419.2890625,1419.5859375,1419.890625,1420.7578125,1421.03125,1421.28125,1421.5703125,1421.84375,1422.109375,1422.375,1422.6328125,1422.890625,1423.15625,1423.4375,1423.953125,1425.140625,1425.4609375,1425.75,1426.0546875,1426.34375,1426.625,1426.90625,1427.1640625,1427.421875,1427.6953125,1427.9765625,1428.484375,1429.6328125,1429.9296875,1430.1953125,1430.46875,1430.734375,1430.9921875,1431.2421875,1431.5546875,1431.8671875,1432.1875,1432.515625,1432.8046875,1433.125,1433.4296875,1434.15625,1434.53125,1434.7265625,1434.90625,1435.078125,1435.25,1435.4453125,1435.640625,1435.828125,1436.0078125,1436.1875,1436.3671875,1436.546875,1436.71875,1436.9375,1437.1484375,1437.3671875,1437.5859375,1437.8046875,1438.03125,1438.2578125,1438.4921875,1438.6875,1438.890625,1439.109375,1439.3359375,1439.5390625,1439.765625,1440.5625,1440.8828125,1441.21875,1441.5234375,1441.6953125,1441.8671875,1442.03125,1442.1953125,1442.359375,1442.515625,1442.671875,1442.828125,1442.984375,1443.1484375,1443.3125,1443.4765625,1443.640625,1443.8046875,1443.9765625,1444.1484375,1444.328125,1444.5078125,1444.6953125,1444.8984375,1445.3125,1446.15625,1446.5234375,1446.9140625,1447.09375,1447.2734375,1447.484375,1447.6953125,1447.8984375,1448.1015625,1448.3046875,1448.5,1448.703125,1448.90625,1449.0703125,1449.234375,1449.3984375,1449.5703125,1449.921875,1450.296875,1450.609375,1450.953125,1452.2421875,1452.8125,1453.1171875,1453.4140625,1453.7109375,1454.015625,1454.4375,1454.90625,1456.5625,1458.0078125,1458.5078125,1458.9765625,1459.390625,1459.765625,1459.9453125,1460.125,1460.296875,1460.46875,1460.6328125,1460.796875,1460.9609375,1461.125,1461.2890625,1461.4453125,1461.6484375,1461.84375,1462.046875,1462.25,1462.453125,1462.65625,1462.8671875,1463.0859375,1463.2734375,1463.4609375,1463.6640625,1463.875,1464.28125,1465.0546875,1465.3671875,1465.6875,1465.984375,1466.3203125,1466.640625,1466.9609375,1467.2734375,1467.5625,1467.8515625,1468.15625,1468.46875,1468.7578125,1469.0703125,1470.234375,1470.7265625,1471.0,1471.2578125,1471.5078125,1471.7578125,1472.0078125,1472.2578125,1472.515625,1472.78125,1473.265625,1474.3359375,1474.59375,1474.828125,1475.0703125,1475.296875,1475.515625,1475.7265625,1475.953125,1476.171875,1476.390625,1476.6015625,1476.8125,1477.03125,1477.25,1477.4765625,1477.6640625,1477.8515625,1478.046875,1478.2578125,1478.640625,1479.5,1479.71875,1479.9140625,1480.1171875,1480.3046875,1480.484375,1480.6640625,1480.84375,1481.0234375,1481.1953125,1481.3671875,1481.5390625,1481.703125,1481.8671875,1482.03125,1482.1328125,1482.2421875,1482.3515625,1482.453125,1482.5546875,1482.6640625,1482.765625,1482.875,1482.984375,1483.0859375,1483.1953125,1483.3046875,1483.4140625,1483.5234375,1483.6328125,1483.75,1483.9375,1484.1328125,1484.3359375,1484.5546875,1484.7421875,1484.953125,1485.6484375,1485.9140625,1486.171875,1486.40625,1486.65625,1486.890625,1487.0078125,1487.1171875,1487.234375,1487.34375,1487.4609375,1487.578125,1487.6953125,1487.8046875,1487.921875,1488.03125,1488.1484375,1488.2578125,1488.375,1488.484375,1488.6015625,1488.7109375,1488.8203125,1488.9375,1489.046875,1489.1640625,1489.296875,1489.4375,1489.578125,1489.71875,1489.859375,1490.0078125,1490.15625,1490.3125,1490.4609375,1490.609375,1490.765625,1490.9375,1491.28125,1491.9765625,1492.2734375,1492.59375,1492.8828125,1493.0546875,1493.21875,1493.3828125,1493.5390625,1493.703125,1493.859375,1494.015625,1494.171875,1494.3203125,1494.4765625,1494.6328125,1494.7890625,1494.9453125,1495.109375,1495.2734375,1495.4453125,1495.734375,1496.0546875,1496.359375,1497.1171875,1497.5234375,1497.734375,1497.9296875,1498.1171875,1498.296875,1498.4921875,1498.6875,1498.8828125,1499.0703125,1499.2578125,1499.4453125,1499.625,1499.8125,1499.9765625,1500.140625,1500.3046875,1500.4765625,1500.6484375,1500.8203125,1501.0,1501.1796875,1501.53125,1501.9140625,1502.3203125,1503.1875,1503.5703125,1503.984375,1504.3671875,1504.59375,1504.8125,1505.03125,1505.2421875,1505.4609375,1505.6796875,1505.8984375,1506.1171875,1506.3984375,1506.6796875,1506.9765625,1507.2734375,1507.578125,1507.8984375,1508.2265625,1508.5546875,1508.890625,1509.2265625,1509.5625,1509.8984375,1510.2265625,1510.546875,1510.859375,1511.171875,1511.5078125,1511.84375,1512.1796875,1512.53125,1512.8671875,1513.234375,1514.5234375,1515.046875,1515.3359375,1515.6015625,1515.8671875,1516.1171875,1516.4375,1516.7578125,1517.078125,1517.40625,1517.703125,1518.03125,1519.078125,1519.4609375,1519.6640625,1519.8515625,1520.03125,1520.203125,1520.421875,1520.625,1520.828125,1521.0234375,1521.2109375,1521.3984375,1521.5859375,1521.765625,1521.8828125,1522.0,1522.1171875,1522.234375,1522.3515625,1522.46875,1522.5859375,1522.703125,1522.8203125,1522.9375,1523.0546875,1523.171875,1523.2890625,1523.4140625,1523.5390625,1523.6640625,1523.875,1524.0859375,1524.3046875,1524.5390625,1524.7421875,1524.96875,1525.71875,1525.9921875,1526.265625,1526.515625,1526.7734375,1527.0234375,1527.2578125,1527.375,1527.4921875,1527.6171875,1527.7421875,1527.8671875,1527.9921875,1528.1171875,1528.234375,1528.3515625,1528.46875,1528.5859375,1528.7109375,1528.828125,1528.9453125,1529.0625,1529.1796875,1529.296875,1529.4140625,1529.515625,1529.625,1529.7265625,1529.8359375,1529.9453125,1530.0546875,1530.1640625,1530.2734375,1530.3828125,1530.5,1530.609375,1530.7265625,1530.84375,1530.9609375,1531.203125,1531.3984375,1531.609375,1531.828125,1532.0625,1532.265625,1532.4921875,1533.28125,1533.5859375,1533.8984375,1534.1796875,1534.4765625,1534.7578125,1535.03125,1535.3046875,1535.5546875,1535.8046875,1536.0546875,1536.3046875,1536.5546875,1536.8046875,1537.0546875,1537.3046875,1537.546875,1537.7890625,1538.0390625,1538.2890625,1538.546875,1538.8046875,1539.0703125,1539.34375,1539.609375,1539.890625,1540.1796875,1540.4921875,1540.78125,1541.09375,1542.2265625,1542.671875,1542.9140625,1543.140625,1543.3515625,1543.5546875,1543.8046875,1544.046875,1544.28125,1544.5078125,1544.734375,1544.953125,1545.171875,1545.390625,1545.59375,1545.7890625,1545.9921875,1546.1953125,1546.3984375,1546.609375,1546.8203125,1547.03125,1547.2265625,1547.4296875,1547.640625,1547.859375,1548.0625,1548.2890625,1549.0859375,1549.40625,1549.7421875,1550.046875,1550.2265625,1550.3984375,1550.5703125,1550.734375,1550.8984375,1551.0546875,1551.2109375,1551.3671875,1551.546875,1551.7265625,1551.90625,1552.09375,1552.2734375,1552.4609375,1552.6484375,1552.84375,1553.0234375,1553.203125,1553.3984375,1553.6015625,1554.0,1554.75,1555.0625,1555.3828125,1555.6796875,1555.8515625,1556.0234375,1556.1875,1556.3515625,1556.5078125,1556.6640625,1556.8203125,1556.9765625,1557.1328125,1557.2890625,1557.4453125,1557.609375,1557.7734375,1557.9375,1558.109375,1558.28125,1558.578125,1558.8984375,1559.203125,1559.921875,1560.28125,1560.4609375,1560.625,1560.78125,1560.9375,1561.1015625,1561.2578125,1561.4140625,1561.5625,1561.7109375,1561.859375,1562.0078125,1562.15625,1562.3515625,1562.5390625,1562.734375,1562.9296875,1563.125,1563.3203125,1563.5234375,1563.7265625,1563.8984375,1564.078125,1564.265625,1564.4609375,1564.6328125,1564.8203125,1565.4375,1565.6640625,1565.8828125,1566.078125,1566.28125,1566.4765625,1566.6640625,1566.84375,1567.0234375,1567.203125,1567.3828125,1567.5546875,1567.7265625,1567.890625,1568.0546875,1568.2265625,1568.328125,1568.4375,1568.5390625,1568.640625,1568.75,1568.8515625,1568.953125,1569.0625,1569.1640625,1569.2734375,1569.3828125,1569.4921875,1569.6015625,1569.71875,1569.828125,1569.9453125,1570.1328125,1570.328125,1570.53125,1570.75,1570.9453125,1571.15625,1571.875,1572.1484375,1572.421875,1572.671875,1572.8046875,1572.9375,1573.0625,1573.1875,1573.3125,1573.4296875,1573.546875,1573.6640625,1573.78125,1573.8984375,1574.0078125,1574.125,1574.234375,1574.3515625,1574.46875,1574.5859375,1574.703125,1574.8203125,1574.9375,1575.0546875,1575.171875,1575.296875,1575.4140625,1575.5390625,1575.7578125,1575.9921875,1576.234375,1576.4921875,1576.7265625,1576.984375,1577.9921875,1578.4453125,1578.6953125,1578.9296875,1579.1640625,1579.3984375,1579.625,1579.8515625,1580.0859375,1580.328125,1580.7734375,1581.8359375,1582.125,1582.390625,1582.6796875,1582.9609375,1583.2265625,1583.4921875,1583.7890625,1584.0859375,1584.390625,1584.7109375,1584.984375,1585.28125,1586.234375,1586.5703125,1586.8984375,1587.203125,1587.3671875,1587.53125,1587.6875,1587.8359375,1587.984375,1588.1328125,1588.28125,1588.421875,1588.6015625,1588.78125,1588.9609375,1589.140625,1589.3203125,1589.5078125,1589.6953125,1589.890625,1590.0546875,1590.21875,1590.390625,1590.5703125,1590.90625,1591.703125,1591.90625,1592.09375,1592.2890625,1592.4765625,1592.65625,1592.828125,1593.0078125,1593.1875,1593.359375,1593.53125,1593.703125,1593.8671875,1594.0390625,1594.203125,1594.40625,1594.6015625,1594.8046875,1595.0078125,1595.2109375,1595.421875,1595.6328125,1595.8515625,1596.03125,1596.21875,1596.4140625,1596.625,1596.8125,1597.015625,1597.6875,1597.9453125,1598.203125,1598.4296875,1598.671875,1598.90625,1599.125,1599.34375,1599.4609375,1599.5703125,1599.6875,1599.796875,1599.90625,1600.015625,1600.125,1600.234375,1600.34375,1600.453125,1600.5625,1600.671875,1600.78125,1600.8828125,1600.9921875,1601.1015625,1601.2109375,1601.3125,1601.421875,1601.53125,1601.640625,1601.75,1601.96875,1602.1953125,1602.4296875,1602.6640625,1602.9140625,1603.109375,1603.3203125,1603.5390625,1603.78125,1604.21875,1605.0390625,1605.3828125,1605.7265625,1606.046875,1606.390625,1606.7265625,1607.046875,1607.3671875,1607.671875,1607.96875,1608.265625,1608.5625,1608.8671875,1609.1640625,1609.4609375,1609.7578125,1609.9296875,1610.1015625,1610.2734375,1610.4453125,1610.6171875,1610.7890625,1610.9609375,1611.1328125,1611.3046875,1611.4765625,1611.640625,1611.8125,1611.9765625,1612.1484375,1612.3203125,1612.4921875,1612.8046875,1613.1171875,1613.4453125,1613.7890625,1614.1015625,1614.4375,1614.765625,1615.5703125,1616.0,1616.2265625,1616.4453125,1616.6484375,1616.84375,1617.078125,1617.3125,1617.53125,1617.75,1617.96875,1618.1796875,1618.390625,1618.6015625,1618.7734375,1618.9453125,1619.1171875,1619.2890625,1619.4609375,1619.640625,1619.8203125,1620.0078125,1620.1953125,1620.3828125,1620.5859375,1620.796875,1621.0,1621.2265625,1622.0546875,1622.40625,1622.7734375,1622.9453125,1623.109375,1623.3046875,1623.5,1623.6875,1623.8671875,1624.046875,1624.2265625,1624.40625,1624.5859375,1624.765625,1624.9453125,1625.125,1625.3046875,1625.4921875,1625.6796875,1625.875,1626.0703125,1626.234375,1626.40625,1626.5859375,1626.7734375,1627.125,1627.953125,1628.1796875,1628.3828125,1628.6015625,1628.8046875,1629.0,1629.1875,1629.3828125,1629.578125,1629.7734375,1629.9609375,1630.1484375,1630.3359375,1630.5234375,1630.703125,1630.859375,1631.015625,1631.171875,1631.328125,1631.4921875,1631.65625,1631.828125,1632.0,1632.296875,1632.625,1632.9296875,1633.671875,1634.046875,1634.2421875,1634.421875,1634.59375,1634.7578125,1634.9375,1635.109375,1635.28125,1635.4453125,1635.609375,1635.7734375,1635.9375,1636.09375,1636.2109375,1636.3203125,1636.4296875,1636.5390625,1636.65625,1636.765625,1636.875,1636.984375,1637.09375,1637.203125,1637.3125,1637.4296875,1637.5390625,1637.65625,1637.765625,1637.8828125,1638.0,1638.125,1638.2421875,1638.3671875,1638.4921875,1638.625,1638.7578125,1638.890625,1639.1484375,1639.4375,1639.71875,1640.4765625,1640.703125,1640.90625,1641.140625,1641.359375,1641.5703125,1641.765625,1641.890625,1642.0078125,1642.1328125,1642.25,1642.3671875,1642.4765625,1642.59375,1642.703125,1642.8125,1642.921875,1643.03125,1643.140625,1643.25,1643.359375,1643.46875,1643.5703125,1643.7109375,1643.84375,1643.984375,1644.1171875,1644.25,1644.390625,1644.53125,1644.671875,1644.8125,1644.953125,1645.09375,1645.234375,1645.375,1645.5234375,1645.671875,1645.8203125,1645.9375,1646.0625,1646.1875,1646.3125,1646.4453125,1646.578125,1646.71875,1646.859375,1647.1015625,1647.375,1647.6328125,1648.2734375,1648.609375,1648.78125,1648.9375,1649.09375,1649.2421875,1649.3984375,1649.5546875,1649.703125,1649.8515625,1650.0,1650.140625,1650.28125,1650.421875,1650.5625,1650.6953125,1650.8359375,1650.96875,1651.1015625,1651.2421875,1651.375,1651.5078125,1651.640625,1651.7734375,1651.90625,1652.046875,1652.1796875,1652.3203125,1652.453125,1652.59375,1652.7421875,1652.890625,1653.046875,1653.203125,1653.359375,1653.5234375,1653.6953125,1653.8671875,1654.0234375,1654.1875,1654.359375,1654.5390625,1654.8984375,1655.6171875,1655.9296875,1656.25,1656.546875,1656.71875,1656.8828125,1657.046875,1657.2109375,1657.375,1657.53125,1657.6875,1657.84375,1658.0,1658.1640625,1658.328125,1658.4921875,1658.65625,1658.828125,1659.0,1659.171875,1659.3359375,1659.5078125,1659.6875,1659.8828125,1660.265625,1661.03125,1661.359375,1661.703125,1662.015625,1662.1953125,1662.375,1662.5546875,1662.7265625,1662.8984375,1663.0703125,1663.234375,1663.40625,1663.5703125,1663.734375,1663.8984375,1664.0703125,1664.2421875,1664.4140625,1664.59375,1664.78125,1665.09375,1665.4453125,1665.7890625,1666.6640625,1667.15625,1667.4140625,1667.6640625,1667.90625,1668.140625,1668.40625,1668.671875,1668.9375,1669.203125,1669.4765625,1669.75,1670.03125,1670.328125,1670.578125,1670.84375,1671.453125,1674.125,1674.765625,1675.03125,1675.28125,1675.515625,1675.734375,1675.953125,1676.1640625,1676.3671875,1676.5703125,1676.7734375,1676.96875,1677.1640625,1677.3671875,1677.5625,1677.765625,1677.96875,1678.1796875,1678.53125,1678.9140625,1679.28125,1680.1171875,1680.5234375,1680.7265625,1680.9140625,1681.09375,1681.2734375,1681.46875,1681.65625,1681.84375,1682.0234375,1682.203125,1682.375,1682.5546875,1682.7265625,1682.921875,1683.1171875,1683.3125,1683.5078125,1683.703125,1683.90625,1684.109375,1684.3203125,1684.4921875,1684.671875,1684.859375,1685.0625,1685.4296875,1686.296875,1686.5234375,1686.734375,1686.953125,1687.15625,1687.3515625,1687.5390625,1687.734375,1687.921875,1688.109375,1688.2890625,1688.46875,1688.6484375,1688.828125,1689.0078125,1689.171875,1689.3359375,1689.5,1689.6640625,1689.8359375,1690.0078125,1690.1875,1690.3671875,1690.5234375,1690.6796875,1690.84375,1691.015625,1691.34375,1692.125,1692.3359375,1692.5234375,1692.7265625,1692.9140625,1693.09375,1693.265625,1693.453125,1693.6328125,1693.8125,1693.984375,1694.15625,1694.328125,1694.5,1694.6640625,1694.7734375,1694.8828125,1694.9921875,1695.1015625,1695.2109375,1695.3203125,1695.4296875,1695.546875,1695.65625,1695.7734375,1695.8828125,1696.0,1696.1171875,1696.234375,1696.3515625,1696.4765625,1696.6796875,1696.8828125,1697.1015625,1697.328125,1697.53125,1697.75,1698.5078125,1698.8046875,1699.1015625,1699.3671875,1699.65625,1699.9296875,1700.1953125,1700.453125,1700.5859375,1700.7109375,1700.9609375,1701.2109375,1701.4609375,1701.5859375,1701.71875,1701.9765625,1702.2421875,1702.515625,1702.7265625,1702.953125,1703.1875,1703.4375,1703.6875,1703.96875,1705.1875,1705.484375,1705.7578125,1706.078125,1706.3828125,1706.6875,1706.9921875,1707.2890625,1707.59375,1707.90625,1708.234375,1708.5234375,1708.8515625,1709.96875,1710.421875,1710.8828125,1711.3125,1711.5546875,1711.796875,1712.03125,1712.265625,1712.5,1712.7265625,1712.953125,1713.1875,1713.421875,1713.65625,1713.890625,1714.1328125,1714.3828125,1714.6328125,1715.15625,1715.671875,1716.234375,1716.8203125,1718.453125,1718.953125,1719.40625,1719.9296875,1720.4296875,1720.90625,1721.375,1721.796875,1722.2265625,1722.65625,1723.109375,1723.5078125,1723.9453125,1725.4296875,1726.015625,1726.3359375,1726.6328125,1726.921875,1727.2109375,1727.515625,1727.8203125,1728.125,1728.4453125,1729.03125,1730.3671875,1730.71875,1731.0390625,1731.40625,1731.75,1732.078125,1732.390625,1732.6484375,1732.90625,1733.1640625,1733.4140625,1733.6640625,1733.921875,1734.1796875,1734.4375,1734.6796875,1734.921875,1735.1796875,1735.453125,1735.703125,1735.9765625,1736.9453125,1737.3359375,1737.7421875,1738.1171875,1738.3359375,1738.546875,1738.7578125,1738.9609375,1739.1640625,1739.359375,1739.5546875,1739.7421875,1739.96875,1740.1953125,1740.421875,1740.65625,1740.8828125,1741.1171875,1741.359375,1741.6015625,1741.84375,1742.1015625,1742.3671875,1742.640625,1742.90625,1743.203125,1744.328125,1744.8046875,1745.0703125,1745.3125,1745.546875,1745.7734375,1746.046875,1746.3125,1746.578125,1746.8359375,1747.09375,1747.34375,1747.6015625,1747.8515625,1748.0390625,1748.234375,1748.4296875,1748.625,1748.8203125,1749.0234375,1749.2265625,1749.4375,1749.6484375,1749.859375,1750.078125,1750.3125,1750.78125,1751.6953125,1752.078125,1752.4765625,1752.8359375,1753.046875,1753.2578125,1753.4609375,1753.65625,1753.8515625,1754.0390625,1754.234375,1754.421875,1754.6171875,1754.8125,1755.0078125,1755.203125,1755.3984375,1755.6015625,1755.8046875,1756.015625,1756.3671875,1756.7578125,1757.125,1757.9921875,1758.421875,1758.6328125,1758.8359375,1759.0234375,1759.2109375,1759.3984375,1759.5859375,1759.7734375,1759.953125,1760.1328125,1760.3125,1760.484375,1760.6640625,1760.8203125,1760.9765625,1761.1328125,1761.296875,1761.4609375,1761.625,1761.7890625,1761.9609375,1762.2578125,1762.5859375,1762.890625,1763.640625,1764.0234375,1764.21875,1764.40625,1764.578125,1764.75,1764.9453125,1765.1328125,1765.3203125,1765.5,1765.6796875,1765.8515625,1766.0234375,1766.1953125,1766.390625,1766.59375,1766.7890625,1766.9921875,1767.1953125,1767.3984375,1767.609375,1767.828125,1768.0078125,1768.1875,1768.3828125,1768.5859375,1768.9609375,1769.84375,1770.078125,1770.2890625,1770.5078125,1770.71875,1770.9140625,1771.109375,1771.3046875,1771.4921875,1771.6796875,1771.859375,1772.046875,1772.2265625,1772.40625,1772.5859375,1772.7421875,1772.90625,1773.0703125,1773.234375,1773.3984375,1773.5703125,1773.7421875,1773.921875,1774.0859375,1774.2578125,1774.4375,1774.6328125,1775.0078125,1775.75,1776.0625,1776.390625,1776.6875,1776.859375,1777.03125,1777.1953125,1777.359375,1777.5234375,1777.6796875,1777.84375,1778.0,1778.15625,1778.3203125,1778.4765625,1778.640625,1778.8046875,1778.96875,1779.140625,1779.3203125,1779.46875,1779.625,1779.953125,1780.265625,1781.015625,1781.21875,1781.3984375,1781.59375,1781.78125,1781.953125,1782.125,1782.3125,1782.4921875,1782.671875,1782.8515625,1783.0234375,1783.1953125,1783.3671875,1783.5390625,1783.71875,1783.8984375,1784.078125,1784.265625,1784.4453125,1784.6328125,1784.828125,1785.0234375,1785.1875,1785.359375,1785.5390625,1785.7265625,1786.0859375,1786.7109375,1786.9453125,1787.1875,1787.3984375,1787.6328125,1787.859375,1788.0703125,1788.2734375,1788.390625,1788.5078125,1788.625,1788.734375,1788.8515625,1788.9609375,1789.0703125,1789.1796875,1789.2890625,1789.3984375,1789.5078125,1789.6171875,1789.7265625,1789.8359375,1789.9375,1790.046875,1790.140625,1790.2421875,1790.34375,1790.4453125,1790.5390625,1790.640625,1790.7421875,1790.84375,1790.9453125,1791.0546875,1791.15625,1791.265625,1791.375,1791.484375,1791.59375,1791.703125,1791.8828125,1792.078125,1792.28125,1792.4921875,1792.6796875,1792.8828125,1793.578125,1793.8359375,1794.1015625,1794.3359375,1794.578125,1794.8125,1795.03125,1795.25,1795.4609375,1795.6640625,1795.8671875,1796.0625,1796.2578125,1796.453125,1796.6484375,1796.8515625,1797.015625,1797.1875,1797.3515625,1797.5234375,1797.6953125,1797.8671875,1798.046875,1798.234375,1798.4140625,1798.6015625,1798.796875,1799.0,1799.203125,1799.421875,1800.265625,1800.6328125,1800.8359375,1801.0234375,1801.203125,1801.375,1801.5859375,1801.7890625,1801.984375,1802.1796875,1802.375,1802.5625,1802.7578125,1802.9453125,1803.1328125,1803.3203125,1803.5078125,1803.703125,1803.8984375,1804.09375,1804.296875,1804.5,1804.703125,1804.9140625,1805.140625,1805.375,1805.6015625,1805.8515625,1806.828125,1807.2421875,1807.46875,1807.6796875,1807.8828125,1808.0859375,1808.3203125,1808.5546875,1808.78125,1809.0078125,1809.2265625,1809.453125,1809.6796875,1809.90625,1810.1796875,1810.4609375,1810.75,1811.0546875,1811.3828125,1811.7421875,1812.125,1812.890625,1813.21875,1813.5625,1813.875,1814.0625,1814.2421875,1814.4140625,1814.5859375,1814.7578125,1814.921875,1815.09375,1815.2578125,1815.421875,1815.59375,1815.765625,1815.9375,1816.109375,1816.28125,1816.4609375,1816.6484375,1816.96875,1817.3125,1817.640625,1818.4140625,1818.8125,1819.1953125,1819.375,1819.546875,1819.734375,1819.9140625,1820.09375,1820.265625,1820.4375,1820.609375,1820.78125,1820.953125,1821.1171875,1821.2890625,1821.453125,1821.625,1821.796875,1821.9765625,1822.15625,1822.3359375,1822.65625,1823.0078125,1823.34375,1824.1640625,1824.390625,1824.6015625,1824.8359375,1825.0546875,1825.265625,1825.4609375,1825.6953125,1825.921875,1826.1484375,1826.3671875,1826.5859375,1826.8046875,1827.0234375,1827.2421875,1827.3828125,1827.53125,1827.6796875,1827.828125,1827.984375,1828.140625,1828.296875,1828.4609375,1828.765625,1829.09375,1829.4375,1830.390625,1830.6875,1830.953125,1831.265625,1831.5625,1831.8515625,1832.140625,1832.4296875,1832.71875,1833.015625,1833.328125,1833.59375,1833.890625,1834.84375,1835.1875,1835.53125,1835.8359375,1836.0,1836.1640625,1836.328125,1836.484375,1836.640625,1836.7890625,1836.9453125,1837.09375,1837.2578125,1837.421875,1837.5859375,1837.75,1837.9140625,1838.0859375,1838.2578125,1838.4375,1838.7421875,1839.078125,1839.3984375,1840.171875,1840.3828125,1840.578125,1840.7890625,1840.984375,1841.171875,1841.359375,1841.5703125,1841.78125,1841.984375,1842.1796875,1842.375,1842.5625,1842.7578125,1842.9453125,1843.0546875,1843.1640625,1843.2734375,1843.3828125,1843.4921875,1843.6015625,1843.7109375,1843.828125,1843.9375,1844.0546875,1844.171875,1844.2890625,1844.40625,1844.5234375,1844.640625,1844.765625,1844.9609375,1845.171875,1845.390625,1845.6171875,1845.8203125,1846.046875,1846.8203125,1847.1171875,1847.421875,1847.6953125,1847.984375,1848.265625,1848.5390625,1848.8046875,1849.0625,1849.3203125,1849.578125,1849.8359375,1850.1015625,1850.375,1850.6484375,1850.9375,1851.125,1851.3125,1851.5078125,1851.71875,1851.9375,1852.1640625,1852.671875,1853.03125,1853.4453125,1854.4609375,1855.234375,1855.5625,1855.8671875,1856.28125,1856.6796875,1857.0703125,1857.4609375,1857.796875,1858.1640625,1859.2578125,1859.6171875,1859.96875,1860.28125,1860.4609375,1860.640625,1860.8125,1860.9765625,1861.140625,1861.296875,1861.453125,1861.609375,1861.8125,1862.0078125,1862.203125,1862.3984375,1862.59375,1862.796875,1863.0,1863.203125,1863.375,1863.5546875,1863.7421875,1863.9375,1864.296875,1865.125,1865.3359375,1865.53125,1865.7265625,1865.9140625,1866.09375,1866.265625,1866.4453125,1866.6171875,1866.7890625,1866.953125,1867.1171875,1867.28125,1867.4453125,1867.609375,1867.7890625,1867.9765625,1868.15625,1868.34375,1868.53125,1868.71875,1868.9140625,1869.109375,1869.2734375,1869.4453125,1869.625,1869.8125,1870.1640625,1870.9765625,1871.1953125,1871.390625,1871.59375,1871.7890625,1871.96875,1872.1484375,1872.3359375,1872.5234375,1872.703125,1872.875,1873.046875,1873.21875,1873.390625,1873.5625,1873.671875,1873.7734375,1873.875,1873.984375,1874.0859375,1874.1953125,1874.3046875,1874.4140625,1874.5234375,1874.6328125,1874.7421875,1874.8515625,1874.9609375,1875.078125,1875.1875,1875.3046875,1875.4921875,1875.6953125,1875.90625,1876.125,1876.3203125,1876.53125,1877.25,1877.5234375,1877.796875,1878.0390625,1878.171875,1878.296875,1878.421875,1878.546875,1878.671875,1878.7890625,1878.90625,1879.0234375,1879.1484375,1879.265625,1879.3828125,1879.5,1879.6171875,1879.734375,1879.8515625,1879.9609375,1880.078125,1880.1875,1880.3046875,1880.421875,1880.5390625,1880.65625,1880.7734375,1880.890625,1881.0625,1881.2421875,1881.421875,1881.6015625,1881.7890625,1881.9765625,1882.171875,1882.375,1882.546875,1882.7265625,1882.921875,1883.125,1883.53125,1884.40625,1884.8046875,1885.2265625,1885.6171875,1885.84375,1886.0703125,1886.296875,1886.5234375,1886.75,1886.9765625,1887.2109375,1887.4453125,1887.7421875,1888.0546875,1888.375,1888.7109375,1889.0625,1889.421875,1889.7890625,1890.15625,1890.5078125,1890.84375,1891.171875,1891.484375,1891.7890625,1892.078125,1892.3671875,1892.6484375,1892.890625,1893.125,1893.3671875,1893.6015625,1893.8359375,1894.0703125,1894.3046875,1894.546875,1894.7890625,1895.0390625,1895.296875,1895.5703125,1895.8359375,1896.125,1897.2421875,1897.71875,1897.9765625,1898.2265625,1898.4609375,1898.6953125,1898.9765625,1899.25,1899.5234375,1899.796875,1900.0703125,1900.3515625,1900.640625,1900.9375,1901.328125,1901.75,1902.2109375,1903.2265625,1903.703125,1904.21875,1904.703125,1905.265625,1905.8515625,1906.46875,1907.7734375,1908.3671875,1909.015625,1909.640625,1910.0234375,1910.4140625,1910.828125,1911.2578125,1912.2421875,1913.2421875,1913.671875,1914.0625,1914.4296875,1914.78125,1915.109375,1915.4296875,1915.7421875,1916.0546875,1916.3203125,1916.5859375,1917.1328125,1917.640625,1918.6875,1919.1328125,1919.53125,1919.890625,1920.078125,1920.265625,1920.4453125,1920.625,1920.796875,1920.96875,1921.140625,1921.3046875,1921.53125,1921.75,1921.96875,1922.1953125,1922.421875,1922.6484375,1922.875,1923.109375,1923.3046875,1923.5078125,1923.71875,1923.9375,1924.34375,1925.28125,1925.5234375,1925.7421875,1925.96875,1926.1875,1926.390625,1926.59375,1926.796875,1927.0,1927.1953125,1927.390625,1927.5859375,1927.7734375,1927.96875,1928.15625,1928.3125,1928.46875,1928.625,1928.78125,1928.9375,1929.1015625,1929.265625,1929.4296875,1929.6015625,1929.78125,1929.96875,1930.1640625,1930.359375,1930.5703125,1931.3828125,1931.7265625,1931.9140625,1932.09375,1932.265625,1932.4296875,1932.625,1932.8203125,1933.0078125,1933.1953125,1933.3828125,1933.5625,1933.7421875,1933.921875,1934.09375,1934.265625,1934.4375,1934.609375,1934.78125,1934.9609375,1935.1484375,1935.3359375,1935.5078125,1935.6875,1935.875,1936.078125,1936.484375,1937.296875,1937.6484375,1938.0234375,1938.3671875,1938.5703125,1938.765625,1938.9609375,1939.15625,1939.3515625,1939.5390625,1939.7265625,1939.921875,1940.109375,1940.296875,1940.4921875,1940.6875,1940.890625,1941.1015625,1941.328125,1941.5625,1942.078125,1943.5390625,1944.8515625,1945.25,1945.5234375,1945.765625,1945.9921875,1946.2109375,1946.484375,1946.7421875,1946.9921875,1947.234375,1947.4765625,1947.7109375,1947.9453125,1948.1875,1948.4453125,1948.703125,1948.96875,1949.2421875,1949.5,1949.78125,1950.0625,1950.765625,1951.1484375,1951.359375,1951.5546875,1951.734375,1951.9140625,1952.1328125,1952.34375,1952.546875,1952.6484375,1952.75,1952.9453125,1953.0390625,1953.140625,1953.2421875,1953.3359375,1953.4296875,1953.5234375,1953.6484375,1953.78125,1953.9140625,1954.0390625,1954.1640625,1954.2890625,1954.4140625,1954.546875,1954.6796875,1954.8046875,1954.9375,1955.0703125,1955.203125,1955.3359375,1955.46875,1955.609375,1955.71875,1955.8359375,1955.953125,1956.0703125,1956.1875,1956.3125,1956.5703125,1956.796875,1957.046875,1957.2890625,1957.8828125,1958.203125,1958.3671875,1958.5234375,1958.671875,1958.8203125,1958.9765625,1959.1328125,1959.28125,1959.4296875,1959.578125,1959.71875,1959.859375,1960.0,1960.140625,1960.28125,1960.421875,1960.5546875,1960.6953125,1960.828125,1960.96875,1961.1015625,1961.2421875,1961.3828125,1961.5234375,1961.6640625,1961.8046875,1961.953125,1962.1015625,1962.2578125,1962.3984375,1962.5390625,1962.6875,1962.8359375,1962.9921875,1963.1484375,1963.3046875,1963.4765625,1963.796875,1964.15625,1964.5,1965.3671875,1965.8359375,1966.2265625,1966.6171875,1967.0546875,1967.53125,1967.9765625,1969.0859375,1969.6953125,1970.015625,1970.328125,1970.6328125,1970.9375,1971.390625,1971.8671875,1972.3671875,1972.9296875,1973.5859375,1974.5078125,1977.734375,1978.2890625,1978.75,1979.0625,1979.3515625,1979.625,1979.8828125,1980.1328125,1980.3671875,1980.59375,1980.8203125,1980.9609375,1981.09375,1981.234375,1981.3671875,1981.5,1981.6328125,1981.765625,1981.890625,1982.015625,1982.1484375,1982.28125,1982.40625,1982.53125,1982.6640625,1982.7890625,1982.921875,1983.0625,1983.203125,1983.34375,1983.484375,1983.625,1983.7734375,1983.921875,1984.078125,1984.3671875,1984.6875,1985.0,1985.8203125,1986.0625,1986.28125,1986.53125,1986.7578125,1986.984375,1987.1953125,1987.328125,1987.453125,1987.5859375,1987.7109375,1987.8359375,1987.9609375,1988.0859375,1988.203125,1988.328125,1988.4453125,1988.5703125,1988.6875,1988.8046875,1988.9296875,1989.046875,1989.1640625,1989.2578125,1989.359375,1989.453125,1989.5546875,1989.65625,1989.75,1989.8515625,1989.953125,1990.0546875,1990.15625,1990.2578125,1990.359375,1990.4609375,1990.5703125,1990.6796875,1990.7890625,1990.984375,1991.1875,1991.3984375,1991.625,1991.8359375,1992.078125,1992.9921875,1993.390625,1993.609375,1993.8125,1994.0078125,1994.203125,1994.4296875,1994.65625,1994.875,1995.09375,1995.3125,1995.5390625,1995.7578125,1995.984375,1996.203125,1996.421875,1996.6484375,1996.8828125,1997.125,1997.375,1997.6484375,1997.9453125,1998.4453125,1999.859375,2000.328125,2001.40625,2001.71875,2001.9921875,2002.390625,2002.75,2003.09375,2003.421875,2003.609375,2003.7890625,2003.96875,2004.1484375,2004.328125,2004.5078125,2004.6953125,2004.8828125,2005.2421875,2005.6328125,2006.0234375,2007.046875,2007.359375,2007.640625,2007.96875,2008.28125,2008.578125,2008.7265625,2008.875,2009.03125,2009.1875,2009.34375,2009.5,2009.65625,2009.8203125,2009.984375,2010.1484375,2010.4375,2010.75,2011.046875,2011.734375,2012.0859375,2012.265625,2012.4296875,2012.5859375,2012.734375,2012.8984375,2013.0625,2013.21875,2013.375,2013.5234375,2013.671875,2013.8203125,2013.96875,2014.1640625,2014.359375,2014.546875,2014.7421875,2014.9375,2015.1328125,2015.3359375,2015.5390625,2015.734375,2015.9375,2016.1484375,2016.3671875,2016.578125,2016.8125,2017.6640625,2018.0234375,2018.21875,2018.3984375,2018.5703125,2018.7421875,2018.9453125,2019.140625,2019.3359375,2019.5234375,2019.7109375,2019.8984375,2020.0859375,2020.265625,2020.4296875,2020.6015625,2020.765625,2020.9375,2021.109375,2021.2890625,2021.46875,2021.65625,2021.8125,2021.9765625,2022.1484375,2022.3359375,2022.6875,2023.34375,2023.609375,2023.890625,2024.1484375,2024.4375,2024.7109375,2024.984375,2025.25,2025.5,2025.7578125,2026.0234375,2026.296875,2026.5390625,2026.796875,2027.6015625,2027.8671875,2028.1171875,2028.3515625,2028.5703125,2028.78125,2028.9765625,2029.171875,2029.296875,2029.4140625,2029.5390625,2029.65625,2029.7734375,2029.890625,2030.0078125,2030.125,2030.2421875,2030.359375,2030.46875,2030.5859375,2030.703125,2030.8203125,2030.9375,2031.0546875,2031.1640625,2031.28125,2031.3984375,2031.515625,2031.6328125,2031.7578125,2031.8828125,2032.015625,2032.2578125,2032.5234375,2032.7890625,2033.46875,2033.671875,2033.859375,2034.0703125,2034.265625,2034.453125,2034.6328125,2034.7421875,2034.8515625,2034.9609375,2035.0625,2035.171875,2035.2734375,2035.375,2035.4765625,2035.578125,2035.6796875,2035.78125,2035.8828125,2035.984375,2036.0859375,2036.1796875,2036.28125,2036.4453125,2036.609375,2036.7734375,2036.9453125,2037.1171875,2037.2890625,2037.4609375,2037.640625,2037.8125,2037.9921875,2038.1796875,2038.3828125,2038.578125,2038.7890625,2039.5859375,2039.921875,2040.109375,2040.28125,2040.4453125,2040.6015625,2040.7890625,2040.9765625,2041.15625,2041.3359375,2041.515625,2041.6875,2041.859375,2042.03125,2042.1328125,2042.2265625,2042.328125,2042.4296875,2042.53125,2042.625,2042.7265625,2042.828125,2042.9296875,2043.03125,2043.1328125,2043.2421875,2043.3515625,2043.4609375,2043.6796875,2043.859375,2044.046875,2044.2421875,2044.453125,2044.6328125,2044.8359375,2045.5078125,2045.765625,2046.015625,2046.25,2046.4921875,2046.71875,2046.9375,2047.15625,2047.359375,2047.5625,2047.765625,2047.96875,2048.171875,2048.3671875,2048.5703125,2048.7734375,2048.90625,2049.046875,2049.1875,2049.328125,2049.4765625,2049.625,2049.78125,2049.9375,2050.203125,2050.5,2050.78125,2051.4765625,2051.8359375,2052.1796875,2052.4921875,2052.78125,2053.0625,2053.203125,2053.34375,2053.4765625,2053.6171875,2053.7734375,2053.9375,2054.09375,2054.2578125,2054.421875,2054.59375,2054.765625,2054.9375,2055.2421875,2055.578125,2055.8984375,2056.671875,2057.0859375,2057.296875,2057.5,2057.6953125,2057.8828125,2058.09375,2058.296875,2058.5,2058.6953125,2058.890625,2059.0859375,2059.2734375,2059.46875,2059.65625,2059.8515625,2060.046875,2060.2421875,2060.4453125,2060.6484375,2060.859375,2061.0703125,2061.25,2061.4375,2061.6328125,2061.8359375,2062.21875,2063.1640625,2063.4296875,2063.6640625,2063.921875,2064.1640625,2064.390625,2064.6171875,2064.859375,2065.09375,2065.328125,2065.5625,2065.796875,2066.0234375,2066.25,2066.484375,2066.671875,2066.859375,2067.046875,2067.2421875,2067.4375,2067.640625,2067.84375,2068.0546875,2068.234375,2068.4296875,2068.6328125,2068.84375,2069.265625,2070.09375,2070.4453125,2070.8125,2071.1484375,2071.34375,2071.53125,2071.71875,2071.90625,2072.09375,2072.2734375,2072.453125,2072.6328125,2072.9375,2073.25,2073.5703125,2073.8984375,2074.2265625,2074.5859375,2074.953125,2075.984375,2076.3046875,2076.59375,2076.9375,2077.2578125,2077.5703125,2077.875,2078.21875,2078.5625,2078.9140625,2079.28125,2079.640625,2080.03125,2080.4375,2081.5703125,2081.9296875,2082.25,2082.6328125,2082.9921875,2083.34375,2083.6953125,2084.0078125,2084.3203125,2084.640625,2084.984375,2085.2734375,2085.6015625,2086.703125,2087.1484375,2087.59375,2088.0234375,2088.390625,2088.78125,2090.234375,2090.53125,2090.796875,2091.1171875,2091.421875,2091.7109375,2091.984375,2092.2578125,2092.5234375,2092.7890625,2093.0546875,2093.3046875,2093.5625,2093.828125,2094.1015625,2094.3515625,2094.625,2095.5546875,2095.90625,2096.09375,2096.265625,2096.4296875,2096.59375,2096.78125,2096.96875,2097.1484375,2097.328125,2097.5,2097.671875,2097.84375,2098.0078125,2098.109375,2098.21875,2098.3203125,2098.421875,2098.5234375,2098.625,2098.7265625,2098.828125,2098.9296875,2099.03125,2099.1328125,2099.234375,2099.34375,2099.4453125,2099.546875,2099.65625,2099.765625,2099.8828125,2099.9921875,2100.109375,2100.2265625,2100.34375,2100.59375,2100.828125,2101.09375,2101.359375,2102.0625,2102.2734375,2102.46875,2102.6875,2102.8984375,2103.09375,2103.28125,2103.3984375,2103.5078125,2103.625,2103.734375,2103.84375,2103.953125,2104.0625,2104.171875,2104.28125,2104.390625,2104.4921875,2104.6015625,2104.7109375,2104.8125,2104.9140625,2105.0234375,2105.1953125,2105.3671875,2105.5390625,2105.7109375,2105.890625,2106.0703125,2106.2578125,2106.4453125,2106.6171875,2106.796875,2106.984375,2107.1796875,2107.3671875,2107.5703125,2108.34375,2108.6640625,2108.8359375,2109.0,2109.15625,2109.3125,2109.4921875,2109.6640625,2109.8359375,2110.0078125,2110.1796875,2110.34375,2110.5078125,2110.671875,2110.828125,2110.9921875,2111.15625,2111.3203125,2111.484375,2111.65625,2111.828125,2112.0,2112.1640625,2112.328125,2112.5,2112.6875,2113.046875,2113.7421875,2114.0390625,2114.34375,2114.625,2114.7890625,2114.9453125,2115.1015625,2115.2578125,2115.40625,2115.5546875,2115.703125,2115.8515625,2116.0,2116.1484375,2116.296875,2116.4453125,2116.6015625,2116.7578125,2116.9140625,2117.078125,2117.359375,2117.6640625,2117.953125,2118.6484375,2119.0,2119.1796875,2119.34375,2119.5078125,2119.6640625,2119.828125,2119.9921875,2120.15625,2120.3125,2120.46875,2120.625,2120.78125,2120.9296875,2121.09375,2121.265625,2121.4296875,2121.6015625,2121.7734375,2121.9453125,2122.125,2122.3046875,2122.46875,2122.640625,2122.8203125,2123.015625,2123.1953125,2123.3984375,2124.1328125,2124.4375,2124.6015625,2124.7578125,2124.90625,2125.046875,2125.21875,2125.3828125,2125.546875,2125.703125,2125.859375,2126.015625,2126.171875,2126.328125,2126.484375,2126.640625,2126.796875,2126.953125,2127.1171875,2127.28125,2127.4453125,2127.6171875,2127.7578125,2127.90625,2128.0625,2128.2265625,2128.53125,2129.25,2129.4453125,2129.625,2129.8125,2129.984375,2130.15625,2130.3203125,2130.4921875,2130.6640625,2130.828125,2130.9921875,2131.15625,2131.3203125,2131.484375,2131.640625,2131.7890625,2131.9453125,2132.09375,2132.25,2132.40625,2132.5625,2132.7265625,2132.890625,2133.03125,2133.1796875,2133.328125,2133.4921875,2133.7890625,2134.5,2134.6953125,2134.8671875,2135.0546875,2135.2265625,2135.390625,2135.5546875,2135.734375,2135.90625,2136.078125,2136.2421875,2136.40625,2136.5703125,2136.734375,2136.890625,2137.0625,2137.234375,2137.40625,2137.578125,2137.75,2137.9296875,2138.109375,2138.2890625,2138.4609375,2138.6328125,2138.8125,2139.0078125,2139.1875,2139.390625,2140.109375,2140.40625,2140.5625,2140.7109375,2140.8515625,2140.9921875,2141.15625,2141.3203125,2141.4765625,2141.625,2141.7734375,2141.921875,2142.0703125,2142.2109375,2142.296875,2142.390625,2142.4765625,2142.5703125,2142.65625,2142.75,2142.8359375,2142.9296875,2143.015625,2143.109375,2143.1953125,2143.2890625,2143.3828125,2143.4765625,2143.6640625,2143.84375,2144.03125,2144.2265625,2144.4296875,2144.625,2144.8359375,2145.046875,2145.6171875,2145.7890625,2145.9453125,2146.125,2146.2890625,2146.4453125,2146.59375,2146.78125,2146.9609375,2147.1328125,2147.3046875,2147.4765625,2147.640625,2147.8046875,2147.96875,2148.1328125,2148.3046875,2148.46875,2148.640625,2148.8125,2148.984375,2149.1640625,2149.3515625,2149.5078125,2149.6640625,2149.828125,2150.0,2150.1484375,2150.3203125,2150.890625,2151.09375,2151.296875,2151.484375,2151.6796875,2151.8671875,2152.0390625,2152.2109375,2152.390625,2152.5625,2152.734375,2152.8984375,2153.0625,2153.2265625,2153.3046875,2153.390625,2153.546875,2153.6328125,2153.71875,2153.8046875,2153.8984375,2153.984375,2154.0703125,2154.15625,2154.25,2154.3359375,2154.4296875,2154.5234375,2154.6171875,2154.7109375,2154.8046875,2154.8984375,2155.0,2155.1640625,2155.328125,2155.5,2155.6875,2155.8515625,2156.03125,2156.6328125,2156.859375,2157.0859375,2157.296875,2157.515625,2157.71875,2157.9140625,2158.015625,2158.109375,2158.2109375,2158.3125,2158.4140625,2158.5078125,2158.609375,2158.703125,2158.8046875,2158.8984375,2159.0,2159.09375,2159.1875,2159.28125,2159.375,2159.46875,2159.5703125,2159.6640625,2159.8046875,2159.9453125,2160.0859375,2160.234375,2160.3828125,2160.53125,2160.6875,2160.84375,2161.0,2161.1640625,2161.328125,2161.5078125,2161.6796875,2161.875,2162.6171875,2162.9375,2163.1171875,2163.28125,2163.4375,2163.59375,2163.7734375,2163.953125,2164.1328125,2164.3046875,2164.4765625,2164.6484375,2164.8203125,2164.984375,2165.140625,2165.2890625,2165.4453125,2165.6015625,2165.7578125,2165.921875,2166.0859375,2166.2578125,2166.4140625,2166.578125,2166.75,2166.9296875,2167.296875,2168.0390625,2168.359375,2168.6953125,2168.8515625,2169.0078125,2169.1875,2169.3671875,2169.546875,2169.71875,2169.890625,2170.0625,2170.234375,2170.40625,2170.546875,2170.6875,2170.828125,2170.9765625,2171.125,2171.2734375,2171.4296875,2171.59375,2171.8671875,2172.171875,2172.46875,2173.2578125,2173.7109375,2173.953125,2174.1796875,2174.40625,2174.6328125,2174.84375,2175.0546875,2175.2734375,2175.5078125,2175.921875,2176.8828125,2177.140625,2177.3671875,2177.6171875,2177.859375,2178.0859375,2178.3125,2178.5234375,2178.734375,2178.9375,2179.140625,2179.34375,2179.5546875,2179.765625,2179.9765625,2180.15625,2180.3359375,2180.53125,2180.734375,2181.1015625,2181.9453125,2182.1640625,2182.359375,2182.5625,2182.7578125,2182.9375,2183.1171875,2183.3046875,2183.484375,2183.6640625,2183.8359375,2184.0078125,2184.1796875,2184.3515625,2184.5234375,2184.6953125,2184.875,2185.046875,2185.2265625,2185.40625,2185.5859375,2185.7734375,2185.9609375,2186.125,2186.296875,2186.4765625,2186.671875,2187.0390625,2187.734375,2188.015625,2188.3125,2188.578125,2188.734375,2188.8828125,2189.03125,2189.1796875,2189.3203125,2189.4609375,2189.6015625,2189.7421875,2189.8984375,2190.0546875,2190.2109375,2190.3671875,2190.5234375,2190.6875,2190.8515625,2191.015625,2191.171875,2191.3359375,2191.5078125,2191.6875,2192.0390625,2192.7265625,2193.0078125,2193.3046875,2193.578125,2193.734375,2193.890625,2194.046875,2194.1953125,2194.34375,2194.4921875,2194.640625,2194.78125,2194.9296875,2195.078125,2195.2265625,2195.375,2195.5234375,2195.6796875,2195.8359375,2195.9921875,2196.265625,2196.5625,2196.84375,2197.5,2197.828125,2197.9921875,2198.140625,2198.28125,2198.421875,2198.5625,2198.703125,2198.84375,2198.9765625,2199.109375,2199.234375,2199.3671875,2199.4921875,2199.6953125,2199.890625,2200.0859375,2200.28125,2200.4765625,2200.6796875,2200.8828125,2201.09375,2201.265625,2201.4453125,2201.6328125,2201.828125,2202.0,2202.1953125,2202.8203125,2203.046875,2203.265625,2203.46875,2203.6796875,2203.875,2204.0625,2204.25,2204.4296875,2204.609375,2204.78125,2204.953125,2205.125,2205.296875,2205.4609375,2205.6328125,2205.7734375,2205.921875,2206.0703125,2206.21875,2206.3671875,2206.5234375,2206.6875,2206.8515625,2206.9921875,2207.1328125,2207.28125,2207.4375,2207.7265625,2208.4296875,2208.625,2208.796875,2208.984375,2209.15625,2209.3203125,2209.484375,2209.65625,2209.828125,2210.0,2210.1640625,2210.328125,2210.484375,2210.6484375,2210.8046875,2210.8984375,2210.9921875,2211.078125,2211.171875,2211.265625,2211.359375,2211.453125,2211.546875,2211.640625,2211.734375,2211.828125,2211.9296875,2212.03125,2212.1328125,2212.234375,2212.3359375,2212.5078125,2212.6796875,2212.859375,2213.0546875,2213.2265625,2213.4140625,2214.046875,2214.28125,2214.515625,2214.7265625,2214.953125,2215.1640625,2215.3671875,2215.5703125,2215.671875,2215.7734375,2215.875,2215.96875,2216.0703125,2216.1640625,2216.2578125,2216.3515625,2216.4453125,2216.5390625,2216.6328125,2216.734375,2216.828125,2216.921875,2217.015625,2217.1171875,2217.265625,2217.421875,2217.578125,2217.734375,2217.890625,2218.0546875,2218.2265625,2218.3984375,2218.546875,2218.6953125,2218.8515625,2219.0234375,2219.34375,2219.9609375,2220.21875,2220.4921875,2220.734375,2221.0078125,2221.2734375,2221.53125,2221.7890625,2222.0390625,2222.2890625,2222.546875,2222.8125,2223.0703125,2223.3515625,2223.640625,2224.4375,2224.6796875,2224.90625,2225.1640625,2225.40625,2225.640625,2225.875,2226.1328125,2226.390625,2226.65625,2226.9296875,2227.171875,2227.4375,2228.296875,2228.609375,2228.7734375,2228.9296875,2229.078125,2229.21875,2229.390625,2229.5546875,2229.7109375,2229.8671875,2230.0234375,2230.171875,2230.3203125,2230.4609375,2230.6484375,2230.828125,2231.0078125,2231.1875,2231.3671875,2231.546875,2231.7265625,2231.9140625,2232.109375,2232.3125,2232.515625,2232.734375,2232.9453125,2233.1796875,2233.40625,2234.015625,2234.1953125,2234.3515625,2234.5390625,2234.7109375,2234.875,2235.0390625,2235.140625,2235.234375,2235.328125,2235.421875,2235.515625,2235.6015625,2235.6953125,2235.78125,2235.8671875,2235.953125,2236.0390625,2236.125,2236.2109375,2236.296875,2236.375,2236.4609375,2236.578125,2236.6875,2236.8046875,2236.9140625,2237.0234375,2237.140625,2237.25,2237.3671875,2237.4765625,2237.59375,2237.7109375,2237.828125,2237.9453125,2238.0625,2238.1796875,2238.3046875,2238.40625,2238.5078125,2238.609375,2238.7109375,2238.8203125,2238.9296875,2239.0390625,2239.15625,2239.359375,2239.578125,2239.7890625,2240.3046875,2240.578125,2240.7109375,2240.84375,2240.96875,2241.0859375,2241.2109375,2241.3359375,2241.4609375,2241.578125,2241.6953125,2241.8046875,2241.921875,2242.03125,2242.140625,2242.25,2242.359375,2242.4609375,2242.5703125,2242.671875,2242.7734375,2242.8828125,2242.984375,2243.09375,2243.203125,2243.3046875,2243.40625,2243.515625,2243.6171875,2243.7265625,2243.8046875,2243.8828125,2243.9609375,2244.046875,2244.125,2244.2109375,2244.375,2244.4609375,2244.546875,2244.71875,2244.8984375,2245.0859375,2245.2421875,2245.3984375,2245.5625,2245.7421875,2245.8984375,2246.0703125,2246.671875,2246.90625,2247.140625,2247.3515625,2247.578125,2247.796875,2248.0078125,2248.2109375,2248.4140625,2248.515625,2248.6171875,2248.71875,2248.8203125,2249.015625,2249.1171875,2249.21875,2249.3203125,2249.421875,2249.625,2249.828125,2249.9453125,2250.0703125,2250.1875,2250.3125,2250.4375,2250.5703125,2250.703125,2250.8359375,2251.1015625,2251.390625,2251.6953125,2252.3125,2252.5859375,2252.875,2253.1328125,2253.4375,2253.5859375,2253.734375,2253.8828125,2254.0234375,2254.3046875,2254.5859375,2254.8671875,2255.1640625,2255.46875,2255.734375,2256.0234375,2256.984375,2257.34375,2257.703125,2257.8671875,2258.03125,2258.2109375,2258.3828125,2258.5546875,2258.71875,2258.8828125,2259.046875,2259.2109375,2259.3671875,2259.53125,2259.703125,2259.875,2260.046875,2260.21875,2260.390625,2260.5703125,2260.7578125,2261.0859375,2261.4453125,2261.7890625,2262.6640625,2262.9140625,2263.140625,2263.3984375,2263.6328125,2263.8671875,2264.0859375,2264.21875,2264.34375,2264.4765625,2264.6015625,2264.7265625,2264.8515625,2264.9765625,2265.1015625,2265.21875,2265.34375,2265.46875,2265.5859375,2265.7109375,2265.828125,2265.9453125,2266.0625,2266.1796875,2266.3046875,2266.4296875,2266.546875,2266.6640625,2266.7890625,2266.90625,2267.03125,2267.15625,2267.28125,2267.40625,2267.53125,2267.6640625,2267.796875,2267.9296875,2268.0625,2268.28125,2268.515625,2268.7578125,2269.015625,2269.234375,2269.484375,2270.296875,2270.59375,2270.8828125,2271.140625,2271.4140625,2271.671875,2271.921875,2272.15625,2272.28125,2272.40625,2272.53125,2272.65625,2272.7734375,2272.890625,2273.0078125,2273.125,2273.2421875,2273.3515625,2273.4609375,2273.578125,2273.6875,2273.8046875,2273.9140625,2274.0234375,2274.1484375,2274.2734375,2274.3984375,2274.515625,2274.640625,2274.765625,2274.890625,2275.015625,2275.140625,2275.265625,2275.390625,2275.515625,2275.640625,2275.7734375,2275.90625,2276.0390625,2276.15625,2276.2734375,2276.390625,2276.515625,2276.640625,2276.765625,2276.8984375,2277.03125,2277.2734375,2277.546875,2277.8125,2278.4921875,2278.6953125,2278.875,2279.078125,2279.2734375,2279.453125,2279.6328125,2279.84375,2280.046875,2280.2421875,2280.4375,2280.5390625,2280.6328125,2280.8203125,2280.9140625,2281.0078125,2281.1015625,2281.1953125,2281.2890625,2281.3828125,2281.4765625,2281.5703125,2281.6640625,2281.7578125,2281.859375,2281.953125,2282.046875,2282.1484375,2282.34375,2282.4453125,2282.546875,2282.75,2282.9375,2283.1328125,2283.3359375,2283.546875,2283.7421875,2283.9609375,2284.75,2285.078125,2285.25,2285.4140625,2285.5703125,2285.7265625,2285.90625,2286.0859375,2286.2578125,2286.4296875,2286.6015625,2286.765625,2286.9296875,2287.09375,2287.2578125,2287.421875,2287.5859375,2287.75,2287.9140625,2288.0859375,2288.265625,2288.4453125,2288.59375,2288.75,2288.9140625,2289.0859375,2289.40625,2290.1484375,2290.34375,2290.515625,2290.703125,2290.875,2291.0390625,2291.1953125,2291.359375,2291.515625,2291.671875,2291.8203125,2291.96875,2292.1171875,2292.265625,2292.4140625,2292.515625,2292.6171875,2292.71875,2292.8203125,2292.921875,2293.0234375,2293.1171875,2293.21875,2293.3203125,2293.421875,2293.5234375,2293.625,2293.7265625,2293.828125,2293.9296875,2294.0390625,2294.140625,2294.25,2294.359375,2294.46875,2294.578125,2294.6953125,2294.8125,2294.9375,2295.1640625,2295.421875,2295.6796875,2296.390625,2296.609375,2296.8046875,2297.0234375,2297.234375,2297.4375,2297.6328125,2297.75,2297.8671875,2297.984375,2298.1015625,2298.21875,2298.328125,2298.4375,2298.546875,2298.6640625,2298.7734375,2298.8828125,2298.9921875,2299.1015625,2299.2109375,2299.3203125,2299.4375,2299.59375,2299.7578125,2299.921875,2300.0859375,2300.2578125,2300.4296875,2300.609375,2300.7890625,2300.953125,2301.1171875,2301.2890625,2301.4765625,2301.6484375,2301.8359375,2302.546875,2302.84375,2303.15625,2303.4375,2303.6015625,2303.765625,2303.921875,2304.078125,2304.234375,2304.3828125,2304.53125,2304.6875,2304.84375,2304.9921875,2305.1484375,2305.3046875,2305.4609375,2305.625,2305.7890625,2305.9609375,2306.1171875,2306.28125,2306.453125,2306.6328125,2306.9921875,2307.703125,2308.0,2308.3125,2308.59375,2308.7578125,2308.921875,2309.078125,2309.234375,2309.390625,2309.5390625,2309.6953125,2309.84375,2309.9921875,2310.1484375,2310.296875,2310.453125,2310.609375,2310.7734375,2310.9375,2311.1015625,2311.390625,2311.703125,2312.0,2312.6953125,2313.046875,2313.2265625,2313.390625,2313.546875,2313.703125,2313.8671875,2314.0234375,2314.1796875,2314.328125,2314.4765625,2314.625,2314.7734375,2314.9140625,2315.03125,2315.1484375,2315.265625,2315.3828125,2315.4921875,2315.609375,2315.7265625,2315.84375,2315.9609375,2316.078125,2316.1953125,2316.3125,2316.4296875,2316.5546875,2316.6796875,2316.8046875,2317.0078125,2317.21875,2317.4453125,2317.6796875,2317.8828125,2318.109375,2318.8515625,2319.1328125,2319.40625,2319.6484375,2319.90625,2320.15625,2320.390625,2320.6171875,2320.734375,2320.8515625,2320.96875,2321.078125,2321.1953125,2321.3046875,2321.4140625,2321.5234375,2321.6328125,2321.7421875,2321.8515625,2321.9609375,2322.0703125,2322.1796875,2322.296875,2322.40625,2322.6015625,2322.8046875,2323.0078125,2323.2109375,2323.421875,2323.6328125,2323.8515625,2324.078125,2324.265625,2324.4609375,2324.6640625,2324.8828125,2325.2890625,2326.03125,2326.3203125,2326.6171875,2326.8828125,2327.171875,2327.453125,2327.71875,2327.9765625,2328.1171875,2328.2578125,2328.3984375,2328.53125,2328.671875,2328.8046875,2328.9453125,2329.078125,2329.21875,2329.3515625,2329.484375,2329.625,2329.765625,2329.90625,2330.046875,2330.1875,2330.375,2330.5625,2330.75,2330.9453125,2331.1484375,2331.3515625,2331.5625,2331.7890625,2332.15625,2332.5703125,2332.9765625,2334.1796875,2334.5625,2334.9140625,2335.3203125,2335.7109375,2336.1015625,2336.5,2336.890625,2337.3046875,2337.7421875,2338.2265625,2338.8515625,2339.7109375,2340.8203125,2341.5390625,2341.953125,2342.3203125,2342.6640625,2342.9921875,2343.3125,2343.625,2343.9296875,2344.234375,2344.515625,2344.796875,2345.0859375,2345.3828125,2345.9453125,2347.2890625,2347.6640625,2348.0078125,2348.3984375,2348.7734375,2349.1328125,2349.484375,2349.6796875,2349.8671875,2350.0546875,2350.25,2350.4453125,2350.640625,2350.84375,2351.046875,2351.390625,2351.7734375,2352.1328125,2352.9765625,2353.3984375,2353.8046875,2354.1796875,2354.375,2354.5625,2354.75,2354.9296875,2355.109375,2355.2890625,2355.46875,2355.6484375,2355.8203125,2355.9921875,2356.1640625,2356.34375,2356.5234375,2356.703125,2356.890625,2357.0859375,2357.40625,2357.765625,2358.1015625,2358.9140625,2359.328125,2359.7265625,2359.9140625,2360.09375,2360.2734375,2360.453125,2360.6328125,2360.8046875,2360.9765625,2361.1484375,2361.3203125,2361.4921875,2361.796875,2362.1015625,2362.421875,2362.7578125,2363.046875,2363.359375,2364.3828125,2364.75,2365.1171875,2365.4453125,2365.6171875,2365.7890625,2365.953125,2366.1171875,2366.28125,2366.4375,2366.59375,2366.75,2367.015625,2367.2734375,2367.53125,2367.796875,2368.0625,2368.3359375,2368.609375,2368.8984375,2369.140625,2369.3984375,2369.6640625,2369.953125,2370.4765625,2371.7890625,2372.15625,2372.5,2372.8125,2373.1171875,2373.4296875,2373.7421875,2374.234375,2374.78125,2376.734375,2378.28125,2378.765625,2379.2109375,2379.609375,2379.984375,2380.34375,2380.59375,2380.84375,2381.09375,2381.3359375,2381.578125,2381.828125,2382.078125,2382.328125,2382.75,2383.2109375,2383.6484375,2384.71875,2385.2890625,2385.578125,2385.859375,2386.1328125,2386.40625,2386.84375,2387.3125,2387.75,2388.6953125,2389.1171875,2389.5,2389.8515625,2390.0546875,2390.25,2390.4375,2390.625,2390.8125,2390.9921875,2391.171875,2391.3515625,2391.53125,2391.7109375,2391.890625,2392.0625,2392.2421875,2392.421875,2392.6015625,2392.7890625,2393.078125,2393.3828125,2393.6953125,2394.03125,2394.359375,2394.71875,2395.109375,2396.3671875,2396.7890625,2397.1875,2397.6484375,2398.1015625,2398.5625,2399.0234375,2399.3125,2399.609375,2399.90625,2400.1953125,2400.4765625,2400.7578125,2401.03125,2401.2890625,2401.5390625,2401.7734375,2402.0,2402.2265625,2402.4375,2402.6484375,2402.8515625,2403.0546875,2403.3515625,2403.640625,2403.921875,2404.1953125,2404.46875,2404.7421875,2405.015625,2405.2890625,2405.5625,2405.84375,2406.1328125,2406.4296875,2406.7109375,2407.015625,2407.3125,2408.078125,2408.5,2408.7265625,2408.9375,2409.140625,2409.3359375,2409.5703125,2409.8046875,2410.03125,2410.25,2410.46875,2410.6796875,2410.890625,2411.1015625,2411.3046875,2411.515625,2411.71875,2411.9296875,2412.140625,2412.3515625,2412.5703125,2412.796875,2413.0,2413.203125,2413.421875,2413.65625,2413.875,2414.109375,2415.0234375,2415.40625,2415.6171875,2415.8203125,2416.0078125,2416.1953125,2416.4140625,2416.6328125,2416.84375,2417.0546875,2417.265625,2417.4765625,2417.6875,2417.8984375,2418.1640625,2418.4375,2418.71875,2419.015625,2419.2890625,2419.5859375,2419.890625,2420.7578125,2421.03125,2421.28125,2421.5625,2421.8359375,2422.109375,2422.375,2422.6328125,2422.890625,2423.15625,2423.4375,2423.953125,2425.140625,2425.4609375,2425.75,2426.0546875,2426.34375,2426.625,2426.90625,2427.1640625,2427.421875,2427.6875,2427.96875,2428.4765625,2429.6328125,2429.9296875,2430.1953125,2430.46875,2430.734375,2430.9921875,2431.2421875,2431.5625,2431.875,2432.1953125,2432.5234375,2432.8125,2433.1328125,2433.4296875,2434.15625,2434.53125,2434.7265625,2434.90625,2435.078125,2435.25,2435.4453125,2435.640625,2435.828125,2436.015625,2436.1953125,2436.375,2436.5546875,2436.7265625,2436.9453125,2437.15625,2437.375,2437.59375,2437.8125,2438.03125,2438.2578125,2438.4921875,2438.6875,2438.890625,2439.109375,2439.3359375,2439.5390625,2439.765625,2440.5625,2440.8828125,2441.21875,2441.5234375,2441.6953125,2441.8671875,2442.03125,2442.1953125,2442.359375,2442.515625,2442.671875,2442.828125,2442.9921875,2443.1484375,2443.3125,2443.4765625,2443.640625,2443.8046875,2443.9765625,2444.1484375,2444.328125,2444.5078125,2444.6953125,2444.8984375,2445.3125,2446.15625,2446.5234375,2446.9140625,2447.09375,2447.2734375,2447.484375,2447.6953125,2447.8984375,2448.1015625,2448.296875,2448.5,2448.703125,2448.90625,2449.0703125,2449.234375,2449.3984375,2449.5703125,2449.921875,2450.296875,2450.609375,2450.953125,2452.2421875,2452.8125,2453.1171875,2453.4140625,2453.7109375,2454.015625,2454.4375,2454.90625,2456.5625,2458.0078125,2458.5078125,2458.9765625,2459.390625,2459.5859375,2459.7734375,2459.953125,2460.125,2460.296875,2460.46875,2460.640625,2460.8046875,2460.96875,2461.125,2461.28125,2461.4453125,2461.640625,2461.84375,2462.046875,2462.25,2462.453125,2462.65625,2462.8671875,2463.0859375,2463.2734375,2463.46875,2463.671875,2463.8828125,2464.2890625,2465.0546875,2465.3671875,2465.6875,2465.984375,2466.3203125,2466.6484375,2466.9609375,2467.2734375,2467.5625,2467.8515625,2468.15625,2468.46875,2468.7578125,2469.0703125,2470.234375,2470.7265625,2471.0,2471.2578125,2471.5078125,2471.7578125,2472.0078125,2472.2578125,2472.515625,2472.78125,2473.265625,2474.328125,2474.59375,2474.828125,2475.0703125,2475.296875,2475.515625,2475.7265625,2475.953125,2476.171875,2476.390625,2476.6015625,2476.8125,2477.03125,2477.25,2477.4765625,2477.6640625,2477.8515625,2478.046875,2478.2578125,2478.640625,2479.5078125,2479.7265625,2479.921875,2480.125,2480.3125,2480.4921875,2480.6640625,2480.84375,2481.0234375,2481.1953125,2481.3671875,2481.5390625,2481.703125,2481.8671875,2482.03125,2482.140625,2482.2421875,2482.3515625,2482.453125,2482.5546875,2482.6640625,2482.765625,2482.875,2482.9765625,2483.0859375,2483.1953125,2483.3046875,2483.4140625,2483.5234375,2483.6328125,2483.75,2483.9375,2484.1328125,2484.3359375,2484.5546875,2484.7421875,2484.953125,2485.6484375,2485.9140625,2486.171875,2486.40625,2486.65625,2486.890625,2487.0078125,2487.1171875,2487.234375,2487.34375,2487.4609375,2487.578125,2487.6953125,2487.8046875,2487.921875,2488.03125,2488.1484375,2488.2578125,2488.375,2488.484375,2488.59375,2488.7109375,2488.8203125,2488.9375,2489.046875,2489.1640625,2489.296875,2489.4375,2489.578125,2489.71875,2489.859375,2490.0078125,2490.15625,2490.3125,2490.4609375,2490.609375,2490.765625,2490.9375,2491.28125,2491.9765625,2492.2734375,2492.59375,2492.8828125,2493.0546875,2493.21875,2493.3828125,2493.5390625,2493.703125,2493.859375,2494.015625,2494.171875,2494.3203125,2494.4765625,2494.6328125,2494.7890625,2494.9453125,2495.109375,2495.2734375,2495.4453125,2495.734375,2496.0546875,2496.359375,2497.1171875,2497.515625,2497.7265625,2497.921875,2498.109375,2498.2890625,2498.484375,2498.6796875,2498.875,2499.0625,2499.25,2499.4375,2499.625,2499.8046875,2499.96875,2500.1328125,2500.296875,2500.46875,2500.640625,2500.8125,2500.9921875,2501.171875,2501.5234375,2501.90625,2502.3203125,2503.1875,2503.5703125,2503.984375,2504.3671875,2504.59375,2504.8125,2505.03125,2505.2421875,2505.4609375,2505.6796875,2505.8984375,2506.1171875,2506.3984375,2506.6796875,2506.96875,2507.2734375,2507.578125,2507.8984375,2508.2265625,2508.5546875,2508.890625,2509.234375,2509.5703125,2509.8984375,2510.2265625,2510.546875,2510.859375,2511.171875,2511.5078125,2511.84375,2512.1796875,2512.53125,2512.8671875,2513.234375,2514.5234375,2515.046875,2515.3359375,2515.6015625,2515.8671875,2516.1171875,2516.4375,2516.7578125,2517.078125,2517.40625,2517.703125,2518.0234375,2519.078125,2519.4609375,2519.6640625,2519.8515625,2520.03125,2520.203125,2520.421875,2520.625,2520.828125,2521.0234375,2521.2109375,2521.3984375,2521.5859375,2521.765625,2521.8828125,2522.0,2522.1171875,2522.234375,2522.3515625,2522.46875,2522.5859375,2522.703125,2522.8203125,2522.9375,2523.0546875,2523.171875,2523.2890625,2523.4140625,2523.5390625,2523.6640625,2523.875,2524.0859375,2524.3046875,2524.5390625,2524.7421875,2524.96875,2525.71875,2525.9921875,2526.265625,2526.515625,2526.7734375,2526.8984375,2527.0234375,2527.2578125,2527.375,2527.4921875,2527.6171875,2527.7421875,2527.8671875,2527.9921875,2528.1171875,2528.234375,2528.3515625,2528.46875,2528.5859375,2528.7109375,2528.828125,2528.9453125,2529.0625,2529.1796875,2529.296875,2529.4140625,2529.5234375,2529.625,2529.7265625,2529.8359375,2529.9453125,2530.0546875,2530.1640625,2530.2734375,2530.3828125,2530.5,2530.609375,2530.7265625,2530.84375,2530.9609375,2531.203125,2531.3984375,2531.609375,2531.828125,2532.0625,2532.265625,2532.4921875,2533.2734375,2533.5859375,2533.8984375,2534.1796875,2534.4765625,2534.7578125,2535.03125,2535.3046875,2535.5625,2535.8125,2536.0625,2536.3046875,2536.5546875,2536.8046875,2537.0546875,2537.3046875,2537.546875,2537.7890625,2538.0390625,2538.2890625,2538.546875,2538.8046875,2539.0703125,2539.34375,2539.609375,2539.890625,2540.1796875,2540.4921875,2540.78125,2541.09375,2542.21875,2542.671875,2542.9140625,2543.140625,2543.3515625,2543.5546875,2543.8046875,2544.046875,2544.28125,2544.5078125,2544.734375,2544.953125,2545.171875,2545.390625,2545.5859375,2545.7890625,2545.9921875,2546.1953125,2546.3984375,2546.609375,2546.8203125,2547.03125,2547.2265625,2547.4296875,2547.640625,2547.859375,2548.0625,2548.2890625,2549.0859375,2549.40625,2549.7421875,2550.046875,2550.2265625,2550.3984375,2550.5625,2550.7265625,2550.890625,2551.046875,2551.2109375,2551.3671875,2551.546875,2551.7265625,2551.90625,2552.09375,2552.2734375,2552.4609375,2552.6484375,2552.84375,2553.0234375,2553.203125,2553.3984375,2553.6015625,2554.0,2554.75,2555.0625,2555.3828125,2555.6796875,2555.8515625,2556.0234375,2556.1875,2556.3515625,2556.5078125,2556.6640625,2556.8203125,2556.9765625,2557.1328125,2557.2890625,2557.4453125,2557.609375,2557.7734375,2557.9375,2558.109375,2558.28125,2558.578125,2558.8984375,2559.203125,2559.921875,2560.28125,2560.4609375,2560.625,2560.78125,2560.9375,2561.1015625,2561.2578125,2561.4140625,2561.5625,2561.7109375,2561.859375,2562.0078125,2562.15625,2562.3515625,2562.546875,2562.734375,2562.9296875,2563.125,2563.3203125,2563.5234375,2563.7265625,2563.8984375,2564.078125,2564.265625,2564.4609375,2564.6328125,2564.8203125,2565.4375,2565.6640625,2565.8828125,2566.078125,2566.28125,2566.4765625,2566.6640625,2566.84375,2567.0234375,2567.203125,2567.3828125,2567.5546875,2567.7265625,2567.890625,2568.0625,2568.2265625,2568.328125,2568.4296875,2568.5390625,2568.640625,2568.7421875,2568.8515625,2568.953125,2569.0625,2569.1640625,2569.2734375,2569.3828125,2569.4921875,2569.6015625,2569.71875,2569.828125,2569.9453125,2570.1328125,2570.328125,2570.53125,2570.75,2570.9453125,2571.15625,2571.875,2572.1484375,2572.421875,2572.671875,2572.8046875,2572.9375,2573.0625,2573.1875,2573.3125,2573.4296875,2573.546875,2573.6640625,2573.78125,2573.8984375,2574.0078125,2574.125,2574.234375,2574.3515625,2574.46875,2574.5859375,2574.703125,2574.8203125,2574.9375,2575.0546875,2575.171875,2575.296875,2575.4140625,2575.5390625,2575.7578125,2575.9921875,2576.234375,2576.4921875,2576.7265625,2576.984375,2577.9921875,2578.4453125,2578.6953125,2578.9296875,2579.1640625,2579.3984375,2579.625,2579.8515625,2580.0859375,2580.328125,2580.7734375,2581.8359375,2582.125,2582.390625,2582.6796875,2582.9609375,2583.2265625,2583.4921875,2583.7890625,2584.0859375,2584.390625,2584.7109375,2584.984375,2585.28125,2586.234375,2586.5703125,2586.8984375,2587.203125,2587.3671875,2587.5234375,2587.6796875,2587.8359375,2587.984375,2588.1328125,2588.28125,2588.421875,2588.6015625,2588.78125,2588.9609375,2589.140625,2589.3203125,2589.5078125,2589.6953125,2589.8828125,2590.046875,2590.2109375,2590.3828125,2590.5703125,2590.90625,2591.703125,2591.90625,2592.09375,2592.2890625,2592.4765625,2592.65625,2592.828125,2593.0078125,2593.1875,2593.359375,2593.53125,2593.703125,2593.8671875,2594.0390625,2594.203125,2594.3984375,2594.6015625,2594.8046875,2595.0078125,2595.2109375,2595.421875,2595.6328125,2595.8515625,2596.03125,2596.21875,2596.4140625,2596.625,2596.8046875,2597.0078125,2597.6875,2597.9453125,2598.1953125,2598.4296875,2598.671875,2598.90625,2599.125,2599.34375,2599.4609375,2599.5703125,2599.6875,2599.796875,2599.90625,2600.015625,2600.125,2600.234375,2600.3359375,2600.4453125,2600.5546875,2600.6640625,2600.7734375,2600.8828125,2600.9921875,2601.1015625,2601.203125,2601.3125,2601.421875,2601.53125,2601.640625,2601.75,2601.96875,2602.1953125,2602.421875,2602.6640625,2602.9140625,2603.109375,2603.3203125,2603.5390625,2603.78125,2604.21875,2605.046875,2605.3828125,2605.734375,2606.0546875,2606.3984375,2606.7265625,2607.046875,2607.3671875,2607.671875,2607.96875,2608.265625,2608.5625,2608.859375,2609.15625,2609.453125,2609.7578125,2609.9296875,2610.1015625,2610.2734375,2610.4453125,2610.6171875,2610.7890625,2610.9609375,2611.125,2611.296875,2611.46875,2611.6328125,2611.8046875,2611.96875,2612.140625,2612.3125,2612.484375,2612.796875,2613.1171875,2613.4453125,2613.7890625,2614.1015625,2614.4375,2614.765625,2615.5703125,2616.0,2616.234375,2616.4453125,2616.6484375,2616.84375,2617.0859375,2617.3125,2617.53125,2617.75,2617.96875,2618.1796875,2618.390625,2618.6015625,2618.7734375,2618.9453125,2619.1171875,2619.2890625,2619.4609375,2619.640625,2619.8203125,2620.0078125,2620.1953125,2620.3828125,2620.5859375,2620.796875,2621.0,2621.21875,2622.0546875,2622.40625,2622.7734375,2622.9453125,2623.109375,2623.3046875,2623.5,2623.6875,2623.8671875,2624.046875,2624.2265625,2624.40625,2624.5859375,2624.765625,2624.9453125,2625.125,2625.3046875,2625.4921875,2625.6796875,2625.875,2626.0703125,2626.234375,2626.40625,2626.5859375,2626.7734375,2627.125,2627.953125,2628.1796875,2628.3828125,2628.6015625,2628.8046875,2629.0,2629.1875,2629.3828125,2629.578125,2629.7734375,2629.9609375,2630.1484375,2630.3359375,2630.5234375,2630.703125,2630.859375,2631.015625,2631.171875,2631.328125,2631.4921875,2631.65625,2631.828125,2632.0,2632.296875,2632.625,2632.9296875,2633.671875,2634.046875,2634.2421875,2634.421875,2634.59375,2634.7578125,2634.9375,2635.109375,2635.28125,2635.4453125,2635.609375,2635.7734375,2635.9375,2636.09375,2636.2109375,2636.3203125,2636.4296875,2636.5390625,2636.65625,2636.765625,2636.875,2636.984375,2637.09375,2637.203125,2637.3125,2637.4296875,2637.5390625,2637.65625,2637.765625,2637.8828125,2638.0,2638.125,2638.2421875,2638.3671875,2638.4921875,2638.625,2638.7578125,2638.8984375,2639.15625,2639.4375,2639.7265625,2640.4765625,2640.703125,2640.90625,2641.140625,2641.359375,2641.5703125,2641.765625,2641.890625,2642.015625,2642.1328125,2642.25,2642.3671875,2642.4765625,2642.59375,2642.703125,2642.8125,2642.921875,2643.03125,2643.140625,2643.25,2643.359375,2643.4609375,2643.5703125,2643.7109375,2643.84375,2643.9765625,2644.1171875,2644.25,2644.390625,2644.53125,2644.671875,2644.8125,2644.953125,2645.09375,2645.234375,2645.375,2645.5234375,2645.671875,2645.8203125,2645.9375,2646.0625,2646.1875,2646.3125,2646.4453125,2646.578125,2646.71875,2646.859375,2647.1015625,2647.375,2647.6328125,2648.2734375,2648.609375,2648.78125,2648.9375,2649.09375,2649.2421875,2649.3984375,2649.5546875,2649.703125,2649.8515625,2650.0,2650.140625,2650.28125,2650.421875,2650.5625,2650.6953125,2650.8359375,2650.96875,2651.1015625,2651.234375,2651.3671875,2651.5078125,2651.640625,2651.7734375,2651.90625,2652.046875,2652.1796875,2652.3203125,2652.453125,2652.59375,2652.7421875,2652.8984375,2653.0546875,2653.2109375,2653.3671875,2653.53125,2653.703125,2653.875,2654.03125,2654.1875,2654.359375,2654.5390625,2654.8984375,2655.6171875,2655.9296875,2656.25,2656.546875,2656.71875,2656.8828125,2657.046875,2657.2109375,2657.375,2657.53125,2657.6875,2657.84375,2658.0,2658.1640625,2658.328125,2658.4921875,2658.65625,2658.828125,2659.0,2659.171875,2659.3359375,2659.5078125,2659.6875,2659.8828125,2660.265625,2661.03125,2661.359375,2661.703125,2662.015625,2662.1953125,2662.375,2662.5546875,2662.7265625,2662.8984375,2663.0703125,2663.234375,2663.40625,2663.5703125,2663.734375,2663.8984375,2664.0703125,2664.2421875,2664.4140625,2664.59375,2664.78125,2665.09375,2665.4453125,2665.7890625,2666.6640625,2667.15625,2667.4140625,2667.6640625,2667.90625,2668.140625,2668.40625,2668.671875,2668.9375,2669.203125,2669.4765625,2669.75,2670.03125,2670.328125,2670.578125,2670.84375,2671.453125,2674.125,2674.765625,2675.03125,2675.28125,2675.515625,2675.734375,2675.953125,2676.1640625,2676.3671875,2676.5703125,2676.7734375,2676.96875,2677.171875,2677.3671875,2677.5625,2677.765625,2677.96875,2678.1796875,2678.53125,2678.9140625,2679.28125,2680.1171875,2680.5234375,2680.7265625,2680.9140625,2681.09375,2681.2734375,2681.46875,2681.65625,2681.84375,2682.0234375,2682.203125,2682.375,2682.5546875,2682.7265625,2682.921875,2683.1171875,2683.3125,2683.5078125,2683.703125,2683.90625,2684.109375,2684.3203125,2684.4921875,2684.671875,2684.859375,2685.0625,2685.4296875,2686.296875,2686.5234375,2686.734375,2686.953125,2687.15625,2687.3515625,2687.5390625,2687.734375,2687.921875,2688.109375,2688.2890625,2688.46875,2688.6484375,2688.828125,2689.0078125,2689.171875,2689.3359375,2689.5,2689.6640625,2689.8359375,2690.0078125,2690.1875,2690.3671875,2690.5234375,2690.6796875,2690.84375,2691.015625,2691.34375,2692.125,2692.3359375,2692.5234375,2692.7265625,2692.9140625,2693.09375,2693.265625,2693.453125,2693.6328125,2693.8125,2693.984375,2694.15625,2694.328125,2694.5,2694.6640625,2694.7734375,2694.8828125,2694.9921875,2695.1015625,2695.2109375,2695.3203125,2695.4296875,2695.546875,2695.65625,2695.7734375,2695.8828125,2696.0,2696.1171875,2696.234375,2696.3515625,2696.4765625,2696.6796875,2696.8828125,2697.1015625,2697.328125,2697.53125,2697.75,2698.5078125,2698.8046875,2699.1015625,2699.3671875,2699.65625,2699.9296875,2700.1953125,2700.453125,2700.5859375,2700.7109375,2700.9609375,2701.2109375,2701.4609375,2701.5859375,2701.71875,2701.9765625,2702.2421875,2702.515625,2702.7265625,2702.953125,2703.1875,2703.4375,2703.6875,2703.96875,2705.1875,2705.484375,2705.7578125,2706.078125,2706.3828125,2706.6875,2706.9921875,2707.2890625,2707.59375,2707.90625,2708.234375,2708.53125,2708.8515625,2709.96875,2710.421875,2710.8828125,2711.3125,2711.5546875,2711.796875,2712.03125,2712.265625,2712.4921875,2712.7265625,2712.953125,2713.1875,2713.421875,2713.65625,2713.890625,2714.1328125,2714.3828125,2714.6328125,2715.15625,2715.671875,2716.2421875,2716.828125,2718.453125,2718.953125,2719.40625,2719.9296875,2720.4296875,2720.90625,2721.375,2721.796875,2722.2265625,2722.65625,2723.109375,2723.5078125,2723.9453125,2725.4296875,2726.015625,2726.328125,2726.6328125,2726.921875,2727.2109375,2727.5078125,2727.8125,2728.125,2728.4453125,2729.03125,2730.3671875,2730.71875,2731.0390625,2731.3984375,2731.7421875,2732.0703125,2732.390625,2732.6484375,2732.90625,2733.1640625,2733.4140625,2733.6640625,2733.921875,2734.1796875,2734.4375,2734.6796875,2734.921875,2735.1796875,2735.453125,2735.703125,2735.9765625,2736.9453125,2737.3359375,2737.7421875,2738.1171875,2738.3359375,2738.546875,2738.75,2738.953125,2739.15625,2739.3515625,2739.546875,2739.7421875,2739.96875,2740.1953125,2740.421875,2740.65625,2740.8828125,2741.1171875,2741.359375,2741.6015625,2741.8515625,2742.1015625,2742.3671875,2742.640625,2742.90625,2743.203125,2744.328125,2744.8046875,2745.0625,2745.3125,2745.546875,2745.7734375,2746.046875,2746.3125,2746.578125,2746.8359375,2747.09375,2747.34375,2747.6015625,2747.8515625,2748.0390625,2748.234375,2748.4296875,2748.625,2748.8203125,2749.0234375,2749.2265625,2749.4375,2749.6484375,2749.859375,2750.078125,2750.3125,2750.78125,2751.6953125,2752.0703125,2752.4765625,2752.8359375,2753.046875,2753.2578125,2753.4609375,2753.65625,2753.8515625,2754.0390625,2754.234375,2754.421875,2754.6171875,2754.8125,2755.0078125,2755.203125,2755.3984375,2755.6015625,2755.8046875,2756.015625,2756.3671875,2756.7578125,2757.125,2757.9921875,2758.421875,2758.6328125,2758.8359375,2759.0234375,2759.2109375,2759.3984375,2759.5859375,2759.7734375,2759.953125,2760.1328125,2760.3125,2760.4921875,2760.6640625,2760.8203125,2760.9765625,2761.1328125,2761.296875,2761.4609375,2761.625,2761.7890625,2761.9609375,2762.2578125,2762.5859375,2762.890625,2763.640625,2764.0234375,2764.21875,2764.40625,2764.578125,2764.75,2764.9453125,2765.1328125,2765.3203125,2765.5,2765.6796875,2765.8515625,2766.0234375,2766.1953125,2766.3984375,2766.59375,2766.7890625,2766.9921875,2767.1953125,2767.3984375,2767.609375,2767.828125,2768.0078125,2768.1875,2768.3828125,2768.5859375,2768.9609375,2769.84375,2770.078125,2770.2890625,2770.5078125,2770.71875,2770.9140625,2771.109375,2771.3046875,2771.4921875,2771.6796875,2771.859375,2772.046875,2772.2265625,2772.40625,2772.5859375,2772.7421875,2772.90625,2773.0703125,2773.234375,2773.3984375,2773.5703125,2773.7421875,2773.921875,2774.0859375,2774.2578125,2774.4375,2774.6328125,2775.0078125,2775.75,2776.0625,2776.390625,2776.6875,2776.859375,2777.03125,2777.1953125,2777.359375,2777.5234375,2777.6796875,2777.84375,2778.0,2778.15625,2778.3203125,2778.4765625,2778.640625,2778.8046875,2778.9765625,2779.1484375,2779.3203125,2779.46875,2779.625,2779.953125,2780.265625,2781.015625,2781.21875,2781.3984375,2781.59375,2781.78125,2781.953125,2782.125,2782.3125,2782.4921875,2782.671875,2782.8515625,2783.0234375,2783.1953125,2783.3671875,2783.5390625,2783.71875,2783.8984375,2784.078125,2784.265625,2784.4453125,2784.6328125,2784.828125,2785.0234375,2785.1875,2785.359375,2785.5390625,2785.7265625,2786.0859375,2786.7109375,2786.9453125,2787.1796875,2787.3984375,2787.6328125,2787.859375,2788.0703125,2788.2734375,2788.390625,2788.5078125,2788.625,2788.734375,2788.8515625,2788.9609375,2789.0703125,2789.1796875,2789.2890625,2789.3984375,2789.5078125,2789.6171875,2789.7265625,2789.8359375,2789.9453125,2790.046875,2790.1484375,2790.2421875,2790.34375,2790.4453125,2790.5390625,2790.640625,2790.7421875,2790.84375,2790.9453125,2791.0546875,2791.15625,2791.265625,2791.3671875,2791.4765625,2791.5859375,2791.703125,2791.8828125,2792.078125,2792.28125,2792.4921875,2792.6796875,2792.8828125,2793.578125,2793.8359375,2794.1015625,2794.3359375,2794.578125,2794.8125,2795.03125,2795.25,2795.453125,2795.65625,2795.859375,2796.0546875,2796.2578125,2796.453125,2796.6484375,2796.8515625,2797.015625,2797.1796875,2797.3515625,2797.5234375,2797.6953125,2797.8671875,2798.046875,2798.234375,2798.4140625,2798.6015625,2798.796875,2799.0,2799.203125,2799.421875,2800.265625,2800.6328125,2800.8359375,2801.0234375,2801.203125,2801.375,2801.5859375,2801.7890625,2801.984375,2802.1796875,2802.375,2802.5625,2802.75,2802.9453125,2803.1328125,2803.3203125,2803.5078125,2803.703125,2803.8984375,2804.09375,2804.296875,2804.5,2804.7109375,2804.921875,2805.140625,2805.375,2805.6015625,2805.8515625,2806.828125,2807.2421875,2807.46875,2807.6796875,2807.8828125,2808.0859375,2808.328125,2808.5625,2808.7890625,2809.015625,2809.2421875,2809.4609375,2809.6796875,2809.90625,2810.1796875,2810.4609375,2810.75,2811.0546875,2811.3828125,2811.7421875,2812.125,2812.890625,2813.21875,2813.5625,2813.875,2814.0625,2814.2421875,2814.4140625,2814.5859375,2814.7578125,2814.921875,2815.0859375,2815.2578125,2815.421875,2815.59375,2815.765625,2815.9375,2816.109375,2816.2890625,2816.46875,2816.65625,2816.96875,2817.3125,2817.640625,2818.4140625,2818.8125,2819.1953125,2819.375,2819.546875,2819.734375,2819.9140625,2820.09375,2820.265625,2820.4375,2820.609375,2820.78125,2820.953125,2821.125,2821.2890625,2821.453125,2821.625,2821.796875,2821.9765625,2822.15625,2822.3359375,2822.65625,2823.0078125,2823.34375,2824.1640625,2824.390625,2824.6015625,2824.8359375,2825.0546875,2825.2578125,2825.4609375,2825.6953125,2825.921875,2826.1484375,2826.3671875,2826.5859375,2826.8046875,2827.0234375,2827.2421875,2827.3828125,2827.53125,2827.6796875,2827.828125,2827.9765625,2828.1328125,2828.296875,2828.4609375,2828.765625,2829.1015625,2829.4375,2830.3828125,2830.6796875,2830.953125,2831.265625,2831.5625,2831.8515625,2832.140625,2832.4296875,2832.71875,2833.015625,2833.328125,2833.59375,2833.890625,2834.84375,2835.1875,2835.5234375,2835.8359375,2836.0,2836.1640625,2836.328125,2836.484375,2836.640625,2836.7890625,2836.9453125,2837.09375,2837.2578125,2837.421875,2837.5859375,2837.75,2837.9140625,2838.0859375,2838.2578125,2838.4375,2838.7421875,2839.078125,2839.3984375,2840.171875,2840.3828125,2840.578125,2840.7890625,2840.984375,2841.171875,2841.359375,2841.5703125,2841.78125,2841.984375,2842.1796875,2842.375,2842.5625,2842.7578125,2842.9453125,2843.0546875,2843.1640625,2843.2734375,2843.3828125,2843.4921875,2843.6015625,2843.7109375,2843.828125,2843.9375,2844.0546875,2844.171875,2844.2890625,2844.40625,2844.5234375,2844.640625,2844.765625,2844.9609375,2845.171875,2845.390625,2845.6171875,2845.8203125,2846.046875,2846.8203125,2847.1171875,2847.421875,2847.6953125,2847.984375,2848.265625,2848.5390625,2848.8046875,2849.0625,2849.3203125,2849.578125,2849.8359375,2850.1015625,2850.375,2850.6484375,2850.9375,2851.125,2851.3125,2851.5078125,2851.71875,2851.9375,2852.1640625,2852.671875,2853.03125,2853.4453125,2854.4609375,2855.234375,2855.5625,2855.8671875,2856.28125,2856.6796875,2857.0703125,2857.4609375,2857.796875,2858.1640625,2859.2578125,2859.6171875,2859.96875,2860.28125,2860.4609375,2860.640625,2860.8125,2860.9765625,2861.140625,2861.296875,2861.453125,2861.609375,2861.8125,2862.0078125,2862.203125,2862.3984375,2862.59375,2862.796875,2863.0,2863.203125,2863.375,2863.5546875,2863.7421875,2863.9375,2864.296875,2865.125,2865.3359375,2865.53125,2865.7265625,2865.9140625,2866.09375,2866.265625,2866.4453125,2866.6171875,2866.7890625,2866.953125,2867.1171875,2867.28125,2867.4453125,2867.609375,2867.7890625,2867.9765625,2868.15625,2868.34375,2868.53125,2868.71875,2868.9140625,2869.109375,2869.2734375,2869.4453125,2869.625,2869.8125,2870.1640625,2870.9765625,2871.1953125,2871.390625,2871.59375,2871.7890625,2871.96875,2872.1484375,2872.3359375,2872.5234375,2872.703125,2872.875,2873.046875,2873.21875,2873.390625,2873.5625,2873.671875,2873.7734375,2873.875,2873.984375,2874.09375,2874.1953125,2874.3046875,2874.4140625,2874.5234375,2874.6328125,2874.7421875,2874.8515625,2874.9609375,2875.078125,2875.1875,2875.3046875,2875.4921875,2875.6953125,2875.90625,2876.125,2876.3203125,2876.53125,2877.25,2877.5234375,2877.796875,2878.0390625,2878.171875,2878.296875,2878.421875,2878.546875,2878.671875,2878.7890625,2878.90625,2879.0234375,2879.1484375,2879.265625,2879.3828125,2879.5,2879.6171875,2879.734375,2879.8515625,2879.9609375,2880.0703125,2880.1875,2880.3046875,2880.421875,2880.5390625,2880.65625,2880.7734375,2880.890625,2881.0625,2881.2421875,2881.421875,2881.6015625,2881.7890625,2881.9765625,2882.171875,2882.375,2882.546875,2882.7265625,2882.921875,2883.125,2883.53125,2884.40625,2884.8046875,2885.2265625,2885.6171875,2885.84375,2886.0703125,2886.296875,2886.5234375,2886.75,2886.9765625,2887.2109375,2887.4453125,2887.7421875,2888.0546875,2888.375,2888.7109375,2889.0625,2889.421875,2889.7890625,2890.15625,2890.5078125,2890.84375,2891.171875,2891.484375,2891.7890625,2892.0859375,2892.3671875,2892.6484375,2892.890625,2893.125,2893.359375,2893.59375,2893.828125,2894.0625,2894.3046875,2894.546875,2894.7890625,2895.0390625,2895.296875,2895.5703125,2895.8359375,2896.125,2897.2421875,2897.71875,2897.9765625,2898.2265625,2898.4609375,2898.6953125,2898.9765625,2899.25,2899.5234375,2899.796875,2900.0703125,2900.3515625,2900.640625,2900.9375,2901.328125,2901.75,2902.2109375,2903.2265625,2903.703125,2904.21875,2904.7109375,2905.265625,2905.8515625,2906.46875,2907.7734375,2908.3671875,2909.015625,2909.640625,2910.0234375,2910.4140625,2910.828125,2911.2578125,2912.2421875,2913.2421875,2913.671875,2914.0625,2914.4296875,2914.78125,2915.109375,2915.4296875,2915.7421875,2916.0546875,2916.3125,2916.578125,2917.1328125,2917.640625,2918.6875,2919.1328125,2919.53125,2919.890625,2920.078125,2920.265625,2920.4453125,2920.625,2920.796875,2920.96875,2921.140625,2921.3046875,2921.53125,2921.75,2921.96875,2922.1953125,2922.421875,2922.6484375,2922.875,2923.109375,2923.3046875,2923.5078125,2923.71875,2923.9375,2924.34375,2925.28125,2925.5234375,2925.7421875,2925.96875,2926.1875,2926.390625,2926.59375,2926.796875,2927.0,2927.1953125,2927.390625,2927.5859375,2927.7734375,2927.9609375,2928.15625,2928.3046875,2928.4609375,2928.6171875,2928.7734375,2928.9296875,2929.09375,2929.2578125,2929.4296875,2929.6015625,2929.78125,2929.96875,2930.1640625,2930.359375,2930.5703125,2931.3828125,2931.7265625,2931.9140625,2932.09375,2932.265625,2932.4296875,2932.625,2932.8203125,2933.0078125,2933.1953125,2933.3828125,2933.5625,2933.7421875,2933.921875,2934.09375,2934.265625,2934.4375,2934.609375,2934.7890625,2934.96875,2935.1484375,2935.3359375,2935.5078125,2935.6875,2935.875,2936.078125,2936.484375,2937.296875,2937.6484375,2938.0234375,2938.3671875,2938.5703125,2938.765625,2938.9609375,2939.1484375,2939.3359375,2939.53125,2939.7265625,2939.921875,2940.109375,2940.296875,2940.4921875,2940.6875,2940.890625,2941.1015625,2941.328125,2941.5625,2942.078125,2943.5390625,2944.8515625,2945.25,2945.5234375,2945.765625,2945.9921875,2946.2109375,2946.484375,2946.7421875,2946.9921875,2947.234375,2947.4765625,2947.7109375,2947.953125,2948.1875,2948.4453125,2948.703125,2948.96875,2949.2421875,2949.5,2949.78125,2950.0625,2950.765625,2951.1484375,2951.359375,2951.5546875,2951.734375,2951.9140625,2952.1328125,2952.34375,2952.546875,2952.6484375,2952.75,2952.9453125,2953.046875,2953.140625,2953.2421875,2953.3359375,2953.4296875,2953.5234375,2953.65625,2953.78125,2953.9140625,2954.0390625,2954.1640625,2954.2890625,2954.4140625,2954.546875,2954.671875,2954.8046875,2954.9375,2955.0703125,2955.203125,2955.3359375,2955.46875,2955.609375,2955.71875,2955.8359375,2955.953125,2956.0703125,2956.1875,2956.3125,2956.5703125,2956.796875,2957.046875,2957.2890625,2957.8828125,2958.2109375,2958.375,2958.53125,2958.6796875,2958.828125,2958.984375,2959.1328125,2959.28125,2959.4296875,2959.578125,2959.71875,2959.859375,2960.0,2960.140625,2960.28125,2960.421875,2960.5546875,2960.6953125,2960.828125,2960.9609375,2961.1015625,2961.2421875,2961.3828125,2961.5234375,2961.6640625,2961.8046875,2961.953125,2962.1015625,2962.2578125,2962.3984375,2962.5390625,2962.6796875,2962.828125,2962.984375,2963.140625,2963.3046875,2963.4765625,2963.796875,2964.15625,2964.5,2965.3671875,2965.8359375,2966.2265625,2966.6171875,2967.0546875,2967.53125,2967.9765625,2969.0859375,2969.6953125,2970.015625,2970.328125,2970.6328125,2970.9375,2971.390625,2971.8671875,2972.3671875,2972.9296875,2973.5859375,2974.5078125,2977.734375,2978.2890625,2978.75,2979.0625,2979.3515625,2979.625,2979.8828125,2980.1328125,2980.3671875,2980.59375,2980.8203125,2980.9609375,2981.09375,2981.234375,2981.3671875,2981.5,2981.6328125,2981.765625,2981.890625,2982.015625,2982.1484375,2982.28125,2982.40625,2982.53125,2982.6640625,2982.796875,2982.921875,2983.0625,2983.203125,2983.34375,2983.484375,2983.625,2983.7734375,2983.921875,2984.078125,2984.3671875,2984.6875,2985.0,2985.8203125,2986.0625,2986.28125,2986.5234375,2986.7578125,2986.9765625,2987.1953125,2987.328125,2987.4609375,2987.59375,2987.71875,2987.84375,2987.96875,2988.09375,2988.2109375,2988.3359375,2988.453125,2988.5703125,2988.6875,2988.8125,2988.9296875,2989.046875,2989.1640625,2989.265625,2989.359375,2989.453125,2989.5546875,2989.6484375,2989.75,2989.8515625,2989.953125,2990.0546875,2990.15625,2990.2578125,2990.359375,2990.4609375,2990.5703125,2990.6796875,2990.7890625,2990.984375,2991.1875,2991.3984375,2991.625,2991.84375,2992.078125,2992.9921875,2993.390625,2993.609375,2993.8125,2994.0078125,2994.203125,2994.4296875,2994.65625,2994.8828125,2995.1015625,2995.3203125,2995.5390625,2995.7578125,2995.984375,2996.203125,2996.421875,2996.6484375,2996.8828125,2997.125,2997.375,2997.6484375,2997.9453125,2998.4453125,2999.859375,3000.328125,3001.40625,3001.71875,3001.9921875,3002.390625,3002.75,3003.09375,3003.421875,3003.609375,3003.7890625,3003.96875,3004.1484375,3004.328125,3004.5078125,3004.6953125,3004.8828125,3005.2421875,3005.6328125,3006.0234375,3007.046875,3007.359375,3007.640625,3007.96875,3008.28125,3008.578125,3008.7265625,3008.875,3009.03125,3009.1875,3009.34375,3009.5,3009.65625,3009.8203125,3009.984375,3010.1484375,3010.4296875,3010.7421875,3011.0390625,3011.734375,3012.0859375,3012.265625,3012.4296875,3012.5859375,3012.734375,3012.8984375,3013.0625,3013.21875,3013.375,3013.5234375,3013.671875,3013.8203125,3013.96875,3014.1640625,3014.359375,3014.546875,3014.7421875,3014.9375,3015.1328125,3015.3359375,3015.5390625,3015.734375,3015.9375,3016.1484375,3016.3671875,3016.578125,3016.8125,3017.6640625,3018.0234375,3018.21875,3018.3984375,3018.5703125,3018.7421875,3018.9453125,3019.140625,3019.3359375,3019.5234375,3019.7109375,3019.8984375,3020.0859375,3020.265625,3020.4296875,3020.6015625,3020.765625,3020.9375,3021.109375,3021.2890625,3021.46875,3021.65625,3021.8125,3021.9765625,3022.1484375,3022.3359375,3022.6875,3023.34375,3023.609375,3023.890625,3024.1484375,3024.4375,3024.7109375,3024.984375,3025.25,3025.5,3025.7578125,3026.0234375,3026.296875,3026.53125,3026.796875,3027.6015625,3027.8671875,3028.125,3028.3515625,3028.5703125,3028.78125,3028.9765625,3029.171875,3029.296875,3029.4140625,3029.5390625,3029.65625,3029.7734375,3029.890625,3030.0078125,3030.125,3030.2421875,3030.3515625,3030.46875,3030.5859375,3030.703125,3030.8203125,3030.9375,3031.0546875,3031.1640625,3031.28125,3031.3984375,3031.515625,3031.6328125,3031.7578125,3031.8828125,3032.015625,3032.2578125,3032.5234375,3032.78125,3033.46875,3033.671875,3033.859375,3034.0703125,3034.265625,3034.453125,3034.6328125,3034.7421875,3034.8515625,3034.9609375,3035.0625,3035.171875,3035.2734375,3035.375,3035.4765625,3035.578125,3035.6796875,3035.78125,3035.8828125,3035.984375,3036.0859375,3036.1875,3036.28125,3036.4453125,3036.609375,3036.7734375,3036.9375,3037.109375,3037.28125,3037.453125,3037.6328125,3037.8125,3037.9921875,3038.1796875,3038.3828125,3038.578125,3038.7890625,3039.5859375,3039.921875,3040.109375,3040.28125,3040.4453125,3040.6015625,3040.7890625,3040.9765625,3041.15625,3041.3359375,3041.515625,3041.6875,3041.859375,3042.03125,3042.1328125,3042.234375,3042.328125,3042.4296875,3042.53125,3042.625,3042.7265625,3042.828125,3042.9296875,3043.03125,3043.1328125,3043.2421875,3043.3515625,3043.4609375,3043.6796875,3043.859375,3044.046875,3044.2421875,3044.453125,3044.6328125,3044.8359375,3045.5078125,3045.765625,3046.015625,3046.25,3046.4921875,3046.71875,3046.9375,3047.15625,3047.359375,3047.5625,3047.765625,3047.96875,3048.1640625,3048.3671875,3048.5703125,3048.7734375,3048.90625,3049.046875,3049.1875,3049.328125,3049.4765625,3049.625,3049.78125,3049.9375,3050.203125,3050.5,3050.78125,3051.4765625,3051.828125,3052.171875,3052.3359375,3052.4921875,3052.78125,3053.0625,3053.203125,3053.34375,3053.484375,3053.6171875,3053.7734375,3053.9375,3054.09375,3054.2578125,3054.421875,3054.59375,3054.765625,3054.9375,3055.2421875,3055.578125,3055.8984375,3056.671875,3057.0859375,3057.296875,3057.5,3057.6953125,3057.8828125,3058.09375,3058.296875,3058.5,3058.6953125,3058.890625,3059.0859375,3059.28125,3059.46875,3059.65625,3059.8515625,3060.046875,3060.2421875,3060.4453125,3060.6484375,3060.859375,3061.0703125,3061.25,3061.4375,3061.6328125,3061.8359375,3062.21875,3063.1640625,3063.4296875,3063.6640625,3063.921875,3064.1640625,3064.390625,3064.6171875,3064.859375,3065.09375,3065.328125,3065.5625,3065.796875,3066.0234375,3066.25,3066.484375,3066.671875,3066.859375,3067.046875,3067.2421875,3067.4375,3067.640625,3067.84375,3068.0546875,3068.2421875,3068.4296875,3068.6328125,3068.84375,3069.265625,3070.09375,3070.4453125,3070.8125,3071.1484375,3071.34375,3071.53125,3071.71875,3071.90625,3072.09375,3072.2734375,3072.453125,3072.6328125,3072.9375,3073.25,3073.5703125,3073.8984375,3074.2265625,3074.5859375,3074.953125,3075.984375,3076.3046875,3076.59375,3076.9375,3077.2578125,3077.5703125,3077.875,3078.21875,3078.5625,3078.9140625,3079.28125,3079.640625,3080.03125,3080.4375,3081.5703125,3081.921875,3082.2421875,3082.625,3082.984375,3083.34375,3083.6953125,3084.0,3084.3125,3084.640625,3084.984375,3085.2734375,3085.6015625,3086.703125,3087.140625,3087.59375,3088.0234375,3088.390625,3088.78125,3090.234375,3090.53125,3090.796875,3091.1171875,3091.421875,3091.7109375,3091.984375,3092.2578125,3092.5234375,3092.7890625,3093.0546875,3093.3046875,3093.5625,3093.828125,3094.1015625,3094.3515625,3094.625,3095.5546875,3095.90625,3096.09375,3096.265625,3096.4296875,3096.59375,3096.7890625,3096.9765625,3097.15625,3097.3359375,3097.5078125,3097.6796875,3097.84375,3098.0078125,3098.1171875,3098.21875,3098.3203125,3098.421875,3098.5234375,3098.625,3098.7265625,3098.828125,3098.9296875,3099.03125,3099.1328125,3099.234375,3099.3359375,3099.4453125,3099.546875,3099.65625,3099.765625,3099.8828125,3099.9921875,3100.109375,3100.2265625,3100.34375,3100.59375,3100.828125,3101.09375,3101.359375,3102.0625,3102.2734375,3102.46875,3102.6875,3102.8984375,3103.09375,3103.28125,3103.3984375,3103.5078125,3103.625,3103.734375,3103.84375,3103.953125,3104.0625,3104.171875,3104.28125,3104.390625,3104.5,3104.6015625,3104.7109375,3104.8125,3104.9140625,3105.0234375,3105.1953125,3105.3671875,3105.5390625,3105.7109375,3105.890625,3106.0703125,3106.2578125,3106.4453125,3106.6171875,3106.796875,3106.984375,3107.1796875,3107.3671875,3107.5703125,3108.34375,3108.6640625,3108.8359375,3109.0,3109.15625,3109.3125,3109.4921875,3109.671875,3109.84375,3110.0078125,3110.1796875,3110.34375,3110.5078125,3110.671875,3110.828125,3110.9921875,3111.15625,3111.3203125,3111.484375,3111.65625,3111.828125,3112.0,3112.1640625,3112.328125,3112.5,3112.6875,3113.046875,3113.7421875,3114.0390625,3114.34375,3114.625,3114.7890625,3114.9453125,3115.1015625,3115.2578125,3115.40625,3115.5546875,3115.703125,3115.8515625,3116.0,3116.1484375,3116.296875,3116.4453125,3116.6015625,3116.7578125,3116.9140625,3117.078125,3117.359375,3117.6640625,3117.953125,3118.6484375,3119.0,3119.1796875,3119.34375,3119.5078125,3119.6640625,3119.828125,3119.9921875,3120.15625,3120.3125,3120.46875,3120.625,3120.78125,3120.9296875,3121.1015625,3121.265625,3121.4296875,3121.6015625,3121.7734375,3121.9453125,3122.125,3122.3046875,3122.4765625,3122.6484375,3122.828125,3123.015625,3123.1953125,3123.3984375,3124.1328125,3124.4375,3124.6015625,3124.7578125,3124.90625,3125.046875,3125.21875,3125.3828125,3125.546875,3125.703125,3125.859375,3126.015625,3126.171875,3126.328125,3126.484375,3126.640625,3126.796875,3126.953125,3127.1171875,3127.28125,3127.4453125,3127.6171875,3127.7578125,3127.90625,3128.0625,3128.2265625,3128.53125,3129.2578125,3129.453125,3129.625,3129.8125,3129.984375,3130.15625,3130.3203125,3130.4921875,3130.6640625,3130.828125,3130.9921875,3131.15625,3131.3203125,3131.484375,3131.640625,3131.7890625,3131.9453125,3132.09375,3132.25,3132.40625,3132.5625,3132.7265625,3132.890625,3133.03125,3133.1796875,3133.328125,3133.4921875,3133.7890625,3134.5,3134.6953125,3134.8671875,3135.0546875,3135.2265625,3135.390625,3135.5546875,3135.734375,3135.90625,3136.078125,3136.2421875,3136.40625,3136.5703125,3136.734375,3136.890625,3137.0625,3137.234375,3137.40625,3137.578125,3137.75,3137.9296875,3138.109375,3138.2890625,3138.4609375,3138.6328125,3138.8125,3139.0078125,3139.1875,3139.390625,3140.109375,3140.40625,3140.5625,3140.7109375,3140.8515625,3140.9921875,3141.15625,3141.3203125,3141.4765625,3141.625,3141.7734375,3141.921875,3142.0703125,3142.2109375,3142.3046875,3142.390625,3142.4765625,3142.5703125,3142.65625,3142.75,3142.8359375,3142.9296875,3143.015625,3143.109375,3143.1953125,3143.2890625,3143.3828125,3143.4765625,3143.6640625,3143.84375,3144.03125,3144.2265625,3144.4296875,3144.625,3144.8359375,3145.046875,3145.6171875,3145.7890625,3145.9453125,3146.125,3146.2890625,3146.4453125,3146.59375,3146.78125,3146.9609375,3147.1328125,3147.3046875,3147.4765625,3147.640625,3147.8046875,3147.96875,3148.1328125,3148.3046875,3148.46875,3148.640625,3148.8125,3148.984375,3149.1640625,3149.3515625,3149.5078125,3149.6640625,3149.828125,3150.0,3150.15625,3150.328125,3150.8828125,3151.09375,3151.296875,3151.484375,3151.6796875,3151.859375,3152.0390625,3152.2109375,3152.3828125,3152.5546875,3152.7265625,3152.890625,3153.0546875,3153.21875,3153.296875,3153.3828125,3153.4609375,3153.546875,3153.6328125,3153.71875,3153.8125,3153.8984375,3153.984375,3154.0703125,3154.15625,3154.25,3154.3359375,3154.4296875,3154.5234375,3154.6171875,3154.7109375,3154.8046875,3154.8984375,3155.0,3155.1640625,3155.328125,3155.5,3155.6875,3155.8515625,3156.03125,3156.640625,3156.8671875,3157.09375,3157.296875,3157.515625,3157.71875,3157.9140625,3158.015625,3158.109375,3158.2109375,3158.3125,3158.4140625,3158.5078125,3158.6015625,3158.703125,3158.8046875,3158.8984375,3159.0,3159.09375,3159.1875,3159.28125,3159.375,3159.46875,3159.5625,3159.6640625,3159.8046875,3159.9453125,3160.0859375,3160.234375,3160.3828125,3160.53125,3160.6875,3160.84375,3161.0,3161.1640625,3161.328125,3161.5078125,3161.6796875,3161.875,3162.6171875,3162.9375,3163.1171875,3163.28125,3163.4375,3163.59375,3163.7734375,3163.953125,3164.1328125,3164.3046875,3164.4765625,3164.6484375,3164.8203125,3164.984375,3165.1328125,3165.2890625,3165.4453125,3165.6015625,3165.7578125,3165.921875,3166.0859375,3166.2578125,3166.4140625,3166.578125,3166.75,3166.9296875,3167.296875,3168.0390625,3168.359375,3168.6953125,3168.8515625,3169.0078125,3169.1875,3169.3671875,3169.546875,3169.71875,3169.890625,3170.0625,3170.234375,3170.40625,3170.546875,3170.6875,3170.828125,3170.9765625,3171.125,3171.2734375,3171.4296875,3171.59375,3171.8671875,3172.171875,3172.46875,3173.2578125,3173.7109375,3173.953125,3174.1796875,3174.40625,3174.6328125,3174.84375,3175.0546875,3175.2734375,3175.5078125,3175.921875,3176.8828125,3177.140625,3177.3671875,3177.6171875,3177.859375,3178.0859375,3178.3125,3178.5234375,3178.7265625,3178.9375,3179.140625,3179.34375,3179.5546875,3179.765625,3179.9765625,3180.15625,3180.3359375,3180.5234375,3180.7265625,3181.1015625,3181.9453125,3182.1640625,3182.359375,3182.5625,3182.7578125,3182.9375,3183.1171875,3183.3046875,3183.484375,3183.6640625,3183.8359375,3184.0078125,3184.1796875,3184.3515625,3184.5234375,3184.6953125,3184.8671875,3185.0390625,3185.21875,3185.3984375,3185.578125,3185.765625,3185.9609375,3186.125,3186.296875,3186.4765625,3186.671875,3187.0390625,3187.734375,3188.015625,3188.3125,3188.578125,3188.734375,3188.8828125,3189.03125,3189.1796875,3189.3203125,3189.4609375,3189.6015625,3189.7421875,3189.8984375,3190.0546875,3190.2109375,3190.3671875,3190.5234375,3190.6875,3190.8515625,3191.015625,3191.171875,3191.3359375,3191.5078125,3191.6875,3192.0390625,3192.7265625,3193.0078125,3193.3046875,3193.578125,3193.734375,3193.890625,3194.046875,3194.1953125,3194.34375,3194.4921875,3194.6328125,3194.78125,3194.9296875,3195.078125,3195.2265625,3195.375,3195.5234375,3195.6796875,3195.8359375,3195.9921875,3196.265625,3196.5625,3196.84375,3197.5,3197.828125,3197.9921875,3198.140625,3198.28125,3198.421875,3198.5625,3198.703125,3198.84375,3198.9765625,3199.109375,3199.234375,3199.3671875,3199.4921875,3199.6953125,3199.890625,3200.0859375,3200.28125,3200.4765625,3200.6796875,3200.8828125,3201.09375,3201.265625,3201.4453125,3201.6328125,3201.828125,3202.0,3202.1953125,3202.8203125,3203.046875,3203.265625,3203.46875,3203.6796875,3203.875,3204.0625,3204.25,3204.4296875,3204.609375,3204.78125,3204.953125,3205.125,3205.296875,3205.4609375,3205.6328125,3205.7734375,3205.921875,3206.0703125,3206.21875,3206.3671875,3206.5234375,3206.6875,3206.8515625,3206.9921875,3207.1328125,3207.28125,3207.4375,3207.7265625,3208.4296875,3208.625,3208.796875,3208.984375,3209.15625,3209.3203125,3209.484375,3209.65625,3209.828125,3210.0,3210.1640625,3210.328125,3210.484375,3210.6484375,3210.8046875,3210.8984375,3210.984375,3211.078125,3211.171875,3211.265625,3211.359375,3211.453125,3211.546875,3211.640625,3211.734375,3211.828125,3211.9296875,3212.03125,3212.1328125,3212.234375,3212.3359375,3212.5078125,3212.6796875,3212.859375,3213.0546875,3213.2265625,3213.4140625,3214.046875,3214.28125,3214.515625,3214.734375,3214.9609375,3215.171875,3215.375,3215.5703125,3215.671875,3215.7734375,3215.875,3215.96875,3216.0625,3216.1640625,3216.2578125,3216.3515625,3216.4453125,3216.5390625,3216.640625,3216.734375,3216.828125,3216.921875,3217.015625,3217.1171875,3217.265625,3217.421875,3217.578125,3217.734375,3217.890625,3218.0546875,3218.2265625,3218.3984375,3218.546875,3218.6953125,3218.8515625,3219.0234375,3219.34375,3219.9609375,3220.21875,3220.484375,3220.734375,3221.0078125,3221.2734375,3221.53125,3221.7890625,3222.0390625,3222.2890625,3222.546875,3222.8125,3223.0703125,3223.359375,3223.6484375,3224.4375,3224.6875,3224.90625,3225.1640625,3225.40625,3225.640625,3225.875,3226.1328125,3226.390625,3226.65625,3226.9296875,3227.171875,3227.4375,3228.296875,3228.609375,3228.7734375,3228.9296875,3229.078125,3229.21875,3229.390625,3229.5546875,3229.7109375,3229.8671875,3230.0234375,3230.171875,3230.3203125,3230.4609375,3230.6484375,3230.828125,3231.0078125,3231.1875,3231.3671875,3231.546875,3231.7265625,3231.9140625,3232.109375,3232.3125,3232.515625,3232.734375,3232.9453125,3233.1796875,3233.40625,3234.0078125,3234.1875,3234.3515625,3234.5390625,3234.7109375,3234.875,3235.0390625,3235.140625,3235.234375,3235.328125,3235.421875,3235.515625,3235.6015625,3235.6953125,3235.78125,3235.8671875,3235.953125,3236.0390625,3236.125,3236.2109375,3236.296875,3236.3828125,3236.4609375,3236.5703125,3236.6875,3236.796875,3236.9140625,3237.0234375,3237.140625,3237.25,3237.3671875,3237.4765625,3237.59375,3237.7109375,3237.828125,3237.9453125,3238.0625,3238.1796875,3238.3046875,3238.40625,3238.5078125,3238.609375,3238.7109375,3238.8203125,3238.9296875,3239.0390625,3239.15625,3239.359375,3239.578125,3239.7890625,3240.3046875,3240.578125,3240.71875,3240.84375,3240.96875,3241.0859375,3241.2109375,3241.3359375,3241.4609375,3241.578125,3241.6953125,3241.8046875,3241.921875,3242.03125,3242.140625,3242.25,3242.359375,3242.4609375,3242.5703125,3242.671875,3242.7734375,3242.8828125,3242.9921875,3243.09375,3243.1953125,3243.3046875,3243.40625,3243.515625,3243.625,3243.7265625,3243.8046875,3243.8828125,3243.9609375,3244.046875,3244.125,3244.2109375,3244.375,3244.4609375,3244.546875,3244.71875,3244.8984375,3245.0859375,3245.2421875,3245.3984375,3245.5625,3245.7421875,3245.8984375,3246.0703125,3246.671875,3246.90625,3247.140625,3247.3515625,3247.578125,3247.796875,3248.0078125,3248.2109375,3248.4140625,3248.515625,3248.6171875,3248.8125,3248.9140625,3249.015625,3249.1171875,3249.21875,3249.3203125,3249.421875,3249.625,3249.828125,3249.9453125,3250.0703125,3250.1875,3250.3125,3250.4375,3250.5703125,3250.703125,3250.8359375,3251.1015625,3251.390625,3251.6875,3252.3125,3252.5859375,3252.875,3253.1328125,3253.4375,3253.5859375,3253.734375,3253.8828125,3254.0234375,3254.3046875,3254.5859375,3254.8671875,3255.1640625,3255.46875,3255.734375,3256.0234375,3256.984375,3257.34375,3257.703125,3257.8671875,3258.03125,3258.2109375,3258.3828125,3258.5546875,3258.71875,3258.8828125,3259.046875,3259.2109375,3259.3671875,3259.53125,3259.703125,3259.875,3260.046875,3260.21875,3260.3984375,3260.578125,3260.7578125,3261.0859375,3261.4453125,3261.796875,3262.6640625,3262.9140625,3263.140625,3263.390625,3263.6328125,3263.8671875,3264.0859375,3264.21875,3264.34375,3264.4765625,3264.6015625,3264.7265625,3264.8515625,3264.9765625,3265.1015625,3265.2265625,3265.34375,3265.4609375,3265.5859375,3265.703125,3265.8203125,3265.9375,3266.0625,3266.1796875,3266.296875,3266.421875,3266.5390625,3266.65625,3266.78125,3266.90625,3267.03125,3267.15625,3267.28125,3267.40625,3267.53125,3267.6640625,3267.796875,3267.9296875,3268.0625,3268.2890625,3268.515625,3268.7578125,3269.015625,3269.234375,3269.484375,3270.296875,3270.59375,3270.8828125,3271.140625,3271.4140625,3271.671875,3271.921875,3272.15625,3272.28125,3272.40625,3272.53125,3272.6484375,3272.7734375,3272.890625,3273.0078125,3273.125,3273.2421875,3273.3515625,3273.46875,3273.578125,3273.6953125,3273.8046875,3273.9140625,3274.0234375,3274.1484375,3274.265625,3274.390625,3274.515625,3274.640625,3274.765625,3274.890625,3275.015625,3275.140625,3275.265625,3275.390625,3275.5234375,3275.6484375,3275.78125,3275.90625,3276.0390625,3276.15625,3276.2734375,3276.390625,3276.515625,3276.640625,3276.765625,3276.8984375,3277.03125,3277.2734375,3277.546875,3277.8125,3278.4921875,3278.6953125,3278.875,3279.078125,3279.2734375,3279.453125,3279.6328125,3279.84375,3280.046875,3280.2421875,3280.4375,3280.5390625,3280.6328125,3280.8203125,3280.9140625,3281.0078125,3281.1015625,3281.1953125,3281.2890625,3281.3828125,3281.4765625,3281.5703125,3281.6640625,3281.7578125,3281.859375,3281.953125,3282.046875,3282.1484375,3282.34375,3282.4453125,3282.546875,3282.75,3282.9375,3283.1328125,3283.3359375,3283.546875,3283.7421875,3283.9609375,3284.75,3285.078125,3285.25,3285.4140625,3285.5703125,3285.7265625,3285.90625,3286.0859375,3286.2578125,3286.4296875,3286.6015625,3286.765625,3286.9296875,3287.09375,3287.2578125,3287.421875,3287.5859375,3287.75,3287.921875,3288.09375,3288.265625,3288.4453125,3288.59375,3288.75,3288.9140625,3289.0859375,3289.40625,3290.1484375,3290.34375,3290.515625,3290.6953125,3290.8671875,3291.03125,3291.1875,3291.34375,3291.5,3291.65625,3291.8046875,3291.953125,3292.1015625,3292.25,3292.390625,3292.4921875,3292.59375,3292.6953125,3292.796875,3292.8984375,3293.0,3293.1015625,3293.203125,3293.3046875,3293.40625,3293.5078125,3293.609375,3293.71875,3293.8203125,3293.921875,3294.03125,3294.140625,3294.25,3294.359375,3294.46875,3294.578125,3294.6953125,3294.8125,3294.9375,3295.171875,3295.421875,3295.6796875,3296.390625,3296.6015625,3296.796875,3297.0234375,3297.234375,3297.4375,3297.6328125,3297.75,3297.8671875,3297.984375,3298.1015625,3298.21875,3298.328125,3298.4375,3298.546875,3298.6640625,3298.7734375,3298.8828125,3298.9921875,3299.1015625,3299.2109375,3299.3203125,3299.4375,3299.59375,3299.7578125,3299.921875,3300.0859375,3300.2578125,3300.4296875,3300.609375,3300.7890625,3300.953125,3301.1171875,3301.2890625,3301.4765625,3301.6484375,3301.8359375,3302.546875,3302.84375,3303.15625,3303.4375,3303.6015625,3303.765625,3303.921875,3304.078125,3304.234375,3304.3828125,3304.5390625,3304.6875,3304.8359375,3304.9921875,3305.1484375,3305.3046875,3305.4609375,3305.625,3305.7890625,3305.9609375,3306.1171875,3306.28125,3306.453125,3306.6328125,3306.9921875,3307.703125,3308.0,3308.3125,3308.59375,3308.7578125,3308.921875,3309.078125,3309.234375,3309.390625,3309.5390625,3309.6953125,3309.84375,3309.9921875,3310.1484375,3310.296875,3310.453125,3310.609375,3310.7734375,3310.9375,3311.1015625,3311.390625,3311.703125,3312.0,3312.6953125,3313.046875,3313.2265625,3313.390625,3313.546875,3313.703125,3313.8671875,3314.0234375,3314.1796875,3314.328125,3314.4765625,3314.625,3314.7734375,3314.9140625,3315.03125,3315.1484375,3315.265625,3315.3828125,3315.4921875,3315.609375,3315.7265625,3315.84375,3315.9609375,3316.078125,3316.1953125,3316.3125,3316.4296875,3316.5546875,3316.6796875,3316.8046875,3317.0078125,3317.21875,3317.4453125,3317.6796875,3317.8828125,3318.109375,3318.8515625,3319.125,3319.3984375,3319.6484375,3319.90625,3320.15625,3320.390625,3320.6171875,3320.734375,3320.8515625,3320.96875,3321.078125,3321.1953125,3321.3046875,3321.4140625,3321.5234375,3321.6328125,3321.7421875,3321.8515625,3321.9609375,3322.0703125,3322.1796875,3322.2890625,3322.40625,3322.6015625,3322.8046875,3323.0078125,3323.2109375,3323.421875,3323.6328125,3323.8515625,3324.078125,3324.265625,3324.4609375,3324.6640625,3324.8828125,3325.2890625,3326.03125,3326.3203125,3326.6171875,3326.8828125,3327.171875,3327.453125,3327.71875,3327.9765625,3328.1171875,3328.2578125,3328.3984375,3328.53125,3328.671875,3328.8046875,3328.9453125,3329.078125,3329.2109375,3329.3515625,3329.484375,3329.625,3329.765625,3329.90625,3330.046875,3330.1875,3330.375,3330.5625,3330.75,3330.9453125,3331.1484375,3331.3515625,3331.5625,3331.7890625,3332.15625,3332.5703125,3332.984375,3334.171875,3334.5546875,3334.9140625,3335.3203125,3335.7109375,3336.1015625,3336.5,3336.890625,3337.296875,3337.734375,3338.2265625,3338.8515625,3339.7109375,3340.8203125,3341.5390625,3341.9453125,3342.3203125,3342.6640625,3342.9921875,3343.3125,3343.625,3343.9296875,3344.234375,3344.515625,3344.796875,3345.0859375,3345.3828125,3345.9453125,3347.2890625,3347.6640625,3348.0078125,3348.3984375,3348.7734375,3349.1328125,3349.484375,3349.6796875,3349.8671875,3350.0546875,3350.25,3350.4453125,3350.640625,3350.84375,3351.046875,3351.390625,3351.7734375,3352.1328125,3352.984375,3353.40625,3353.8125,3354.1875,3354.3828125,3354.5703125,3354.7578125,3354.9375,3355.1171875,3355.296875,3355.4765625,3355.6484375,3355.8203125,3355.9921875,3356.1640625,3356.34375,3356.5234375,3356.703125,3356.890625,3357.0859375,3357.40625,3357.765625,3358.1015625,3358.9140625,3359.328125,3359.7265625,3359.9140625,3360.09375,3360.2734375,3360.453125,3360.6328125,3360.8046875,3360.9765625,3361.1484375,3361.3203125,3361.4921875,3361.796875,3362.1015625,3362.4140625,3362.75,3363.0390625,3363.359375,3364.3828125,3364.75,3365.1171875,3365.4453125,3365.6171875,3365.7890625,3365.953125,3366.1171875,3366.28125,3366.4375,3366.59375,3366.75,3367.015625,3367.2734375,3367.53125,3367.796875,3368.0625,3368.3359375,3368.609375,3368.8984375,3369.140625,3369.3984375,3369.6640625,3369.953125,3370.4765625,3371.7890625,3372.15625,3372.5,3372.8125,3373.1171875,3373.421875,3373.7421875,3374.234375,3374.78125,3376.734375,3378.2734375,3378.765625,3379.2109375,3379.609375,3379.984375,3380.34375,3380.59375,3380.84375,3381.0859375,3381.328125,3381.5703125,3381.8203125,3382.0703125,3382.328125,3382.75,3383.2109375,3383.6484375,3384.71875,3385.2890625,3385.578125,3385.859375,3386.1328125,3386.40625,3386.84375,3387.3125,3387.75,3388.6953125,3389.1171875,3389.5,3389.8515625,3390.0546875,3390.25,3390.4453125,3390.6328125,3390.8203125,3391.0,3391.1796875,3391.359375,3391.5390625,3391.71875,3391.890625,3392.0703125,3392.25,3392.4296875,3392.609375,3392.7890625,3393.078125,3393.3828125,3393.6953125,3394.03125,3394.359375,3394.71875,3395.109375,3396.3671875,3396.7890625,3397.1875,3397.6484375,3398.1015625,3398.5625,3399.0234375,3399.3125,3399.609375,3399.90625,3400.1953125,3400.4765625,3400.7578125,3401.03125,3401.2890625,3401.5390625,3401.7734375,3402.0,3402.2265625,3402.4375,3402.6484375,3402.8515625,3403.0546875,3403.34375,3403.6328125,3403.9140625,3404.1953125,3404.46875,3404.7421875,3405.015625,3405.2890625,3405.5625,3405.84375,3406.1328125,3406.4296875,3406.7109375,3407.015625,3407.3125,3408.078125,3408.5,3408.7265625,3408.9375,3409.140625,3409.3359375,3409.5703125,3409.8046875,3410.03125,3410.25,3410.46875,3410.6796875,3410.890625,3411.1015625,3411.3125,3411.515625,3411.71875,3411.9296875,3412.140625,3412.3515625,3412.5703125,3412.796875,3413.0,3413.203125,3413.421875,3413.65625,3413.875,3414.109375,3415.0234375,3415.40625,3415.6171875,3415.8203125,3416.0078125,3416.1953125,3416.4140625,3416.6328125,3416.84375,3417.0546875,3417.265625,3417.4765625,3417.6875,3417.8984375,3418.1640625,3418.4375,3418.71875,3419.015625,3419.2890625,3419.5859375,3419.890625,3420.7578125,3421.03125,3421.28125,3421.5703125,3421.84375,3422.109375,3422.375,3422.6328125,3422.890625,3423.1640625,3423.4453125,3423.953125,3425.140625,3425.4609375,3425.75,3426.0546875,3426.34375,3426.625,3426.90625,3427.1640625,3427.421875,3427.6875,3427.96875,3428.4765625,3429.640625,3429.9375,3430.203125,3430.4765625,3430.7421875,3431.0,3431.25,3431.5625,3431.875,3432.1953125,3432.5234375,3432.8125,3433.1328125,3433.4375,3434.1484375,3434.515625,3434.703125,3434.8828125,3435.0546875,3435.21875,3435.4140625,3435.6015625,3435.78125,3435.9609375,3436.140625,3436.3125,3436.484375,3436.6484375,3436.875,3437.09375,3437.3125,3437.5390625,3437.765625,3437.9921875,3438.2265625,3438.46875,3438.671875,3438.875,3439.09375,3439.328125,3439.53125,3439.7578125,3440.5625,3440.8828125,3441.21875,3441.5234375,3441.6953125,3441.8671875,3442.03125,3442.1953125,3442.359375,3442.515625,3442.671875,3442.828125,3442.9921875,3443.1484375,3443.3125,3443.4765625,3443.640625,3443.8046875,3443.9765625,3444.1484375,3444.328125,3444.5078125,3444.6953125,3444.8984375,3445.3125,3446.15625,3446.5234375,3446.9140625,3447.09375,3447.2734375,3447.484375,3447.6953125,3447.8984375,3448.1015625,3448.296875,3448.5,3448.703125,3448.90625,3449.0703125,3449.234375,3449.3984375,3449.5703125,3449.921875,3450.296875,3450.609375,3450.953125,3452.2421875,3452.8125,3453.1171875,3453.4140625,3453.7109375,3454.015625,3454.4375,3454.90625,3456.5625,3458.0078125,3458.5078125,3458.9765625,3459.390625,3459.765625,3459.9453125,3460.125,3460.296875,3460.46875,3460.640625,3460.8046875,3460.96875,3461.125,3461.2890625,3461.4453125,3461.640625,3461.84375,3462.046875,3462.25,3462.453125,3462.65625,3462.8671875,3463.0859375,3463.2734375,3463.46875,3463.671875,3463.8828125,3464.2890625,3465.359375,3465.6875,3465.984375,3466.3203125,3466.640625,3466.9609375,3467.2734375,3467.5625,3467.8515625,3468.1484375,3468.4609375,3468.75,3469.0625,3470.234375,3470.7265625,3471.0,3471.2578125,3471.5078125,3471.7578125,3472.0078125,3472.2578125,3472.515625,3472.78125,3473.265625,3474.328125,3474.5859375,3474.8203125,3475.0625,3475.2890625,3475.5078125,3475.7265625,3475.953125,3476.171875,3476.390625,3476.6015625,3476.8203125,3477.03125,3477.25,3477.4765625,3477.6640625,3477.8515625,3478.046875,3478.2578125,3478.640625,3479.5078125,3479.7265625,3479.921875,3480.125,3480.3125,3480.4921875,3480.6640625,3480.84375,3481.0234375,3481.1953125,3481.3671875,3481.5390625,3481.703125,3481.8671875,3482.03125,3482.140625,3482.2421875,3482.34375,3482.453125,3482.5546875,3482.6640625,3482.7734375,3482.875,3482.9765625,3483.0859375,3483.1953125,3483.3046875,3483.4140625,3483.5234375,3483.6328125,3483.75,3483.9375,3484.1328125,3484.3359375,3484.5546875,3484.7421875,3484.953125,3485.6484375,3485.9140625,3486.171875,3486.40625,3486.65625,3486.890625,3487.0078125,3487.1171875,3487.234375,3487.34375,3487.4609375,3487.578125,3487.6953125,3487.8046875,3487.921875,3488.03125,3488.140625,3488.2578125,3488.3671875,3488.484375,3488.59375,3488.7109375,3488.8203125,3488.9375,3489.046875,3489.1640625,3489.296875,3489.4375,3489.578125,3489.71875,3489.859375,3490.0078125,3490.15625,3490.3125,3490.4609375,3490.609375,3490.765625,3490.9375,3491.28125,3491.9765625,3492.2734375,3492.59375,3492.8828125,3493.0546875,3493.21875,3493.3828125,3493.5390625,3493.703125,3493.859375,3494.015625,3494.171875,3494.3203125,3494.4765625,3494.6328125,3494.7890625,3494.9453125,3495.109375,3495.2734375,3495.4453125,3495.734375,3496.0546875,3496.359375,3497.1171875,3497.515625,3497.7265625,3497.921875,3498.109375,3498.2890625,3498.484375,3498.6796875,3498.875,3499.0625,3499.25,3499.4375,3499.6171875,3499.8046875,3499.96875,3500.1328125,3500.296875,3500.46875,3500.640625,3500.8125,3500.9921875,3501.171875,3501.5234375,3501.90625,3502.3203125,3503.1875,3503.5703125,3503.984375,3504.3671875,3504.59375,3504.8125,3505.03125,3505.2421875,3505.4609375,3505.6796875,3505.8984375,3506.1171875,3506.3984375,3506.6796875,3506.96875,3507.2734375,3507.578125,3507.8984375,3508.2265625,3508.5546875,3508.8984375,3509.234375,3509.5703125,3509.8984375,3510.2265625,3510.546875,3510.859375,3511.171875,3511.5078125,3511.84375,3512.1796875,3512.53125,3512.8671875,3513.234375,3514.5234375,3515.046875,3515.3359375,3515.6015625,3515.859375,3516.1171875,3516.4375,3516.7578125,3517.078125,3517.40625,3517.703125,3518.0234375,3519.078125,3519.4609375,3519.6640625,3519.8515625,3520.03125,3520.203125,3520.421875,3520.625,3520.828125,3521.0234375,3521.2109375,3521.3984375,3521.5859375,3521.765625,3521.8828125,3522.0,3522.1171875,3522.234375,3522.3515625,3522.46875,3522.5859375,3522.703125,3522.8203125,3522.9375,3523.0546875,3523.171875,3523.2890625,3523.4140625,3523.5390625,3523.6640625,3523.875,3524.0859375,3524.3046875,3524.5390625,3524.7421875,3524.96875,3525.71875,3525.9921875,3526.265625,3526.515625,3526.7734375,3527.0234375,3527.2578125,3527.375,3527.4921875,3527.6171875,3527.7421875,3527.8671875,3527.9921875,3528.1171875,3528.234375,3528.3515625,3528.46875,3528.5859375,3528.703125,3528.8203125,3528.9375,3529.0546875,3529.171875,3529.296875,3529.4140625,3529.515625,3529.625,3529.7265625,3529.8359375,3529.9453125,3530.0546875,3530.1640625,3530.2734375,3530.3828125,3530.5,3530.609375,3530.7265625,3530.84375,3530.9609375,3531.203125,3531.3984375,3531.609375,3531.828125,3532.0625,3532.265625,3532.4921875,3533.2734375,3533.5859375,3533.890625,3534.171875,3534.46875,3534.7578125,3535.03125,3535.3046875,3535.5625,3535.8125,3536.0625,3536.3046875,3536.5546875,3536.8046875,3537.0546875,3537.3046875,3537.546875,3537.7890625,3538.0390625,3538.2890625,3538.546875,3538.8046875,3539.0703125,3539.34375,3539.609375,3539.890625,3540.1796875,3540.4921875,3540.78125,3541.09375,3542.2265625,3542.671875,3542.90625,3543.1328125,3543.3515625,3543.5546875,3543.8046875,3544.046875,3544.28125,3544.5078125,3544.734375,3544.953125,3545.171875,3545.390625,3545.5859375,3545.7890625,3545.9921875,3546.1953125,3546.3984375,3546.609375,3546.8203125,3547.03125,3547.2265625,3547.4296875,3547.640625,3547.859375,3548.0625,3548.2890625,3549.09375,3549.4140625,3549.75,3550.0546875,3550.234375,3550.40625,3550.5703125,3550.734375,3550.8984375,3551.0546875,3551.21875,3551.375,3551.5546875,3551.734375,3551.9140625,3552.09375,3552.2734375,3552.4609375,3552.6484375,3552.84375,3553.0234375,3553.203125,3553.3984375,3553.6015625,3554.0,3554.75,3555.0625,3555.3828125,3555.6796875,3555.8515625,3556.0234375,3556.1875,3556.3515625,3556.5078125,3556.6640625,3556.8203125,3556.9765625,3557.1328125,3557.296875,3557.453125,3557.6171875,3557.78125,3557.9453125,3558.109375,3558.28125,3558.578125,3558.8984375,3559.203125,3559.921875,3560.28125,3560.4609375,3560.625,3560.78125,3560.9375,3561.1015625,3561.2578125,3561.4140625,3561.5625,3561.7109375,3561.859375,3562.0078125,3562.15625,3562.3515625,3562.5390625,3562.734375,3562.9296875,3563.125,3563.3203125,3563.5234375,3563.7265625,3563.8984375,3564.078125,3564.265625,3564.4609375,3564.6328125,3564.8203125,3565.4375,3565.6640625,3565.8828125,3566.078125,3566.28125,3566.4765625,3566.6640625,3566.84375,3567.0234375,3567.203125,3567.3828125,3567.5546875,3567.7265625,3567.890625,3568.0625,3568.2265625,3568.328125,3568.4296875,3568.5390625,3568.640625,3568.7421875,3568.8515625,3568.953125,3569.0625,3569.1640625,3569.2734375,3569.3828125,3569.4921875,3569.6015625,3569.71875,3569.828125,3569.9453125,3570.1328125,3570.328125,3570.53125,3570.75,3570.9453125,3571.15625,3571.875,3572.1484375,3572.421875,3572.671875,3572.8046875,3572.9375,3573.0625,3573.1875,3573.3125,3573.4296875,3573.546875,3573.6640625,3573.78125,3573.8984375,3574.015625,3574.125,3574.2421875,3574.359375,3574.46875,3574.5859375,3574.703125,3574.8203125,3574.9375,3575.0546875,3575.171875,3575.296875,3575.4140625,3575.5390625,3575.7578125,3575.9921875,3576.234375,3576.4921875,3576.7265625,3576.984375,3577.9921875,3578.4453125,3578.6953125,3578.9296875,3579.1640625,3579.3984375,3579.625,3579.8515625,3580.0859375,3580.328125,3580.7734375,3581.8359375,3582.125,3582.390625,3582.6796875,3582.9609375,3583.2265625,3583.4921875,3583.7890625,3584.0859375,3584.390625,3584.7109375,3584.984375,3585.28125,3586.234375,3586.5703125,3586.8984375,3587.203125,3587.3671875,3587.5234375,3587.6796875,3587.8359375,3587.984375,3588.1328125,3588.28125,3588.421875,3588.6015625,3588.78125,3588.9609375,3589.140625,3589.3203125,3589.5078125,3589.6953125,3589.8828125,3590.046875,3590.2109375,3590.3828125,3590.5703125,3590.90625,3591.703125,3591.90625,3592.09375,3592.2890625,3592.4765625,3592.65625,3592.828125,3593.0078125,3593.1875,3593.3671875,3593.5390625,3593.7109375,3593.875,3594.0390625,3594.203125,3594.3984375,3594.6015625,3594.8046875,3595.0078125,3595.2109375,3595.421875,3595.6328125,3595.8515625,3596.03125,3596.21875,3596.4140625,3596.625,3596.8125,3597.015625,3597.6875,3597.9453125,3598.1953125,3598.4296875,3598.671875,3598.90625,3599.125,3599.34375,3599.4609375,3599.5703125,3599.6875,3599.796875,3599.90625,3600.015625,3600.125,3600.234375,3600.34375,3600.453125,3600.5625,3600.671875,3600.78125,3600.890625,3601.0,3601.109375,3601.2109375,3601.3203125,3601.421875,3601.53125,3601.640625,3601.75,3601.96875,3602.1953125,3602.4296875,3602.6640625,3602.9140625,3603.109375,3603.3203125,3603.5390625,3603.78125,3604.21875,3605.0390625,3605.3828125,3605.734375,3606.0546875,3606.3984375,3606.7265625,3607.046875,3607.3671875,3607.671875,3607.96875,3608.265625,3608.5625,3608.859375,3609.15625,3609.4609375,3609.7578125,3609.9296875,3610.1015625,3610.2734375,3610.4453125,3610.6171875,3610.7890625,3610.953125,3611.125,3611.296875,3611.46875,3611.6328125,3611.8046875,3611.96875,3612.140625,3612.3125,3612.484375,3612.796875,3613.1171875,3613.4453125,3613.7890625,3614.1015625,3614.4375,3614.765625,3615.5703125,3616.0,3616.2265625,3616.4453125,3616.6484375,3616.84375,3617.0859375,3617.3125,3617.53125,3617.75,3617.96875,3618.1796875,3618.390625,3618.6015625,3618.7734375,3618.9453125,3619.1171875,3619.2890625,3619.4609375,3619.640625,3619.8203125,3620.0078125,3620.1953125,3620.3828125,3620.5859375,3620.796875,3621.0,3621.21875,3622.0546875,3622.40625,3622.7734375,3622.9375,3623.1015625,3623.296875,3623.4921875,3623.6796875,3623.8671875,3624.046875,3624.2265625,3624.40625,3624.5859375,3624.765625,3624.9453125,3625.125,3625.3046875,3625.4921875,3625.6796875,3625.875,3626.0703125,3626.234375,3626.40625,3626.5859375,3626.7734375,3627.125,3627.953125,3628.1796875,3628.3828125,3628.6015625,3628.8046875,3629.0,3629.1875,3629.3828125,3629.578125,3629.7734375,3629.9609375,3630.1484375,3630.3359375,3630.515625,3630.703125,3630.859375,3631.015625,3631.171875,3631.328125,3631.4921875,3631.65625,3631.828125,3632.0,3632.296875,3632.625,3632.9375,3633.671875,3634.046875,3634.2421875,3634.421875,3634.59375,3634.7578125,3634.9375,3635.1171875,3635.2890625,3635.453125,3635.6171875,3635.7734375,3635.9375,3636.09375,3636.203125,3636.3203125,3636.4296875,3636.5390625,3636.6484375,3636.765625,3636.875,3636.984375,3637.09375,3637.203125,3637.3125,3637.4296875,3637.5390625,3637.65625,3637.7734375,3637.890625,3638.0078125,3638.1328125,3638.25,3638.375,3638.5,3638.6328125,3638.765625,3638.8984375,3639.15625,3639.4375,3639.7265625,3640.4765625,3640.703125,3640.90625,3641.140625,3641.359375,3641.5703125,3641.765625,3641.890625,3642.0078125,3642.125,3642.2421875,3642.359375,3642.46875,3642.5859375,3642.6953125,3642.8046875,3642.9140625,3643.0234375,3643.1328125,3643.234375,3643.34375,3643.453125,3643.5546875,3643.6796875,3643.796875,3643.921875,3644.0390625,3644.15625,3644.28125,3644.40625,3644.53125,3644.6484375,3644.7734375,3644.8984375,3645.0234375,3645.1484375,3645.2734375,3645.3984375,3645.53125,3645.65625,3645.7890625,3645.921875,3646.0625,3646.203125,3646.34375,3646.484375,3646.6328125,3646.7734375,3646.921875,3647.0703125,3647.234375,3647.5546875,3648.171875,3648.4296875,3648.6953125,3648.9375,3649.078125,3649.21875,3649.3515625,3649.4765625,3649.6015625,3649.7265625,3649.8515625,3649.96875,3650.1171875,3650.2578125,3650.40625,3650.546875,3650.6875,3650.828125,3650.9609375,3651.1015625,3651.2421875,3651.3828125,3651.5234375,3651.65625,3651.7890625,3651.9296875,3652.0703125,3652.2109375,3652.390625,3652.5703125,3652.75,3652.9375,3653.125,3653.3203125,3653.5234375,3653.7265625,3653.90625,3654.0859375,3654.28125,3654.484375,3654.671875,3654.875,3655.6328125,3655.9453125,3656.2734375,3656.578125,3656.75,3656.921875,3657.0859375,3657.25,3657.4140625,3657.5703125,3657.7265625,3657.890625,3658.046875,3658.203125,3658.359375,3658.5234375,3658.6875,3658.8515625,3659.015625,3659.1875,3659.3515625,3659.5234375,3659.890625,3660.2734375,3661.03125,3661.3515625,3661.6875,3662.0,3662.1796875,3662.359375,3662.5390625,3662.7109375,3662.8828125,3663.046875,3663.21875,3663.3828125,3663.546875,3663.7109375,3663.875,3664.046875,3664.21875,3664.390625,3664.5703125,3664.7578125,3665.078125,3665.4296875,3665.7734375,3666.6875,3666.9609375,3667.203125,3667.4765625,3667.7421875,3668.0,3668.25,3668.5390625,3668.828125,3669.1171875,3669.40625,3669.703125,3670.015625,3670.3359375,3670.6796875,3671.1328125,3671.671875,3672.8984375,3674.1875,3674.5625,3674.8828125,3675.1328125,3675.375,3675.6015625,3675.8125,3676.0234375,3676.2265625,3676.4296875,3676.625,3676.8203125,3677.015625,3677.2109375,3677.40625,3677.6015625,3677.796875,3678.0,3678.203125,3678.5546875,3678.9296875,3679.2890625,3680.109375,3680.515625,3680.71875,3680.90625,3681.0859375,3681.265625,3681.4609375,3681.6484375,3681.8359375,3682.015625,3682.1953125,3682.3671875,3682.546875,3682.71875,3682.9140625,3683.109375,3683.3046875,3683.5,3683.6953125,3683.8984375,3684.1015625,3684.3125,3684.4921875,3684.671875,3684.859375,3685.0625,3685.4296875,3686.296875,3686.5234375,3686.734375,3686.953125,3687.15625,3687.3515625,3687.5390625,3687.734375,3687.921875,3688.109375,3688.2890625,3688.4765625,3688.65625,3688.8359375,3689.015625,3689.1796875,3689.34375,3689.5078125,3689.671875,3689.84375,3690.015625,3690.1953125,3690.375,3690.5234375,3690.6796875,3690.84375,3691.0234375,3691.34375,3692.125,3692.3359375,3692.5234375,3692.7265625,3692.9140625,3693.09375,3693.2734375,3693.4609375,3693.640625,3693.8203125,3694.0,3694.1796875,3694.3515625,3694.5234375,3694.6953125,3694.8046875,3694.9140625,3695.0234375,3695.1328125,3695.2421875,3695.3515625,3695.4609375,3695.5703125,3695.6796875,3695.796875,3695.90625,3696.0234375,3696.140625,3696.2578125,3696.4921875,3696.6875,3696.890625,3697.109375,3697.3359375,3697.5390625,3697.7578125,3698.5078125,3698.796875,3699.09375,3699.359375,3699.640625,3699.9140625,3700.1796875,3700.4375,3700.5703125,3700.6953125,3700.9453125,3701.1953125,3701.3203125,3701.453125,3701.578125,3701.7109375,3701.84375,3701.9765625,3702.2421875,3702.515625,3702.734375,3702.953125,3703.1875,3703.4375,3703.6875,3703.96875,3705.1875,3705.484375,3705.7578125,3706.078125,3706.3828125,3706.6875,3706.9921875,3707.2890625,3707.59375,3707.90625,3708.234375,3708.53125,3708.8515625,3709.96875,3710.421875,3710.8828125,3711.3125,3711.5546875,3711.796875,3712.03125,3712.265625,3712.5,3712.7265625,3712.953125,3713.1875,3713.421875,3713.65625,3713.890625,3714.1328125,3714.3828125,3714.6328125,3715.15625,3715.671875,3716.234375,3716.8203125,3718.453125,3718.953125,3719.40625,3719.9296875,3720.4296875,3720.90625,3721.375,3721.796875,3722.2265625,3722.65625,3723.109375,3723.5078125,3723.9453125,3725.4296875,3726.015625,3726.328125,3726.6328125,3726.921875,3727.2109375,3727.5078125,3727.8125,3728.125,3728.4453125,3729.03125,3730.3671875,3730.71875,3731.0390625,3731.3984375,3731.7421875,3732.0703125,3732.390625,3732.6484375,3732.90625,3733.1640625,3733.4140625,3733.6640625,3733.921875,3734.1796875,3734.4375,3734.6796875,3734.921875,3735.1796875,3735.453125,3735.703125,3735.9765625,3736.9453125,3737.3359375,3737.7421875,3738.1171875,3738.3359375,3738.546875,3738.75,3738.953125,3739.15625,3739.3515625,3739.546875,3739.7421875,3739.96875,3740.1953125,3740.421875,3740.65625,3740.890625,3741.125,3741.359375,3741.6015625,3741.84375,3742.1015625,3742.3671875,3742.640625,3742.90625,3743.203125,3744.328125,3744.8046875,3745.0625,3745.3125,3745.546875,3745.7734375,3746.046875,3746.3125,3746.578125,3746.8359375,3747.09375,3747.34375,3747.6015625,3747.8515625,3748.0390625,3748.234375,3748.4296875,3748.625,3748.8203125,3749.0234375,3749.2265625,3749.4375,3749.6484375,3749.859375,3750.078125,3750.3125,3750.78125,3751.6953125,3752.0703125,3752.46875,3752.8359375,3753.046875,3753.2578125,3753.4609375,3753.65625,3753.8515625,3754.0390625,3754.234375,3754.421875,3754.6171875,3754.8125,3755.0078125,3755.203125,3755.3984375,3755.6015625,3755.8046875,3756.015625,3756.3671875,3756.7578125,3757.125,3757.9921875,3758.421875,3758.6328125,3758.8359375,3759.0234375,3759.2109375,3759.40625,3759.59375,3759.78125,3759.9609375,3760.140625,3760.3203125,3760.4921875,3760.671875,3760.828125,3760.984375,3761.140625,3761.296875,3761.4609375,3761.625,3761.7890625,3761.9609375,3762.2578125,3762.5859375,3762.8984375,3763.6328125,3764.015625,3764.2109375,3764.3984375,3764.578125,3764.75,3764.9453125,3765.1328125,3765.3203125,3765.5,3765.6796875,3765.8515625,3766.0234375,3766.1953125,3766.3984375,3766.59375,3766.7890625,3766.9921875,3767.1953125,3767.3984375,3767.609375,3767.8203125,3768.0,3768.1875,3768.3828125,3768.5859375,3768.9609375,3769.8515625,3770.0859375,3770.296875,3770.5234375,3770.734375,3770.9375,3771.1328125,3771.3359375,3771.53125,3771.7265625,3771.921875,3772.1171875,3772.3046875,3772.4921875,3772.6875,3772.8359375,3772.9921875,3773.1484375,3773.3046875,3773.4609375,3773.625,3773.7890625,3773.953125,3774.1171875,3774.28125,3774.453125,3774.640625,3775.015625,3775.7421875,3776.0546875,3776.3828125,3776.6796875,3776.8515625,3777.0234375,3777.1875,3777.3515625,3777.515625,3777.671875,3777.8359375,3777.9921875,3778.1484375,3778.3125,3778.4765625,3778.640625,3778.8046875,3778.9765625,3779.1484375,3779.3203125,3779.46875,3779.6171875,3779.9453125,3780.2578125,3781.015625,3781.21875,3781.3984375,3781.59375,3781.78125,3781.9609375,3782.1328125,3782.3203125,3782.5078125,3782.6875,3782.859375,3783.03125,3783.203125,3783.375,3783.546875,3783.7265625,3783.90625,3784.0859375,3784.265625,3784.453125,3784.640625,3784.828125,3785.0234375,3785.1875,3785.359375,3785.5390625,3785.7265625,3786.0859375,3786.7109375,3786.9453125,3787.1796875,3787.3984375,3787.6328125,3787.859375,3788.078125,3788.28125,3788.3984375,3788.515625,3788.6328125,3788.7421875,3788.859375,3788.96875,3789.078125,3789.1875,3789.296875,3789.40625,3789.515625,3789.625,3789.734375,3789.84375,3789.953125,3790.0625,3790.234375,3790.40625,3790.578125,3790.7578125,3790.9375,3791.1171875,3791.296875,3791.484375,3791.6796875,3791.8828125,3792.09375,3792.3125,3792.53125,3792.7734375,3793.015625,3793.7109375,3793.921875,3794.1171875,3794.3359375,3794.546875,3794.75,3794.9453125,3795.0625,3795.1796875,3795.296875,3795.40625,3795.5234375,3795.6328125,3795.7421875,3795.8515625,3795.9609375,3796.0703125,3796.1796875,3796.2890625,3796.3984375,3796.5078125,3796.6171875,3796.7265625,3796.8984375,3797.078125,3797.2578125,3797.4375,3797.6171875,3797.8046875,3798.0,3798.1953125,3798.3828125,3798.5703125,3798.7734375,3798.984375,3799.1875,3799.4140625,3800.265625,3800.6328125,3800.8359375,3801.0234375,3801.203125,3801.375,3801.5859375,3801.7890625,3801.984375,3802.1796875,3802.375,3802.5625,3802.75,3802.9375,3803.125,3803.3203125,3803.5078125,3803.703125,3803.8984375,3804.09375,3804.296875,3804.5,3804.703125,3804.921875,3805.140625,3805.375,3805.6015625,3805.8515625,3806.828125,3807.2421875,3807.46875,3807.6875,3807.890625,3808.0859375,3808.328125,3808.5625,3808.7890625,3809.015625,3809.2421875,3809.4609375,3809.6875,3809.9140625,3810.0703125,3810.234375,3810.3984375,3810.5625,3810.7265625,3810.8984375,3811.078125,3811.2578125,3811.5625,3811.90625,3812.2265625,3812.984375,3813.3671875,3813.734375,3814.0703125,3814.3828125,3814.6796875,3814.96875,3815.2578125,3815.421875,3815.59375,3815.765625,3815.9375,3816.109375,3816.2890625,3816.46875,3816.6484375,3816.96875,3817.3125,3817.640625,3818.4140625,3818.8125,3819.015625,3819.203125,3819.3828125,3819.5546875,3819.7421875,3819.9296875,3820.109375,3820.28125,3820.4609375,3820.6328125,3820.8046875,3820.9765625,3821.140625,3821.3125,3821.4765625,3821.6484375,3821.8203125,3822.0,3822.1796875,3822.359375,3822.671875,3823.0234375,3823.3515625,3824.140625,3824.546875,3824.7578125,3824.953125,3825.140625,3825.328125,3825.53125,3825.7265625,3825.921875,3826.109375,3826.296875,3826.484375,3826.671875,3826.859375,3827.03125,3827.2109375,3827.390625,3827.5703125,3827.75,3827.9375,3828.125,3828.3203125,3828.4921875,3828.6640625,3828.84375,3829.0390625,3829.4140625,3830.1171875,3830.40625,3830.7109375,3830.984375,3831.296875,3831.59375,3831.890625,3832.1796875,3832.4609375,3832.7421875,3833.0390625,3833.34375,3833.609375,3833.8984375,3834.84375,3835.1796875,3835.515625,3835.828125,3835.9921875,3836.15625,3836.3125,3836.46875,3836.625,3836.7734375,3836.9296875,3837.078125,3837.2421875,3837.40625,3837.5703125,3837.7421875,3837.9140625,3838.0859375,3838.2578125,3838.4375,3838.7421875,3839.078125,3839.3984375,3840.1640625,3840.546875,3840.7421875,3840.9296875,3841.109375,3841.28125,3841.4765625,3841.6640625,3841.8515625,3842.03125,3842.2109375,3842.3828125,3842.5546875,3842.7265625,3842.84375,3842.9609375,3843.078125,3843.1953125,3843.3125,3843.4296875,3843.546875,3843.671875,3843.7890625,3843.9140625,3844.0390625,3844.1640625,3844.2890625,3844.4140625,3844.5390625,3844.671875,3844.8828125,3845.1015625,3845.328125,3845.5703125,3845.78125,3846.0234375,3846.8359375,3847.15625,3847.4765625,3847.7734375,3847.9296875,3848.0859375,3848.2421875,3848.390625,3848.5390625,3848.6796875,3848.8203125,3848.96875,3849.109375,3849.25,3849.390625,3849.53125,3849.671875,3849.8125,3849.953125,3850.1015625,3850.25,3850.3984375,3850.546875,3850.703125,3851.015625,3851.3515625,3851.71875,3852.125,3852.578125,3853.1171875,3853.96875,3854.8359375,3855.4765625,3856.0390625,3856.421875,3856.7890625,3857.15625,3857.5234375,3857.84375,3858.1875,3859.25,3859.6015625,3859.9453125,3860.2578125,3860.4375,3860.6171875,3860.7890625,3860.9609375,3861.125,3861.2890625,3861.4453125,3861.6015625,3861.8046875,3862.0,3862.1953125,3862.390625,3862.5859375,3862.7890625,3862.9921875,3863.203125,3863.375,3863.5546875,3863.7421875,3863.9375,3864.296875,3865.125,3865.3359375,3865.53125,3865.734375,3865.921875,3866.1015625,3866.2734375,3866.453125,3866.6328125,3866.8046875,3866.96875,3867.1328125,3867.296875,3867.4609375,3867.625,3867.8046875,3867.984375,3868.1640625,3868.3515625,3868.5390625,3868.7265625,3868.921875,3869.1171875,3869.28125,3869.453125,3869.6328125,3869.8203125,3870.1640625,3870.9765625,3871.1875,3871.3828125,3871.5859375,3871.7734375,3871.953125,3872.125,3872.3125,3872.4921875,3872.6640625,3872.8359375,3873.0078125,3873.171875,3873.3359375,3873.5,3873.6015625,3873.7109375,3873.8203125,3873.9296875,3874.0390625,3874.1484375,3874.2578125,3874.3671875,3874.4765625,3874.5859375,3874.6953125,3874.8125,3874.9296875,3875.046875,3875.1640625,3875.28125,3875.4765625,3875.6796875,3875.890625,3876.1171875,3876.3125,3876.53125,3877.25,3877.5234375,3877.7890625,3878.03125,3878.28125,3878.40625,3878.5234375,3878.640625,3878.75,3878.8671875,3878.9765625,3879.0859375,3879.1953125,3879.3046875,3879.40625,3879.5078125,3879.6171875,3879.71875,3879.8203125,3879.921875,3880.0234375,3880.1328125,3880.234375,3880.3359375,3880.4453125,3880.546875,3880.65625,3880.8515625,3881.046875,3881.2421875,3881.4453125,3881.65625,3881.8671875,3882.0859375,3882.3125,3882.4921875,3882.6875,3882.890625,3883.109375,3883.53125,3884.3984375,3884.78125,3885.1875,3885.5703125,3885.7890625,3886.0,3886.21875,3886.4296875,3886.640625,3886.859375,3887.078125,3887.296875,3887.5546875,3887.8203125,3888.0859375,3888.3671875,3888.65625,3888.953125,3889.265625,3889.578125,3889.8984375,3890.21875,3890.53125,3890.828125,3891.125,3891.40625,3891.6796875,3891.9453125,3892.265625,3892.5703125,3892.875,3893.171875,3893.46875,3893.765625,3894.0625,3894.359375,3894.6328125,3894.90625,3895.1953125,3895.5,3895.78125,3896.09375,3897.25,3897.734375,3898.0,3898.25,3898.484375,3898.71875,3899.0,3899.2734375,3899.546875,3899.8203125,3900.09375,3900.375,3900.6640625,3900.9609375,3901.34375,3901.7578125,3902.2109375,3903.2265625,3903.703125,3904.21875,3904.703125,3905.265625,3905.8515625,3906.46875,3907.78125,3908.375,3909.0234375,3909.6484375,3910.03125,3910.421875,3910.8359375,3911.265625,3911.75,3912.2578125,3913.2578125,3913.6875,3914.078125,3914.4453125,3914.7890625,3915.1171875,3915.4375,3915.75,3916.0625,3916.3203125,3916.5859375,3917.1328125,3917.640625,3918.6875,3919.1328125,3919.5234375,3919.8828125,3920.0703125,3920.2578125,3920.4375,3920.6171875,3920.7890625,3920.9609375,3921.125,3921.2890625,3921.515625,3921.7421875,3921.9609375,3922.1875,3922.4140625,3922.640625,3922.8671875,3923.1015625,3923.296875,3923.5,3923.7109375,3923.9296875,3924.3359375,3925.2890625,3925.53125,3925.75,3925.9765625,3926.1953125,3926.3984375,3926.6015625,3926.8046875,3927.0078125,3927.203125,3927.3984375,3927.59375,3927.78125,3927.9765625,3928.1640625,3928.3203125,3928.4765625,3928.6328125,3928.7890625,3928.9453125,3929.109375,3929.2734375,3929.4375,3929.609375,3929.7890625,3929.9765625,3930.171875,3930.359375,3930.5703125,3931.3828125,3931.7265625,3931.9140625,3932.09375,3932.265625,3932.4296875,3932.625,3932.8203125,3933.0078125,3933.1875,3933.375,3933.5546875,3933.734375,3933.9140625,3934.0859375,3934.2578125,3934.4296875,3934.609375,3934.7890625,3934.96875,3935.1484375,3935.3359375,3935.5078125,3935.6875,3935.875,3936.078125,3936.484375,3937.296875,3937.6484375,3938.0234375,3938.3671875,3938.5703125,3938.765625,3938.9609375,3939.1484375,3939.34375,3939.53125,3939.7265625,3939.921875,3940.1015625,3940.2890625,3940.484375,3940.6796875,3940.8828125,3941.09375,3941.3203125,3941.5546875,3942.078125,3943.546875,3944.84375,3945.2421875,3945.515625,3945.7578125,3945.984375,3946.203125,3946.515625,3946.8125,3947.09375,3947.375,3947.6484375,3947.921875,3948.1953125,3948.46875,3948.6953125,3948.9296875,3949.171875,3949.4296875,3949.6484375,3949.890625,3950.6484375,3950.90625,3951.15625,3951.375,3951.59375,3951.8046875,3952.0,3952.1953125,3952.390625,3952.578125,3952.765625,3952.9453125,3953.125,3953.3046875,3953.484375,3953.65625,3953.765625,3953.875,3953.9765625,3954.0859375,3954.1953125,3954.296875,3954.40625,3954.515625,3954.625,3954.734375,3954.84375,3954.953125,3955.0625,3955.1796875,3955.2890625,3955.40625,3955.5234375,3955.640625,3955.7578125,3955.875,3956.0,3956.125,3956.25,3956.3828125,3956.640625,3956.921875,3957.2109375,3958.03125,3958.2890625,3958.515625,3958.78125,3959.03125,3959.15625,3959.2734375,3959.5,3959.640625,3959.78125,3959.921875,3960.0546875,3960.1953125,3960.328125,3960.46875,3960.6015625,3960.734375,3960.875,3961.0078125,3961.1484375,3961.2890625,3961.4296875,3961.5703125,3961.7109375,3961.890625,3962.078125,3962.2734375,3962.46875,3962.671875,3962.8828125,3963.1015625,3963.328125,3963.65625,3964.015625,3964.390625,3965.28125,3965.7109375,3966.1796875,3966.640625,3967.078125,3967.546875,3967.984375,3969.0546875,3969.6171875,3970.1796875,3970.7109375,3971.1953125,3971.6953125,3972.2265625,3972.8203125,3973.4765625,3974.375,3977.7578125,3978.3125,3978.7734375,3979.0859375,3979.375,3979.640625,3979.8984375,3980.1484375,3980.3828125,3980.609375,3980.8359375,3980.9765625,3981.1171875,3981.2578125,3981.390625,3981.53125,3981.6640625,3981.796875,3981.9296875,3982.0625,3982.1953125,3982.3203125,3982.453125,3982.5859375,3982.71875,3982.8515625,3982.984375,3983.1171875,3983.2578125,3983.390625,3983.53125,3983.671875,3983.8203125,3983.96875,3984.1171875,3984.3984375,3984.703125,3985.015625,3985.8046875,3986.03125,3986.2421875,3986.4765625,3986.703125,3986.9140625,3987.1171875,3987.2421875,3987.3671875,3987.4921875,3987.609375,3987.7265625,3987.84375,3987.9609375,3988.078125,3988.1953125,3988.3046875,3988.421875,3988.53125,3988.6484375,3988.7578125,3988.8671875,3988.9765625,3989.0859375,3989.1953125,3989.3046875,3989.4140625,3989.5234375,3989.6328125,3989.7421875,3989.8515625,3989.9609375,3990.078125,3990.1875,3990.3046875,3990.421875,3990.5390625,3990.65625,3990.78125,3990.984375,3991.1953125,3991.4140625,3991.6484375,3991.859375,3992.1015625,3992.9609375,3993.3203125,3993.5078125,3993.6875,3993.859375,3994.03125,3994.2265625,3994.421875,3994.609375,3994.796875,3994.984375,3995.171875,3995.3515625,3995.5390625,3995.7265625,3995.921875,3996.1171875,3996.3203125,3996.5234375,3996.734375,3996.953125,3997.1796875,3997.3828125,3997.59375,3997.8203125,3998.0703125,3998.4765625,3999.4609375,3999.9921875,4000.0,4000.0078125,4250.0
0.0,0.0,0.020693,0.020126,0.019959,0.019786,0.019661,0.019606,0.019563,0.019532,0.019511,0.019502,0.019504,0.019518,0.019543,0.019615,0.019725,0.019873,0.020059,0.020248,0.020473,0.021247,0.021515,0.021748,0.021931,0.022013,0.022084,0.022143,0.022192,0.02223,0.022259,0.022276,0.022283,0.022269,0.022224,0.022146,0.022036,0.021916,0.021766,0.021216,0.021028,0.020866,0.020805,0.020757,0.020715,0.020687,0.020677,0.020683,0.020705,0.020743,0.020799,0.020868,0.020996,0.021157,0.021353,0.021584,0.021847,0.022156,0.022497,0.02287,0.023213,0.023591,0.024003,0.024449,0.024858,0.025312,0.026879,0.027477,0.028042,0.028536,0.029037,0.029492,0.029886,0.030248,0.030432,0.030595,0.030747,0.030889,0.031021,0.031142,0.031252,0.031352,0.031441,0.03152,0.031588,0.031649,0.031696,0.031736,0.031763,0.031781,0.03179,0.031768,0.031718,0.031635,0.031546,0.031433,0.031024,0.030881,0.030761,0.030668,0.030604,0.030564,0.030544,0.030547,0.03058,0.030648,0.030754,0.030896,0.031047,0.031235,0.031432,0.031923,0.032161,0.032273,0.032368,0.032447,0.03251,0.032567,0.0326,0.032612,0.032601,0.032568,0.032513,0.032435,0.032334,0.032188,0.032011,0.031801,0.03155,0.031264,0.030946,0.030583,0.030189,0.029833,0.029458,0.02903,0.028567,0.028146,0.027678,0.026084,0.025513,0.024975,0.024492,0.024013,0.023577,0.023185,0.022838,0.02251,0.022354,0.022218,0.021975,0.021867,0.021769,0.021681,0.021603,0.021482,0.021434,0.021396,0.021368,0.021352,0.021345,0.021347,0.021359,0.021382,0.021414,0.021457,0.021509,0.021572,0.021724,0.021814,0.021922,0.022156,0.022435,0.022697,0.02298,0.023296,0.023659,0.023992,0.024367,0.025665,0.026138,0.026595,0.027002,0.027396,0.027733,0.028028,0.028289,0.028514,0.028612,0.0287,0.028778,0.028841,0.028899,0.028943,0.02898,0.029005,0.029027,0.029024,0.029011,0.028989,0.028955,0.028882,0.028785,0.028664,0.028513,0.028338,0.028131,0.027901,0.027638,0.027406,0.027148,0.026864,0.026555,0.025939,0.024373,0.023952,0.023574,0.02319,0.022842,0.022544,0.022272,0.02201,0.021784,0.0216,0.02145,0.021336,0.021258,0.021214,0.021205,0.021215,0.021236,0.021268,0.021313,0.02137,0.021437,0.021514,0.021605,0.021822,0.022098,0.022425,0.023122,0.023418,0.023708,0.02395,0.024076,0.02419,0.024286,0.024371,0.024442,0.024497,0.02454,0.024571,0.024589,0.024594,0.024587,0.024566,0.024533,0.024488,0.024429,0.024354,0.024202,0.024005,0.023796,0.02327,0.023013,0.022898,0.0228,0.02272,0.022658,0.022609,0.022581,0.022574,0.02259,0.022628,0.022689,0.022773,0.022876,0.023006,0.02316,0.023337,0.023536,0.023766,0.024018,0.024302,0.024605,0.024879,0.025178,0.025501,0.025848,0.026526,0.02824,0.028707,0.029106,0.029528,0.029903,0.030233,0.03054,0.030841,0.031105,0.031338,0.031541,0.031707,0.031848,0.031953,0.032031,0.03207,0.03209,0.032092,0.032074,0.032037,0.031981,0.031906,0.031812,0.031715,0.031606,0.031478,0.031334,0.031023,0.030377,0.030112,0.029852,0.029636,0.029523,0.029424,0.029334,0.029254,0.029185,0.029129,0.029083,0.029047,0.029009,0.028998,0.029015,0.029059,0.029125,0.02922,0.029332,0.02967,0.029762,0.029833,0.029898,0.029938,0.029954,0.029945,0.029907,0.029837,0.029736,0.0296,0.02944,0.029243,0.029018,0.028367,0.02818,0.028021,0.027857,0.027729,0.027631,0.02756,0.02752,0.0275,0.027499,0.027518,0.027546,0.027589,0.027768,0.027832,0.02788,0.027907,0.027914,0.027907,0.027831,0.02783,0.027841,0.027873,0.027928,0.028005,0.028107,0.028233,0.028389,0.028568,0.028783,0.02902,0.029285,0.029584,0.029929,0.030266,0.030653,0.032024,0.032525,0.032783,0.033019,0.033222,0.033402,0.033612,0.033782,0.033921,0.034033,0.034115,0.034169,0.034195,0.034192,0.034155,0.034081,0.03397,0.033821,0.033635,0.033412,0.033154,0.032848,0.032669,0.03248,0.032073,0.031616,0.031091,0.030553,0.029935,0.029297,0.027571,0.027054,0.026608,0.026108,0.025669,0.025287,0.024932,0.024726,0.024544,0.024373,0.024215,0.024068,0.023943,0.023821,0.02372,0.023624,0.023547,0.023482,0.02343,0.02339,0.023361,0.023347,0.023345,0.023371,0.023401,0.023437,0.023486,0.02354,0.023681,0.023857,0.024078,0.024345,0.024649,0.024956,0.025289,0.025675,0.026101,0.026511,0.026988,0.028791,0.029538,0.029915,0.030262,0.030581,0.030885,0.031215,0.03151,0.031782,0.032031,0.032255,0.032445,0.032611,0.032754,0.032867,0.032963,0.033032,0.033083,0.033111,0.033118,0.033103,0.033067,0.033016,0.032949,0.032864,0.032757,0.03252,0.032006,0.031806,0.031619,0.031478,0.031413,0.031365,0.03133,0.03131,0.031306,0.031316,0.031342,0.031382,0.031437,0.031507,0.031593,0.031692,0.031813,0.031947,0.032096,0.032267,0.032588,0.03297,0.033356,0.034309,0.034776,0.034994,0.035189,0.035361,0.035511,0.035659,0.035781,0.035883,0.035964,0.03602,0.036056,0.036071,0.036065,0.036034,0.03598,0.035902,0.0358,0.035676,0.035522,0.035345,0.035137,0.034928,0.034691,0.034427,0.034121,0.033827,0.033496,0.032212,0.031693,0.031425,0.031179,0.030955,0.030753,0.030521,0.030317,0.030131,0.029972,0.029831,0.029708,0.029605,0.029522,0.029458,0.029414,0.02939,0.029384,0.029397,0.02943,0.029484,0.029556,0.029628,0.029715,0.029818,0.029936,0.030175,0.030774,0.030926,0.031055,0.031175,0.031274,0.031348,0.031404,0.031443,0.031458,0.031449,0.031417,0.031361,0.031279,0.031177,0.031045,0.030903,0.030731,0.030546,0.03033,0.030092,0.029834,0.029541,0.02923,0.028948,0.028638,0.028316,0.027948,0.02726,0.025573,0.025123,0.024739,0.024336,0.02397,0.023655,0.023362,0.02308,0.022827,0.022603,0.02242,0.022268,0.022147,0.022059,0.022007,0.021985,0.021999,0.022051,0.022138,0.022261,0.022426,0.022627,0.02286,0.023112,0.02339,0.023704,0.02407,0.024426,0.024844,0.026381,0.026997,0.027308,0.027591,0.027847,0.028088,0.02835,0.028578,0.028782,0.028962,0.029108,0.029228,0.029323,0.029388,0.029418,0.029436,0.029445,0.029443,0.029433,0.02941,0.02938,0.029336,0.029287,0.029223,0.029155,0.029071,0.028977,0.028873,0.028636,0.028377,0.028074,0.027727,0.027338,0.02694,0.026491,0.026027,0.024756,0.024382,0.024052,0.023702,0.023384,0.023098,0.022831,0.02254,0.022291,0.022086,0.021912,0.021774,0.021674,0.021608,0.021575,0.021578,0.021615,0.021685,0.021793,0.021936,0.022113,0.02233,0.02259,0.022831,0.023092,0.023383,0.023706,0.023997,0.024343,0.02551,0.025941,0.026342,0.026695,0.027039,0.027343,0.027595,0.027819,0.028011,0.028169,0.028291,0.028373,0.028418,0.028427,0.028417,0.028398,0.028368,0.028331,0.028281,0.02822,0.028148,0.028059,0.027966,0.027863,0.02775,0.027616,0.027482,0.027326,0.027159,0.026981,0.026792,0.026594,0.026387,0.026152,0.025751,0.025326,0.024859,0.024328,0.023847,0.023309,0.021466,0.020781,0.020114,0.019516,0.018928,0.018648,0.018397,0.017942,0.01772,0.017526,0.017326,0.017139,0.016963,0.0168,0.016651,0.016524,0.016409,0.016298,0.016207,0.016129,0.016062,0.016003,0.015958,0.015929,0.015911,0.015906,0.015921,0.015961,0.016026,0.016115,0.016227,0.016368,0.016533,0.016729,0.016946,0.017196,0.017465,0.017778,0.018092,0.018463,0.019924,0.020535,0.020862,0.021147,0.021405,0.021647,0.021905,0.022139,0.022347,0.02252,0.022667,0.022788,0.022878,0.022945,0.022982,0.022999,0.022994,0.022969,0.022923,0.022855,0.022766,0.022654,0.022535,0.022396,0.022235,0.022054,0.021652,0.020785,0.020424,0.020074,0.019924,0.019785,0.019639,0.019508,0.019395,0.019303,0.019228,0.019169,0.019128,0.019104,0.019096,0.019099,0.019112,0.019137,0.019173,0.019219,0.019277,0.019348,0.019486,0.019662,0.01985,0.020367,0.02064,0.02077,0.020878,0.020974,0.021056,0.021119,0.021171,0.021213,0.021247,0.021282,0.021323,0.021347,0.02138,0.021434,0.021507,0.021597,0.021711,0.021839,0.021991,0.02216,0.022353,0.022568,0.022816,0.023089,0.023384,0.023652,0.023935,0.024257,0.024605,0.025263,0.026817,0.027207,0.027544,0.027879,0.028183,0.028445,0.028688,0.028919,0.029116,0.029289,0.02943,0.029547,0.029638,0.029702,0.029741,0.029753,0.029737,0.029695,0.029624,0.029526,0.029402,0.029248,0.029069,0.028894,0.028694,0.028469,0.028208,0.027685,0.026645,0.026234,0.025823,0.025483,0.025297,0.025133,0.024981,0.024842,0.024723,0.024616,0.024523,0.024443,0.02437,0.024314,0.024275,0.024252,0.024245,0.024255,0.024281,0.024322,0.024374,0.024442,0.024525,0.024623,0.024842,0.025311,0.025494,0.025666,0.025798,0.02586,0.025909,0.025946,0.025968,0.025978,0.025974,0.025956,0.025927,0.025882,0.025823,0.02575,0.025663,0.025563,0.025445,0.025313,0.025168,0.02489,0.024557,0.02422,0.023412,0.023028,0.022848,0.022695,0.02256,0.022435,0.022321,0.022221,0.022134,0.022066,0.022011,0.021973,0.021947,0.021937,0.02195,0.021998,0.022082,0.022201,0.022355,0.022551,0.022781,0.023056,0.023304,0.023583,0.023896,0.02424,0.024556,0.024927,0.026147,0.026582,0.026989,0.02735,0.027702,0.028003,0.028267,0.028502,0.028699,0.028866,0.028996,0.029095,0.029164,0.0292,0.029206,0.02918,0.029135,0.029065,0.028973,0.028858,0.028723,0.028559,0.028364,0.028149,0.027949,0.027737,0.027501,0.027242,0.02674,0.02548,0.025144,0.02486,0.024567,0.024317,0.024098,0.023901,0.023719,0.023566,0.023443,0.023356,0.023299,0.023275,0.023281,0.023317,0.023353,0.0234,0.023458,0.023521,0.023599,0.023689,0.023789,0.023899,0.024019,0.02415,0.02429,0.024453,0.024626,0.02481,0.025004,0.025207,0.025571,0.025959,0.026386,0.026871,0.027314,0.027809,0.029518,0.030143,0.03075,0.031276,0.031812,0.032279,0.032696,0.033077,0.033253,0.033419,0.033575,0.033709,0.033844,0.033959,0.034064,0.03416,0.034253,0.034329,0.034395,0.034452,0.034499,0.034536,0.034564,0.034583,0.034592,0.034579,0.034542,0.034481,0.034399,0.034291,0.034156,0.034,0.033851,0.03369,0.033508,0.033297,0.03287,0.032032,0.031688,0.03135,0.03105,0.030749,0.030488,0.030267,0.030078,0.029927,0.029806,0.029711,0.029642,0.029599,0.029574,0.029565,0.029561,0.029548,0.029524,0.029478,0.029414,0.02933,0.029222,0.029076,0.0289,0.028689,0.028442,0.028202,0.02792,0.026945,0.026605,0.026437,0.026287,0.026154,0.026039,0.025915,0.025815,0.025739,0.025682,0.025646,0.025632,0.02564,0.025668,0.025737,0.025838,0.025975,0.026147,0.026355,0.026597,0.026874,0.027198,0.027573,0.027999,0.028459,0.028988,0.029527,0.03013,0.030772,0.032465,0.032952,0.033386,0.033864,0.03428,0.034656,0.03499,0.035179,0.035358,0.035527,0.035685,0.035831,0.035955,0.036079,0.036182,0.036281,0.03636,0.036428,0.036484,0.036529,0.036561,0.03658,0.036587,0.036578,0.036548,0.036493,0.03642,0.036317,0.0362,0.036062,0.035891,0.03571,0.035493,0.035254,0.034992,0.034709,0.034404,0.034079,0.033711,0.033396,0.033068,0.032728,0.032375,0.031983,0.031579,0.031163,0.030707,0.029893,0.02899,0.028102,0.02591,0.024768,0.024226,0.023694,0.023205,0.022759,0.022296,0.021849,0.021419,0.021032,0.020663,0.020334,0.02,0.019705,0.019429,0.01917,0.01893,0.018724,0.018522,0.018351,0.018186,0.018051,0.017934,0.017826,0.01774,0.017677,0.017632,0.017602,0.017593,0.017601,0.017619,0.017646,0.017687,0.017734,0.01779,0.017861,0.018027,0.018129,0.01824,0.018489,0.018787,0.019133,0.019446,0.01978,0.020149,0.020571,0.020951,0.021379,0.022911,0.0235,0.024071,0.024565,0.025069,0.025523,0.025927,0.026283,0.026603,0.026749,0.026885,0.027012,0.027129,0.027327,0.027489,0.027559,0.027619,0.027712,0.027745,0.02777,0.027786,0.02779,0.027784,0.027767,0.027739,0.027697,0.027645,0.027583,0.027434,0.02724,0.027011,0.026514,0.026303,0.026097,0.025933,0.025769,0.025703,0.025646,0.025599,0.025564,0.025522,0.025517,0.025548,0.025617,0.025723,0.025839,0.025985,0.026535,0.026726,0.026889,0.026951,0.027003,0.027047,0.027077,0.027093,0.027095,0.027083,0.027057,0.027019,0.026965,0.026893,0.026809,0.026706,0.026588,0.026455,0.026307,0.026139,0.025949,0.025584,0.025147,0.024704,0.023543,0.023225,0.022948,0.022662,0.022406,0.022182,0.021998,0.021899,0.021815,0.021736,0.021671,0.021617,0.021573,0.021539,0.021516,0.021505,0.021504,0.021514,0.021534,0.021567,0.021608,0.02166,0.021722,0.021799,0.021883,0.021976,0.022087,0.022201,0.022334,0.022469,0.022624,0.022789,0.022965,0.02315,0.023346,0.023552,0.02378,0.024019,0.024282,0.024712,0.025197,0.025722,0.026303,0.02683,0.027405,0.029375,0.030087,0.030763,0.031345,0.031935,0.032459,0.032932,0.03334,0.033542,0.033733,0.033912,0.034078,0.034221,0.034353,0.034473,0.03458,0.034674,0.03475,0.034818,0.034869,0.03491,0.034935,0.034948,0.034948,0.034932,0.034899,0.034849,0.034781,0.034703,0.034602,0.034484,0.03435,0.034198,0.03403,0.033846,0.033645,0.033429,0.033182,0.032919,0.032639,0.032379,0.032108,0.031825,0.031512,0.031188,0.030853,0.030486,0.030109,0.029399,0.028569,0.027742,0.025603,0.024975,0.024429,0.023829,0.02327,0.022776,0.022304,0.02178,0.021309,0.020892,0.02051,0.020327,0.020167,0.019874,0.019742,0.019619,0.019506,0.019403,0.019309,0.019224,0.01915,0.019085,0.01903,0.018984,0.018947,0.018918,0.018901,0.018893,0.018906,0.018927,0.018958,0.019046,0.019158,0.019303,0.01948,0.019689,0.019901,0.020154,0.021126,0.021511,0.021699,0.021867,0.022013,0.022145,0.022278,0.022387,0.022469,0.022526,0.022557,0.022563,0.022544,0.0225,0.022431,0.022336,0.022217,0.022073,0.021898,0.021697,0.021474,0.021217,0.020988,0.020733,0.020452,0.020143,0.019542,0.018106,0.017741,0.017431,0.01711,0.016833,0.016588,0.016373,0.01617,0.016,0.015855,0.015735,0.015646,0.015583,0.015547,0.015538,0.015548,0.015571,0.015605,0.015654,0.015716,0.015786,0.015874,0.015976,0.016091,0.01622,0.016361,0.016515,0.016682,0.016861,0.017052,0.017271,0.017486,0.017729,0.017985,0.018252,0.01853,0.018839,0.019158,0.01951,0.020174,0.020961,0.021771,0.024038,0.024718,0.025309,0.025947,0.026533,0.027065,0.027543,0.027813,0.028069,0.028311,0.028538,0.028751,0.028935,0.029105,0.029262,0.029414,0.029541,0.029653,0.029751,0.029834,0.029903,0.029957,0.03,0.030031,0.030035,0.030008,0.029952,0.029865,0.029749,0.0296,0.029424,0.029243,0.029044,0.028819,0.028557,0.028305,0.028019,0.026899,0.026444,0.025991,0.025617,0.025417,0.025231,0.025068,0.024921,0.024789,0.024679,0.024584,0.0245,0.024436,0.024384,0.02435,0.024331,0.024327,0.02434,0.024368,0.024413,0.024467,0.024535,0.024618,0.024715,0.024935,0.02541,0.0256,0.025778,0.025914,0.025979,0.026032,0.026072,0.0261,0.026115,0.026117,0.026107,0.026085,0.026051,0.026002,0.025943,0.025868,0.025781,0.025677,0.025561,0.025432,0.025182,0.024882,0.024578,0.023844,0.023493,0.023325,0.023183,0.023057,0.022942,0.022835,0.022747,0.022674,0.022619,0.022579,0.022555,0.022547,0.022555,0.022574,0.022604,0.022644,0.022696,0.022755,0.022828,0.022913,0.023009,0.023116,0.023234,0.023363,0.023502,0.023652,0.023822,0.024003,0.024195,0.024528,0.024899,0.025322,0.025785,0.026201,0.026679,0.028285,0.028884,0.029449,0.029927,0.030408,0.030839,0.031209,0.03153,0.031682,0.031822,0.031952,0.032063,0.032171,0.03226,0.03234,0.032408,0.032466,0.032513,0.03255,0.032576,0.03259,0.032593,0.032584,0.032565,0.032504,0.032406,0.032272,0.032104,0.031896,0.031655,0.031374,0.031051,0.030762,0.030442,0.030092,0.029699,0.028935,0.027491,0.026937,0.026385,0.025911,0.025424,0.024984,0.024603,0.024269,0.024103,0.023947,0.023812,0.023679,0.023559,0.023457,0.023361,0.023282,0.02321,0.023153,0.023105,0.023071,0.023046,0.023033,0.023032,0.023042,0.023071,0.02312,0.023186,0.023272,0.02338,0.023504,0.02365,0.023822,0.024132,0.024516,0.024924,0.026127,0.026497,0.026829,0.027175,0.027497,0.027787,0.028057,0.0283,0.028536,0.028765,0.028999,0.029282,0.029654,0.030122,0.030414,0.030568,0.0307,0.03081,0.030903,0.030981,0.031043,0.03109,0.031124,0.031142,0.031149,0.031144,0.031128,0.031074,0.030901,0.03087,0.030859,0.030873,0.030917,0.030993,0.031102,0.031178,0.031262,0.031356,0.031465,0.031584,0.031715,0.031861,0.032017,0.032302,0.032644,0.032983,0.033797,0.034188,0.034536,0.034824,0.034958,0.035075,0.03518,0.035269,0.035347,0.035411,0.035464,0.035503,0.035529,0.035543,0.035546,0.035537,0.035517,0.035485,0.035441,0.035384,0.035269,0.035113,0.034951,0.034538,0.034346,0.03419,0.03413,0.034082,0.034044,0.034017,0.034001,0.033997,0.034004,0.034023,0.034053,0.034095,0.034197,0.034333,0.034511,0.034732,0.034945,0.035195,0.03607,0.036372,0.03665,0.03687,0.036971,0.037063,0.037139,0.037205,0.037259,0.037299,0.037329,0.037347,0.03735,0.037321,0.037259,0.037162,0.037032,0.036865,0.036667,0.036427,0.036203,0.035945,0.035661,0.035335,0.034711,0.033095,0.032658,0.032263,0.031917,0.031592,0.031271,0.030962,0.030499,0.030009,0.028331,0.026973,0.026554,0.026182,0.025867,0.025589,0.025344,0.025186,0.025041,0.024908,0.02479,0.024685,0.024589,0.024504,0.024431,0.024331,0.024249,0.024189,0.024066,0.023979,0.023923,0.023859,0.023786,0.023703,0.023548,0.023357,0.02316,0.022718,0.022529,0.022381,0.022269,0.022218,0.022178,0.02215,0.022133,0.022128,0.022135,0.022152,0.022182,0.022223,0.022277,0.02234,0.022417,0.022507,0.022608,0.022721,0.022845,0.023068,0.02333,0.023626,0.023971,0.02433,0.024742,0.025205,0.02672,0.027211,0.027659,0.028154,0.028615,0.029057,0.029472,0.02972,0.029964,0.030198,0.030416,0.030619,0.030811,0.030987,0.031143,0.031278,0.031403,0.031508,0.031601,0.031675,0.031737,0.031783,0.031816,0.031838,0.031826,0.031781,0.031705,0.031594,0.031448,0.031268,0.031052,0.030801,0.03051,0.030177,0.029803,0.029423,0.02899,0.028552,0.027402,0.026795,0.026487,0.026217,0.025975,0.02576,0.02553,0.025332,0.025175,0.025057,0.024975,0.024931,0.024923,0.02495,0.025011,0.025111,0.025241,0.025411,0.025615,0.025852,0.026132,0.026454,0.02677,0.027121,0.027508,0.02793,0.028338,0.028821,0.030697,0.031465,0.031873,0.032254,0.032593,0.032918,0.033278,0.033616,0.033921,0.034203,0.034462,0.034699,0.034914,0.035107,0.035319,0.035506,0.035668,0.035809,0.035918,0.036017,0.036105,0.036338,0.036422,0.036508,0.036622,0.036747,0.036885,0.03704,0.037208,0.037391,0.037595,0.037827,0.038283,0.039383,0.039664,0.039904,0.040139,0.040342,0.040519,0.040676,0.040802,0.040911,0.041009,0.041094,0.041214,0.041433,0.041504,0.041582,0.041679,0.041793,0.041924,0.042071,0.042286,0.042536,0.042826,0.043157,0.043473,0.043846,0.044216,0.045115,0.045562,0.045782,0.045975,0.046148,0.04631,0.046478,0.046627,0.04675,0.046848,0.046926,0.046983,0.047018,0.04703,0.047014,0.046966,0.046882,0.046763,0.04661,0.046418,0.046192,0.045925,0.04568,0.045404,0.045087,0.044739,0.044414,0.044039,0.042685,0.042151,0.041615,0.041159,0.040918,0.040688,0.040482,0.040289,0.04011,0.039952,0.039808,0.039676,0.039558,0.039449,0.039354,0.039273,0.039206,0.039152,0.03911,0.03908,0.039063,0.039057,0.039063,0.03908,0.039144,0.039323,0.039388,0.03943,0.039437,0.039434,0.039417,0.039385,0.039338,0.039276,0.039197,0.039105,0.038994,0.038866,0.038752,0.038627,0.038493,0.038343,0.038007,0.037611,0.037259,0.036853,0.035269,0.034587,0.034235,0.033903,0.033581,0.033261,0.032833,0.032374,0.030804,0.029406,0.028933,0.028513,0.028173,0.027899,0.027781,0.027674,0.027582,0.0275,0.027433,0.027376,0.027331,0.027298,0.027276,0.027267,0.027271,0.027293,0.027335,0.027395,0.027473,0.027569,0.027685,0.027824,0.027956,0.028099,0.028264,0.028447,0.02882,0.029564,0.029859,0.030146,0.030394,0.030649,0.030861,0.031041,0.031184,0.031287,0.031362,0.031414,0.031441,0.031446,0.031434,0.031327,0.031304,0.031307,0.031325,0.031357,0.031403,0.031466,0.031544,0.03164,0.031754,0.031993,0.03257,0.032696,0.032799,0.03289,0.032958,0.033005,0.033032,0.033039,0.033022,0.032981,0.032918,0.032831,0.032716,0.032577,0.032408,0.03225,0.032078,0.031883,0.031659,0.031223,0.030197,0.029949,0.029739,0.029536,0.029365,0.029218,0.029092,0.028986,0.028905,0.028851,0.028822,0.028819,0.028842,0.028891,0.028965,0.029025,0.029101,0.029189,0.029282,0.029385,0.029507,0.029632,0.029777,0.029934,0.030091,0.03027,0.03046,0.030661,0.030872,0.031093,0.03134,0.031758,0.032218,0.032722,0.033289,0.03379,0.034368,0.036316,0.037051,0.037744,0.038351,0.038966,0.039506,0.039762,0.039991,0.040226,0.040434,0.040646,0.040846,0.041032,0.041195,0.041356,0.041494,0.041629,0.041742,0.04185,0.041938,0.042019,0.042082,0.042133,0.042175,0.042202,0.042218,0.04222,0.042206,0.042174,0.042126,0.042062,0.041979,0.04188,0.041761,0.041635,0.041498,0.041342,0.04116,0.040771,0.039942,0.039598,0.03925,0.038965,0.038812,0.038678,0.038556,0.038454,0.03836,0.038283,0.038221,0.038171,0.038137,0.038114,0.038103,0.038106,0.03812,0.038147,0.038186,0.038239,0.03835,0.038502,0.038665,0.039091,0.039297,0.039389,0.039462,0.03952,0.039563,0.039594,0.039608,0.039604,0.039582,0.039542,0.039483,0.03941,0.039316,0.039219,0.039109,0.038985,0.038841,0.038685,0.038515,0.038326,0.038125,0.0377,0.037202,0.036644,0.035417,0.034885,0.034332,0.033847,0.033575,0.033323,0.033083,0.032863,0.032645,0.03244,0.032247,0.032064,0.031846,0.031646,0.031452,0.031274,0.031108,0.03095,0.030804,0.030672,0.030553,0.030448,0.030358,0.030284,0.030227,0.030186,0.030162,0.030153,0.030162,0.03019,0.030235,0.030301,0.030379,0.030479,0.030882,0.031028,0.031095,0.031145,0.031181,0.031202,0.031208,0.03119,0.031149,0.031082,0.031003,0.030899,0.030511,0.030382,0.030325,0.030281,0.03025,0.03023,0.030223,0.030235,0.030269,0.030322,0.030396,0.030491,0.03061,0.030747,0.030849,0.030961,0.031083,0.031215,0.031357,0.03151,0.031673,0.031847,0.032031,0.032225,0.032429,0.032642,0.032866,0.033114,0.033373,0.033642,0.034117,0.034616,0.035157,0.03576,0.036297,0.03691,0.038979,0.039725,0.040452,0.041094,0.041726,0.042304,0.042809,0.043047,0.043274,0.043505,0.043723,0.043927,0.044118,0.044295,0.044447,0.044587,0.044714,0.044827,0.044933,0.045018,0.045089,0.045147,0.045192,0.045223,0.04524,0.045244,0.045238,0.045221,0.045193,0.045154,0.045104,0.045043,0.044972,0.044891,0.044793,0.044692,0.044574,0.044447,0.044309,0.043997,0.043721,0.0434,0.043047,0.042649,0.04229,0.04188,0.040415,0.039858,0.039305,0.038828,0.038352,0.037932,0.037556,0.037214,0.036934,0.036685,0.036468,0.036285,0.036135,0.036018,0.035935,0.035884,0.035865,0.035875,0.035916,0.035985,0.036086,0.036214,0.036374,0.036567,0.036778,0.037026,0.037303,0.037626,0.037942,0.038298,0.039643,0.040156,0.040421,0.040658,0.040867,0.041055,0.041267,0.04145,0.041604,0.041729,0.041829,0.0419,0.041947,0.041966,0.041961,0.041934,0.041882,0.041808,0.041711,0.041587,0.041441,0.041273,0.0411,0.040903,0.040682,0.040439,0.040201,0.039927,0.038926,0.038534,0.038146,0.037822,0.037648,0.037494,0.037355,0.037235,0.03713,0.037044,0.036972,0.036914,0.036867,0.036839,0.036831,0.036844,0.036876,0.03693,0.037003,0.037099,0.037204,0.037324,0.037468,0.037632,0.037987,0.038701,0.038988,0.039259,0.039481,0.039593,0.039691,0.039771,0.039836,0.039884,0.039918,0.039936,0.03994,0.039929,0.039902,0.03986,0.0398,0.039725,0.039634,0.039523,0.039397,0.039149,0.038845,0.038532,0.037766,0.037407,0.037242,0.037103,0.036983,0.036876,0.03678,0.036705,0.036647,0.036609,0.036588,0.036585,0.036602,0.036638,0.036715,0.036821,0.036966,0.037146,0.037359,0.037605,0.037894,0.038213,0.038507,0.038833,0.039194,0.039587,0.039945,0.040346,0.041697,0.042187,0.042647,0.043041,0.043431,0.043783,0.044095,0.044367,0.044612,0.044826,0.045007,0.045149,0.045257,0.045329,0.04537,0.045378,0.045365,0.045339,0.045301,0.04525,0.045182,0.045106,0.045019,0.044911,0.044798,0.044665,0.044518,0.044359,0.044188,0.043991,0.043796,0.043576,0.043199,0.042778,0.042314,0.041788,0.0413,0.040759,0.038869,0.038161,0.037474,0.036873,0.036567,0.036271,0.036001,0.035742,0.035494,0.035271,0.035059,0.034857,0.034666,0.034485,0.034327,0.034169,0.034031,0.033894,0.033769,0.033654,0.033551,0.033459,0.033378,0.033307,0.033246,0.033193,0.033152,0.033119,0.033085,0.033079,0.033102,0.033154,0.033221,0.03331,0.033722,0.033884,0.033957,0.034012,0.034053,0.034079,0.034091,0.034089,0.034073,0.034045,0.033967,0.033738,0.033691,0.033662,0.033651,0.033664,0.033701,0.033763,0.033863,0.033996,0.034166,0.034377,0.03458,0.03482,0.035649,0.03593,0.036181,0.036384,0.036479,0.036562,0.036629,0.036682,0.036723,0.036751,0.036767,0.03677,0.036757,0.036724,0.036671,0.036599,0.036508,0.036393,0.036259,0.0361,0.035953,0.035795,0.035618,0.035423,0.035037,0.034087,0.033855,0.033651,0.033452,0.033276,0.033123,0.032994,0.032879,0.032785,0.032717,0.032672,0.032651,0.032654,0.032682,0.032733,0.032829,0.032956,0.033125,0.033329,0.033568,0.033852,0.03417,0.034533,0.034855,0.035211,0.035601,0.036041,0.036445,0.036894,0.038412,0.038987,0.039546,0.040018,0.040497,0.040931,0.041305,0.041647,0.041815,0.041963,0.042111,0.042238,0.042356,0.042463,0.042559,0.042646,0.042721,0.042786,0.04284,0.042882,0.042915,0.042935,0.042946,0.042946,0.042936,0.042917,0.042887,0.042847,0.042796,0.042736,0.042588,0.042396,0.04216,0.041889,0.041566,0.041291,0.040975,0.04063,0.04023,0.039473,0.038009,0.037404,0.036817,0.036291,0.035755,0.035263,0.034827,0.034425,0.034074,0.033764,0.033485,0.033237,0.033014,0.032829,0.032674,0.032551,0.032493,0.032446,0.03241,0.032384,0.032369,0.032364,0.03237,0.032386,0.032414,0.032452,0.032498,0.032558,0.032624,0.032705,0.032796,0.032897,0.033107,0.03335,0.033638,0.033971,0.034298,0.03467,0.035049,0.035994,0.036479,0.036721,0.036942,0.037134,0.037305,0.03749,0.037651,0.037778,0.03788,0.037956,0.038004,0.038025,0.03802,0.037997,0.037955,0.037896,0.03782,0.037727,0.037612,0.03748,0.037325,0.037154,0.036968,0.036751,0.036512,0.036269,0.035989,0.034926,0.034489,0.034061,0.033875,0.033708,0.033524,0.033357,0.033214,0.033095,0.032994,0.032912,0.032848,0.032804,0.03278,0.032775,0.032789,0.032822,0.032876,0.032949,0.033043,0.033156,0.033263,0.033387,0.033527,0.033683,0.033996,0.034765,0.034965,0.035134,0.035302,0.035443,0.035562,0.03566,0.035743,0.035805,0.035845,0.035861,0.035856,0.035828,0.035777,0.035707,0.035629,0.035536,0.035428,0.035306,0.035162,0.035003,0.034822,0.034628,0.034263,0.033826,0.033397,0.032327,0.03181,0.031557,0.031337,0.03114,0.030965,0.030792,0.030645,0.030517,0.030415,0.030334,0.030273,0.030236,0.030221,0.030224,0.030238,0.030263,0.030298,0.030349,0.030407,0.030476,0.030557,0.030648,0.03075,0.030863,0.030996,0.031131,0.031287,0.031443,0.031621,0.03181,0.032023,0.032233,0.032468,0.032714,0.032985,0.033267,0.033559,0.034148,0.03484,0.035535,0.037435,0.037989,0.038472,0.039008,0.039482,0.039911,0.040281,0.040501,0.040697,0.040891,0.041061,0.041217,0.04135,0.041479,0.041585,0.041679,0.041759,0.041825,0.041877,0.041915,0.041937,0.041945,0.041939,0.041909,0.041858,0.041778,0.04168,0.041558,0.041405,0.041226,0.041022,0.040794,0.040541,0.040264,0.039964,0.039641,0.039276,0.038888,0.038477,0.038137,0.037761,0.037371,0.036968,0.036526,0.036071,0.035577,0.035071,0.034175,0.033135,0.032135,0.029628,0.028336,0.027689,0.027113,0.026549,0.026027,0.025492,0.024975,0.024502,0.024047,0.023611,0.023217,0.022843,0.022488,0.022154,0.021858,0.021565,0.021309,0.021073,0.020845,0.020651,0.020476,0.020323,0.020189,0.020076,0.019977,0.019904,0.019848,0.019815,0.019799,0.019805,0.019831,0.019882,0.019954,0.020046,0.020164,0.020308,0.020471,0.020635,0.02082,0.021028,0.021258,0.021745,0.022763,0.023195,0.023615,0.023976,0.024169,0.024341,0.024501,0.024647,0.02478,0.024893,0.024993,0.02508,0.025153,0.025216,0.025265,0.025299,0.02532,0.025328,0.025322,0.025304,0.025275,0.025235,0.025183,0.025117,0.024963,0.02462,0.024481,0.024356,0.024268,0.024231,0.024204,0.024189,0.024187,0.024196,0.024218,0.02425,0.024295,0.024351,0.024417,0.024495,0.024587,0.024691,0.024806,0.024936,0.025083,0.025348,0.025673,0.026008,0.026882,0.027348,0.027575,0.027781,0.027965,0.028127,0.028292,0.028435,0.028557,0.028656,0.028737,0.028797,0.028838,0.028862,0.028868,0.028863,0.02882,0.028512,0.028421,0.028371,0.028313,0.028249,0.028177,0.028094,0.028001,0.0279,0.027785,0.027656,0.027518,0.027367,0.027196,0.027017,0.026816,0.026601,0.026364,0.02594,0.025443,0.024941,0.023771,0.023225,0.022967,0.02274,0.022534,0.022342,0.022149,0.021983,0.021835,0.021713,0.021611,0.021533,0.021472,0.021434,0.021416,0.021424,0.021458,0.021518,0.021604,0.021718,0.021858,0.022027,0.022182,0.022358,0.022557,0.022786,0.023227,0.024315,0.024585,0.024824,0.025054,0.02525,0.025418,0.025559,0.025683,0.025779,0.025849,0.025892,0.025911,0.025904,0.025872,0.025815,0.02574,0.025645,0.025529,0.025393,0.025231,0.025049,0.024838,0.024609,0.024396,0.024172,0.023925,0.023657,0.023122,0.021816,0.021475,0.021182,0.02088,0.020617,0.020382,0.020175,0.01997,0.019797,0.019648,0.01953,0.019435,0.019365,0.019321,0.019304,0.019305,0.019318,0.019341,0.019375,0.019419,0.019474,0.019539,0.019621,0.019707,0.019811,0.019918,0.020042,0.020177,0.020322,0.020476,0.020651,0.020956,0.021283,0.021659,0.022069,0.02245,0.022873,0.024376,0.024955,0.025516,0.025995,0.026486,0.026916,0.027298,0.027632,0.02779,0.027929,0.028179,0.028392,0.028568,0.028642,0.028711,0.028818,0.028891,0.02893,0.028937,0.028926,0.028894,0.028842,0.028775,0.028684,0.02823,0.028129,0.028046,0.027965,0.027907,0.027867,0.027847,0.027847,0.027866,0.027902,0.027959,0.028021,0.028102,0.028413,0.02853,0.028628,0.028694,0.028718,0.028732,0.028735,0.028727,0.028708,0.028679,0.02864,0.028589,0.028526,0.028453,0.02837,0.028273,0.028163,0.028043,0.027762,0.027452,0.027085,0.026679,0.025521,0.025183,0.024893,0.024583,0.024317,0.024096,0.023911,0.023773,0.023661,0.023576,0.023514,0.02348,0.023459,0.023446,0.023426,0.023402,0.02337,0.023329,0.023277,0.023209,0.023128,0.023035,0.022925,0.022696,0.02213,0.021997,0.02189,0.021791,0.021726,0.021694,0.021693,0.021717,0.021763,0.021832,0.021923,0.022036,0.022177,0.02234,0.022526,0.02272,0.022931,0.023172,0.023445,0.023706,0.024003,0.025091,0.025519,0.02594,0.026296,0.026487,0.026656,0.026811,0.026945,0.027063,0.027161,0.027243,0.027307,0.027364,0.027399,0.027412,0.027402,0.02737,0.027315,0.027236,0.027136,0.027015,0.026866,0.026693,0.026497,0.026293,0.026051,0.025086,0.024695,0.024492,0.024319,0.024164,0.024028,0.023883,0.023765,0.02367,0.023603,0.02356,0.023542,0.02355,0.023581,0.023621,0.023677,0.023747,0.02383,0.023928,0.024042,0.02417,0.024317,0.024475,0.024645,0.024832,0.025042,0.025487,0.026395,0.026766,0.027132,0.027435,0.027599,0.027751,0.027884,0.028,0.028103,0.028189,0.028266,0.028326,0.028374,0.028408,0.028428,0.028434,0.028426,0.028403,0.028367,0.028317,0.028206,0.02805,0.027882,0.02746,0.027271,0.027192,0.027125,0.027075,0.027035,0.027008,0.026994,0.026995,0.02701,0.027039,0.027083,0.027139,0.027213,0.027289,0.027377,0.027476,0.027592,0.027719,0.027858,0.028006,0.028173,0.028483,0.028852,0.029213,0.030122,0.030565,0.030777,0.03097,0.031135,0.031288,0.031444,0.031576,0.031688,0.031775,0.031841,0.031884,0.031907,0.03191,0.031886,0.031833,0.031754,0.031642,0.031502,0.031335,0.031133,0.030896,0.030682,0.030453,0.030187,0.029896,0.029328,0.027943,0.027591,0.027287,0.02699,0.026725,0.0265,0.026298,0.026121,0.025975,0.025856,0.025767,0.025702,0.025667,0.025658,0.025676,0.025714,0.025775,0.025858,0.025961,0.026085,0.026236,0.026407,0.026605,0.026803,0.027026,0.027273,0.027557,0.028134,0.029329,0.029819,0.030308,0.030715,0.030933,0.031136,0.031314,0.031477,0.031623,0.031746,0.031858,0.031948,0.032021,0.032081,0.032121,0.032147,0.032155,0.032148,0.032124,0.032082,0.032035,0.031976,0.031824,0.031652,0.03121,0.031101,0.031014,0.030932,0.030869,0.030827,0.030801,0.030795,0.030812,0.030852,0.030918,0.031006,0.031119,0.031257,0.031422,0.031623,0.031853,0.032111,0.03241,0.032725,0.033081,0.033481,0.033907,0.034285,0.034697,0.035145,0.035627,0.036585,0.038293,0.038927,0.039567,0.040107,0.040681,0.041204,0.041659,0.042063,0.042281,0.042485,0.042677,0.042844,0.043009,0.04315,0.043278,0.043393,0.043495,0.043583,0.043658,0.043719,0.043766,0.043799,0.043817,0.043823,0.043817,0.043799,0.04377,0.043729,0.043681,0.043618,0.043543,0.043458,0.043362,0.043248,0.043131,0.042994,0.042846,0.042688,0.04252,0.042343,0.042032,0.04167,0.04127,0.040833,0.04043,0.039982,0.038409,0.037834,0.037259,0.036773,0.036297,0.035866,0.035495,0.035157,0.034864,0.034614,0.034398,0.034222,0.034079,0.033968,0.03389,0.033843,0.03383,0.03384,0.033872,0.033926,0.034002,0.034099,0.03422,0.034367,0.034526,0.034709,0.034916,0.035146,0.035389,0.035661,0.036751,0.03721,0.037451,0.037664,0.037856,0.038029,0.038225,0.038394,0.038538,0.038662,0.038765,0.038845,0.038906,0.038945,0.038963,0.038961,0.038939,0.038895,0.038831,0.038748,0.038641,0.038514,0.038371,0.038204,0.038009,0.03779,0.037566,0.037307,0.036252,0.03582,0.035598,0.035401,0.035223,0.035058,0.034886,0.034734,0.034607,0.034502,0.034422,0.034361,0.034323,0.034307,0.034317,0.034359,0.034433,0.034543,0.034693,0.034886,0.035116,0.035606,0.035808,0.036004,0.036161,0.036244,0.036313,0.03637,0.036418,0.036455,0.03648,0.036496,0.036501,0.036495,0.036478,0.03645,0.036412,0.036362,0.036302,0.03623,0.036143,0.035974,0.035768,0.035554,0.03503,0.034779,0.034567,0.034481,0.034409,0.034342,0.034291,0.034253,0.034231,0.034222,0.034227,0.034246,0.03428,0.034326,0.034388,0.034461,0.034551,0.034655,0.034778,0.034914,0.035062,0.035355,0.035709,0.03607,0.036978,0.037218,0.037433,0.037657,0.03785,0.038018,0.038156,0.038297,0.038406,0.038487,0.038536,0.038556,0.038546,0.038507,0.038439,0.03838,0.038306,0.038219,0.03812,0.038003,0.037874,0.037735,0.037577,0.037257,0.036881,0.036463,0.035272,0.034919,0.03462,0.034295,0.034016,0.033776,0.033568,0.033394,0.033253,0.033141,0.033054,0.033002,0.032963,0.032895,0.032859,0.032798,0.032715,0.032657,0.032587,0.032505,0.032415,0.032314,0.032206,0.032079,0.031947,0.031786,0.031611,0.031421,0.031217,0.030999,0.030756,0.030499,0.030216,0.029707,0.029111,0.028518,0.027058,0.02667,0.026321,0.025957,0.025637,0.025347,0.025076,0.024796,0.024546,0.024335,0.024163,0.024021,0.023915,0.023837,0.023794,0.023783,0.023783,0.023794,0.023815,0.023846,0.023888,0.023941,0.024008,0.024081,0.024171,0.024271,0.024381,0.024502,0.024633,0.024773,0.024932,0.025199,0.025512,0.025858,0.026238,0.026592,0.026999,0.028427,0.028966,0.0295,0.029957,0.03041,0.030818,0.031179,0.031494,0.031765,0.032,0.032201,0.032367,0.032504,0.032609,0.032681,0.032724,0.032736,0.032737,0.032726,0.032703,0.032668,0.032622,0.032491,0.032382,0.032246,0.031885,0.031583,0.031443,0.031304,0.031098,0.030877,0.030638,0.030375,0.030132,0.02985,0.028962,0.028678,0.028418,0.028208,0.028099,0.028,0.027915,0.027845,0.027785,0.027738,0.027701,0.027676,0.02766,0.027664,0.027685,0.027726,0.027785,0.027865,0.027964,0.02808,0.028191,0.028319,0.028464,0.028625,0.028943,0.029709,0.029894,0.030056,0.030207,0.030338,0.03045,0.030541,0.03062,0.030677,0.030716,0.030734,0.030732,0.030712,0.03067,0.030608,0.030516,0.030392,0.030248,0.030071,0.029868,0.029639,0.029375,0.029086,0.028827,0.02854,0.028224,0.027882,0.02721,0.025613,0.025198,0.02484,0.024486,0.024166,0.023891,0.023639,0.023403,0.023195,0.023026,0.022892,0.022788,0.022714,0.022671,0.02266,0.02267,0.022691,0.022723,0.02277,0.022825,0.022897,0.022982,0.02308,0.02319,0.023312,0.023446,0.023592,0.023749,0.023929,0.024108,0.02431,0.024657,0.025061,0.025507,0.025995,0.026449,0.026952,0.028713,0.029372,0.030011,0.030551,0.030834,0.031092,0.03134,0.031577,0.031804,0.032005,0.032196,0.032376,0.032555,0.03271,0.032853,0.032984,0.033101,0.033206,0.033298,0.033372,0.033438,0.033488,0.033529,0.033557,0.033572,0.033574,0.033563,0.03354,0.033484,0.033399,0.033287,0.03315,0.032983,0.032791,0.032568,0.032313,0.032082,0.031826,0.031533,0.031216,0.030553,0.029075,0.028416,0.027747,0.027163,0.026842,0.026535,0.026243,0.025965,0.025701,0.025452,0.025208,0.024979,0.024707,0.024441,0.024189,0.023944,0.023706,0.023482,0.02327,0.023076,0.022908,0.022763,0.02264,0.02254,0.022462,0.022407,0.022371,0.022358,0.022364,0.022385,0.022425,0.02248,0.022551,0.022639,0.022743,0.022867,0.023008,0.023168,0.023348,0.023554,0.023767,0.024009,0.024986,0.025387,0.025592,0.02578,0.025945,0.026099,0.026266,0.02641,0.026534,0.026639,0.026725,0.026795,0.026846,0.026881,0.026901,0.026896,0.02687,0.026782,0.02675,0.026735,0.026744,0.026784,0.02686,0.026967,0.027232,0.027342,0.027438,0.027502,0.027527,0.027541,0.027546,0.02754,0.027497,0.027417,0.02737,0.027317,0.027257,0.027189,0.027113,0.027026,0.026929,0.026818,0.026713,0.026599,0.026334,0.026061,0.025466,0.025231,0.025048,0.024915,0.024861,0.024818,0.02479,0.024774,0.024772,0.024784,0.024809,0.024846,0.02492,0.025017,0.025139,0.025291,0.025471,0.025677,0.025908,0.026173,0.026411,0.026675,0.026964,0.027279,0.027891,0.029352,0.029716,0.030032,0.030342,0.030623,0.030864,0.031085,0.031282,0.031454,0.031594,0.031708,0.031796,0.031855,0.031888,0.031894,0.03188,0.031848,0.031798,0.031732,0.031649,0.031546,0.031426,0.03129,0.031133,0.030953,0.03075,0.030525,0.030288,0.030022,0.028957,0.028521,0.028294,0.028087,0.0279,0.027733,0.02755,0.027386,0.027247,0.027129,0.027031,0.026958,0.026905,0.026873,0.02686,0.026867,0.026891,0.026934,0.026993,0.027072,0.027173,0.027291,0.027413,0.027553,0.027711,0.027894,0.028289,0.029124,0.029474,0.029823,0.030111,0.030264,0.030398,0.030519,0.030625,0.030717,0.030792,0.030854,0.030904,0.030939,0.030963,0.030975,0.030976,0.030965,0.030944,0.03091,0.030866,0.030743,0.03035,0.030045,0.029944,0.029864,0.029783,0.029695,0.029598,0.029457,0.029299,0.029121,0.028923,0.028699,0.028454,0.028183,0.027873,0.027512,0.027119,0.026683,0.026204,0.025728,0.025188,0.024631,0.02322,0.022477,0.022087,0.021743,0.021442,0.021161,0.020847,0.020577,0.020352,0.020253,0.020163,0.020019,0.019963,0.019913,0.019873,0.019846,0.019829,0.019822,0.019827,0.019852,0.019898,0.019959,0.020038,0.020135,0.02025,0.020392,0.020554,0.020724,0.020924,0.021142,0.021379,0.021633,0.021905,0.02221,0.022459,0.022738,0.023027,0.023326,0.023636,0.023975,0.024704,0.025371,0.026128,0.026877,0.028728,0.029708,0.030199,0.030657,0.031083,0.031497,0.031919,0.032327,0.0327,0.033057,0.033398,0.033706,0.033998,0.034274,0.034534,0.034777,0.035003,0.0352,0.035393,0.035559,0.035719,0.035854,0.035982,0.036092,0.036187,0.036267,0.036332,0.036384,0.036421,0.036444,0.036452,0.036447,0.036431,0.036403,0.036362,0.036311,0.036249,0.036172,0.036005,0.03579,0.035567,0.034988,0.03469,0.034459,0.034246,0.03403,0.033816,0.033632,0.033192,0.032931,0.032781,0.032625,0.032463,0.03229,0.032014,0.0317,0.03135,0.030936,0.030435,0.029716,0.027169,0.026748,0.026422,0.026218,0.026048,0.025906,0.025793,0.025705,0.025645,0.02561,0.025599,0.025605,0.025621,0.025649,0.025685,0.025732,0.02579,0.025858,0.025933,0.026018,0.02612,0.026234,0.026351,0.026479,0.026627,0.026776,0.026946,0.027139,0.027344,0.027561,0.027791,0.028031,0.028297,0.028575,0.028878,0.029468,0.030156,0.030852,0.032712,0.033246,0.033712,0.034221,0.034655,0.035058,0.035402,0.035601,0.035775,0.035946,0.036092,0.036224,0.036341,0.036442,0.036523,0.036593,0.036644,0.036682,0.036702,0.036708,0.036697,0.036671,0.03663,0.036586,0.036528,0.036464,0.036385,0.036294,0.036201,0.03609,0.035968,0.035836,0.035695,0.035543,0.035382,0.035212,0.035018,0.034815,0.034603,0.034201,0.033757,0.033269,0.03272,0.032189,0.031563,0.029135,0.0281,0.02755,0.027055,0.026596,0.026154,0.025665,0.025205,0.024787,0.024398,0.024037,0.023693,0.023389,0.023103,0.022853,0.022627,0.022417,0.022224,0.022046,0.021884,0.021726,0.021574,0.021348,0.020759,0.020548,0.020048,0.019913,0.019804,0.019668,0.019575,0.01952,0.019502,0.019507,0.019525,0.019553,0.019594,0.019646,0.019709,0.019787,0.019877,0.020078,0.020334,0.020618,0.021398,0.021617,0.021795,0.021975,0.022112,0.022207,0.02224,0.022264,0.022279,0.022283,0.022276,0.022259,0.022231,0.022191,0.022141,0.022081,0.021954,0.021792,0.021621,0.021207,0.021012,0.020924,0.020853,0.020794,0.020748,0.02071,0.020686,0.020677,0.020683,0.020703,0.020738,0.020789,0.020856,0.02097,0.021112,0.021277,0.021477,0.021706,0.021964,0.022262,0.022588,0.022926,0.023302,0.023716,0.024166,0.024618,0.025136,0.027074,0.027872,0.028291,0.028664,0.029006,0.029334,0.0297,0.030028,0.03033,0.030595,0.030834,0.031046,0.031231,0.031383,0.0315,0.0316,0.031676,0.031733,0.031771,0.031789,0.031787,0.031766,0.031734,0.031688,0.031629,0.031553,0.031386,0.03104,0.030907,0.03078,0.030684,0.030602,0.030556,0.030543,0.030563,0.030613,0.030694,0.030807,0.030953,0.031103,0.031279,0.031877,0.032067,0.03223,0.032364,0.032467,0.032543,0.03259,0.032611,0.03261,0.032598,0.032574,0.032539,0.032493,0.032435,0.032365,0.032283,0.032188,0.032081,0.03197,0.031838,0.031695,0.031539,0.031371,0.031191,0.031013,0.030811,0.030598,0.030375,0.030141,0.029882,0.029613,0.029317,0.028754,0.028108,0.027441,0.025709,0.025204,0.02475,0.024258,0.023825,0.023432,0.023081,0.02288,0.022689,0.02251,0.022354,0.022197,0.022062,0.021938,0.021825,0.021724,0.021634,0.021557,0.021491,0.021437,0.021396,0.021368,0.02135,0.021347,0.021375,0.021434,0.021529,0.021656,0.021814,0.022002,0.022227,0.022469,0.022747,0.023061,0.023425,0.023794,0.024209,0.02584,0.026505,0.026859,0.027168,0.027448,0.027698,0.027974,0.028222,0.028432,0.028612,0.028761,0.028874,0.028956,0.029007,0.029023,0.029028,0.029022,0.029007,0.02898,0.028946,0.028899,0.028841,0.028774,0.028696,0.028609,0.028505,0.02839,0.028265,0.027987,0.027732,0.027443,0.027121,0.026753,0.026425,0.026043,0.024745,0.024255,0.023796,0.023386,0.022988,0.022644,0.022343,0.022073,0.021853,0.021664,0.021507,0.021383,0.021291,0.021234,0.021206,0.02121,0.021228,0.021261,0.021307,0.021366,0.021441,0.021528,0.021632,0.021748,0.021966,0.022237,0.02251,0.023207,0.023548,0.023846,0.024082,0.024265,0.024406,0.024463,0.024509,0.024544,0.024571,0.024589,0.024594,0.024587,0.024566,0.024533,0.024486,0.024426,0.024354,0.024202,0.024005,0.023796,0.02327,0.023013,0.022898,0.0228,0.02272,0.022658,0.022608,0.02258,0.022574,0.022591,0.02263,0.022692,0.022773,0.022881,0.023006,0.02316,0.023337,0.023536,0.023766,0.024018,0.024302,0.024605,0.024879,0.025178,0.025501,0.025848,0.026526,0.02824,0.028707,0.029106,0.029528,0.029903,0.030233,0.03054,0.030841,0.031105,0.031338,0.031541,0.031712,0.031848,0.031953,0.032031,0.03207,0.03209,0.032092,0.032074,0.032037,0.031981,0.031906,0.031812,0.031719,0.031606,0.031478,0.031334,0.031023,0.030377,0.030112,0.029852,0.029636,0.029523,0.029424,0.029334,0.029254,0.029185,0.029129,0.029083,0.029047,0.029009,0.028998,0.029015,0.029059,0.029125,0.02922,0.029332,0.02967,0.029762,0.029833,0.029899,0.029938,0.029954,0.029945,0.029907,0.029837,0.029736,0.0296,0.02944,0.029243,0.029018,0.028367,0.028176,0.028021,0.027857,0.027729,0.027631,0.02756,0.02752,0.0275,0.027499,0.027518,0.027546,0.027589,0.027768,0.027832,0.02788,0.027907,0.027914,0.027907,0.027831,0.02783,0.027841,0.027874,0.027932,0.028013,0.028117,0.02825,0.028409,0.028598,0.028817,0.02905,0.029318,0.029621,0.029959,0.030287,0.030664,0.032002,0.032493,0.032743,0.032961,0.033158,0.033343,0.033537,0.03371,0.033854,0.033976,0.034068,0.034137,0.03418,0.034197,0.034195,0.034182,0.03416,0.034127,0.034085,0.034033,0.03397,0.033897,0.033815,0.033722,0.033619,0.033506,0.033373,0.03324,0.033098,0.032934,0.03276,0.032562,0.032367,0.032149,0.03192,0.031681,0.031143,0.030608,0.029973,0.029316,0.027551,0.027036,0.026572,0.026074,0.025619,0.025226,0.024876,0.024673,0.024494,0.024315,0.024161,0.024019,0.023889,0.023773,0.02367,0.023581,0.023506,0.023449,0.023401,0.023368,0.02335,0.023345,0.023353,0.023395,0.023473,0.023585,0.023731,0.023918,0.024139,0.024403,0.0247,0.024998,0.025334,0.025707,0.026117,0.026528,0.026988,0.028791,0.029521,0.029898,0.030246,0.030565,0.03087,0.031201,0.031497,0.03177,0.03202,0.032245,0.032436,0.032604,0.032748,0.032862,0.032959,0.033032,0.033083,0.033111,0.033118,0.033103,0.033067,0.033016,0.032949,0.032864,0.032757,0.03252,0.032012,0.031806,0.031619,0.031478,0.031413,0.031365,0.03133,0.03131,0.031306,0.031316,0.031342,0.031382,0.031437,0.031507,0.031593,0.031692,0.031813,0.031947,0.032096,0.032267,0.032588,0.03297,0.033356,0.034309,0.034766,0.034984,0.035172,0.035346,0.035497,0.03564,0.035764,0.035869,0.03595,0.036011,0.036051,0.03607,0.036068,0.036044,0.035992,0.035919,0.035816,0.035689,0.035537,0.035354,0.035147,0.034939,0.034703,0.034438,0.034134,0.03384,0.033496,0.032212,0.031693,0.031425,0.031179,0.030955,0.030753,0.030521,0.030317,0.030131,0.029972,0.029831,0.029708,0.029605,0.029522,0.029458,0.029414,0.02939,0.029384,0.029398,0.029432,0.029484,0.029556,0.029628,0.029715,0.029818,0.029936,0.030175,0.030774,0.030926,0.031055,0.031175,0.03127,0.031348,0.031404,0.031443,0.031458,0.031449,0.031417,0.031361,0.031279,0.031171,0.031045,0.030903,0.030731,0.030546,0.03033,0.030092,0.029834,0.029541,0.02923,0.028948,0.028638,0.028316,0.027948,0.02726,0.025573,0.025123,0.024739,0.024336,0.023986,0.02367,0.023376,0.02308,0.022827,0.022603,0.02242,0.022268,0.022147,0.022059,0.022007,0.021985,0.021999,0.022051,0.022138,0.022261,0.022426,0.022627,0.02286,0.023112,0.02339,0.023704,0.02407,0.024426,0.024844,0.026381,0.026997,0.027308,0.027591,0.027847,0.028088,0.02835,0.028589,0.028792,0.028962,0.029108,0.029228,0.029323,0.029388,0.029416,0.029436,0.029445,0.029443,0.029433,0.02941,0.02938,0.029336,0.029287,0.029223,0.029155,0.029071,0.028977,0.028873,0.028636,0.028377,0.028074,0.027727,0.027338,0.02694,0.026491,0.026027,0.024756,0.024382,0.024052,0.023686,0.023369,0.023084,0.022831,0.02254,0.022291,0.022086,0.021912,0.021774,0.021674,0.021608,0.021575,0.021577,0.021615,0.021685,0.021793,0.021936,0.022113,0.02233,0.02259,0.022831,0.023092,0.023383,0.023706,0.023997,0.024343,0.025526,0.025941,0.026342,0.026695,0.027039,0.027343,0.027595,0.027819,0.028019,0.028175,0.028296,0.028376,0.02842,0.028426,0.028417,0.028396,0.028331,0.028281,0.02822,0.028148,0.028059,0.027966,0.027863,0.02775,0.027616,0.027482,0.027326,0.027159,0.026981,0.026792,0.026594,0.026387,0.026152,0.025751,0.025326,0.024859,0.024328,0.023847,0.023309,0.021466,0.020781,0.020114,0.019516,0.018928,0.018416,0.017959,0.017737,0.017542,0.017341,0.017153,0.016976,0.016825,0.016673,0.016545,0.016419,0.016314,0.016215,0.016135,0.016067,0.016011,0.015967,0.015935,0.015914,0.015906,0.015917,0.015953,0.016014,0.016104,0.01622,0.01636,0.016533,0.016729,0.016946,0.017196,0.017465,0.017778,0.018092,0.018463,0.019924,0.020535,0.020862,0.021147,0.021405,0.021647,0.021905,0.022139,0.022347,0.02252,0.022667,0.022788,0.022881,0.022945,0.022983,0.022999,0.022994,0.022969,0.022923,0.022855,0.022766,0.022654,0.022535,0.022396,0.022235,0.022054,0.021652,0.020785,0.020424,0.020074,0.019924,0.019785,0.019639,0.019508,0.019395,0.019303,0.019228,0.019169,0.019128,0.019104,0.019096,0.019099,0.019112,0.019137,0.019173,0.019219,0.019277,0.019348,0.019486,0.019662,0.01985,0.020367,0.02064,0.02077,0.020878,0.020974,0.021056,0.021119,0.021171,0.021213,0.021247,0.021281,0.021323,0.021347,0.021381,0.021434,0.021507,0.021597,0.021711,0.021839,0.021991,0.02216,0.022353,0.022568,0.022816,0.023089,0.023384,0.023652,0.023935,0.024257,0.024605,0.025263,0.026817,0.027207,0.027544,0.027879,0.028183,0.028445,0.028688,0.028919,0.029116,0.029289,0.02943,0.029547,0.029638,0.029702,0.029741,0.029753,0.029737,0.029695,0.029624,0.029526,0.029402,0.029248,0.029069,0.028894,0.028694,0.028469,0.028208,0.027685,0.026645,0.026234,0.025823,0.025483,0.025297,0.025133,0.024981,0.024842,0.024723,0.024616,0.024523,0.024443,0.02437,0.024314,0.024275,0.024252,0.024245,0.024255,0.024281,0.024322,0.024374,0.024442,0.024525,0.024623,0.024842,0.025311,0.025494,0.025666,0.025798,0.02586,0.025909,0.025946,0.025968,0.025978,0.025974,0.025956,0.025927,0.025882,0.025823,0.02575,0.025663,0.025563,0.025445,0.025313,0.025168,0.02489,0.024557,0.02422,0.023412,0.023028,0.022848,0.022695,0.02256,0.022435,0.022321,0.022221,0.022134,0.022066,0.022011,0.021973,0.021947,0.021937,0.02195,0.021998,0.022082,0.022201,0.022355,0.022551,0.022781,0.023056,0.023304,0.023583,0.023896,0.02424,0.024556,0.024927,0.026147,0.026582,0.026989,0.02735,0.027702,0.028003,0.028267,0.028502,0.028699,0.028866,0.028996,0.029095,0.029164,0.029201,0.029206,0.02918,0.029135,0.029065,0.028973,0.028858,0.028723,0.028559,0.028364,0.028149,0.027949,0.027737,0.027501,0.027242,0.02674,0.02548,0.025144,0.02486,0.024567,0.024317,0.024098,0.023901,0.023719,0.023566,0.023443,0.023356,0.023299,0.023275,0.023281,0.023317,0.023353,0.0234,0.023453,0.023521,0.023599,0.023689,0.023789,0.023899,0.024019,0.02415,0.02429,0.024453,0.024626,0.02481,0.025004,0.025207,0.025571,0.025959,0.026386,0.026871,0.027314,0.027809,0.029518,0.030143,0.03075,0.031276,0.031812,0.032279,0.032696,0.033077,0.033253,0.033419,0.033575,0.033709,0.033844,0.033959,0.034064,0.03416,0.034247,0.034323,0.03439,0.034452,0.034499,0.034536,0.034564,0.034583,0.034592,0.034578,0.034539,0.034478,0.034395,0.034286,0.03415,0.033993,0.033843,0.033681,0.033499,0.033287,0.03287,0.032032,0.031688,0.03134,0.03105,0.030749,0.030488,0.030267,0.030078,0.029927,0.029806,0.029711,0.029642,0.029599,0.029574,0.029565,0.029561,0.029548,0.029524,0.029478,0.029414,0.02933,0.029222,0.029076,0.0289,0.028689,0.028442,0.028202,0.02792,0.026945,0.026605,0.026437,0.026287,0.026154,0.026039,0.025915,0.025815,0.025739,0.025682,0.025646,0.025632,0.02564,0.025668,0.025737,0.025838,0.025975,0.026147,0.026355,0.026597,0.026874,0.027198,0.027573,0.027999,0.028459,0.028988,0.029527,0.030151,0.030772,0.032465,0.032952,0.033366,0.033844,0.034262,0.034639,0.03499,0.035194,0.035372,0.03554,0.035697,0.035843,0.035966,0.036089,0.03619,0.036281,0.03636,0.036428,0.036484,0.036529,0.036561,0.036579,0.036587,0.036578,0.036548,0.036493,0.03642,0.036325,0.0362,0.036062,0.035891,0.03571,0.035493,0.035254,0.034992,0.034709,0.034404,0.034079,0.033711,0.033396,0.033068,0.032728,0.032375,0.031983,0.031579,0.031163,0.030707,0.029893,0.02899,0.028102,0.02591,0.024768,0.024226,0.023694,0.023205,0.022759,0.022296,0.021849,0.021419,0.021032,0.020663,0.020334,0.02,0.019705,0.019429,0.01917,0.01893,0.018724,0.018522,0.018351,0.018197,0.018051,0.017934,0.017827,0.01774,0.017677,0.017632,0.017602,0.017593,0.017601,0.017619,0.017646,0.017683,0.017734,0.01779,0.017861,0.018027,0.018129,0.01824,0.018489,0.018787,0.019133,0.019446,0.01978,0.020149,0.020571,0.020951,0.021379,0.022911,0.0235,0.024071,0.024565,0.025069,0.025523,0.025927,0.026283,0.026603,0.026749,0.026885,0.027012,0.027129,0.027327,0.027416,0.027495,0.027564,0.027624,0.027715,0.02777,0.027786,0.02779,0.027784,0.027765,0.027736,0.027694,0.027642,0.027579,0.027429,0.027235,0.027005,0.026514,0.026303,0.026097,0.025933,0.025769,0.025703,0.025646,0.025599,0.025564,0.025522,0.025517,0.025548,0.025617,0.025723,0.025839,0.025985,0.026535,0.026726,0.026889,0.026951,0.027003,0.027047,0.027077,0.027093,0.027095,0.027083,0.027057,0.027017,0.026965,0.026897,0.026809,0.026706,0.026588,0.026455,0.026307,0.026139,0.025949,0.025584,0.025147,0.024704,0.023543,0.023225,0.022948,0.022653,0.022406,0.022182,0.021998,0.021899,0.021815,0.021736,0.021671,0.021617,0.021573,0.021539,0.021516,0.021505,0.021504,0.021514,0.021534,0.021567,0.021608,0.02166,0.021722,0.021794,0.021883,0.021983,0.022087,0.022201,0.022334,0.022469,0.022624,0.022789,0.022965,0.02315,0.023346,0.023565,0.023794,0.024033,0.024282,0.024712,0.025197,0.025722,0.026303,0.026811,0.027405,0.029375,0.030087,0.030763,0.031345,0.031935,0.032459,0.032932,0.03334,0.033542,0.033733,0.033912,0.034078,0.034221,0.034353,0.034473,0.03458,0.034674,0.03475,0.034814,0.034869,0.034907,0.034935,0.034948,0.034948,0.034932,0.034899,0.034849,0.034786,0.034703,0.034602,0.034484,0.03435,0.034198,0.03403,0.033846,0.033645,0.033429,0.033182,0.032919,0.032639,0.032379,0.032108,0.031825,0.031512,0.031188,0.030853,0.030486,0.030109,0.029399,0.028569,0.027742,0.025603,0.024975,0.024429,0.023829,0.02327,0.022776,0.022304,0.02178,0.021309,0.020892,0.02051,0.020327,0.020167,0.019874,0.019742,0.019619,0.019506,0.019403,0.019309,0.019224,0.01915,0.019085,0.01903,0.018984,0.018945,0.018918,0.018901,0.018893,0.018906,0.018927,0.018958,0.019046,0.019158,0.019303,0.01948,0.019689,0.019901,0.020154,0.021126,0.021511,0.021699,0.021867,0.022013,0.022145,0.022278,0.022387,0.022469,0.022526,0.022557,0.022563,0.022544,0.0225,0.022431,0.022336,0.022217,0.022073,0.021906,0.021707,0.021474,0.021217,0.020988,0.020733,0.020452,0.020143,0.019542,0.018106,0.017741,0.017431,0.01711,0.016833,0.016588,0.016373,0.01617,0.016,0.015855,0.01574,0.01565,0.015586,0.015548,0.015538,0.015547,0.015569,0.015605,0.015654,0.015716,0.015792,0.015874,0.015976,0.016091,0.01622,0.016361,0.016515,0.016682,0.016861,0.017052,0.017271,0.017486,0.017729,0.017985,0.018252,0.01853,0.018839,0.019158,0.01951,0.020174,0.020961,0.021771,0.024038,0.024718,0.025309,0.025947,0.026533,0.027065,0.027543,0.027813,0.028069,0.028311,0.028538,0.028751,0.028935,0.029105,0.029262,0.029414,0.029541,0.029653,0.029751,0.029834,0.029903,0.029957,0.03,0.030031,0.030035,0.030008,0.029952,0.029865,0.029749,0.0296,0.029424,0.029243,0.029044,0.028819,0.028557,0.028305,0.028019,0.026899,0.026444,0.025991,0.025617,0.025417,0.025231,0.025068,0.024921,0.024789,0.024679,0.024584,0.0245,0.024433,0.024384,0.02435,0.024331,0.024327,0.02434,0.024368,0.024413,0.024467,0.024535,0.024618,0.024715,0.024935,0.02541,0.0256,0.025778,0.025914,0.025979,0.026032,0.026072,0.0261,0.026115,0.026117,0.026107,0.026085,0.026051,0.026002,0.025943,0.025868,0.025781,0.025677,0.025561,0.025432,0.025182,0.024882,0.024578,0.023844,0.023493,0.023325,0.023183,0.023057,0.022942,0.022835,0.022747,0.022674,0.022619,0.022579,0.022555,0.022547,0.022555,0.022574,0.022604,0.022644,0.022696,0.022755,0.022828,0.022913,0.023009,0.023116,0.023234,0.023363,0.023502,0.023652,0.023822,0.024003,0.024195,0.024528,0.024899,0.025322,0.025785,0.026201,0.026679,0.028285,0.028884,0.029449,0.029927,0.030408,0.030839,0.031209,0.03153,0.031682,0.031822,0.031952,0.032063,0.032171,0.03226,0.03234,0.032408,0.032466,0.032513,0.03255,0.032575,0.032589,0.032593,0.032584,0.032565,0.032504,0.032406,0.032272,0.032104,0.031896,0.031655,0.031374,0.031051,0.030762,0.030442,0.030092,0.029699,0.028935,0.027491,0.026937,0.026385,0.025911,0.025424,0.024984,0.024603,0.024269,0.024103,0.023947,0.023804,0.023679,0.023559,0.023457,0.023361,0.023282,0.02321,0.023153,0.023107,0.023071,0.023046,0.023033,0.023032,0.023042,0.023071,0.02312,0.023186,0.023272,0.02338,0.023504,0.02365,0.023822,0.024132,0.024516,0.024916,0.026134,0.026505,0.026829,0.027182,0.027497,0.027787,0.028057,0.0283,0.028536,0.028765,0.028999,0.029282,0.029654,0.030122,0.030414,0.030571,0.0307,0.03081,0.030903,0.030981,0.031043,0.03109,0.031124,0.031142,0.031149,0.031144,0.031128,0.031074,0.030901,0.03087,0.030859,0.030873,0.030917,0.030993,0.031102,0.031178,0.031262,0.031356,0.031465,0.031584,0.031715,0.031861,0.032017,0.032302,0.032644,0.032983,0.033797,0.034188,0.034536,0.034824,0.034958,0.035075,0.03518,0.035269,0.035347,0.035411,0.035464,0.035503,0.035529,0.035543,0.035546,0.035537,0.035517,0.035485,0.035441,0.035384,0.035269,0.035113,0.034951,0.034538,0.034346,0.03419,0.03413,0.034082,0.034044,0.034017,0.034001,0.033997,0.034004,0.034023,0.034053,0.034095,0.034197,0.034333,0.034511,0.034732,0.034945,0.035195,0.03607,0.036372,0.03665,0.03687,0.036971,0.037063,0.037139,0.037205,0.037259,0.037299,0.037329,0.037347,0.03735,0.037321,0.037259,0.037162,0.037032,0.036865,0.036667,0.036427,0.036203,0.035945,0.035661,0.035335,0.034711,0.033095,0.032658,0.032263,0.031917,0.031592,0.031271,0.030962,0.030499,0.030009,0.028331,0.026973,0.026554,0.026182,0.025867,0.025589,0.025344,0.025186,0.025041,0.024908,0.02479,0.024685,0.024589,0.024504,0.024431,0.024331,0.024249,0.024189,0.024066,0.023979,0.023923,0.023859,0.023786,0.023703,0.023548,0.023357,0.02316,0.022714,0.022529,0.022381,0.022269,0.022218,0.022178,0.02215,0.022134,0.022128,0.022134,0.022151,0.02218,0.022221,0.022274,0.02234,0.022413,0.022502,0.022603,0.022716,0.022845,0.023068,0.02333,0.023626,0.023971,0.02433,0.024742,0.025205,0.02672,0.027211,0.027659,0.028154,0.028615,0.029057,0.029472,0.02972,0.029964,0.030198,0.030416,0.030619,0.030811,0.030987,0.031143,0.031283,0.031403,0.031508,0.031601,0.031675,0.031737,0.031783,0.031816,0.031838,0.031826,0.031781,0.031705,0.031594,0.031448,0.031268,0.031052,0.030801,0.03051,0.030177,0.029803,0.029423,0.02899,0.028552,0.027402,0.026795,0.026487,0.026217,0.025975,0.02576,0.02553,0.025332,0.025175,0.025057,0.024975,0.024931,0.024923,0.02495,0.025011,0.025111,0.025241,0.025411,0.025615,0.025852,0.026132,0.026454,0.02677,0.027108,0.027494,0.02793,0.028353,0.028821,0.030697,0.031465,0.031873,0.032254,0.032593,0.032918,0.033278,0.033616,0.033921,0.034203,0.034462,0.034699,0.034914,0.035107,0.035319,0.035506,0.035668,0.035809,0.035918,0.036017,0.036105,0.036338,0.036422,0.036508,0.036619,0.036743,0.036885,0.03704,0.037208,0.037391,0.037595,0.037827,0.038283,0.039383,0.039664,0.039904,0.040139,0.040342,0.040519,0.040676,0.040802,0.040911,0.041007,0.041092,0.041212,0.041433,0.041504,0.041582,0.041679,0.041793,0.041924,0.042071,0.042292,0.042542,0.042833,0.043165,0.043482,0.043855,0.044216,0.045115,0.045562,0.045782,0.045975,0.046148,0.04631,0.046478,0.046627,0.04675,0.046852,0.046929,0.046985,0.047019,0.04703,0.047013,0.046964,0.046878,0.046758,0.046604,0.046418,0.046192,0.045925,0.04568,0.045404,0.045087,0.044739,0.044414,0.044039,0.042685,0.042151,0.041615,0.041159,0.040918,0.040688,0.040482,0.040289,0.04011,0.039952,0.039808,0.039676,0.039553,0.039449,0.039354,0.039273,0.039206,0.039152,0.03911,0.03908,0.039063,0.039057,0.039063,0.03908,0.039144,0.039323,0.039388,0.03943,0.039437,0.039434,0.039417,0.039385,0.039338,0.039276,0.0392,0.039105,0.038994,0.038866,0.038752,0.038627,0.038493,0.038343,0.038007,0.037611,0.037259,0.036853,0.035269,0.034587,0.034235,0.033903,0.033581,0.033261,0.032833,0.032374,0.030804,0.029406,0.028933,0.028513,0.028173,0.028025,0.027893,0.027776,0.027674,0.027582,0.0275,0.02743,0.027374,0.027329,0.027298,0.027277,0.027267,0.027271,0.027293,0.027335,0.027395,0.027473,0.027569,0.027685,0.027824,0.027956,0.028105,0.028271,0.028454,0.028827,0.029564,0.029859,0.030146,0.030394,0.030649,0.030866,0.031041,0.031184,0.031287,0.031362,0.031414,0.031441,0.031446,0.031434,0.031327,0.031304,0.031307,0.031325,0.031357,0.031403,0.031466,0.031544,0.03164,0.031754,0.031993,0.032566,0.032696,0.032799,0.03289,0.032958,0.033005,0.033032,0.033039,0.033022,0.032981,0.032918,0.032831,0.032716,0.032577,0.032408,0.03225,0.032078,0.031883,0.031659,0.031223,0.030188,0.02994,0.029731,0.029528,0.029358,0.029212,0.029092,0.028986,0.028905,0.028851,0.028822,0.028819,0.028842,0.028891,0.028965,0.02903,0.029101,0.029189,0.029282,0.029385,0.029507,0.029632,0.029777,0.029923,0.030091,0.03027,0.03046,0.030661,0.030872,0.031093,0.03134,0.031758,0.032218,0.032722,0.033289,0.03379,0.034368,0.036316,0.037051,0.037744,0.038351,0.038966,0.039506,0.039762,0.039991,0.040226,0.040434,0.040646,0.040846,0.041032,0.041195,0.041356,0.041494,0.041629,0.041742,0.04185,0.041938,0.042014,0.042082,0.042133,0.042175,0.042202,0.042218,0.04222,0.042206,0.042174,0.042126,0.042062,0.041979,0.04188,0.041761,0.041635,0.041498,0.041342,0.04116,0.040771,0.039942,0.039598,0.03925,0.038965,0.038812,0.038678,0.038556,0.038454,0.03836,0.038283,0.038221,0.038171,0.038137,0.038114,0.038103,0.038106,0.03812,0.038147,0.038186,0.038239,0.03835,0.038502,0.038665,0.039091,0.039293,0.039386,0.039459,0.039518,0.039561,0.039593,0.039608,0.039604,0.039583,0.039544,0.039486,0.03941,0.039321,0.039224,0.039114,0.038991,0.038848,0.038692,0.038523,0.038334,0.038134,0.03771,0.037212,0.036644,0.035417,0.034885,0.034332,0.033847,0.033575,0.033323,0.033083,0.032863,0.032645,0.03244,0.032247,0.032064,0.031846,0.031646,0.031456,0.031274,0.031108,0.03095,0.030804,0.030672,0.030553,0.030446,0.030356,0.030284,0.030227,0.030186,0.030162,0.030153,0.030162,0.03019,0.030235,0.030301,0.030379,0.030479,0.030882,0.031028,0.031095,0.031145,0.031181,0.031202,0.031208,0.03119,0.031149,0.031082,0.031003,0.030901,0.030511,0.030382,0.030325,0.030281,0.03025,0.03023,0.030223,0.030235,0.030269,0.030322,0.030396,0.030491,0.03061,0.030747,0.030849,0.030961,0.031083,0.031215,0.031357,0.03151,0.031673,0.031847,0.032031,0.032225,0.032429,0.032642,0.032866,0.033114,0.033373,0.033642,0.034117,0.034616,0.035157,0.03576,0.036297,0.03691,0.038979,0.039725,0.040452,0.041094,0.041726,0.04202,0.042304,0.042809,0.043047,0.043274,0.043505,0.043723,0.043927,0.044118,0.044295,0.044447,0.044587,0.044714,0.044827,0.044933,0.045018,0.045089,0.045147,0.045192,0.045223,0.04524,0.045244,0.045238,0.045221,0.045193,0.045154,0.045104,0.045043,0.044972,0.044891,0.044793,0.044692,0.044574,0.044447,0.044309,0.043997,0.043721,0.0434,0.043047,0.042649,0.04229,0.04188,0.04043,0.039858,0.039305,0.038828,0.038352,0.037932,0.037556,0.037214,0.036925,0.036677,0.036462,0.036285,0.036135,0.036018,0.035935,0.035884,0.035865,0.035875,0.035916,0.035985,0.036086,0.036214,0.036374,0.036567,0.036778,0.037026,0.037303,0.037626,0.037942,0.038298,0.039634,0.040156,0.040421,0.040658,0.040867,0.041055,0.041267,0.04145,0.041604,0.041729,0.041829,0.0419,0.041947,0.041966,0.041962,0.041934,0.041882,0.041808,0.041711,0.041587,0.041441,0.041273,0.0411,0.040903,0.040682,0.040439,0.040201,0.039927,0.038926,0.038534,0.038146,0.037822,0.037648,0.037494,0.037361,0.03724,0.037135,0.037048,0.036972,0.036914,0.036867,0.036839,0.036831,0.036844,0.036876,0.03693,0.037003,0.037099,0.037204,0.037324,0.037468,0.037632,0.037987,0.038701,0.038988,0.039259,0.039481,0.039593,0.039691,0.039771,0.039836,0.039884,0.039918,0.039936,0.03994,0.039929,0.039902,0.03986,0.0398,0.039725,0.039634,0.039523,0.039397,0.039149,0.038845,0.038532,0.037766,0.037407,0.037242,0.037103,0.036983,0.036876,0.03678,0.036705,0.036647,0.036609,0.036588,0.036585,0.036602,0.036638,0.036715,0.036826,0.036966,0.037146,0.037359,0.037605,0.037894,0.038213,0.038507,0.038833,0.039194,0.039587,0.039945,0.040346,0.041697,0.042187,0.042647,0.043041,0.043431,0.043783,0.044095,0.044367,0.044612,0.044826,0.045007,0.045149,0.045257,0.045329,0.045371,0.045378,0.045365,0.045341,0.045301,0.04525,0.045188,0.045106,0.045019,0.044911,0.044798,0.044665,0.044518,0.044359,0.044188,0.043991,0.043796,0.043576,0.043199,0.042778,0.042314,0.041788,0.0413,0.040759,0.038869,0.038161,0.037474,0.036873,0.036567,0.036271,0.036001,0.035742,0.035494,0.035271,0.035059,0.034857,0.034666,0.034485,0.034327,0.034169,0.034031,0.033894,0.033769,0.033654,0.033551,0.033459,0.033378,0.033307,0.033246,0.033193,0.033152,0.033119,0.033085,0.033079,0.033102,0.033154,0.033221,0.03331,0.033722,0.033884,0.033957,0.034012,0.034053,0.034079,0.034091,0.034089,0.034073,0.034045,0.033967,0.033738,0.033691,0.033662,0.033651,0.033664,0.033701,0.033763,0.033863,0.033996,0.034166,0.034377,0.03458,0.03482,0.035649,0.03593,0.036181,0.036384,0.036479,0.036558,0.036626,0.036682,0.036723,0.036751,0.036767,0.03677,0.036757,0.036724,0.036671,0.036599,0.036508,0.036393,0.036259,0.036107,0.035961,0.035803,0.035626,0.035423,0.035037,0.034087,0.033855,0.033651,0.033452,0.033276,0.033123,0.032994,0.032878,0.032785,0.032717,0.032672,0.032651,0.032654,0.032682,0.032733,0.032825,0.032956,0.033125,0.033329,0.033568,0.033852,0.03417,0.034533,0.034855,0.035211,0.035601,0.036041,0.036428,0.036877,0.038412,0.038987,0.039529,0.040018,0.040497,0.040931,0.041305,0.041647,0.041815,0.041963,0.042111,0.042238,0.042356,0.042463,0.042559,0.042646,0.042716,0.042781,0.042836,0.04288,0.042913,0.042935,0.042946,0.042946,0.042937,0.042917,0.042887,0.042847,0.042796,0.042736,0.042588,0.042396,0.042169,0.041889,0.041566,0.041291,0.040975,0.04063,0.04023,0.039473,0.037995,0.037404,0.036804,0.036278,0.035743,0.035263,0.034827,0.034425,0.034074,0.033764,0.033485,0.033237,0.033019,0.032833,0.032678,0.032551,0.032493,0.032446,0.03241,0.032384,0.032369,0.032364,0.03237,0.032385,0.032412,0.03245,0.032496,0.032555,0.032621,0.032701,0.032791,0.032892,0.033102,0.03335,0.033638,0.033971,0.034298,0.03467,0.035049,0.035994,0.036479,0.036729,0.036942,0.037134,0.037305,0.037496,0.037651,0.037778,0.03788,0.037956,0.038004,0.038025,0.03802,0.037997,0.037955,0.037896,0.03782,0.037727,0.037612,0.03748,0.037325,0.037154,0.036968,0.036751,0.036512,0.036269,0.035999,0.034926,0.034489,0.034061,0.033875,0.033708,0.033524,0.033357,0.033214,0.033095,0.032994,0.032912,0.032848,0.032804,0.03278,0.032775,0.032789,0.032822,0.032876,0.032949,0.033043,0.033156,0.033263,0.033387,0.033527,0.033683,0.033996,0.034765,0.034965,0.035134,0.035302,0.035443,0.035562,0.03566,0.035743,0.035805,0.035845,0.035861,0.035856,0.035828,0.035777,0.035707,0.035629,0.035536,0.035428,0.035306,0.035162,0.035003,0.034822,0.034628,0.034263,0.033826,0.033397,0.032327,0.03181,0.031557,0.031337,0.03114,0.030965,0.030792,0.030645,0.030517,0.030415,0.030334,0.030273,0.030236,0.030221,0.030224,0.030238,0.030263,0.030298,0.030349,0.030407,0.030476,0.030557,0.030648,0.03075,0.030863,0.030996,0.031131,0.031287,0.031443,0.031621,0.03181,0.032023,0.032233,0.032468,0.032714,0.032985,0.033267,0.033576,0.034167,0.03484,0.035555,0.037435,0.037989,0.038472,0.039008,0.039482,0.039911,0.040281,0.040501,0.040709,0.040891,0.041061,0.041217,0.04135,0.041479,0.041585,0.041679,0.041759,0.041825,0.041877,0.041915,0.041937,0.041945,0.041939,0.041909,0.041858,0.041783,0.04168,0.041558,0.041405,0.041226,0.041022,0.040794,0.040541,0.040264,0.039964,0.039641,0.039276,0.038888,0.038477,0.038137,0.037761,0.037371,0.036968,0.036526,0.036071,0.035577,0.035071,0.034175,0.033135,0.032135,0.029628,0.028336,0.027689,0.027113,0.026549,0.026027,0.025492,0.024975,0.024502,0.024047,0.023611,0.023217,0.022843,0.022488,0.022154,0.021858,0.021565,0.021309,0.021073,0.020857,0.020661,0.020476,0.020323,0.020189,0.020076,0.019977,0.019904,0.019848,0.019815,0.019799,0.019805,0.019833,0.019885,0.019958,0.020051,0.02017,0.020315,0.020479,0.020643,0.02082,0.021028,0.021258,0.021745,0.022763,0.023195,0.023615,0.023976,0.024169,0.024341,0.024501,0.024647,0.02478,0.024893,0.024993,0.02508,0.025153,0.025216,0.025265,0.025299,0.02532,0.025328,0.025322,0.025304,0.025275,0.025235,0.025183,0.025117,0.024963,0.02462,0.024481,0.024356,0.024268,0.024231,0.024204,0.024189,0.024187,0.024196,0.024218,0.02425,0.024295,0.024351,0.024417,0.024495,0.024587,0.024691,0.024806,0.024936,0.025083,0.025348,0.025673,0.026008,0.026882,0.027348,0.027575,0.027781,0.027965,0.028127,0.028292,0.028435,0.028557,0.028656,0.028737,0.028797,0.028838,0.028862,0.028868,0.028863,0.02882,0.028512,0.028421,0.028371,0.028313,0.028249,0.028177,0.028094,0.028001,0.0279,0.027785,0.027656,0.027518,0.027361,0.027196,0.027017,0.026816,0.026601,0.026364,0.02594,0.025443,0.024941,0.023771,0.023225,0.022967,0.02274,0.022534,0.022342,0.022149,0.021983,0.021835,0.021713,0.021611,0.021533,0.021472,0.021434,0.021416,0.021424,0.021458,0.021518,0.021604,0.021718,0.021858,0.022027,0.022182,0.022358,0.022557,0.022786,0.023227,0.024315,0.024585,0.024824,0.025054,0.02525,0.025418,0.025559,0.025683,0.025779,0.025849,0.025892,0.025911,0.025904,0.025872,0.025815,0.02574,0.025645,0.025529,0.025393,0.025231,0.025049,0.024838,0.024609,0.024396,0.024172,0.023925,0.023657,0.023122,0.021816,0.021475,0.021182,0.02088,0.020617,0.020382,0.020175,0.01997,0.019797,0.019648,0.01953,0.019435,0.019365,0.019321,0.019304,0.019305,0.019318,0.019341,0.019375,0.019419,0.019474,0.019539,0.019621,0.019707,0.019811,0.019918,0.020042,0.020177,0.020322,0.020476,0.020651,0.020956,0.021283,0.021659,0.022069,0.02245,0.022873,0.024376,0.024955,0.025516,0.025995,0.026486,0.026916,0.027298,0.027632,0.02779,0.027929,0.028179,0.028392,0.028568,0.028642,0.028711,0.028818,0.028891,0.02893,0.028937,0.028926,0.028894,0.028842,0.028775,0.028684,0.02823,0.028129,0.028046,0.027965,0.027907,0.027867,0.027847,0.027847,0.027866,0.027902,0.027959,0.028022,0.028102,0.028413,0.02853,0.028628,0.028694,0.028718,0.028732,0.028735,0.028727,0.028709,0.028679,0.02864,0.028589,0.028526,0.028453,0.02837,0.028273,0.028163,0.028043,0.027762,0.027452,0.027079,0.026674,0.025521,0.025183,0.024893,0.024583,0.024317,0.024096,0.023911,0.023773,0.023661,0.023576,0.023514,0.02348,0.023459,0.023446,0.023426,0.023403,0.02337,0.023329,0.023277,0.023211,0.023131,0.023035,0.022925,0.022696,0.02213,0.021997,0.02189,0.021793,0.021727,0.021694,0.021693,0.021717,0.021763,0.021832,0.021923,0.022036,0.022177,0.02234,0.022526,0.02272,0.022931,0.023172,0.023445,0.023706,0.024003,0.025091,0.025519,0.02594,0.026296,0.026487,0.026656,0.026805,0.02694,0.027058,0.027157,0.02724,0.027307,0.027364,0.027399,0.027412,0.027402,0.02737,0.027315,0.027236,0.027136,0.027011,0.026866,0.026693,0.026497,0.026293,0.026051,0.025086,0.024695,0.024498,0.024319,0.024164,0.024028,0.023883,0.023765,0.02367,0.023603,0.02356,0.023542,0.02355,0.023581,0.023621,0.023677,0.023747,0.02383,0.023928,0.024042,0.02417,0.024317,0.024475,0.024645,0.024832,0.025042,0.025487,0.026395,0.026759,0.027132,0.027435,0.027599,0.027751,0.027884,0.028,0.028103,0.028189,0.028266,0.028326,0.028374,0.028408,0.028428,0.028434,0.028426,0.028403,0.028367,0.028317,0.028206,0.02805,0.027882,0.02746,0.027271,0.027192,0.027125,0.027075,0.027035,0.027008,0.026994,0.026995,0.02701,0.027039,0.027083,0.027142,0.027213,0.027289,0.027377,0.027476,0.027592,0.027719,0.027858,0.028006,0.028173,0.028483,0.028852,0.029213,0.030122,0.030565,0.030777,0.03097,0.031135,0.031288,0.031444,0.031576,0.031688,0.031775,0.031841,0.031884,0.031907,0.03191,0.031885,0.031833,0.031754,0.031642,0.031502,0.031335,0.031133,0.030896,0.030682,0.030453,0.030187,0.029896,0.029328,0.027943,0.027591,0.027287,0.02699,0.026725,0.0265,0.026298,0.026121,0.025975,0.025856,0.025767,0.025702,0.025667,0.025658,0.025676,0.025714,0.025775,0.025858,0.025961,0.026085,0.026236,0.026407,0.026605,0.026803,0.027026,0.027273,0.027557,0.028134,0.029329,0.029819,0.030308,0.030715,0.030933,0.031136,0.031314,0.031477,0.031623,0.031746,0.031858,0.031948,0.032021,0.032081,0.032121,0.032147,0.032155,0.032147,0.032122,0.032082,0.032035,0.031976,0.031824,0.031652,0.03121,0.031101,0.031014,0.030932,0.030869,0.030827,0.030801,0.030795,0.030812,0.030852,0.030918,0.031006,0.031119,0.031257,0.031422,0.031623,0.031853,0.032111,0.03241,0.032725,0.033081,0.033481,0.033907,0.034285,0.034697,0.035145,0.035627,0.036585,0.038293,0.038927,0.039547,0.040107,0.040681,0.041204,0.041659,0.042063,0.042281,0.042485,0.042677,0.042844,0.043009,0.04315,0.043278,0.043393,0.043495,0.043583,0.043658,0.043719,0.043766,0.043799,0.043818,0.043823,0.043816,0.043799,0.04377,0.043729,0.043681,0.043618,0.043543,0.043458,0.043362,0.043248,0.043131,0.042994,0.042857,0.0427,0.042532,0.042343,0.042032,0.04167,0.04127,0.040833,0.04043,0.039982,0.038409,0.037834,0.037259,0.036773,0.036297,0.035866,0.035495,0.035157,0.034874,0.034623,0.034406,0.034229,0.034079,0.033968,0.03389,0.033843,0.03383,0.033839,0.033872,0.033926,0.034002,0.034099,0.03422,0.034367,0.034526,0.034709,0.034916,0.035146,0.035389,0.035661,0.036751,0.03721,0.037451,0.037664,0.037856,0.038029,0.038225,0.038394,0.038538,0.038662,0.038765,0.038845,0.038904,0.038945,0.038963,0.038961,0.038939,0.038895,0.038831,0.038748,0.038641,0.038514,0.038365,0.038198,0.038009,0.03779,0.037566,0.037307,0.036252,0.03582,0.035598,0.035401,0.035223,0.035058,0.03488,0.034729,0.034603,0.034499,0.034417,0.034359,0.034323,0.034307,0.034317,0.034359,0.034433,0.034543,0.034693,0.034886,0.035116,0.035606,0.035808,0.036004,0.036161,0.036244,0.036313,0.03637,0.036418,0.036455,0.03648,0.036495,0.036501,0.036495,0.036478,0.03645,0.036412,0.036362,0.036299,0.036226,0.03614,0.035974,0.035768,0.035554,0.03503,0.034779,0.034567,0.034481,0.034409,0.034342,0.034291,0.034253,0.034231,0.034222,0.034227,0.034246,0.03428,0.034328,0.034388,0.034461,0.034551,0.034655,0.034778,0.034914,0.035062,0.035355,0.035709,0.03607,0.036978,0.037218,0.037433,0.037657,0.03785,0.038012,0.038156,0.038297,0.038406,0.038487,0.038536,0.038556,0.038546,0.038507,0.038439,0.03838,0.038306,0.038219,0.03812,0.038009,0.037881,0.037735,0.037577,0.037257,0.036872,0.036463,0.035281,0.034928,0.03462,0.034295,0.034016,0.033776,0.033568,0.033394,0.033253,0.033141,0.033054,0.033002,0.032963,0.032895,0.032859,0.0328,0.032715,0.032657,0.032587,0.032505,0.032415,0.032314,0.032206,0.032079,0.031947,0.031786,0.031611,0.031421,0.031217,0.030999,0.030756,0.030499,0.030216,0.029707,0.029111,0.028518,0.027058,0.02667,0.026321,0.025957,0.025637,0.025347,0.025076,0.024796,0.024546,0.024335,0.024163,0.024021,0.023915,0.023837,0.023794,0.023783,0.023783,0.023794,0.023815,0.023846,0.023888,0.023941,0.024008,0.024081,0.024171,0.024271,0.024381,0.024502,0.024633,0.024773,0.024932,0.025199,0.025512,0.025858,0.026238,0.026592,0.026999,0.028427,0.028966,0.0295,0.029957,0.03041,0.030818,0.031179,0.031494,0.031765,0.032,0.032201,0.032367,0.032504,0.032609,0.032681,0.032724,0.032736,0.032737,0.032726,0.032703,0.032668,0.032622,0.032491,0.032382,0.032246,0.031885,0.031583,0.031443,0.031304,0.031098,0.030877,0.030638,0.030375,0.030132,0.02985,0.028962,0.028678,0.028418,0.028208,0.028099,0.028,0.027915,0.027845,0.027785,0.027738,0.027701,0.027676,0.02766,0.027664,0.027685,0.027726,0.027785,0.027865,0.027964,0.02808,0.028191,0.028319,0.028464,0.028625,0.028943,0.029709,0.029894,0.030056,0.030207,0.030338,0.03045,0.030541,0.03062,0.030677,0.030716,0.030734,0.030732,0.030712,0.03067,0.030608,0.030516,0.030392,0.030248,0.030071,0.029868,0.029639,0.029375,0.029086,0.028827,0.02854,0.028224,0.027882,0.02721,0.025613,0.025198,0.02484,0.024486,0.024166,0.023891,0.023639,0.023403,0.023195,0.023026,0.022892,0.022788,0.022714,0.022671,0.02266,0.02267,0.022691,0.022723,0.02277,0.02283,0.022897,0.022982,0.02308,0.02319,0.023312,0.023446,0.023592,0.023749,0.023929,0.024108,0.02431,0.024657,0.025061,0.025507,0.025995,0.026449,0.026952,0.028713,0.029372,0.030011,0.030551,0.030834,0.031092,0.03134,0.031577,0.031804,0.032005,0.032196,0.032376,0.032555,0.03271,0.032853,0.032984,0.033101,0.033206,0.033298,0.033372,0.033434,0.033488,0.033529,0.033557,0.033572,0.033574,0.033563,0.03354,0.033484,0.033399,0.033287,0.03315,0.032983,0.032791,0.032568,0.032313,0.032082,0.031826,0.031533,0.031216,0.030553,0.029075,0.028416,0.027747,0.027163,0.026842,0.026535,0.026243,0.025965,0.025701,0.025452,0.025208,0.024979,0.024707,0.024441,0.024189,0.023944,0.023706,0.023482,0.02327,0.023076,0.022908,0.022763,0.02264,0.02254,0.022462,0.022405,0.022371,0.022358,0.022364,0.022385,0.022423,0.022478,0.022548,0.022636,0.022743,0.022867,0.023008,0.023168,0.023348,0.023554,0.023767,0.024009,0.024986,0.025387,0.025592,0.02578,0.025945,0.026099,0.026266,0.02641,0.026534,0.026639,0.026725,0.026795,0.026846,0.026881,0.026901,0.026896,0.02687,0.026782,0.02675,0.026735,0.026744,0.026784,0.02686,0.026967,0.027232,0.027342,0.027438,0.027502,0.027527,0.027541,0.027546,0.02754,0.027497,0.027417,0.02737,0.027317,0.027257,0.027189,0.027113,0.027026,0.026929,0.026818,0.026717,0.026602,0.026334,0.026061,0.025466,0.025231,0.025048,0.024915,0.024861,0.024818,0.02479,0.024774,0.024772,0.024784,0.024809,0.024846,0.02492,0.025017,0.025139,0.025291,0.025471,0.025677,0.025908,0.026173,0.026411,0.026675,0.026964,0.027279,0.027891,0.029352,0.029716,0.030032,0.030342,0.030623,0.030864,0.031085,0.031282,0.031454,0.031594,0.031708,0.031796,0.031855,0.031887,0.031894,0.031881,0.03185,0.031801,0.031736,0.031654,0.031551,0.031432,0.03129,0.031133,0.030953,0.03075,0.030525,0.030288,0.030022,0.028957,0.028521,0.028294,0.028087,0.0279,0.027733,0.02755,0.027386,0.027247,0.027129,0.027031,0.026958,0.026905,0.026873,0.02686,0.026867,0.026891,0.026934,0.026996,0.027076,0.027173,0.027291,0.027413,0.027553,0.027711,0.027894,0.028289,0.029124,0.029474,0.029823,0.030111,0.030264,0.030398,0.030519,0.030621,0.03071,0.030789,0.030854,0.030904,0.030939,0.030963,0.030975,0.030976,0.030965,0.030944,0.03091,0.030866,0.030743,0.03035,0.030045,0.029944,0.029864,0.029783,0.029695,0.029598,0.029457,0.029299,0.029121,0.028923,0.028699,0.028454,0.028173,0.027873,0.027512,0.027119,0.026683,0.026204,0.025728,0.025188,0.024631,0.02322,0.022477,0.022087,0.021743,0.021442,0.021161,0.020847,0.020577,0.020352,0.020253,0.020163,0.020019,0.019959,0.019913,0.019873,0.019846,0.019829,0.019822,0.019828,0.019852,0.019898,0.019959,0.020038,0.020135,0.02025,0.020392,0.020544,0.020724,0.020924,0.021142,0.021379,0.021633,0.021905,0.02221,0.022459,0.022738,0.023027,0.023326,0.023636,0.023975,0.024704,0.025371,0.026128,0.026877,0.028728,0.029732,0.030222,0.03068,0.031105,0.031518,0.03194,0.032327,0.0327,0.033057,0.033398,0.033706,0.033998,0.034274,0.034534,0.034777,0.035003,0.0352,0.035393,0.035559,0.035711,0.035854,0.035981,0.036092,0.036187,0.036267,0.036332,0.036384,0.036421,0.036444,0.036452,0.036447,0.036432,0.036405,0.036364,0.036313,0.036249,0.036172,0.036005,0.03579,0.035567,0.034988,0.03469,0.034459,0.034246,0.03403,0.033816,0.033632,0.033192,0.032931,0.032781,0.032625,0.032463,0.03229,0.032014,0.0317,0.03135,0.030936,0.030435,0.029716,0.027169,0.026748,0.026422,0.026218,0.026048,0.025906,0.025793,0.025705,0.025645,0.02561,0.025599,0.025605,0.025621,0.025649,0.025685,0.025732,0.02579,0.025858,0.025933,0.026018,0.02612,0.026234,0.026351,0.026479,0.026627,0.026786,0.026946,0.027139,0.027344,0.027561,0.027791,0.028031,0.028297,0.028575,0.028878,0.029468,0.030156,0.030852,0.032712,0.033246,0.033712,0.034206,0.034655,0.035045,0.035402,0.035601,0.035786,0.035956,0.036101,0.036232,0.036347,0.036448,0.036527,0.036597,0.036647,0.036682,0.036702,0.036707,0.036697,0.036671,0.03663,0.036582,0.036528,0.036464,0.036385,0.036302,0.036201,0.03609,0.035968,0.035836,0.035695,0.035543,0.035382,0.035212,0.035018,0.034815,0.034603,0.034201,0.033757,0.033269,0.03272,0.03217,0.031563,0.029135,0.0281,0.02755,0.027055,0.026596,0.026154,0.025665,0.025205,0.024773,0.024385,0.024025,0.023693,0.023389,0.023103,0.022853,0.022627,0.022417,0.022224,0.022046,0.021884,0.021726,0.021574,0.021348,0.020759,0.020548,0.020048,0.019913,0.019804,0.019668,0.019575,0.01952,0.019502,0.019507,0.019525,0.019553,0.019594,0.019646,0.019709,0.019787,0.019877,0.020078,0.020334,0.020618,0.021398,0.021617,0.021795,0.021975,0.022112,0.022207,0.02224,0.022264,0.022279,0.022283,0.022276,0.022259,0.022231,0.022191,0.022141,0.022081,0.021958,0.021796,0.021626,0.021207,0.021012,0.020924,0.020853,0.020794,0.020748,0.02071,0.020686,0.020677,0.020683,0.020703,0.020738,0.020789,0.020856,0.02097,0.021112,0.021277,0.021477,0.021706,0.021964,0.022262,0.022588,0.022926,0.023302,0.023716,0.024166,0.024618,0.025136,0.027074,0.027872,0.028291,0.028664,0.029006,0.029334,0.0297,0.030028,0.03033,0.030595,0.030834,0.031046,0.031231,0.031383,0.0315,0.0316,0.031676,0.031733,0.031771,0.031789,0.031787,0.031766,0.031734,0.031688,0.031629,0.031553,0.031386,0.03104,0.030907,0.03078,0.030684,0.030602,0.030556,0.030543,0.030563,0.030613,0.030694,0.030807,0.030953,0.031097,0.031279,0.031877,0.032067,0.032235,0.032364,0.032467,0.032543,0.03259,0.032611,0.03261,0.032598,0.032574,0.032539,0.032493,0.032435,0.032365,0.032283,0.032188,0.032089,0.03197,0.031838,0.031695,0.031539,0.031371,0.031191,0.031013,0.030811,0.030598,0.030375,0.030141,0.029882,0.029613,0.029317,0.028754,0.028108,0.02746,0.025709,0.025204,0.02475,0.024258,0.023825,0.023432,0.023081,0.02288,0.022689,0.02251,0.022354,0.022197,0.022062,0.021938,0.021825,0.021724,0.021634,0.021557,0.021491,0.021437,0.021396,0.021366,0.02135,0.021347,0.021375,0.021434,0.021524,0.02165,0.021806,0.021993,0.022217,0.022469,0.022747,0.023061,0.023425,0.023794,0.024209,0.02584,0.026505,0.026859,0.027168,0.027448,0.027698,0.027974,0.028222,0.028432,0.028612,0.028761,0.028874,0.028956,0.029007,0.029023,0.029028,0.029022,0.029007,0.02898,0.028946,0.028899,0.028841,0.028774,0.028696,0.028609,0.028505,0.02839,0.028265,0.027987,0.027732,0.027443,0.027121,0.026753,0.026425,0.026043,0.024745,0.024255,0.023796,0.023386,0.022988,0.022644,0.022343,0.022073,0.021853,0.021664,0.021507,0.021383,0.021294,0.021234,0.021206,0.02121,0.021228,0.021261,0.021307,0.021366,0.021441,0.021528,0.021632,0.021748,0.021966,0.022237,0.02251,0.023207,0.023541,0.023839,0.023968,0.024082,0.024265,0.024406,0.024463,0.024509,0.024546,0.024571,0.024589,0.024594,0.024587,0.024566,0.024533,0.024486,0.024426,0.024354,0.024202,0.024005,0.023796,0.02327,0.023013,0.022898,0.0228,0.02272,0.022658,0.022608,0.02258,0.022574,0.022591,0.02263,0.022692,0.022777,0.022881,0.023006,0.02316,0.023337,0.023536,0.023766,0.024018,0.024302,0.024605,0.024879,0.025178,0.025501,0.025848,0.026526,0.02824,0.028707,0.029106,0.029528,0.029903,0.030233,0.03054,0.030841,0.031105,0.031338,0.031541,0.031712,0.031848,0.031953,0.032031,0.03207,0.03209,0.032092,0.032074,0.032037,0.031981,0.031906,0.031812,0.031715,0.031606,0.031478,0.031334,0.031023,0.030377,0.030112,0.029852,0.029636,0.029523,0.029424,0.029334,0.029254,0.029185,0.029129,0.029083,0.029047,0.029009,0.028998,0.029015,0.029059,0.029125,0.02922,0.029332,0.02967,0.029762,0.029833,0.029899,0.029938,0.029954,0.029945,0.029907,0.029837,0.029736,0.0296,0.02944,0.029243,0.029018,0.028367,0.02818,0.028024,0.02786,0.027732,0.027631,0.02756,0.02752,0.0275,0.027499,0.027518,0.027546,0.027589,0.027768,0.027831,0.02788,0.027907,0.027914,0.027907,0.027831,0.02783,0.027841,0.027874,0.027932,0.028013,0.028117,0.02825,0.028409,0.028598,0.028817,0.02905,0.029318,0.029621,0.029959,0.030287,0.030664,0.032002,0.032493,0.032743,0.032961,0.033158,0.033343,0.033545,0.033717,0.03386,0.03398,0.034072,0.03414,0.03418,0.034197,0.034195,0.034182,0.03416,0.034127,0.034085,0.034033,0.03397,0.033897,0.033815,0.033722,0.033619,0.033506,0.033383,0.03324,0.033098,0.032934,0.03276,0.032562,0.032367,0.032149,0.03192,0.031681,0.031143,0.030608,0.029973,0.029316,0.027551,0.027036,0.026572,0.026074,0.025619,0.025226,0.024876,0.024673,0.024494,0.024315,0.024161,0.024019,0.023889,0.023773,0.02367,0.023581,0.023506,0.023445,0.023401,0.023368,0.02335,0.023345,0.023353,0.023395,0.023473,0.023585,0.023731,0.023918,0.024139,0.024403,0.0247,0.024998,0.025334,0.025707,0.026117,0.026528,0.026988,0.028791,0.029521,0.029898,0.030246,0.030565,0.03087,0.031201,0.03151,0.031782,0.03202,0.032245,0.032436,0.032604,0.032748,0.032862,0.032959,0.033032,0.033083,0.033111,0.033118,0.033103,0.033067,0.033016,0.032949,0.032864,0.032757,0.03252,0.032012,0.031806,0.031619,0.031478,0.031413,0.031365,0.03133,0.03131,0.031306,0.031316,0.031342,0.031382,0.031437,0.031507,0.031593,0.031692,0.031813,0.031947,0.032096,0.032267,0.032588,0.03297,0.033356,0.034309,0.034766,0.034984,0.035172,0.035346,0.035497,0.03564,0.035764,0.035869,0.03595,0.036011,0.036051,0.03607,0.036068,0.036042,0.035992,0.035919,0.035816,0.035689,0.035537,0.035354,0.035147,0.034928,0.034691,0.034427,0.034134,0.03384,0.033496,0.032212,0.031693,0.031425,0.031179,0.030955,0.030753,0.030521,0.030317,0.030131,0.029972,0.029831,0.029708,0.029605,0.029522,0.029458,0.029414,0.02939,0.029384,0.029398,0.029432,0.029484,0.029556,0.029628,0.029715,0.029818,0.029936,0.030175,0.030781,0.030932,0.031055,0.031175,0.03127,0.031348,0.031404,0.031443,0.031458,0.031449,0.031417,0.031361,0.031279,0.031171,0.031045,0.030903,0.030731,0.030546,0.03033,0.030092,0.029834,0.029541,0.02923,0.028948,0.028638,0.028316,0.027948,0.02726,0.025573,0.025123,0.024739,0.024336,0.023986,0.02367,0.023376,0.02308,0.022827,0.022603,0.02242,0.022268,0.022147,0.022059,0.022007,0.021985,0.021999,0.022051,0.022138,0.022261,0.022426,0.022627,0.02286,0.023112,0.02339,0.023704,0.02407,0.024426,0.024844,0.026381,0.026997,0.027308,0.027591,0.027847,0.028088,0.02835,0.028589,0.028792,0.028962,0.029108,0.029228,0.029323,0.029388,0.029418,0.029436,0.029445,0.029443,0.029433,0.02941,0.02938,0.029336,0.029287,0.029223,0.029155,0.029071,0.028977,0.028873,0.028636,0.028377,0.028074,0.027727,0.027338,0.02694,0.026491,0.026027,0.024756,0.024382,0.024052,0.023686,0.023369,0.023084,0.022831,0.02254,0.022291,0.022086,0.021912,0.021774,0.021674,0.021608,0.021575,0.021577,0.021615,0.021685,0.021793,0.021936,0.022113,0.02233,0.02259,0.022831,0.023092,0.023383,0.023706,0.024012,0.024359,0.02551,0.025941,0.026342,0.026695,0.027039,0.027331,0.027595,0.027819,0.028011,0.028169,0.028291,0.028373,0.028418,0.028427,0.028418,0.028398,0.028371,0.028331,0.028281,0.02822,0.028141,0.028059,0.027966,0.027863,0.02775,0.027616,0.027482,0.027326,0.027159,0.026981,0.026792,0.026594,0.026387,0.026152,0.025751,0.025326,0.024859,0.024328,0.023847,0.023309,0.021442,0.020757,0.020091,0.019516,0.018928,0.018416,0.017959,0.017737,0.017542,0.017341,0.017153,0.016976,0.016825,0.016684,0.016545,0.016419,0.016314,0.016215,0.016135,0.016067,0.016011,0.015967,0.015935,0.015915,0.015906,0.015917,0.015953,0.016014,0.016104,0.01622,0.01636,0.016533,0.016729,0.016946,0.017196,0.017465,0.017778,0.018092,0.018463,0.019924,0.020535,0.020862,0.021147,0.021405,0.021647,0.021905,0.022139,0.022347,0.02252,0.022667,0.022788,0.022881,0.022945,0.022982,0.022999,0.022994,0.022969,0.022923,0.022855,0.022766,0.022654,0.022535,0.022396,0.022235,0.022054,0.021652,0.020785,0.020424,0.020074,0.019924,0.019785,0.019639,0.019508,0.019395,0.019303,0.019228,0.019169,0.019128,0.019104,0.019096,0.019099,0.019112,0.019137,0.019173,0.019219,0.019277,0.019348,0.019486,0.019662,0.01985,0.020367,0.02064,0.02077,0.020878,0.020974,0.021056,0.021119,0.021171,0.021213,0.021247,0.021281,0.021323,0.021347,0.021381,0.021434,0.021507,0.021597,0.021711,0.021839,0.021985,0.02216,0.022353,0.022568,0.022816,0.023089,0.023384,0.023652,0.023935,0.024243,0.024592,0.025263,0.026817,0.027207,0.027544,0.027879,0.028183,0.028445,0.028688,0.028919,0.029116,0.029289,0.02943,0.029547,0.029638,0.029702,0.029741,0.029753,0.029738,0.029697,0.029627,0.029531,0.029408,0.029255,0.029069,0.028894,0.028694,0.028469,0.028208,0.027685,0.026645,0.026234,0.025823,0.025483,0.025297,0.025133,0.024981,0.024842,0.024723,0.024616,0.024523,0.024443,0.02437,0.024314,0.024275,0.024252,0.024245,0.024255,0.024281,0.024322,0.024374,0.024442,0.024525,0.024623,0.024842,0.025311,0.025494,0.025666,0.025798,0.02586,0.025909,0.025946,0.025968,0.025978,0.025974,0.025957,0.025927,0.025882,0.025823,0.02575,0.025663,0.025563,0.025445,0.025313,0.025168,0.02489,0.024557,0.02422,0.023412,0.023028,0.022848,0.022695,0.02256,0.022435,0.022321,0.022221,0.022134,0.022066,0.022011,0.021973,0.021947,0.021937,0.02195,0.021998,0.022082,0.022201,0.022355,0.022551,0.022781,0.023056,0.023304,0.023583,0.023896,0.02424,0.024556,0.024927,0.026147,0.026582,0.026989,0.02735,0.027702,0.028003,0.028267,0.028502,0.028699,0.028866,0.028996,0.029095,0.029164,0.029201,0.029206,0.02918,0.029135,0.029065,0.028973,0.028858,0.028723,0.028559,0.028364,0.028149,0.027949,0.027737,0.027501,0.027242,0.02674,0.02548,0.025144,0.02486,0.024567,0.024317,0.024098,0.023901,0.023719,0.023566,0.023443,0.023356,0.023299,0.023275,0.023281,0.023317,0.023353,0.023396,0.023453,0.023521,0.023599,0.023689,0.023789,0.023899,0.024019,0.02415,0.02429,0.024453,0.024626,0.02481,0.025004,0.025207,0.025571,0.025959,0.026386,0.026871,0.027314,0.027809,0.029518,0.030143,0.03075,0.031295,0.03183,0.032296,0.032711,0.033077,0.033253,0.033419,0.033575,0.033709,0.033834,0.033959,0.034064,0.03416,0.034247,0.034323,0.034395,0.034452,0.034499,0.034536,0.034564,0.034583,0.034592,0.034578,0.034539,0.034478,0.034395,0.034286,0.03415,0.033993,0.033843,0.033681,0.033499,0.033287,0.03287,0.032032,0.031688,0.03135,0.03105,0.030749,0.030488,0.030267,0.030078,0.029927,0.029806,0.029711,0.029642,0.029599,0.029574,0.029565,0.029561,0.029547,0.029524,0.029478,0.029414,0.02933,0.029222,0.029076,0.0289,0.028689,0.028442,0.028202,0.02792,0.026945,0.026605,0.026437,0.026287,0.026154,0.026039,0.025915,0.025815,0.025739,0.025682,0.025646,0.025632,0.02564,0.025668,0.025737,0.025839,0.025975,0.026147,0.026355,0.026597,0.026874,0.027198,0.027573,0.027999,0.028459,0.028988,0.029527,0.030151,0.030772,0.032443,0.032931,0.033366,0.033844,0.034262,0.034639,0.03499,0.035194,0.035372,0.03554,0.035697,0.035843,0.035966,0.036089,0.03619,0.036281,0.03636,0.036428,0.036484,0.036529,0.036561,0.03658,0.036587,0.03658,0.036548,0.036498,0.03642,0.036325,0.0362,0.036062,0.035891,0.03571,0.035493,0.035254,0.034992,0.034709,0.034404,0.034079,0.033711,0.033396,0.033068,0.032728,0.032375,0.031983,0.031579,0.031163,0.030707,0.029893,0.02899,0.028102,0.02591,0.024768,0.024194,0.023694,0.023205,0.022759,0.022296,0.021849,0.021419,0.021032,0.020663,0.020334,0.02,0.019705,0.019429,0.01917,0.01893,0.018724,0.018522,0.018351,0.018197,0.018051,0.017925,0.017827,0.017745,0.017677,0.017632,0.017602,0.017593,0.017601,0.017619,0.017646,0.017683,0.017734,0.01779,0.017861,0.018027,0.018129,0.01824,0.018489,0.018787,0.019133,0.019446,0.01978,0.020149,0.020571,0.020951,0.021379,0.022911,0.0235,0.024071,0.024565,0.025069,0.025523,0.025927,0.026283,0.026603,0.026749,0.026885,0.027121,0.027229,0.027327,0.027416,0.027495,0.027564,0.027624,0.027715,0.02777,0.027786,0.02779,0.027784,0.027765,0.027736,0.027694,0.027642,0.027579,0.027429,0.027235,0.027011,0.026514,0.026303,0.026097,0.025933,0.025769,0.025703,0.025646,0.025599,0.025564,0.025522,0.025517,0.025548,0.025617,0.025723,0.025839,0.025985,0.026535,0.026726,0.026889,0.026951,0.027003,0.027047,0.027077,0.027093,0.027095,0.027083,0.027057,0.027017,0.026965,0.026897,0.026809,0.026706,0.026588,0.026455,0.0263,0.026131,0.025949,0.025584,0.025147,0.024693,0.023543,0.023225,0.022948,0.022662,0.022406,0.022182,0.021998,0.021899,0.021815,0.021736,0.021671,0.021617,0.021573,0.021539,0.021516,0.021505,0.021504,0.021513,0.021534,0.021565,0.021605,0.021656,0.021722,0.021794,0.021877,0.021976,0.02208,0.022193,0.022326,0.022469,0.022624,0.022789,0.022965,0.02315,0.023346,0.023565,0.023794,0.024033,0.024282,0.024728,0.025197,0.025722,0.026303,0.026811,0.027405,0.029375,0.030087,0.030763,0.031345,0.031935,0.032459,0.032932,0.03334,0.033542,0.033733,0.033912,0.034068,0.034221,0.034353,0.034473,0.03458,0.034674,0.03475,0.034818,0.034869,0.03491,0.034935,0.034948,0.034948,0.034932,0.034901,0.034852,0.034786,0.034703,0.034602,0.034484,0.03435,0.034198,0.03403,0.033846,0.033632,0.033415,0.033167,0.032919,0.032639,0.032379,0.032108,0.031825,0.031512,0.031188,0.030853,0.030486,0.030109,0.029399,0.028569,0.027742,0.025603,0.024975,0.024429,0.023829,0.02327,0.022776,0.022304,0.02178,0.021309,0.020892,0.02051,0.020327,0.020167,0.019874,0.019742,0.019619,0.019506,0.019403,0.019309,0.019224,0.01915,0.019085,0.01903,0.018984,0.018945,0.018918,0.018901,0.018893,0.018906,0.018927,0.018958,0.019046,0.019158,0.019303,0.01948,0.019689,0.019901,0.020154,0.021126,0.021511,0.021699,0.021867,0.022013,0.022145,0.022278,0.022387,0.022469,0.022526,0.022557,0.022563,0.022544,0.0225,0.022431,0.022336,0.022217,0.022073,0.021898,0.021697,0.021474,0.021217,0.020988,0.020733,0.020452,0.020143,0.019542,0.018106,0.017741,0.017431,0.017123,0.016845,0.016599,0.016384,0.016189,0.016016,0.015868,0.015751,0.015659,0.015592,0.015551,0.015538,0.015544,0.015563,0.015595,0.015641,0.015701,0.015774,0.01586,0.01596,0.016073,0.016199,0.016339,0.016491,0.016669,0.016847,0.017037,0.017255,0.017486,0.017729,0.017985,0.018252,0.01853,0.018839,0.019158,0.01951,0.020197,0.020961,0.021771,0.024038,0.024694,0.025286,0.025947,0.026533,0.027065,0.027543,0.027813,0.028069,0.028311,0.028538,0.028751,0.028935,0.029105,0.029262,0.029414,0.029541,0.029653,0.029751,0.029834,0.029903,0.029957,0.03,0.030031,0.030035,0.030008,0.029952,0.029865,0.029749,0.0296,0.029424,0.029243,0.029044,0.028819,0.028557,0.028305,0.028019,0.026899,0.026444,0.025991,0.025617,0.025417,0.025231,0.025068,0.024921,0.024789,0.024679,0.024579,0.0245,0.024436,0.024384,0.02435,0.024331,0.024327,0.02434,0.024368,0.024413,0.024467,0.024535,0.024618,0.024715,0.024935,0.02541,0.0256,0.025778,0.025914,0.025979,0.026032,0.026072,0.0261,0.026115,0.026117,0.026107,0.026085,0.026051,0.026002,0.025943,0.025868,0.025781,0.025677,0.025561,0.025432,0.025182,0.024882,0.024578,0.023844,0.023493,0.023325,0.023183,0.023057,0.022942,0.022835,0.022747,0.022674,0.022619,0.022579,0.022555,0.022547,0.022555,0.022574,0.022604,0.022644,0.022696,0.022755,0.022828,0.022913,0.023009,0.023116,0.023234,0.023363,0.023502,0.023652,0.023822,0.024003,0.024195,0.024528,0.024899,0.025322,0.025785,0.026201,0.026679,0.028285,0.028868,0.029433,0.029927,0.030408,0.030839,0.031209,0.03153,0.031682,0.031822,0.031952,0.032063,0.032171,0.03226,0.03234,0.032408,0.032466,0.032513,0.03255,0.032575,0.032589,0.032593,0.032585,0.032565,0.032504,0.032406,0.032272,0.032104,0.031896,0.031655,0.031374,0.031051,0.030762,0.030442,0.030092,0.029699,0.028935,0.027491,0.026937,0.026385,0.025911,0.025424,0.024984,0.024603,0.024269,0.024103,0.023947,0.023804,0.023679,0.023559,0.023457,0.023361,0.023282,0.023213,0.023153,0.023107,0.023071,0.023046,0.023033,0.023032,0.023042,0.023071,0.02312,0.023186,0.023272,0.02338,0.023504,0.02365,0.023822,0.024132,0.024516,0.024924,0.026127,0.026497,0.026829,0.027182,0.027497,0.027787,0.028057,0.0283,0.028532,0.028761,0.028999,0.029282,0.029654,0.030122,0.030414,0.030568,0.0307,0.03081,0.030903,0.030981,0.031043,0.03109,0.031124,0.031142,0.031149,0.031144,0.031128,0.031074,0.030901,0.03087,0.030859,0.030873,0.030917,0.030993,0.031102,0.031178,0.031262,0.031356,0.031465,0.031584,0.031715,0.031861,0.032017,0.032302,0.032644,0.032983,0.033805,0.034195,0.034543,0.034829,0.034963,0.03508,0.035184,0.035273,0.03535,0.035414,0.035466,0.035503,0.035529,0.035543,0.035546,0.035537,0.035517,0.035485,0.035441,0.035384,0.035269,0.035113,0.034951,0.034538,0.034346,0.03419,0.03413,0.034082,0.034044,0.034017,0.034001,0.033997,0.034004,0.034023,0.034053,0.034095,0.034197,0.034333,0.034507,0.034727,0.034939,0.035195,0.03607,0.036372,0.03665,0.03687,0.036971,0.037063,0.037139,0.037205,0.037259,0.037299,0.037329,0.037347,0.03735,0.037321,0.037259,0.037162,0.037032,0.036865,0.036667,0.036427,0.036203,0.035945,0.035661,0.035335,0.034711,0.033095,0.032658,0.032263,0.031917,0.031592,0.031279,0.030962,0.030499,0.030009,0.028331,0.026979,0.026554,0.026182,0.025867,0.025589,0.025344,0.025186,0.025041,0.024912,0.024794,0.024688,0.024591,0.024507,0.024431,0.024331,0.024249,0.024189,0.024066,0.023979,0.023923,0.023859,0.023786,0.023703,0.023548,0.023357,0.02316,0.022714,0.022529,0.022381,0.022269,0.022218,0.022178,0.02215,0.022133,0.022128,0.022135,0.022152,0.022182,0.022223,0.022277,0.02234,0.022417,0.022507,0.022608,0.022721,0.022845,0.023068,0.02333,0.023626,0.023971,0.02433,0.024742,0.025205,0.02672,0.027211,0.027659,0.028154,0.028615,0.029057,0.029472,0.02972,0.029964,0.030198,0.030416,0.030619,0.030811,0.030987,0.031143,0.031283,0.031403,0.031508,0.031601,0.031675,0.031737,0.031783,0.031816,0.031837,0.031827,0.031783,0.031705,0.031594,0.031448,0.031268,0.031052,0.030801,0.03051,0.030177,0.029803,0.029423,0.02899,0.028552,0.027402,0.026795,0.026487,0.026217,0.025975,0.02576,0.02553,0.025332,0.025175,0.025057,0.024975,0.024931,0.024923,0.02495,0.025014,0.025111,0.025241,0.025411,0.025615,0.025852,0.026132,0.026454,0.02677,0.027108,0.027494,0.02793,0.028353,0.028821,0.030697,0.031465,0.031873,0.032254,0.032593,0.032918,0.033278,0.033616,0.033921,0.034203,0.034462,0.034699,0.034914,0.035107,0.035319,0.035506,0.035668,0.035809,0.035918,0.036017,0.036105,0.036338,0.036422,0.036508,0.036622,0.036747,0.036885,0.03704,0.037208,0.037391,0.037602,0.037834,0.038283,0.039383,0.039664,0.039904,0.040139,0.040342,0.040519,0.040676,0.040802,0.040911,0.041007,0.041092,0.041212,0.041434,0.041507,0.041585,0.041682,0.041797,0.041928,0.042076,0.042292,0.042542,0.042833,0.043165,0.043482,0.043855,0.044225,0.045106,0.045544,0.045756,0.04595,0.046125,0.046282,0.046453,0.046599,0.046721,0.046824,0.046908,0.046968,0.047008,0.047028,0.047022,0.046982,0.046906,0.046792,0.04664,0.046453,0.046225,0.045953,0.0457,0.045426,0.04511,0.044751,0.044426,0.044052,0.042685,0.042151,0.041615,0.041159,0.040918,0.040688,0.040482,0.040289,0.04011,0.039952,0.039808,0.039676,0.039553,0.039449,0.039354,0.039273,0.039206,0.039152,0.03911,0.03908,0.039063,0.039057,0.039063,0.03908,0.039144,0.039323,0.039388,0.03943,0.039437,0.039434,0.039417,0.039385,0.039338,0.039276,0.0392,0.039105,0.038994,0.038866,0.038752,0.038627,0.038493,0.038343,0.038007,0.037611,0.037259,0.036853,0.035269,0.034587,0.034235,0.033903,0.033581,0.033261,0.032833,0.032374,0.030804,0.029406,0.028933,0.028513,0.028173,0.027899,0.027781,0.027674,0.027582,0.0275,0.02743,0.027374,0.027329,0.027298,0.027276,0.027267,0.027271,0.027293,0.027335,0.027395,0.027473,0.027569,0.027685,0.027824,0.027956,0.028105,0.028271,0.028454,0.028827,0.029851,0.030146,0.030394,0.030649,0.030861,0.031041,0.031184,0.031287,0.031362,0.031413,0.031441,0.031446,0.031435,0.031327,0.031304,0.031307,0.031325,0.031357,0.031403,0.031466,0.031544,0.03164,0.031754,0.031993,0.032566,0.032693,0.032796,0.032887,0.032956,0.033004,0.033032,0.033039,0.033022,0.032981,0.032918,0.032827,0.032716,0.032577,0.032408,0.03225,0.032078,0.031883,0.031659,0.031223,0.030188,0.02994,0.029731,0.029528,0.029358,0.029212,0.029092,0.028986,0.028905,0.028851,0.028822,0.028819,0.028842,0.028891,0.028965,0.02903,0.029101,0.029183,0.029282,0.029385,0.029507,0.029642,0.029777,0.029923,0.030091,0.03027,0.03046,0.030661,0.030872,0.031093,0.03134,0.031758,0.032218,0.032722,0.033289,0.03379,0.034368,0.036316,0.037051,0.037744,0.038351,0.038966,0.039506,0.039762,0.039991,0.040226,0.040434,0.040646,0.040846,0.041032,0.041195,0.041356,0.041494,0.04162,0.041742,0.041843,0.041938,0.042014,0.042082,0.042133,0.042175,0.042202,0.042218,0.04222,0.042206,0.042174,0.042126,0.042062,0.041979,0.04188,0.041761,0.041635,0.041498,0.041342,0.04116,0.040771,0.039942,0.039598,0.03925,0.038965,0.038812,0.038678,0.038556,0.038454,0.03836,0.038283,0.038221,0.038171,0.038137,0.038114,0.038103,0.038106,0.03812,0.038147,0.038186,0.038239,0.03835,0.038502,0.038665,0.039091,0.039293,0.039386,0.039459,0.039518,0.039561,0.039593,0.039608,0.039604,0.039583,0.039544,0.039486,0.039414,0.039321,0.039224,0.039114,0.038991,0.038848,0.038692,0.038523,0.038334,0.038134,0.03771,0.037212,0.036644,0.035417,0.034885,0.034332,0.033847,0.033575,0.033323,0.033083,0.032863,0.032645,0.03244,0.032247,0.032064,0.031846,0.031646,0.031456,0.031274,0.031108,0.03095,0.030804,0.030672,0.03055,0.030446,0.030356,0.030284,0.030227,0.030186,0.030162,0.030153,0.030162,0.03019,0.030235,0.030301,0.030379,0.030479,0.030882,0.031028,0.031095,0.031145,0.03118,0.031202,0.031208,0.03119,0.031149,0.031082,0.031003,0.030901,0.030511,0.030382,0.030325,0.030281,0.03025,0.03023,0.030223,0.030235,0.030269,0.030322,0.030396,0.030491,0.03061,0.030747,0.030849,0.030961,0.031083,0.031215,0.031357,0.03151,0.031673,0.031847,0.032031,0.032225,0.032429,0.032642,0.032866,0.033114,0.033373,0.033642,0.034117,0.034616,0.035157,0.03576,0.036297,0.03691,0.038979,0.039725,0.040452,0.041094,0.041726,0.042304,0.042809,0.043047,0.043274,0.043505,0.043723,0.043927,0.044118,0.044295,0.044447,0.044587,0.044714,0.044827,0.044926,0.045013,0.045085,0.045144,0.045189,0.045223,0.04524,0.045244,0.045238,0.045221,0.045193,0.045154,0.045104,0.045043,0.044972,0.044891,0.044793,0.044692,0.044574,0.044447,0.044309,0.043997,0.043721,0.0434,0.043047,0.042649,0.04229,0.04188,0.04043,0.039858,0.039318,0.038841,0.038364,0.037932,0.037556,0.037214,0.036925,0.036677,0.036462,0.036285,0.036135,0.036018,0.035935,0.035884,0.035865,0.035875,0.035916,0.035985,0.036086,0.036214,0.036374,0.036567,0.036778,0.037026,0.037303,0.037626,0.037942,0.038298,0.039643,0.040156,0.040413,0.04065,0.040867,0.041055,0.041267,0.04145,0.041604,0.041729,0.041829,0.0419,0.041947,0.041966,0.041962,0.041934,0.041882,0.041808,0.041711,0.041587,0.041441,0.041273,0.0411,0.040903,0.040682,0.040439,0.040201,0.039927,0.038917,0.038525,0.038137,0.037815,0.037641,0.037488,0.037355,0.037235,0.03713,0.037044,0.036969,0.036912,0.036865,0.036838,0.036831,0.036844,0.036876,0.03693,0.037003,0.037099,0.037204,0.037324,0.037468,0.037632,0.037987,0.038701,0.038988,0.039259,0.039481,0.039593,0.039691,0.039771,0.039836,0.039884,0.039918,0.039936,0.03994,0.039929,0.0399,0.039858,0.039797,0.039721,0.039629,0.039523,0.039397,0.039149,0.038845,0.038532,0.037766,0.037407,0.037242,0.037103,0.036983,0.036876,0.03678,0.036705,0.036647,0.036609,0.036588,0.036585,0.036602,0.036638,0.036715,0.036821,0.036966,0.037146,0.037359,0.037605,0.037894,0.038213,0.038507,0.038833,0.039194,0.039587,0.039945,0.040346,0.041697,0.042187,0.042647,0.043041,0.043431,0.043783,0.044095,0.044367,0.044612,0.044826,0.045007,0.045149,0.045257,0.045329,0.045371,0.045378,0.045365,0.045341,0.045301,0.04525,0.045188,0.045106,0.045019,0.044911,0.044798,0.044665,0.044518,0.044359,0.044188,0.043991,0.043796,0.043576,0.043199,0.042778,0.042314,0.041788,0.0413,0.040759,0.038869,0.038161,0.037474,0.036873,0.036567,0.036271,0.036001,0.035742,0.035494,0.035271,0.035059,0.034857,0.034666,0.034485,0.034316,0.034169,0.034021,0.033885,0.033769,0.033654,0.033551,0.033459,0.033378,0.033307,0.033246,0.033193,0.033152,0.033119,0.033085,0.033079,0.033102,0.033154,0.033221,0.03331,0.033722,0.033884,0.033957,0.034012,0.034053,0.034079,0.034091,0.034089,0.034073,0.034045,0.033967,0.033738,0.033691,0.033662,0.033651,0.033664,0.033701,0.033763,0.033863,0.033996,0.034166,0.034377,0.03458,0.03482,0.035649,0.03593,0.036181,0.036384,0.036479,0.036558,0.036626,0.036682,0.036723,0.036751,0.036767,0.03677,0.036757,0.036724,0.036671,0.036599,0.036508,0.036393,0.036259,0.036107,0.035961,0.035803,0.035626,0.035423,0.035037,0.034087,0.033855,0.033651,0.033452,0.033276,0.033123,0.032994,0.032879,0.032785,0.032715,0.032671,0.032651,0.032655,0.032682,0.032733,0.032825,0.032956,0.033125,0.033329,0.033568,0.033852,0.03417,0.034533,0.034855,0.035211,0.035601,0.036041,0.036445,0.036894,0.038412,0.038987,0.039529,0.040018,0.040497,0.040931,0.041305,0.041647,0.041815,0.041963,0.042111,0.042238,0.042356,0.042463,0.042559,0.042646,0.042721,0.042786,0.04284,0.042882,0.042915,0.042936,0.042946,0.042946,0.042936,0.042915,0.042887,0.042847,0.042796,0.042736,0.042588,0.042396,0.04216,0.041889,0.041566,0.041291,0.040975,0.04063,0.04023,0.039473,0.038009,0.037404,0.036804,0.036278,0.035743,0.035263,0.034827,0.034425,0.034074,0.033764,0.033485,0.033237,0.033019,0.032833,0.032674,0.032551,0.032493,0.032446,0.03241,0.032384,0.032369,0.032364,0.032369,0.032385,0.032412,0.03245,0.032496,0.032555,0.032621,0.032701,0.032791,0.032892,0.033102,0.03335,0.033638,0.033971,0.034298,0.03467,0.035049,0.035994,0.036479,0.036721,0.036942,0.037134,0.037305,0.037496,0.037651,0.037778,0.03788,0.037956,0.038004,0.038025,0.03802,0.037997,0.037955,0.037896,0.03782,0.037727,0.037612,0.03748,0.037325,0.037154,0.036968,0.036751,0.036512,0.036269,0.035999,0.034926,0.034489,0.034061,0.033883,0.033716,0.033531,0.033363,0.03322,0.033095,0.032994,0.032912,0.032848,0.032804,0.03278,0.032775,0.032789,0.032822,0.032876,0.032949,0.033043,0.033156,0.033263,0.033387,0.033527,0.033683,0.033996,0.034765,0.034965,0.035134,0.035302,0.035443,0.035562,0.03566,0.035743,0.035805,0.035845,0.035861,0.035856,0.035828,0.03578,0.035707,0.035629,0.035536,0.035428,0.035306,0.035162,0.035003,0.034822,0.034628,0.034263,0.033826,0.033386,0.032327,0.03181,0.031557,0.031337,0.03114,0.030965,0.030792,0.030638,0.030512,0.030411,0.03033,0.030273,0.030236,0.030221,0.030223,0.030238,0.030263,0.030298,0.030345,0.030407,0.030476,0.030557,0.030648,0.03075,0.030863,0.030996,0.031131,0.031287,0.031454,0.031633,0.031823,0.032037,0.032248,0.032483,0.032729,0.033002,0.033284,0.033576,0.034167,0.03484,0.035555,0.037435,0.037989,0.038472,0.039008,0.039482,0.039911,0.040281,0.040501,0.040697,0.040879,0.04105,0.041207,0.041341,0.04147,0.041578,0.041673,0.041754,0.041821,0.041874,0.04191,0.041935,0.041945,0.041941,0.041918,0.041878,0.041817,0.04174,0.041646,0.041526,0.041386,0.041226,0.041058,0.04086,0.040642,0.040405,0.04015,0.039876,0.039585,0.039256,0.03893,0.038565,0.038183,0.037761,0.037321,0.036865,0.036393,0.03588,0.035381,0.034842,0.034292,0.033673,0.032439,0.030024,0.029023,0.028011,0.027113,0.026605,0.026108,0.025651,0.025231,0.024824,0.024429,0.024047,0.023701,0.023282,0.022904,0.022526,0.02219,0.021875,0.021581,0.021324,0.021073,0.020845,0.02064,0.020457,0.020306,0.020175,0.020058,0.019963,0.01989,0.019828,0.0198,0.019805,0.019844,0.019915,0.020021,0.020164,0.020336,0.020511,0.020704,0.020932,0.021187,0.021434,0.021712,0.022785,0.023216,0.023645,0.024012,0.024202,0.02438,0.024537,0.02468,0.024809,0.024919,0.025016,0.025103,0.025173,0.025229,0.025272,0.025304,0.025322,0.025328,0.025321,0.025301,0.025272,0.025231,0.025114,0.02496,0.02462,0.024484,0.024361,0.024272,0.024233,0.024206,0.02419,0.024187,0.024195,0.024214,0.024246,0.024288,0.024342,0.024407,0.024483,0.024574,0.024676,0.024789,0.024918,0.025064,0.025335,0.025658,0.025992,0.026905,0.027167,0.02739,0.027628,0.027842,0.028032,0.028198,0.028367,0.028509,0.028626,0.028718,0.028788,0.028836,0.028862,0.028868,0.028847,0.028796,0.028649,0.028505,0.028454,0.0284,0.028349,0.028289,0.028222,0.028149,0.028065,0.027971,0.027866,0.027751,0.027624,0.027483,0.027329,0.027161,0.026979,0.026784,0.026567,0.026337,0.02591,0.025422,0.02493,0.023781,0.023236,0.022977,0.022749,0.022543,0.02235,0.022157,0.021989,0.021841,0.021718,0.021615,0.021536,0.021474,0.021435,0.021416,0.021423,0.021456,0.021515,0.0216,0.021713,0.021852,0.02202,0.022182,0.022358,0.022557,0.022786,0.023227,0.024315,0.024585,0.024824,0.025054,0.02525,0.025418,0.025559,0.025683,0.025779,0.025849,0.025892,0.025911,0.025903,0.02587,0.025812,0.025736,0.02564,0.025523,0.025386,0.025223,0.02504,0.024829,0.024599,0.024396,0.024172,0.023925,0.023644,0.023122,0.021816,0.021475,0.021182,0.02088,0.020617,0.020382,0.020166,0.019962,0.01979,0.019643,0.01952,0.019424,0.019358,0.019317,0.019303,0.019308,0.019323,0.019349,0.019386,0.019434,0.019492,0.01956,0.019639,0.019727,0.019833,0.019942,0.020068,0.020205,0.020352,0.020674,0.020968,0.021296,0.021673,0.022083,0.022465,0.022889,0.024376,0.02494,0.025502,0.025981,0.026461,0.026893,0.027277,0.027613,0.027772,0.027912,0.028164,0.02838,0.028473,0.028563,0.028638,0.028707,0.028767,0.028818,0.028891,0.02893,0.028937,0.028926,0.028894,0.028842,0.028775,0.028684,0.02823,0.028129,0.028046,0.027965,0.027907,0.027867,0.027847,0.027847,0.027866,0.027902,0.027959,0.028022,0.028102,0.028413,0.02853,0.028628,0.028694,0.028718,0.028732,0.028735,0.028727,0.028708,0.028679,0.02864,0.028589,0.028526,0.028453,0.02837,0.028273,0.028163,0.028043,0.027762,0.027452,0.027085,0.026679,0.025521,0.025183,0.024893,0.024583,0.024317,0.024096,0.023911,0.023773,0.023661,0.023576,0.023514,0.02348,0.023459,0.023446,0.023426,0.023403,0.02337,0.023329,0.023277,0.023211,0.023131,0.023035,0.022925,0.022696,0.02213,0.021997,0.02189,0.021793,0.021727,0.021694,0.021693,0.021717,0.021763,0.021832,0.021923,0.022036,0.022177,0.02234,0.022526,0.02272,0.022931,0.023172,0.023445,0.023706,0.024003,0.025091,0.025519,0.02594,0.026296,0.026487,0.026656,0.026805,0.02694,0.027058,0.027157,0.02724,0.027307,0.027364,0.027399,0.027412,0.027402,0.027369,0.027313,0.027236,0.027136,0.027015,0.026866,0.026693,0.026497,0.026293,0.026051,0.025086,0.024695,0.024498,0.024319,0.024164,0.024028,0.023883,0.023765,0.02367,0.023603,0.02356,0.023542,0.02355,0.023581,0.023621,0.023677,0.023747,0.02383,0.023928,0.024042,0.02417,0.024317,0.024475,0.024645,0.024832,0.025042,0.025487,0.026395,0.026759,0.027125,0.027435,0.027599,0.027751,0.027884,0.028,0.028103,0.028189,0.028266,0.028326,0.028374,0.028408,0.028428,0.028434,0.028426,0.028403,0.028367,0.028317,0.028206,0.02805,0.027882,0.02746,0.027271,0.027192,0.027125,0.027075,0.027035,0.027007,0.026994,0.026995,0.027011,0.027041,0.027085,0.027142,0.027216,0.027293,0.027382,0.027481,0.027592,0.027719,0.027858,0.028006,0.028173,0.028483,0.028852,0.029222,0.030112,0.030556,0.030769,0.030962,0.031135,0.031288,0.031444,0.031576,0.031688,0.031775,0.031841,0.031884,0.031907,0.03191,0.031885,0.031833,0.031754,0.031642,0.031502,0.031335,0.031133,0.030905,0.030692,0.030453,0.030187,0.029896,0.029328,0.027932,0.027579,0.027276,0.02697,0.026706,0.026475,0.026275,0.026095,0.025948,0.025831,0.025743,0.025685,0.02566,0.025664,0.025699,0.025746,0.025816,0.025904,0.026012,0.026138,0.026288,0.026457,0.026642,0.026843,0.027057,0.027296,0.027569,0.028147,0.029316,0.029807,0.030296,0.030705,0.030924,0.031127,0.031306,0.03147,0.031616,0.03174,0.031853,0.031944,0.032018,0.032078,0.032121,0.032147,0.032155,0.032147,0.032122,0.032082,0.032035,0.03198,0.031828,0.031657,0.03121,0.031101,0.031014,0.030932,0.030869,0.030825,0.030801,0.030795,0.030814,0.030857,0.030921,0.03101,0.031124,0.031264,0.03143,0.031632,0.031863,0.032123,0.03241,0.032739,0.033097,0.033481,0.033907,0.034285,0.034697,0.035145,0.035627,0.036585,0.038293,0.038927,0.039547,0.040107,0.040681,0.041204,0.041675,0.042078,0.042295,0.042499,0.042689,0.042855,0.043019,0.04316,0.043287,0.043401,0.043502,0.043589,0.043663,0.043723,0.043769,0.043801,0.043819,0.043823,0.043801,0.043746,0.043658,0.043531,0.04337,0.043177,0.042953,0.042688,0.042381,0.042032,0.04164,0.041206,0.04075,0.040224,0.039684,0.038111,0.037646,0.037226,0.036773,0.036356,0.035978,0.035637,0.035445,0.035262,0.035089,0.034936,0.034783,0.03465,0.034527,0.034413,0.03431,0.034216,0.034132,0.034059,0.033996,0.033943,0.033901,0.033868,0.033837,0.033831,0.033851,0.033896,0.033965,0.034061,0.034187,0.034335,0.034498,0.034678,0.034891,0.035128,0.03537,0.035651,0.036751,0.03721,0.037451,0.037664,0.037856,0.038029,0.038225,0.038394,0.038538,0.038662,0.038765,0.038845,0.038904,0.038943,0.038963,0.038961,0.038939,0.038895,0.038831,0.038748,0.038641,0.038514,0.038371,0.038198,0.038009,0.03779,0.037566,0.037307,0.036252,0.03582,0.035598,0.035394,0.035217,0.035058,0.03488,0.034729,0.034603,0.034499,0.034417,0.034359,0.034322,0.034306,0.034309,0.034322,0.034347,0.034381,0.034426,0.034483,0.034553,0.034632,0.034786,0.034982,0.03518,0.035665,0.035895,0.036093,0.036247,0.036361,0.036439,0.036486,0.036501,0.036495,0.036478,0.03645,0.036412,0.036362,0.036299,0.036226,0.036143,0.035974,0.035768,0.035554,0.03503,0.034779,0.034662,0.034563,0.034478,0.034406,0.03434,0.034287,0.034251,0.034229,0.034221,0.034228,0.03425,0.034286,0.034333,0.034398,0.034473,0.034565,0.03467,0.034795,0.034932,0.035083,0.03537,0.035725,0.036078,0.036952,0.037378,0.037584,0.037763,0.03792,0.038064,0.038201,0.038314,0.038406,0.038475,0.038523,0.03855,0.038556,0.038539,0.038505,0.038451,0.038377,0.038284,0.038173,0.038039,0.037888,0.037713,0.037545,0.037367,0.03717,0.036945,0.036492,0.035609,0.035253,0.034892,0.034586,0.034264,0.033988,0.033746,0.033543,0.033378,0.033243,0.033133,0.03305,0.033,0.032962,0.032895,0.03286,0.032802,0.032718,0.03266,0.03259,0.032513,0.032425,0.032324,0.032217,0.032092,0.031961,0.031802,0.031629,0.03144,0.031227,0.030999,0.030756,0.030499,0.030216,0.029707,0.029111,0.028518,0.027072,0.026376,0.026037,0.025725,0.025442,0.025186,0.024917,0.024681,0.024469,0.024291,0.024138,0.024016,0.023919,0.023848,0.023814,0.023792,0.023782,0.023785,0.0238,0.023827,0.023866,0.023921,0.023984,0.024065,0.024158,0.024264,0.024381,0.02451,0.024651,0.024811,0.02509,0.025405,0.025757,0.026158,0.026523,0.026957,0.028455,0.029035,0.029593,0.030082,0.030327,0.030561,0.030785,0.030987,0.031179,0.03135,0.031511,0.03167,0.03181,0.03194,0.032059,0.032167,0.032265,0.032354,0.032432,0.032504,0.032565,0.032616,0.032658,0.032692,0.032731,0.032735,0.032703,0.032631,0.032518,0.032355,0.032063,0.031742,0.031481,0.031221,0.031022,0.030812,0.030582,0.030331,0.030097,0.029831,0.028968,0.02869,0.028434,0.028223,0.028113,0.028012,0.027926,0.027851,0.02779,0.02774,0.027703,0.027677,0.027661,0.027663,0.027684,0.027724,0.027782,0.027861,0.027959,0.02808,0.028191,0.028319,0.028464,0.028625,0.028943,0.029709,0.029894,0.030056,0.030213,0.030344,0.030454,0.030545,0.030623,0.030682,0.030718,0.030734,0.030731,0.030708,0.030665,0.030601,0.030506,0.030387,0.030241,0.030063,0.029859,0.029629,0.029364,0.029074,0.028814,0.028526,0.02821,0.027867,0.02721,0.025613,0.025212,0.024854,0.024499,0.02419,0.023914,0.023671,0.023431,0.023228,0.02306,0.02292,0.022809,0.022731,0.022682,0.022661,0.022662,0.022677,0.022704,0.022745,0.022798,0.022865,0.022944,0.023037,0.023141,0.023258,0.023387,0.023538,0.023703,0.02388,0.024068,0.024269,0.024627,0.025029,0.025473,0.025978,0.02643,0.026952,0.028713,0.029372,0.029993,0.030534,0.03106,0.031309,0.031534,0.031748,0.031939,0.032134,0.032305,0.032467,0.032618,0.032759,0.03288,0.032992,0.033101,0.033193,0.033275,0.033347,0.033409,0.033465,0.033506,0.033538,0.033561,0.033573,0.033574,0.033549,0.033491,0.033399,0.033271,0.033104,0.032906,0.032669,0.032394,0.032157,0.031883,0.031581,0.031241,0.030553,0.029089,0.028454,0.027807,0.027231,0.026918,0.026629,0.026342,0.026078,0.025827,0.025579,0.025345,0.025123,0.024876,0.024638,0.024415,0.024195,0.023982,0.023778,0.023577,0.02339,0.023211,0.023045,0.022897,0.02277,0.022656,0.022564,0.022488,0.02243,0.022381,0.02236,0.022363,0.022392,0.022447,0.022528,0.022636,0.02277,0.022915,0.023081,0.023275,0.0235,0.023722,0.023982,0.024993,0.0254,0.02561,0.025797,0.025961,0.026113,0.026279,0.026421,0.026544,0.026648,0.026732,0.026799,0.02685,0.026883,0.026901,0.026896,0.02687,0.026782,0.02675,0.026735,0.026744,0.026784,0.02686,0.026967,0.027233,0.027343,0.027439,0.027503,0.027527,0.027541,0.027546,0.02754,0.027523,0.027496,0.027415,0.027368,0.027315,0.027254,0.027187,0.027111,0.027024,0.026926,0.026815,0.026713,0.026599,0.026334,0.026061,0.025466,0.025231,0.025051,0.024918,0.024863,0.02482,0.024791,0.024775,0.024772,0.024783,0.024806,0.024842,0.024914,0.025013,0.025134,0.025286,0.025464,0.025669,0.0259,0.026163,0.026401,0.026664,0.026953,0.027267,0.027879,0.029364,0.029727,0.030043,0.030353,0.030633,0.030873,0.031093,0.031289,0.03146,0.031599,0.031712,0.031799,0.031857,0.031889,0.031894,0.031879,0.031846,0.031795,0.031728,0.031645,0.03154,0.03142,0.031283,0.031125,0.030945,0.030741,0.030516,0.030288,0.030022,0.028957,0.028521,0.028294,0.028087,0.0279,0.027733,0.02755,0.027386,0.027247,0.027133,0.027035,0.026961,0.026907,0.026874,0.026861,0.026866,0.02689,0.026934,0.026996,0.027076,0.027173,0.027291,0.027413,0.027553,0.027711,0.027894,0.028289,0.029124,0.029474,0.029823,0.030111,0.030264,0.030398,0.030519,0.030621,0.030714,0.030789,0.030854,0.030904,0.030938,0.030962,0.030975,0.030976,0.030966,0.030945,0.030912,0.030867,0.030743,0.030348,0.030046,0.029946,0.029866,0.029786,0.029699,0.029602,0.029439,0.029252,0.029041,0.028796,0.028522,0.028211,0.027863,0.027478,0.027132,0.026749,0.02633,0.02586,0.025446,0.024973,0.023453,0.022943,0.022463,0.022059,0.021676,0.02133,0.021033,0.020763,0.020522,0.020321,0.02015,0.020019,0.01992,0.019854,0.019824,0.019828,0.019848,0.019882,0.019926,0.019986,0.020061,0.020142,0.020243,0.020357,0.020485,0.020627,0.020781,0.020949,0.021129,0.021336,0.021542,0.021775,0.022021,0.02228,0.022551,0.022833,0.023146,0.02347,0.023804,0.02417,0.024909,0.025747,0.026634,0.029185,0.029967,0.030635,0.031389,0.032064,0.032387,0.032681,0.033221,0.033537,0.033838,0.034123,0.034377,0.03463,0.034854,0.035074,0.035266,0.035444,0.035614,0.03576,0.035899,0.03602,0.036126,0.036216,0.03629,0.036364,0.036416,0.036446,0.036451,0.036433,0.036392,0.036327,0.036239,0.036082,0.035877,0.035639,0.035044,0.034767,0.034486,0.034234,0.034019,0.03381,0.033629,0.033205,0.032966,0.032701,0.032419,0.032135,0.031816,0.031451,0.031018,0.03052,0.029821,0.027151,0.026731,0.026406,0.026204,0.026035,0.025899,0.025787,0.025701,0.025642,0.025608,0.025599,0.025607,0.025625,0.025654,0.025692,0.025744,0.025805,0.025876,0.025959,0.026053,0.026159,0.026269,0.026398,0.026539,0.026691,0.026855,0.02703,0.027217,0.027427,0.027637,0.02787,0.028114,0.028384,0.028665,0.028956,0.029534,0.03019,0.030888,0.032677,0.033178,0.03363,0.034112,0.034553,0.034937,0.035279,0.035474,0.035657,0.035827,0.035974,0.036109,0.036232,0.036341,0.036436,0.036518,0.036581,0.036635,0.036672,0.036697,0.036707,0.036704,0.036688,0.036659,0.036616,0.036561,0.036492,0.036411,0.036316,0.036209,0.03609,0.035959,0.035805,0.035649,0.03547,0.035278,0.035075,0.03486,0.034618,0.034201,0.033739,0.033232,0.032662,0.03213,0.031502,0.029217,0.02828,0.027803,0.027358,0.026943,0.026542,0.026102,0.025682,0.025298,0.024933,0.024589,0.024266,0.023975,0.023693,0.023431,0.023179,0.022948,0.022729,0.02253,0.022344,0.02217,0.022009,0.021879,0.021756,0.021636,0.021515,0.021335,0.020929,0.0207,0.008565,0.0,0.0
