0.0078125,1000.0,1000.015625,1000.0390625,1000.0703125,1000.109375,1000.15625,1000.203125,1000.3359375,1000.5,1000.6796875,1000.8828125,1001.1015625,1001.3359375,1001.578125,1001.8359375,1002.109375,1002.3828125,1002.6640625,1002.953125,1003.2421875,1003.6484375,1004.0625,1004.484375,1004.9296875,1005.3671875,1005.84375,1006.3359375,1007.7421875,1008.1875,1008.5859375,1009.0546875,1009.5,1009.9375,1010.375,1010.859375,1011.359375,1011.875,1012.4140625,1012.921875,1013.484375,1014.078125,1015.8984375,1016.5,1017.0546875,1017.6875,1018.28125,1018.8515625,1019.3984375,1020.0078125,1020.3046875,1020.59375,1020.875,1021.15625,1021.4296875,1021.703125,1021.96875,1022.234375,1022.5,1022.765625,1023.03125,1023.296875,1023.5625,1023.828125,1024.203125,1024.59375,1024.9921875,1025.4140625,1025.796875,1026.21875,1027.8125,1028.5,1028.875,1029.234375,1029.5859375,1029.9375,1030.28125,1030.6328125,1030.9921875,1031.3671875,1032.0546875,1033.78125,1034.28125,1034.7421875,1035.2578125,1035.765625,1036.2734375,1036.78125,1037.171875,1037.5703125,1037.9921875,1038.453125,1039.3515625,1041.8828125,1043.59375,1045.234375,1046.3984375,1047.3125,1048.1171875,1049.015625,1049.9375,1050.7578125,1052.65625,1053.65625,1054.484375,1056.0546875,1056.6484375,1057.3359375,1057.953125,1058.5625,1058.859375,1059.1484375,1059.4375,1059.7265625,1060.0234375,1060.3203125,1060.84375,1061.4140625,1061.9609375,1063.3828125,1063.8046875,1064.1875,1064.625,1065.046875,1065.4609375,1065.875,1066.21875,1066.5625,1066.9140625,1067.2890625,1068.015625,1069.453125,1070.078125,1070.75,1071.3828125,1072.078125,1072.8046875,1073.5234375,1075.453125,1076.0546875,1076.6171875,1077.2734375,1077.921875,1078.5703125,1079.234375,1079.8828125,1080.5703125,1081.3125,1082.1171875,1082.8359375,1083.640625,1086.125,1086.9609375,1087.7890625,1088.5625,1089.21875,1089.90625,1092.609375,1093.25,1093.8515625,1094.5234375,1095.2265625,1097.28125,1097.9453125,1098.5625,1099.1484375,1099.8359375,1100.5546875,1101.2109375,1102.640625,1103.296875,1103.8828125,1104.4375,1105.109375,1105.8125,1106.4765625,1108.078125,1108.53125,1108.9375,1109.421875,1109.875,1110.3125,1110.75,1111.21875,1111.6953125,1112.1875,1112.703125,1113.1328125,1113.6171875,1115.3046875,1116.015625,1116.390625,1116.7578125,1117.125,1117.4921875,1117.984375,1118.5078125,1119.0703125,1120.8046875,1121.390625,1121.9375,1122.5390625,1123.171875,1123.8515625,1125.875,1126.5546875,1127.203125,1127.796875,1128.421875,1130.703125,1131.734375,1132.7890625,1135.015625,1135.609375,1136.15625,1136.734375,1137.296875,1137.859375,1138.4375,1138.9453125,1139.4921875,1141.40625,1142.1953125,1142.625,1143.03125,1143.4375,1143.8359375,1144.2421875,1144.6484375,1145.0703125,1145.5078125,1146.34375,1147.9453125,1148.6171875,1149.328125,1149.9765625,1150.7265625,1151.453125,1152.1640625,1152.875,1153.421875,1153.96875,1154.53125,1155.109375,1155.6640625,1156.265625,1158.4765625,1159.390625,1159.8984375,1160.3828125,1160.8515625,1161.3125,1161.7890625,1162.2734375,1162.765625,1163.2890625,1164.2421875,1165.96875,1166.6484375,1167.3515625,1167.9921875,1168.7109375,1169.3984375,1170.0703125,1170.7265625,1171.09375,1171.453125,1171.8125,1172.171875,1172.53125,1172.890625,1173.2578125,1173.625,1174.25,1174.9296875,1175.5625,1176.96875,1177.6328125,1178.2578125,1178.8359375,1179.1328125,1179.4296875,1179.71875,1180.0078125,1180.2890625,1180.5703125,1180.8515625,1181.140625,1181.484375,1181.84375,1182.2109375,1182.6015625,1183.359375,1184.8984375,1185.578125,1185.953125,1186.3125,1186.6640625,1187.0078125,1187.59375,1188.203125,1188.90625,1190.390625,1191.0546875,1191.7734375,1192.4609375,1193.140625,1193.8671875,1194.53125,1196.0859375,1196.875,1197.265625,1197.640625,1198.015625,1198.3828125,1199.03125,1199.71875,1200.359375,1201.8515625,1202.609375,1203.328125,1204.0234375,1204.6640625,1205.3515625,1205.9921875,1207.5234375,1208.3359375,1208.75,1209.15625,1209.5546875,1209.9453125,1210.6796875,1211.4765625,1212.203125,1214.03125,1215.0625,1216.03125,1217.703125,1218.3515625,1219.0546875,1219.703125,1220.125,1220.546875,1220.9765625,1221.4140625,1222.2109375,1223.9453125,1224.3828125,1224.7734375,1225.1953125,1225.59375,1225.984375,1226.359375,1226.6171875,1226.875,1227.1328125,1227.390625,1227.6484375,1227.9140625,1228.453125,1229.0,1229.6015625,1230.234375,1231.53125,1232.09375,1232.703125,1233.2578125,1233.5859375,1233.9140625,1234.234375,1234.5546875,1234.875,1235.203125,1235.53125,1235.8671875,1236.5078125,1237.1875,1237.9375,1238.8203125,1240.15625,1242.359375,1246.3828125,1247.0546875,1247.6484375,1248.3984375,1249.109375,1249.796875,1250.484375,1251.1640625,1251.8671875,1252.625,1253.5,1259.421875,1260.6328125,1262.9921875,1263.609375,1264.1484375,1264.8515625,1265.5,1266.125,1266.7265625,1267.125,1267.5234375,1267.921875,1268.3203125,1268.71875,1269.125,1269.5390625,1269.96875,1270.6875,1271.4765625,1272.25,1274.3125,1274.9453125,1275.5234375,1276.171875,1276.8046875,1277.4296875,1278.0625,1278.8046875,1279.578125,1280.390625,1281.25,1282.15625,1283.0234375,1283.8203125,1284.546875,1285.0625,1285.546875,1286.015625,1286.4765625,1286.921875,1287.3671875,1287.8046875,1288.25,1288.6171875,1289.0,1289.390625,1289.796875,1290.5546875,1292.421875,1292.953125,1293.4375,1293.984375,1294.5078125,1295.03125,1295.5625,1296.1015625,1296.671875,1297.28125,1297.984375,1301.875,1302.703125,1303.4140625,1303.78125,1304.1328125,1304.4765625,1304.8125,1305.1484375,1305.4765625,1305.8125,1306.15625,1306.7265625,1307.34375,1307.9296875,1309.3671875,1310.1484375,1310.5546875,1310.9453125,1311.328125,1311.7109375,1312.0390625,1312.375,1312.71875,1313.0859375,1313.796875,1315.2109375,1315.828125,1316.4921875,1317.1171875,1317.7421875,1318.3984375,1319.0,1320.3515625,1320.984375,1321.5546875,1322.0859375,1322.5078125,1322.921875,1323.34375,1323.7734375,1324.203125,1324.671875,1326.4765625,1327.2578125,1327.6953125,1328.1171875,1328.5234375,1328.9296875,1329.328125,1329.734375,1330.15625,1330.6015625,1331.40625,1332.8515625,1333.4296875,1334.0234375,1334.578125,1335.1796875,1335.7734375,1336.3671875,1336.96875,1337.53125,1338.109375,1338.71875,1339.3671875,1339.9453125,1340.5859375,1343.1640625,1343.75,1344.28125,1344.828125,1345.3359375,1345.8203125,1346.296875,1346.828125,1347.3515625,1347.8828125,1348.4296875,1348.90625,1349.421875,1351.1015625,1351.71875,1352.34375,1352.921875,1353.2421875,1353.5625,1353.875,1354.1875,1354.5,1354.8125,1355.125,1355.4375,1355.7734375,1356.109375,1356.453125,1356.8125,1357.1796875,1357.5625,1357.9609375,1358.390625,1359.2109375,1360.1640625,1361.15625,1363.421875,1364.5,1365.0703125,1365.6015625,1366.1015625,1366.5859375,1367.0703125,1367.5546875,1368.0390625,1368.5390625,1369.0078125,1369.5078125,1371.3203125,1372.0703125,1372.484375,1372.8828125,1373.2734375,1373.65625,1374.0078125,1374.3671875,1374.734375,1375.1171875,1375.8359375,1377.1875,1377.7578125,1378.3515625,1378.921875,1379.4765625,1380.0546875,1381.765625,1382.3046875,1382.7890625,1383.2421875,1383.6875,1384.125,1384.5625,1385.015625,1385.3984375,1385.8203125,1387.5390625,1387.9375,1388.3046875,1388.65625,1389.0,1389.328125,1389.65625,1390.015625,1390.375,1390.7421875,1391.125,1391.4921875,1391.8984375,1393.40625,1394.0546875,1394.4140625,1394.75,1395.078125,1395.40625,1395.765625,1396.125,1396.4921875,1396.875,1397.25,1397.6640625,1398.0859375,1399.2578125,1399.625,1399.953125,1400.34375,1400.7109375,1401.0703125,1401.421875,1401.7734375,1402.1328125,1402.5,1402.8828125,1403.2421875,1403.640625,1405.1640625,1405.828125,1406.1953125,1406.5546875,1406.8984375,1407.2421875,1407.578125,1407.9140625,1408.265625,1408.6328125,1409.296875,1410.84375,1411.25,1411.625,1411.9921875,1412.3515625,1412.703125,1413.0546875,1413.4453125,1413.8515625,1414.2734375,1414.71875,1415.4296875,1417.09375,1417.9609375,1418.8125,1420.609375,1421.4453125,1422.1328125,1422.8359375,1424.8828125,1425.5390625,1426.171875,1426.7734375,1427.4375,1428.125,1428.8046875,1430.6328125,1431.2109375,1431.7578125,1432.3046875,1432.875,1435.0390625,1435.5,1435.921875,1436.4296875,1436.9296875,1437.421875,1437.9296875,1438.359375,1438.828125,1440.265625,1440.75,1441.2109375,1441.6328125,1442.0390625,1442.4375,1442.828125,1443.21875,1443.5625,1443.9140625,1444.2734375,1444.6484375,1445.015625,1445.4140625,1447.0234375,1447.7578125,1448.1640625,1448.5625,1448.9453125,1449.3359375,1449.96875,1450.640625,1451.3515625,1452.90625,1453.640625,1454.453125,1455.2578125,1456.0078125,1456.8515625,1460.7578125,1461.9375,1462.828125,1463.5625,1464.203125,1464.7890625,1465.34375,1465.828125,1466.3046875,1466.78125,1467.265625,1467.7265625,1468.2265625,1469.9921875,1470.703125,1471.09375,1471.46875,1471.828125,1472.1875,1472.5625,1472.9375,1473.3203125,1473.71875,1474.0625,1474.4375,1476.078125,1476.5078125,1476.8984375,1477.3125,1477.7109375,1478.1015625,1478.484375,1478.890625,1479.3046875,1479.7265625,1480.1640625,1480.5546875,1480.9921875,1482.5625,1483.2265625,1483.5859375,1483.9296875,1484.2578125,1484.5859375,1484.96875,1485.359375,1485.75,1486.1484375,1486.5625,1486.9921875,1487.4453125,1487.9453125,1488.453125,1489.03125,1490.390625,1491.5625,1492.078125,1492.5703125,1493.3359375,1494.1171875,1494.828125,1496.3671875,1497.1015625,1497.4765625,1497.8359375,1498.1796875,1498.5234375,1498.8828125,1499.2421875,1499.609375,1500.0,1500.6953125,1502.2421875,1502.9765625,1503.3203125,1503.65625,1503.984375,1504.3046875,1504.609375,1504.921875,1505.2421875,1505.578125,1506.203125,1507.703125,1508.1328125,1508.515625,1508.9609375,1509.390625,1509.8046875,1510.203125,1510.46875,1510.734375,1511.0,1511.265625,1511.5390625,1511.8125,1512.09375,1512.390625,1512.8671875,1513.3984375,1513.90625,1515.25,1516.0078125,1516.40625,1516.7890625,1517.1640625,1517.5390625,1517.9140625,1518.2890625,1518.6796875,1519.078125,1519.5,1519.9453125,1520.984375,1521.875,1522.8828125,1523.7265625,1524.4375,1525.0546875,1525.625,1526.1640625,1526.6875,1527.1953125,1527.703125,1528.2109375,1528.7421875,1529.2734375,1529.84375,1532.1484375,1532.6875,1533.1875,1533.7734375,1534.3359375,1534.8984375,1535.46875,1536.34375,1537.3125,1538.09375,1540.390625,1543.0234375,1543.7265625,1544.3515625,1544.9375,1545.4921875,1546.0234375,1546.5546875,1547.09375,1547.65625,1548.6484375,1550.46875,1551.234375,1552.0390625,1552.84375,1553.53125,1554.328125,1557.640625,1558.5546875,1559.1875,1559.765625,1560.3203125,1560.8671875,1561.3359375,1561.828125,1563.7109375,1564.1171875,1564.484375,1564.859375,1565.2109375,1565.5546875,1565.890625,1566.375,1566.859375,1567.34375,1567.84375,1568.265625,1568.734375,1569.1796875,1570.2109375,1570.734375,1571.2421875,1571.7109375,1571.953125,1572.1875,1572.421875,1572.6484375,1572.875,1573.109375,1573.5703125,1573.8359375,1574.1015625,1574.3828125,1574.6796875,1575.28125,1576.5234375,1577.078125,1577.671875,1578.234375,1578.8125,1579.4140625,1579.9765625,1581.28125,1581.6328125,1581.9453125,1582.296875,1582.6328125,1582.953125,1583.2734375,1583.6171875,1583.96875,1584.328125,1584.703125,1585.0234375,1585.3828125,1586.5,1586.8984375,1587.2890625,1587.640625,1588.0,1588.3515625,1588.6953125,1589.03125,1589.3828125,1589.734375,1590.1015625,1590.4765625,1590.8359375,1591.234375,1591.640625,1592.75,1593.09375,1593.3984375,1593.7578125,1594.1015625,1594.4296875,1594.7578125,1595.1171875,1595.484375,1595.8515625,1596.234375,1596.6015625,1597.0078125,1597.4140625,1598.5546875,1598.90625,1599.2265625,1599.6015625,1599.9609375,1600.3125,1600.65625,1601.0,1601.34375,1601.6953125,1602.0703125,1602.390625,1602.7421875,1603.875,1604.28125,1604.671875,1605.0234375,1605.3671875,1605.703125,1606.03125,1606.359375,1606.75,1607.1484375,1607.5625,1607.9921875,1608.359375,1608.7734375,1610.2265625,1610.8359375,1611.46875,1612.078125,1612.65625,1613.2734375,1613.859375,1615.328125,1615.75,1616.140625,1616.5859375,1617.015625,1617.4375,1617.8515625,1618.265625,1618.6953125,1619.140625,1619.609375,1620.09375,1620.640625,1622.4609375,1623.1796875,1623.796875,1624.4140625,1625.328125,1626.28125,1627.1953125,1628.015625,1628.71875,1629.359375,1629.9609375,1630.5390625,1631.1015625,1631.65625,1632.21875,1632.796875,1633.4140625,1634.0859375,1634.734375,1636.6328125,1637.2578125,1637.8515625,1638.421875,1639.0234375,1640.875,1641.53125,1642.1640625,1642.765625,1643.3515625,1643.96875,1645.9296875,1646.6484375,1647.40625,1647.7578125,1648.1015625,1648.6015625,1649.1015625,1649.6015625,1650.125,1650.578125,1651.0703125,1652.6484375,1653.2265625,1653.8046875,1654.328125,1654.8984375,1655.453125,1655.9921875,1656.53125,1656.9765625,1657.4375,1657.90625,1658.3984375,1658.8671875,1659.390625,1661.453125,1661.9375,1662.375,1662.8828125,1663.375,1663.859375,1664.3359375,1664.765625,1665.203125,1665.6484375,1666.1171875,1666.5859375,1667.1015625,1669.171875,1670.1015625,1670.6171875,1671.109375,1671.5859375,1672.0625,1672.4921875,1672.921875,1673.359375,1673.8203125,1674.7421875,1676.546875,1677.3125,1678.140625,1678.9140625,1679.34375,1679.78125,1680.2265625,1680.6796875,1681.59375,1683.34375,1684.078125,1684.859375,1685.59375,1685.9921875,1686.390625,1686.796875,1687.21875,1687.9921875,1689.78125,1690.265625,1690.703125,1691.203125,1691.671875,1692.1328125,1692.578125,1692.890625,1693.1953125,1693.5078125,1693.8203125,1694.140625,1694.4609375,1694.7890625,1695.125,1695.6875,1696.3125,1696.9375,1698.7265625,1699.296875,1699.828125,1700.4375,1701.0390625,1701.640625,1702.2578125,1702.8359375,1703.4375,1704.078125,1704.7734375,1706.2109375,1708.9453125,1710.015625,1711.125,1712.125,1713.0,1713.890625,1714.8984375,1716.8203125,1717.6015625,1718.4375,1718.8203125,1719.1953125,1719.5703125,1719.9296875,1720.2890625,1720.640625,1720.9921875,1721.34375,1721.703125,1722.0625,1722.75,1723.484375,1724.21875,1726.1484375,1726.734375,1727.265625,1727.890625,1728.484375,1729.0703125,1729.6484375,1730.0703125,1730.5,1730.9453125,1731.421875,1732.2890625,1733.9375,1734.640625,1735.3828125,1736.09375,1736.734375,1737.40625,1738.09375,1740.015625,1740.6328125,1741.2109375,1741.8828125,1742.5859375,1743.2578125,1744.921875,1745.3984375,1745.8359375,1746.3515625,1746.84375,1747.3203125,1747.796875,1748.3515625,1748.921875,1749.5,1750.1171875,1750.6796875,1751.3046875,1754.125,1754.859375,1755.5390625,1756.3046875,1757.03125,1757.7265625,1758.390625,1759.0078125,1759.6171875,1760.21875,1760.828125,1761.4140625,1762.046875,1762.6796875,1764.3671875,1764.890625,1765.3671875,1765.9296875,1766.4765625,1767.0234375,1767.5859375,1768.5,1770.515625,1771.5,1772.546875,1774.2421875,1774.859375,1775.5234375,1776.1328125,1776.8671875,1777.6171875,1778.3125,1779.84375,1780.578125,1780.9609375,1781.3203125,1781.6640625,1782.0078125,1782.4609375,1782.9140625,1783.375,1783.859375,1784.2890625,1784.7578125,1786.5078125,1787.28125,1787.703125,1788.1171875,1788.5234375,1788.9375,1789.4609375,1790.03125,1790.6015625,1792.0234375,1792.75,1795.34375,1796.09375,1796.4296875,1796.7578125,1797.296875,1797.828125,1798.3515625,1798.8828125,1799.375,1799.90625,1800.4296875,1801.796875,1802.2109375,1802.5859375,1803.0234375,1803.4375,1803.84375,1804.2421875,1804.59375,1804.953125,1805.3203125,1805.703125,1806.078125,1806.4921875,1808.171875,1808.9453125,1809.375,1809.796875,1810.2109375,1810.6328125,1810.984375,1811.3515625,1812.140625,1812.90625,1814.84375,1815.8828125,1817.1171875,1818.359375,1819.4765625,1819.96875,1820.421875,1820.8515625,1821.2578125,1821.65625,1822.0390625,1822.5625,1823.078125,1823.59375,1824.1328125,1824.59375,1825.1015625,1826.7890625,1827.4453125,1828.125,1828.7734375,1829.109375,1829.4453125,1829.7890625,1830.1484375,1830.828125,1832.53125,1833.03125,1833.484375,1834.015625,1834.53125,1835.03125,1835.5390625,1836.03125,1836.5390625,1837.0703125,1837.65625,1838.4609375,1840.6328125,1841.9921875,1845.7421875,1846.53125,1847.1875,1847.6796875,1848.1484375,1848.59375,1849.03125,1849.4609375,1849.890625,1850.3125,1850.7421875,1851.2421875,1851.75,1852.2734375,1852.8203125,1853.390625,1853.9765625,1854.5703125,1855.171875,1855.6796875,1856.1875,1856.6953125,1857.21875,1858.1484375,1860.0390625,1860.484375,1860.8828125,1861.328125,1861.75,1862.15625,1862.5546875,1863.0,1863.4453125,1863.8984375,1864.3671875,1864.765625,1865.203125,1866.546875,1867.0078125,1867.4453125,1867.84375,1868.234375,1868.6015625,1868.9609375,1869.3125,1869.5546875,1869.796875,1870.0390625,1870.2890625,1870.5390625,1870.7890625,1871.046875,1871.3046875,1871.78125,1872.296875,1872.8203125,1874.3125,1874.78125,1875.21875,1875.7265625,1876.21875,1876.703125,1877.1953125,1877.625,1878.0703125,1878.5390625,1879.0390625,1879.875,1881.8984375,1883.0078125,1884.3515625,1885.9375,1887.203125,1888.265625,1889.2109375,1890.109375,1890.890625,1891.6875,1892.53125,1893.4453125,1894.7265625,1896.109375,1897.34375,1899.5859375,1900.5546875,1901.15625,1901.703125,1902.21875,1902.71875,1903.234375,1903.7421875,1904.2578125,1904.796875,1905.2578125,1905.765625,1907.4765625,1908.1484375,1908.8515625,1909.1796875,1909.5078125,1909.8671875,1910.2265625,1910.59375,1910.9765625,1911.7578125,1913.3359375,1914.0234375,1914.40625,1914.7734375,1915.1328125,1915.484375,1915.8359375,1916.1875,1916.9296875,1917.6171875,1919.2578125,1920.1015625,1920.5234375,1920.9296875,1921.3359375,1921.75,1922.3515625,1923.0078125,1923.65625,1925.5625,1926.1953125,1926.796875,1927.390625,1928.0234375,1930.0078125,1930.7421875,1931.484375,1932.1796875,1932.9609375,1933.78125,1934.5625,1936.4453125,1936.9765625,1937.453125,1938.0078125,1938.53125,1939.0390625,1939.5390625,1940.03125,1940.5234375,1941.03125,1941.5546875,1942.046875,1942.5859375,1944.5703125,1945.40625,1945.8671875,1946.3046875,1946.734375,1947.15625,1947.5390625,1947.9296875,1948.328125,1948.7421875,1949.515625,1951.5078125,1952.1171875,1952.6875,1953.2421875,1953.828125,1955.546875,1956.0859375,1956.609375,1957.0859375,1957.421875,1957.75,1958.0703125,1958.3828125,1958.6953125,1959.0078125,1959.3203125,1959.640625,1960.1796875,1960.765625,1961.3203125,1962.6171875,1963.2890625,1963.6328125,1963.953125,1964.265625,1964.5703125,1964.8984375,1965.21875,1965.5390625,1965.859375,1966.1875,1966.515625,1966.8515625,1967.203125,1967.734375,1968.3359375,1968.8828125,1970.3203125,1971.0859375,1971.8515625,1973.359375,1973.984375,1974.5,1974.9765625,1975.4375,1975.8828125,1976.2421875,1976.6015625,1976.96875,1977.3515625,1978.1640625,1979.8671875,1980.625,1981.046875,1981.453125,1981.8515625,1982.2421875,1982.6328125,1983.03125,1983.4453125,1983.875,1984.65625,1986.5234375,1987.03125,1987.4921875,1987.984375,1988.453125,1988.921875,1989.3828125,1989.8046875,1990.234375,1990.6796875,1991.140625,1991.9765625,1993.8359375,1994.7109375,1995.125,1995.5234375,1995.90625,1996.28125,1996.734375,1997.1796875,1997.6328125,1998.1015625,1998.5546875,1999.0390625,2000.8203125,2001.5625,2001.9765625,2002.3671875,2002.7421875,2003.1171875,2003.5,2003.890625,2004.2890625,2004.703125,2005.453125,2007.1484375,2007.5859375,2007.984375,2008.40625,2008.8125,2009.2109375,2009.59375,2009.9375,2010.2734375,2010.609375,2010.953125,2011.296875,2011.6484375,2012.0078125,2012.375,2012.71875,2013.0859375,2013.46875,2013.8828125,2014.7265625,2016.65625,2017.5703125,2018.0625,2018.5234375,2018.9609375,2019.375,2019.84375,2020.296875,2020.7265625,2021.1484375,2021.5625,2021.9609375,2022.3515625,2022.7421875,2023.234375,2023.734375,2024.2421875,2024.7734375,2025.2421875,2025.75,2026.25,2027.546875,2028.28125,2028.6796875,2029.0625,2029.4296875,2029.796875,2030.1640625,2030.53125,2030.90625,2031.296875,2031.6953125,2032.125,2033.9140625,2034.734375,2035.1875,2035.6328125,2036.0703125,2036.515625,2037.25,2038.0546875,2038.8046875,2041.1796875,2042.03125,2042.90625,2044.0390625,2045.25,2046.3125,2047.234375,2047.9921875,2048.71875,2049.4375,2050.1875,2051.03125,2053.515625,2054.3046875,2055.796875,2056.40625,2057.140625,2057.796875,2058.1328125,2058.453125,2058.765625,2059.078125,2059.390625,2059.703125,2060.015625,2060.3359375,2060.875,2061.4609375,2062.0234375,2063.4375,2063.84375,2064.21875,2064.6328125,2065.03125,2065.421875,2065.8125,2066.1484375,2066.484375,2066.828125,2067.1953125,2067.921875,2069.40625,2070.0625,2070.765625,2071.4375,2072.1328125,2072.875,2073.59375,2075.484375,2076.0625,2076.59375,2077.21875,2077.828125,2078.4375,2079.0625,2079.7109375,2080.390625,2081.125,2081.9296875,2082.65625,2083.46875,2085.9921875,2086.84375,2087.6953125,2088.484375,2089.171875,2089.890625,2092.015625,2092.703125,2093.3515625,2093.96875,2094.6015625,2095.2578125,2097.2265625,2097.8671875,2098.46875,2099.0390625,2099.7578125,2100.5078125,2101.1875,2102.6796875,2103.359375,2103.953125,2104.515625,2105.15625,2105.828125,2106.4765625,2108.078125,2108.546875,2108.96875,2109.46875,2109.9453125,2110.40625,2110.8671875,2111.3203125,2111.78125,2112.25,2112.75,2113.171875,2113.6328125,2115.296875,2116.0,2116.734375,2117.09375,2117.4609375,2117.953125,2118.484375,2119.0546875,2120.8046875,2121.390625,2121.9453125,2122.546875,2123.1796875,2123.8515625,2125.875,2126.5546875,2127.203125,2127.7890625,2128.4140625,2130.6953125,2131.71875,2132.78125,2135.03125,2135.640625,2136.1953125,2136.765625,2137.3203125,2137.8828125,2138.453125,2138.953125,2139.4921875,2141.3828125,2142.15625,2142.578125,2142.9765625,2143.375,2143.765625,2144.171875,2144.578125,2145.0,2145.4453125,2146.3046875,2147.9765625,2148.6875,2149.4453125,2150.140625,2150.5546875,2150.953125,2151.3515625,2151.7421875,2152.1328125,2152.5234375,2152.9140625,2153.3125,2153.78125,2154.25,2154.734375,2155.2421875,2155.7578125,2156.3125,2158.4453125,2159.359375,2159.8671875,2160.3515625,2160.8203125,2161.2890625,2161.7734375,2162.2578125,2162.7578125,2163.2734375,2164.234375,2165.953125,2166.640625,2167.34375,2167.9921875,2168.7109375,2169.40625,2170.078125,2170.7421875,2171.1015625,2171.4609375,2171.8203125,2172.1796875,2172.5390625,2172.8984375,2173.265625,2173.6328125,2174.2578125,2174.9296875,2175.5546875,2176.9609375,2177.6171875,2178.2421875,2178.8203125,2179.1171875,2179.4140625,2179.703125,2179.984375,2180.265625,2180.546875,2180.828125,2181.109375,2181.4609375,2181.8203125,2182.1875,2182.578125,2182.9453125,2183.34375,2184.890625,2185.578125,2185.953125,2186.3125,2186.6640625,2187.015625,2187.6015625,2188.2109375,2188.90625,2190.390625,2191.046875,2191.7734375,2192.453125,2193.1328125,2193.859375,2194.5234375,2196.078125,2196.8671875,2197.2578125,2197.6328125,2198.0078125,2198.375,2199.0234375,2199.7109375,2200.3515625,2201.8515625,2202.609375,2203.3359375,2204.03125,2204.671875,2205.3515625,2205.9921875,2207.515625,2208.3203125,2208.734375,2209.140625,2209.5390625,2209.9296875,2210.296875,2210.671875,2211.46875,2212.1953125,2214.0234375,2215.0546875,2216.0234375,2217.703125,2218.3515625,2219.0546875,2219.703125,2220.125,2220.546875,2220.9765625,2221.4140625,2222.203125,2223.9453125,2224.3828125,2224.7734375,2225.1953125,2225.59375,2225.9765625,2226.3515625,2226.609375,2226.8671875,2227.125,2227.3828125,2227.640625,2227.90625,2228.4453125,2228.9921875,2229.59375,2230.2265625,2231.5234375,2232.0859375,2232.6953125,2233.25,2233.578125,2233.90625,2234.2265625,2234.546875,2234.8671875,2235.1953125,2235.5234375,2235.859375,2236.4921875,2237.171875,2237.921875,2238.796875,2240.1171875,2242.3515625,2246.3671875,2247.0390625,2247.640625,2248.390625,2249.1015625,2249.796875,2250.484375,2251.15625,2251.8515625,2252.609375,2253.46875,2259.4296875,2260.6328125,2262.9765625,2263.5859375,2264.125,2264.828125,2265.484375,2266.1015625,2266.703125,2267.1015625,2267.5,2267.8984375,2268.296875,2268.703125,2269.109375,2269.5234375,2269.953125,2270.671875,2271.4609375,2272.234375,2274.3046875,2274.9375,2275.515625,2276.1640625,2276.796875,2277.421875,2278.0546875,2278.796875,2279.5703125,2280.390625,2281.25,2282.15625,2283.0234375,2283.8203125,2284.5546875,2285.0703125,2285.5546875,2286.0234375,2286.4765625,2286.921875,2287.3671875,2287.8046875,2288.25,2288.6171875,2289.0,2289.390625,2289.796875,2290.546875,2292.40625,2292.9375,2293.421875,2293.96875,2294.4921875,2295.015625,2295.5390625,2296.078125,2296.640625,2297.25,2297.9453125,2301.8671875,2302.6875,2303.390625,2303.7578125,2304.109375,2304.453125,2304.796875,2305.1328125,2305.4609375,2305.796875,2306.140625,2306.7109375,2307.328125,2307.9140625,2309.359375,2310.140625,2310.546875,2310.9375,2311.3203125,2311.703125,2312.03125,2312.3671875,2312.7109375,2313.078125,2313.7890625,2315.203125,2315.8203125,2316.484375,2317.1171875,2317.734375,2318.390625,2319.0,2320.34375,2320.9765625,2321.546875,2322.078125,2322.5,2322.9140625,2323.3359375,2323.765625,2324.1953125,2324.6640625,2326.46875,2327.2578125,2327.6953125,2328.1171875,2328.5234375,2328.9296875,2329.328125,2329.734375,2330.15625,2330.59375,2331.3984375,2332.8515625,2333.4296875,2334.0234375,2334.578125,2335.1796875,2335.7734375,2336.3671875,2336.96875,2337.53125,2338.109375,2338.71875,2339.3671875,2339.9453125,2340.578125,2343.15625,2343.7421875,2344.2734375,2344.8125,2345.3203125,2345.8046875,2346.28125,2346.8125,2347.3359375,2347.8671875,2348.421875,2348.8984375,2349.4140625,2351.1015625,2351.71875,2352.34375,2352.921875,2353.2421875,2353.5625,2353.875,2354.1875,2354.5,2354.8125,2355.125,2355.4375,2355.765625,2356.1015625,2356.4453125,2356.8046875,2357.171875,2357.5546875,2357.953125,2358.3828125,2359.203125,2360.15625,2361.1484375,2363.4140625,2364.4921875,2365.0625,2365.59375,2366.09375,2366.578125,2367.0625,2367.546875,2368.03125,2368.53125,2369.0,2369.5,2371.3203125,2372.0703125,2372.484375,2372.8828125,2373.265625,2373.6484375,2374.0,2374.359375,2374.7265625,2375.1171875,2375.8359375,2377.1875,2377.75,2378.3515625,2378.921875,2379.4765625,2380.0546875,2381.7578125,2382.296875,2382.78125,2383.234375,2383.6875,2384.125,2384.5625,2385.015625,2385.3984375,2385.8203125,2387.53125,2387.9375,2388.3046875,2388.65625,2388.9921875,2389.3203125,2389.6484375,2390.0078125,2390.3671875,2390.734375,2391.1171875,2391.484375,2391.890625,2393.3984375,2394.046875,2394.40625,2394.7421875,2395.0703125,2395.3984375,2395.7578125,2396.1171875,2396.484375,2396.8671875,2397.2421875,2397.65625,2398.078125,2399.25,2399.6171875,2399.9453125,2400.3359375,2400.703125,2401.0625,2401.4140625,2401.765625,2402.125,2402.4921875,2402.875,2403.234375,2403.6328125,2405.15625,2405.8203125,2406.1875,2406.546875,2406.890625,2407.234375,2407.5703125,2407.90625,2408.2578125,2408.625,2409.2890625,2410.8359375,2411.2421875,2411.6171875,2411.984375,2412.34375,2412.703125,2413.0546875,2413.4453125,2413.84375,2414.2578125,2414.703125,2415.4140625,2417.0859375,2417.953125,2418.8125,2420.6171875,2421.453125,2422.140625,2422.8359375,2424.875,2425.53125,2426.1640625,2426.7578125,2427.421875,2428.1171875,2428.796875,2430.625,2431.203125,2431.75,2432.296875,2432.8671875,2435.0390625,2435.4921875,2435.9140625,2436.4296875,2436.921875,2437.4140625,2437.921875,2438.3515625,2438.8203125,2440.2578125,2440.75,2441.2109375,2441.6328125,2442.0390625,2442.4375,2442.828125,2443.2109375,2443.5546875,2443.90625,2444.265625,2444.640625,2445.0078125,2445.40625,2447.015625,2447.75,2448.15625,2448.5546875,2448.9375,2449.328125,2449.9609375,2450.6328125,2451.34375,2452.90625,2453.640625,2454.453125,2455.2578125,2456.0078125,2456.84375,2460.75,2461.9296875,2462.8203125,2463.5546875,2464.1953125,2464.78125,2465.3359375,2465.8203125,2466.296875,2466.7734375,2467.2578125,2467.71875,2468.21875,2469.984375,2470.6953125,2471.0859375,2471.4609375,2471.8203125,2472.1796875,2472.5546875,2472.9296875,2473.3125,2473.7109375,2474.0546875,2474.4375,2476.078125,2476.5,2476.890625,2477.3046875,2477.703125,2478.09375,2478.4765625,2478.8828125,2479.296875,2479.71875,2480.15625,2480.546875,2480.984375,2482.5546875,2483.21875,2483.578125,2483.921875,2484.25,2484.578125,2484.9609375,2485.34375,2485.7265625,2486.125,2486.53125,2486.9609375,2487.421875,2487.9140625,2488.421875,2489.0,2490.359375,2491.5390625,2492.0625,2492.5546875,2493.3203125,2494.1015625,2494.8125,2496.359375,2497.09375,2497.46875,2497.828125,2498.171875,2498.515625,2498.875,2499.2421875,2499.609375,2500.0,2500.6953125,2502.2421875,2502.9765625,2503.3203125,2503.65625,2503.984375,2504.3046875,2504.609375,2504.921875,2505.5703125,2506.1953125,2507.703125,2508.1328125,2508.515625,2508.9609375,2509.3828125,2509.796875,2510.1953125,2510.4609375,2510.7265625,2510.9921875,2511.2578125,2511.53125,2511.8046875,2512.0859375,2512.3828125,2512.859375,2513.390625,2513.8984375,2515.2421875,2516.0,2516.3984375,2516.78125,2517.15625,2517.53125,2517.90625,2518.28125,2518.671875,2519.0703125,2519.4921875,2519.9375,2520.96875,2521.8515625,2522.8671875,2523.7109375,2524.421875,2525.0390625,2525.609375,2526.1484375,2526.671875,2527.1796875,2527.6875,2528.203125,2528.7265625,2529.2578125,2529.828125,2532.1328125,2532.6796875,2533.1796875,2533.765625,2534.328125,2534.890625,2535.4609375,2536.3359375,2537.3046875,2538.0859375,2540.390625,2543.015625,2543.71875,2544.3359375,2544.9140625,2545.46875,2546.0,2546.53125,2547.078125,2547.640625,2548.6328125,2550.4609375,2551.2265625,2552.03125,2552.8359375,2553.5234375,2554.3203125,2557.6328125,2558.5390625,2559.1796875,2559.7578125,2560.3125,2560.859375,2561.328125,2561.8203125,2563.7109375,2564.1171875,2564.484375,2564.859375,2565.2109375,2565.5546875,2565.8828125,2566.3671875,2566.8515625,2567.3359375,2567.8359375,2568.2578125,2568.7265625,2569.1640625,2570.203125,2570.7265625,2571.234375,2571.6953125,2571.9375,2572.171875,2572.40625,2572.6328125,2572.859375,2573.09375,2573.5546875,2573.8203125,2574.09375,2574.375,2574.671875,2575.2734375,2576.515625,2577.0625,2577.6640625,2578.2265625,2578.8046875,2579.40625,2579.96875,2581.2734375,2581.625,2581.9453125,2582.296875,2582.625,2582.9453125,2583.265625,2583.609375,2583.9609375,2584.3203125,2584.6953125,2585.015625,2585.3671875,2586.4921875,2586.890625,2587.28125,2587.6328125,2587.9921875,2588.34375,2588.6875,2589.0234375,2589.375,2589.7265625,2590.0859375,2590.4609375,2590.828125,2591.2265625,2591.6328125,2592.7421875,2593.0859375,2593.390625,2593.75,2594.09375,2594.421875,2594.75,2595.109375,2595.4765625,2595.84375,2596.2265625,2596.59375,2597.0,2597.40625,2598.546875,2598.8984375,2599.21875,2599.59375,2599.9453125,2600.296875,2600.640625,2600.984375,2601.328125,2601.6875,2602.0625,2602.3828125,2602.734375,2603.859375,2604.265625,2604.65625,2605.015625,2605.359375,2605.6953125,2606.0234375,2606.34375,2606.734375,2607.1328125,2607.546875,2607.9765625,2608.34375,2608.7578125,2610.2109375,2610.8203125,2611.4609375,2612.0703125,2612.6484375,2613.265625,2613.8515625,2615.328125,2615.75,2616.140625,2616.5859375,2617.015625,2617.4375,2617.8515625,2618.265625,2618.6875,2619.125,2619.59375,2620.078125,2620.625,2622.4375,2623.15625,2623.7734375,2624.3828125,2625.296875,2626.2421875,2627.15625,2627.9765625,2628.6796875,2629.3203125,2629.921875,2630.5,2631.0625,2631.6171875,2632.1796875,2632.75,2633.375,2634.0546875,2634.71875,2636.625,2637.25,2637.8515625,2638.421875,2639.0234375,2640.8828125,2641.5390625,2642.171875,2642.7734375,2643.359375,2643.96875,2645.921875,2646.6328125,2647.390625,2647.7421875,2648.0859375,2648.5859375,2649.0859375,2649.59375,2650.1171875,2650.5703125,2651.0625,2652.640625,2653.21875,2653.796875,2654.3203125,2654.890625,2655.4375,2655.9765625,2656.515625,2656.9609375,2657.421875,2657.890625,2658.3828125,2658.8515625,2659.375,2661.4375,2661.921875,2662.3671875,2662.8828125,2663.375,2663.859375,2664.34375,2664.7734375,2665.203125,2665.6484375,2666.1171875,2666.5859375,2667.1015625,2669.1640625,2670.0859375,2670.6015625,2671.09375,2671.5703125,2672.046875,2672.46875,2672.8984375,2673.3359375,2673.796875,2674.71875,2676.53125,2677.3046875,2678.1328125,2678.90625,2679.34375,2679.78125,2680.2265625,2680.6796875,2681.59375,2683.3359375,2684.0703125,2684.8515625,2685.5859375,2685.984375,2686.3828125,2687.203125,2687.9765625,2689.765625,2690.2421875,2690.6796875,2691.171875,2691.640625,2692.09375,2692.5390625,2692.8515625,2693.15625,2693.46875,2693.78125,2694.1015625,2694.421875,2694.75,2695.0859375,2695.65625,2696.28125,2696.90625,2698.6953125,2699.2734375,2699.8046875,2700.4140625,2701.015625,2701.625,2702.2421875,2702.8203125,2703.421875,2704.0703125,2704.765625,2706.203125,2708.9375,2710.0078125,2711.1171875,2712.1171875,2712.9921875,2713.8828125,2714.890625,2716.8046875,2717.578125,2718.4140625,2719.171875,2719.546875,2719.90625,2720.265625,2720.6171875,2720.96875,2721.3203125,2721.6796875,2722.0390625,2722.7265625,2723.4609375,2724.203125,2726.140625,2726.71875,2727.25,2727.875,2728.46875,2729.0546875,2729.6328125,2730.0546875,2730.484375,2730.9296875,2731.40625,2732.2734375,2733.921875,2734.625,2735.375,2736.0859375,2736.7265625,2737.3984375,2738.0859375,2740.015625,2740.6328125,2741.2109375,2741.8828125,2742.578125,2743.25,2744.9140625,2745.390625,2745.828125,2746.34375,2746.828125,2747.3046875,2747.7734375,2748.328125,2748.8984375,2749.4765625,2750.09375,2750.65625,2751.28125,2754.09375,2754.828125,2755.5078125,2756.28125,2757.0078125,2757.703125,2758.375,2758.9921875,2759.6015625,2760.203125,2760.8203125,2761.40625,2762.0390625,2762.6640625,2764.359375,2764.875,2765.3515625,2765.90625,2766.453125,2767.0,2767.5625,2768.484375,2770.515625,2771.5,2772.546875,2774.2421875,2774.859375,2775.515625,2776.125,2776.859375,2777.609375,2778.296875,2779.828125,2780.5703125,2780.9453125,2781.3046875,2781.6484375,2781.9921875,2782.4453125,2782.90625,2783.3671875,2783.8515625,2784.2734375,2784.7421875,2786.5,2787.265625,2787.6875,2788.1015625,2788.5078125,2788.921875,2789.453125,2790.0234375,2790.59375,2792.015625,2792.75,2795.3359375,2796.078125,2796.4140625,2796.734375,2797.2734375,2797.8046875,2798.328125,2798.8671875,2799.359375,2799.890625,2800.4140625,2801.78125,2802.1953125,2802.5703125,2803.0078125,2803.421875,2803.828125,2804.2265625,2804.578125,2804.9375,2805.3046875,2805.6875,2806.0625,2806.4765625,2808.1640625,2808.9375,2809.3671875,2809.7890625,2810.203125,2810.6171875,2810.96875,2811.3359375,2812.1171875,2812.875,2814.8046875,2815.828125,2817.0390625,2818.265625,2819.3984375,2819.890625,2820.3515625,2820.78125,2821.1953125,2821.59375,2821.9765625,2822.5,2823.0234375,2823.5546875,2824.09375,2824.5625,2825.0703125,2826.765625,2827.4296875,2828.1171875,2828.765625,2829.1015625,2829.4375,2829.7890625,2830.1484375,2830.828125,2832.5234375,2833.0234375,2833.4765625,2834.0078125,2834.515625,2835.015625,2835.5234375,2836.0078125,2836.5078125,2837.0390625,2837.6171875,2838.4140625,2840.59375,2841.9453125,2845.703125,2846.4921875,2847.1484375,2847.640625,2848.109375,2848.5546875,2848.9921875,2849.421875,2849.8515625,2850.2734375,2850.703125,2851.203125,2851.71875,2852.2421875,2852.7890625,2853.359375,2853.9453125,2854.5390625,2855.140625,2855.65625,2856.1640625,2856.671875,2857.1953125,2858.125,2860.03125,2860.4765625,2860.875,2861.3203125,2861.7421875,2862.1484375,2862.546875,2862.9921875,2863.4375,2863.890625,2864.359375,2864.7578125,2865.1953125,2866.546875,2867.0078125,2867.4375,2867.8359375,2868.21875,2868.5859375,2868.9453125,2869.296875,2869.5390625,2869.78125,2870.0234375,2870.2734375,2870.5234375,2870.7734375,2871.03125,2871.2890625,2871.765625,2872.28125,2872.8125,2874.3046875,2874.78125,2875.21875,2875.71875,2876.2109375,2876.703125,2877.1953125,2877.625,2878.0703125,2878.5390625,2879.0390625,2879.8671875,2881.890625,2883.0,2884.3359375,2885.9140625,2887.1875,2888.25,2889.1953125,2890.09375,2890.8671875,2891.6640625,2892.5078125,2893.421875,2894.703125,2896.0859375,2897.3203125,2899.5703125,2900.5390625,2901.1328125,2901.6796875,2902.1953125,2902.6953125,2903.2109375,2903.7265625,2904.2421875,2904.78125,2905.2421875,2905.75,2907.46875,2908.140625,2908.84375,2909.1796875,2909.5078125,2909.8671875,2910.2265625,2910.59375,2910.9765625,2911.7578125,2913.328125,2914.015625,2914.3984375,2914.765625,2915.125,2915.4765625,2915.828125,2916.1796875,2916.921875,2917.609375,2919.25,2920.09375,2920.515625,2920.921875,2921.328125,2921.734375,2922.34375,2923.0,2923.6484375,2925.5546875,2926.1875,2926.7890625,2927.3828125,2928.015625,2930.0078125,2930.734375,2931.4765625,2932.1796875,2932.9609375,2933.7734375,2934.5546875,2936.4296875,2936.9609375,2937.4453125,2937.9921875,2938.515625,2939.0234375,2939.5234375,2940.015625,2940.5078125,2941.015625,2941.5390625,2942.03125,2942.5703125,2944.5546875,2945.390625,2945.8515625,2946.296875,2946.7265625,2947.1484375,2947.53125,2947.921875,2948.3203125,2948.734375,2949.5078125,2951.5,2952.109375,2952.6796875,2953.2421875,2953.828125,2955.5390625,2956.0859375,2956.6015625,2957.078125,2957.4140625,2957.7421875,2958.0625,2958.375,2958.6875,2959.0,2959.3125,2959.6328125,2960.171875,2960.7578125,2961.3046875,2962.609375,2963.2734375,2963.609375,2963.9296875,2964.2421875,2964.546875,2964.8671875,2965.1875,2965.5078125,2965.828125,2966.15625,2966.484375,2966.8203125,2967.171875,2967.703125,2968.3046875,2968.859375,2970.3046875,2971.078125,2971.8515625,2973.3671875,2973.9921875,2974.5,2974.96875,2975.421875,2975.8671875,2976.2265625,2976.5859375,2976.953125,2977.3359375,2978.1484375,2979.859375,2980.6171875,2981.0390625,2981.4453125,2981.84375,2982.234375,2982.625,2983.0234375,2983.4375,2983.8671875,2984.6484375,2986.5234375,2987.03125,2987.4921875,2987.984375,2988.453125,2988.921875,2989.3828125,2989.8046875,2990.234375,2990.6796875,2991.140625,2991.9765625,2993.8359375,2994.7109375,2995.125,2995.515625,2995.8984375,2996.2734375,2996.7265625,2997.171875,2997.625,2998.09375,2998.546875,2999.03125,3000.8125,3001.5625,3001.9765625,3002.3671875,3002.7421875,3003.1171875,3003.5,3003.890625,3004.2890625,3004.703125,3005.453125,3007.1484375,3007.5859375,3007.984375,3008.40625,3008.8125,3009.203125,3009.5859375,3009.9296875,3010.265625,3010.6015625,3010.9453125,3011.2890625,3011.640625,3012.0,3012.3671875,3012.7109375,3013.078125,3013.4609375,3013.8671875,3014.7109375,3016.6484375,3017.5625,3018.0546875,3018.515625,3018.953125,3019.3671875,3019.8359375,3020.2890625,3020.71875,3021.140625,3021.5546875,3021.953125,3022.34375,3022.734375,3023.234375,3023.734375,3024.2421875,3024.7734375,3025.2421875,3025.75,3026.25,3027.546875,3028.28125,3028.6796875,3029.0625,3029.4296875,3029.796875,3030.1640625,3030.53125,3030.90625,3031.296875,3031.6953125,3032.125,3033.9140625,3034.734375,3035.1875,3035.6328125,3036.0703125,3036.515625,3037.25,3038.0546875,3038.796875,3041.1875,3042.0390625,3042.9140625,3044.0546875,3045.2734375,3046.3359375,3047.265625,3048.0234375,3048.7578125,3049.484375,3050.25,3051.046875,3053.5078125,3054.296875,3055.8125,3056.4453125,3057.234375,3057.5859375,3057.9296875,3058.2421875,3058.5546875,3058.859375,3059.1640625,3059.4609375,3059.765625,3060.0703125,3060.375,3060.90625,3061.484375,3062.03125,3063.4296875,3064.203125,3064.6171875,3065.015625,3065.40625,3065.796875,3066.1328125,3066.4765625,3066.828125,3067.1953125,3067.921875,3069.40625,3070.0625,3070.765625,3071.4375,3072.1328125,3072.875,3073.59375,3075.484375,3076.0625,3076.59375,3077.2109375,3077.8203125,3078.4296875,3079.0546875,3079.703125,3080.3828125,3081.1171875,3081.921875,3082.6484375,3083.4609375,3085.9921875,3086.84375,3087.6953125,3088.484375,3089.171875,3089.890625,3092.015625,3092.703125,3093.3515625,3093.96875,3094.6015625,3095.2578125,3097.21875,3097.859375,3098.4609375,3099.03125,3099.7578125,3100.5078125,3101.1875,3102.6796875,3103.359375,3103.953125,3104.515625,3105.15625,3105.828125,3106.4765625,3108.078125,3108.546875,3108.96875,3109.46875,3109.9453125,3110.40625,3110.8671875,3111.3203125,3111.78125,3112.25,3112.75,3113.171875,3113.6328125,3115.296875,3116.0,3116.375,3116.7421875,3117.1015625,3117.46875,3117.9609375,3118.4921875,3119.0625,3120.8046875,3121.390625,3121.9375,3122.5390625,3123.171875,3123.8515625,3125.875,3126.5546875,3127.203125,3127.7890625,3128.4140625,3130.6953125,3131.71875,3132.7734375,3135.03125,3135.6328125,3136.1875,3136.7578125,3137.3125,3137.875,3138.4453125,3138.9453125,3139.484375,3141.3828125,3142.15625,3142.578125,3142.9765625,3143.375,3143.765625,3144.171875,3144.578125,3145.0,3145.4453125,3146.296875,3147.96875,3148.6796875,3149.4375,3150.1328125,3150.546875,3150.9453125,3151.34375,3151.734375,3152.125,3152.515625,3152.90625,3153.296875,3153.765625,3154.234375,3154.71875,3155.2265625,3155.7421875,3156.3046875,3158.4453125,3159.359375,3159.8671875,3160.3515625,3160.8203125,3161.28125,3161.765625,3162.25,3162.75,3163.265625,3164.2265625,3165.953125,3166.6328125,3167.3359375,3167.984375,3168.7109375,3169.40625,3170.078125,3170.7421875,3171.1015625,3171.4609375,3171.8203125,3172.171875,3172.53125,3172.890625,3173.2578125,3173.625,3174.25,3174.921875,3175.5546875,3176.953125,3177.6171875,3178.2421875,3178.8125,3179.109375,3179.40625,3179.6953125,3179.9765625,3180.2578125,3180.5390625,3180.8203125,3181.1015625,3181.453125,3181.8125,3182.1796875,3182.5703125,3182.9375,3183.3359375,3184.890625,3185.5703125,3185.9453125,3186.3125,3186.6640625,3187.015625,3187.6015625,3188.2109375,3188.90625,3190.3828125,3191.046875,3191.7734375,3192.453125,3193.1328125,3193.859375,3194.5234375,3196.0703125,3196.859375,3197.25,3197.625,3198.0,3198.3671875,3199.015625,3199.7109375,3200.3515625,3201.8515625,3202.609375,3203.328125,3204.0234375,3204.6640625,3205.34375,3205.984375,3207.515625,3208.3203125,3208.734375,3209.1328125,3209.53125,3209.921875,3210.2890625,3210.6640625,3211.4609375,3212.1875,3214.0234375,3215.0546875,3216.0234375,3217.703125,3218.3515625,3219.0546875,3219.703125,3220.125,3220.546875,3220.9765625,3221.4140625,3222.203125,3223.9375,3224.375,3224.765625,3225.1875,3225.5859375,3225.9765625,3226.3515625,3226.609375,3226.8671875,3227.125,3227.3828125,3227.640625,3227.90625,3228.4375,3228.984375,3229.5859375,3230.21875,3231.515625,3232.078125,3232.6875,3233.2421875,3233.5703125,3233.8984375,3234.21875,3234.5390625,3234.859375,3235.1875,3235.515625,3235.8515625,3236.484375,3237.1640625,3237.90625,3238.78125,3240.09375,3242.34375,3246.3515625,3247.03125,3247.6328125,3248.3828125,3249.09375,3249.7890625,3250.4765625,3251.1484375,3251.84375,3252.59375,3253.4453125,3256.3125,3259.4296875,3260.625,3262.96875,3263.578125,3264.1171875,3264.8203125,3265.4765625,3266.09375,3266.6953125,3267.09375,3267.4921875,3267.890625,3268.2890625,3268.6953125,3269.1015625,3269.515625,3269.9453125,3270.6640625,3271.453125,3272.2265625,3274.296875,3274.9296875,3275.5078125,3276.15625,3276.7890625,3277.4140625,3278.046875,3278.7890625,3279.5546875,3280.375,3281.234375,3282.140625,3283.015625,3283.8125,3284.546875,3285.0625,3285.546875,3286.015625,3286.4765625,3286.921875,3287.359375,3287.796875,3288.2421875,3288.609375,3288.9921875,3289.3828125,3289.7890625,3290.546875,3292.3984375,3292.9296875,3293.4140625,3293.9609375,3294.484375,3295.0078125,3295.53125,3296.0703125,3296.6328125,3297.234375,3297.9296875,3301.859375,3302.6796875,3303.3828125,3303.75,3304.1015625,3304.4453125,3304.7890625,3305.125,3305.453125,3305.7890625,3306.1328125,3306.703125,3307.328125,3307.9140625,3309.3515625,3310.1328125,3310.5390625,3310.9375,3311.3203125,3311.703125,3312.03125,3312.3671875,3312.7109375,3313.078125,3313.7890625,3315.203125,3315.8203125,3316.484375,3317.1171875,3317.734375,3318.390625,3319.0,3320.34375,3320.9765625,3321.5390625,3322.0703125,3322.4921875,3322.90625,3323.328125,3323.765625,3324.1953125,3324.6640625,3326.46875,3327.2578125,3327.6953125,3328.1171875,3328.5234375,3328.9296875,3329.328125,3329.734375,3330.15625,3330.59375,3331.3984375,3332.8515625,3333.4296875,3334.0234375,3334.578125,3335.1796875,3335.7734375,3336.3671875,3336.96875,3337.5234375,3338.1015625,3338.7109375,3339.359375,3339.9375,3340.5703125,3343.1484375,3343.734375,3344.265625,3344.8125,3345.3203125,3345.8046875,3346.28125,3346.8125,3347.3359375,3347.8671875,3348.421875,3348.8984375,3349.4140625,3351.09375,3351.7109375,3352.3359375,3352.9140625,3353.234375,3353.5546875,3353.8671875,3354.1796875,3354.4921875,3354.8046875,3355.1171875,3355.4296875,3355.7578125,3356.09375,3356.4375,3356.796875,3357.1640625,3357.546875,3357.9453125,3358.375,3359.1875,3360.140625,3361.1328125,3363.40625,3364.4921875,3365.0625,3365.59375,3366.09375,3366.578125,3367.0625,3367.546875,3368.03125,3368.53125,3369.0,3369.5,3371.3125,3372.0703125,3372.484375,3372.8828125,3373.265625,3373.6484375,3374.0,3374.359375,3374.7265625,3375.109375,3375.828125,3377.1875,3377.75,3378.3515625,3378.921875,3379.4765625,3380.0546875,3381.7578125,3382.296875,3382.78125,3383.234375,3383.6875,3384.125,3384.5625,3385.015625,3385.3984375,3385.8125,3387.53125,3387.9296875,3388.296875,3388.6484375,3388.9921875,3389.3203125,3389.6484375,3390.0078125,3390.3671875,3390.734375,3391.1171875,3391.484375,3391.890625,3393.3984375,3394.046875,3394.40625,3394.7421875,3395.0703125,3395.3984375,3395.7578125,3396.1171875,3396.484375,3396.8671875,3397.2421875,3397.65625,3398.078125,3399.25,3399.6171875,3399.9453125,3400.3359375,3400.703125,3401.0625,3401.4140625,3401.765625,3402.125,3402.4921875,3402.875,3403.234375,3403.6328125,3405.1484375,3405.8203125,3406.1875,3406.546875,3406.890625,3407.234375,3407.5703125,3407.90625,3408.2578125,3408.625,3409.28125,3410.8359375,3411.2421875,3411.6171875,3411.984375,3412.34375,3412.6953125,3413.046875,3413.4375,3413.8359375,3414.25,3414.6953125,3415.40625,3417.0859375,3417.953125,3418.8125,3420.6171875,3421.453125,3422.140625,3422.8359375,3424.8671875,3425.5234375,3426.15625,3426.7578125,3427.421875,3428.1171875,3428.796875,3430.625,3431.203125,3431.75,3432.296875,3432.8671875,3435.03125,3435.484375,3435.90625,3436.421875,3436.921875,3437.4140625,3437.921875,3438.3515625,3438.8125,3440.2578125,3440.7421875,3441.203125,3441.625,3442.03125,3442.4296875,3442.8203125,3443.2109375,3443.5546875,3443.90625,3444.265625,3444.640625,3445.0078125,3445.40625,3447.015625,3447.75,3448.15625,3448.5546875,3448.9375,3449.328125,3449.9609375,3450.6328125,3451.3359375,3452.90625,3453.640625,3454.453125,3455.2578125,3456.0,3456.84375,3460.7421875,3461.9296875,3462.8203125,3463.5546875,3464.1953125,3464.78125,3465.3359375,3465.8203125,3466.296875,3466.7734375,3467.2578125,3467.71875,3468.21875,3469.984375,3470.6953125,3471.0859375,3471.4609375,3471.8203125,3472.1796875,3472.5546875,3472.9296875,3473.3125,3473.7109375,3474.0546875,3474.4375,3476.078125,3476.5,3476.890625,3477.3046875,3477.703125,3478.09375,3478.4765625,3478.8828125,3479.296875,3479.71875,3480.15625,3480.546875,3480.984375,3482.5546875,3483.2109375,3483.5703125,3483.9140625,3484.2421875,3484.5703125,3484.953125,3485.3359375,3485.71875,3486.1171875,3486.5234375,3486.953125,3487.40625,3487.8984375,3488.40625,3488.984375,3490.34375,3491.53125,3492.0546875,3492.5546875,3493.3203125,3494.1015625,3494.8125,3496.359375,3497.09375,3497.46875,3497.828125,3498.171875,3498.515625,3498.875,3499.234375,3499.6015625,3499.9921875,3500.6875,3502.2421875,3502.9765625,3503.3203125,3503.6484375,3503.9765625,3504.296875,3504.6015625,3504.9140625,3505.234375,3505.5703125,3506.1953125,3507.703125,3508.1328125,3508.515625,3508.9609375,3509.3828125,3509.796875,3510.1953125,3510.4609375,3510.7265625,3510.9921875,3511.2578125,3511.53125,3511.8046875,3512.0859375,3512.375,3512.859375,3513.390625,3513.8984375,3515.234375,3515.9921875,3516.390625,3516.7734375,3517.1484375,3517.5234375,3517.8984375,3518.2734375,3518.6640625,3519.0703125,3519.4921875,3519.9375,3520.9765625,3521.8671875,3522.875,3523.7109375,3524.421875,3525.0390625,3525.609375,3526.1484375,3526.671875,3527.1796875,3527.6875,3528.203125,3528.7265625,3529.2578125,3529.828125,3532.1328125,3532.671875,3533.171875,3533.7578125,3534.3203125,3534.8828125,3535.453125,3536.328125,3537.296875,3538.078125,3540.390625,3543.0,3543.703125,3544.3203125,3544.8984375,3545.453125,3545.9921875,3546.5234375,3547.0703125,3547.6328125,3548.6328125,3550.4609375,3551.2265625,3552.03125,3552.8359375,3553.5234375,3554.3203125,3557.625,3558.5390625,3559.1796875,3559.7578125,3560.3125,3560.859375,3561.328125,3561.8203125,3563.7109375,3564.109375,3564.4765625,3564.8515625,3565.203125,3565.546875,3565.8828125,3566.3671875,3566.84375,3567.328125,3567.828125,3568.25,3568.71875,3569.1640625,3570.1953125,3570.71875,3571.2265625,3571.6953125,3572.1640625,3572.3984375,3572.625,3572.8515625,3573.0859375,3573.546875,3573.8125,3574.0859375,3574.3671875,3574.6640625,3575.265625,3576.5078125,3577.0625,3577.6640625,3578.2265625,3578.8046875,3579.40625,3579.96875,3581.2734375,3581.625,3581.9375,3582.2890625,3582.6171875,3582.9375,3583.2578125,3583.609375,3583.9609375,3584.3203125,3584.6953125,3585.015625,3585.3671875,3586.4921875,3586.8828125,3587.2734375,3587.625,3587.984375,3588.3359375,3588.6796875,3589.015625,3589.3671875,3589.71875,3590.0859375,3590.4609375,3590.8203125,3591.21875,3591.625,3592.734375,3593.078125,3593.3828125,3593.7421875,3594.0859375,3594.421875,3594.75,3595.109375,3595.46875,3595.8359375,3596.21875,3596.5859375,3596.9921875,3597.40625,3598.5390625,3598.890625,3599.2109375,3599.5859375,3599.9453125,3600.296875,3600.640625,3600.984375,3601.328125,3601.6796875,3602.0546875,3602.375,3602.7265625,3603.859375,3604.265625,3604.65625,3605.0078125,3605.3515625,3605.6875,3606.015625,3606.3359375,3606.7265625,3607.125,3607.5390625,3607.96875,3608.3359375,3608.75,3610.203125,3610.8125,3611.453125,3612.0625,3612.640625,3613.2578125,3613.8515625,3615.328125,3615.75,3616.140625,3616.5859375,3617.0078125,3617.4296875,3617.84375,3618.2578125,3618.6875,3619.125,3619.5859375,3620.0703125,3620.6171875,3622.4296875,3623.140625,3623.75,3624.359375,3625.265625,3626.2109375,3627.125,3627.953125,3628.65625,3629.296875,3629.8984375,3630.4765625,3631.0390625,3631.59375,3632.15625,3632.7265625,3633.3515625,3634.0390625,3634.703125,3636.625,3637.25,3637.8515625,3638.421875,3639.0234375,3640.8828125,3641.5390625,3642.171875,3642.7734375,3643.359375,3643.96875,3645.9140625,3646.6328125,3647.390625,3647.7421875,3648.0859375,3648.5859375,3649.0859375,3649.59375,3650.1171875,3650.5703125,3651.0625,3652.640625,3653.21875,3653.796875,3654.3203125,3654.890625,3655.4375,3655.9765625,3656.5078125,3656.953125,3657.4140625,3657.8828125,3658.375,3658.84375,3659.3671875,3661.4375,3661.921875,3662.3671875,3662.8828125,3663.375,3663.859375,3664.34375,3664.7734375,3665.2109375,3665.65625,3666.125,3666.59375,3667.1015625,3669.15625,3670.078125,3670.5859375,3671.078125,3671.5546875,3672.03125,3672.4609375,3672.890625,3673.328125,3673.7890625,3674.7109375,3676.5234375,3677.296875,3678.1328125,3678.90625,3679.3359375,3679.7734375,3680.21875,3680.671875,3681.5859375,3683.3359375,3684.0625,3684.8515625,3685.5859375,3685.984375,3686.3828125,3687.203125,3687.9765625,3689.7578125,3690.234375,3690.671875,3691.1640625,3691.6328125,3692.0859375,3692.5234375,3692.8359375,3693.1484375,3693.4609375,3693.7734375,3694.09375,3694.4140625,3694.7421875,3695.078125,3695.6484375,3696.2734375,3696.8984375,3698.6875,3699.265625,3699.796875,3700.4140625,3701.015625,3701.625,3702.2421875,3702.8203125,3703.421875,3704.0703125,3704.765625,3706.203125,3708.9375,3710.0,3711.109375,3712.1171875,3712.9921875,3713.8828125,3714.890625,3716.8046875,3717.578125,3718.4140625,3719.1640625,3719.5390625,3719.8984375,3720.2578125,3720.609375,3720.9609375,3721.3125,3721.671875,3722.03125,3722.71875,3723.4609375,3724.1953125,3726.1328125,3726.71875,3727.25,3727.8671875,3728.4609375,3729.046875,3729.625,3730.046875,3730.4765625,3730.921875,3731.3984375,3732.265625,3733.921875,3734.625,3735.375,3736.0859375,3736.7265625,3737.3984375,3738.0859375,3740.015625,3740.6328125,3741.2109375,3741.8828125,3742.578125,3743.25,3744.90625,3745.3828125,3745.8203125,3746.3359375,3746.8203125,3747.2890625,3747.7578125,3748.3125,3748.8828125,3749.4609375,3750.078125,3750.640625,3751.265625,3754.0859375,3754.8203125,3755.5,3756.2734375,3757.0,3757.6953125,3758.3671875,3758.984375,3759.59375,3760.1953125,3760.8125,3761.3984375,3762.03125,3762.6640625,3764.3515625,3764.8671875,3765.34375,3765.90625,3766.453125,3767.0,3767.5625,3768.4765625,3770.5078125,3771.4921875,3772.5390625,3774.2421875,3774.859375,3775.515625,3776.125,3776.859375,3777.609375,3778.296875,3779.828125,3780.5625,3780.9375,3781.296875,3781.640625,3781.984375,3782.4375,3782.8984375,3783.359375,3783.84375,3784.2734375,3784.7421875,3786.4921875,3787.2578125,3787.6796875,3788.09375,3788.5,3788.9140625,3789.4453125,3790.015625,3790.5859375,3792.015625,3792.75,3795.328125,3796.0703125,3796.40625,3796.7265625,3797.265625,3797.796875,3798.3203125,3798.859375,3799.3515625,3799.8828125,3800.40625,3801.78125,3802.1953125,3802.5703125,3803.0078125,3803.4296875,3803.8359375,3804.2421875,3804.59375,3804.9453125,3805.3125,3805.6953125,3806.0703125,3806.4765625,3808.15625,3808.921875,3809.3515625,3809.765625,3810.171875,3810.5859375,3810.9375,3811.3046875,3812.0859375,3812.8515625,3814.8125,3815.875,3817.1328125,3818.390625,3818.984375,3819.53125,3820.03125,3820.4921875,3820.9296875,3821.3515625,3821.7578125,3822.1484375,3822.6484375,3823.140625,3823.640625,3824.15625,3824.6015625,3825.09375,3826.75,3827.40625,3828.09375,3828.7421875,3829.078125,3829.421875,3829.7734375,3830.1328125,3830.8203125,3832.53125,3833.03125,3833.484375,3834.015625,3834.53125,3835.03125,3835.5390625,3836.015625,3836.515625,3837.0390625,3837.609375,3838.40625,3840.578125,3841.921875,3845.671875,3846.4609375,3847.1171875,3847.6171875,3848.0859375,3848.53125,3848.96875,3849.3984375,3849.8203125,3850.2421875,3850.671875,3851.171875,3851.6875,3852.2109375,3852.7578125,3853.328125,3853.921875,3854.5234375,3855.125,3855.640625,3856.1484375,3856.6640625,3857.1875,3858.125,3860.03125,3860.4765625,3860.875,3861.3203125,3861.7421875,3862.1484375,3862.546875,3862.9921875,3863.4375,3863.890625,3864.359375,3864.7578125,3865.1953125,3866.546875,3867.0078125,3867.4375,3867.8359375,3868.21875,3868.5859375,3868.9375,3869.2890625,3869.53125,3869.7734375,3870.015625,3870.265625,3870.515625,3870.765625,3871.0234375,3871.2890625,3871.765625,3872.28125,3872.8046875,3874.3046875,3874.7734375,3875.2109375,3875.71875,3876.2109375,3876.703125,3877.1953125,3877.6171875,3878.0625,3878.53125,3879.0390625,3879.8671875,3881.8828125,3882.9921875,3884.328125,3885.90625,3887.1796875,3888.2421875,3889.1875,3890.0859375,3890.859375,3891.65625,3892.4921875,3893.3984375,3894.6796875,3896.0703125,3897.3125,3899.5625,3900.5390625,3901.140625,3901.6875,3902.203125,3902.703125,3903.21875,3903.7265625,3904.2421875,3904.78125,3905.2421875,3905.75,3907.46875,3908.140625,3908.84375,3909.1796875,3909.5078125,3909.8671875,3910.2265625,3910.59375,3910.96875,3911.75,3913.328125,3914.015625,3914.3984375,3914.765625,3915.125,3915.4765625,3915.828125,3916.1796875,3916.921875,3917.609375,3919.2421875,3920.0859375,3920.5078125,3920.9140625,3921.3203125,3921.7265625,3922.3359375,3922.9921875,3923.640625,3925.5546875,3926.1875,3926.7890625,3927.3828125,3928.015625,3930.0078125,3930.734375,3931.4765625,3932.171875,3932.953125,3933.7734375,3934.546875,3936.4296875,3936.9609375,3937.4375,3937.9921875,3938.515625,3939.0234375,3939.5234375,3940.015625,3940.5078125,3941.015625,3941.5390625,3942.03125,3942.5703125,3944.5546875,3945.390625,3945.8515625,3946.2890625,3946.71875,3947.140625,3947.5234375,3947.9140625,3948.3125,3948.734375,3949.5078125,3951.5,3952.109375,3952.6796875,3953.2421875,3953.828125,3955.5390625,3956.078125,3956.5859375,3957.0546875,3957.390625,3957.7109375,3958.03125,3958.34375,3958.65625,3958.96875,3959.28125,3959.6015625,3960.140625,3960.7265625,3961.2890625,3962.6484375,3963.0234375,3963.3671875,3963.7421875,3964.1015625,3964.4453125,3964.7890625,3965.1796875,3965.5625,3965.953125,3966.34375,3966.75,3967.171875,3967.6171875,3968.1015625,3968.7890625,3970.3125,3971.0859375,3971.8515625,3973.4296875,3974.1640625,3974.6171875,3975.0390625,3975.453125,3975.859375,3976.21875,3976.578125,3976.9453125,3977.328125,3978.1484375,3979.8515625,3980.6171875,3981.0390625,3981.4453125,3981.84375,3982.234375,3982.625,3983.0234375,3983.4375,3983.8671875,3984.6484375,3986.515625,3987.0234375,3987.4921875,3987.984375,3988.453125,3988.921875,3989.3828125,3989.8046875,3990.234375,3990.6796875,3991.140625,3991.9765625,3993.828125,3994.6953125,3995.1015625,3995.484375,3995.8515625,3996.21875,3996.640625,3997.0546875,3997.4765625,3997.9140625,3998.3515625,3998.8203125,3999.328125,3999.9921875,4000.0,4000.015625,4000.0390625,4000.0703125,4000.1015625,4000.1875,4000.3046875,4000.453125,4000.625,4000.8125,4001.0234375,4001.2421875,4001.4765625,4001.734375,4002.015625,4002.3125,4002.6328125,4002.96875,4003.3203125,4003.6875,4004.0625,4004.8515625,4005.6640625,4006.5078125,4007.375,4008.2578125,4009.1640625,4010.0859375,4010.953125,4011.828125,4012.7265625,4013.6328125,4014.5625,4015.5,4016.453125,4017.421875,4018.40625,4019.40625,4020.421875,4021.4609375,4022.5078125,4023.5703125,4024.6484375,4025.75,4026.640625,4027.546875,4028.4609375,4029.390625,4030.328125,4031.28125,4032.2421875,4033.21875,4034.203125,4035.203125,4036.21875,4037.2421875,4038.28125,4039.328125,4040.3984375,4041.4765625,4042.5703125,4043.6796875,4044.8046875,4045.9453125,4047.1015625,4048.2734375,4049.4609375,4050.6640625,4053.1328125,4055.671875,4058.296875,4061.0,4063.2109375,4065.4765625,4067.8125,4070.2109375,4072.6796875,4075.234375,4077.8671875,4080.59375,4083.40625,4086.3203125,4089.3515625,4092.515625,4095.8125,4099.2578125,4102.8828125,4106.7109375,4112.40625,4118.6640625,4125.625,4133.59375,4146.265625,4180.484375,4200.6796875,4223.8359375,4250.0
-68.788,-68.788,-68.77,-68.751,-68.73,-68.708,-68.685,-68.664,-68.611,-68.554,-68.496,-68.437,-68.377,-68.318,-68.26,-68.202,-68.144,-68.089,-68.036,-67.984,-67.936,-67.872,-67.813,-67.759,-67.706,-67.659,-67.612,-67.566,-67.44,-67.397,-67.356,-67.305,-67.251,-67.194,-67.132,-67.058,-66.976,-66.884,-66.783,-66.684,-66.569,-66.446,-66.063,-65.939,-65.827,-65.704,-65.592,-65.49,-65.397,-65.3,-65.255,-65.214,-65.175,-65.139,-65.106,-65.074,-65.046,-65.02,-64.996,-64.974,-64.954,-64.937,-64.921,-64.908,-64.892,-64.881,-64.872,-64.868,-64.866,-64.867,-64.879,-64.881,-64.879,-64.876,-64.871,-64.864,-64.854,-64.843,-64.829,-64.812,-64.778,-64.686,-64.662,-64.642,-64.624,-64.611,-64.602,-64.597,-64.596,-64.598,-64.601,-64.607,-64.624,-64.679,-64.71,-64.737,-64.754,-64.766,-64.773,-64.776,-64.774,-64.769,-64.753,-64.747,-64.746,-64.748,-64.747,-64.742,-64.731,-64.714,-64.702,-64.689,-64.674,-64.658,-64.639,-64.618,-64.576,-64.526,-64.474,-64.334,-64.295,-64.262,-64.226,-64.195,-64.169,-64.146,-64.129,-64.116,-64.104,-64.093,-64.079,-64.058,-64.047,-64.031,-64.01,-63.981,-63.943,-63.901,-63.781,-63.747,-63.719,-63.692,-63.671,-63.657,-63.648,-63.645,-63.647,-63.654,-63.665,-63.679,-63.697,-63.759,-63.778,-63.795,-63.808,-63.815,-63.821,-63.835,-63.841,-63.85,-63.863,-63.881,-63.944,-63.963,-63.977,-63.987,-63.993,-63.995,-63.992,-63.982,-63.98,-63.982,-63.989,-64.003,-64.026,-64.053,-64.126,-64.143,-64.156,-64.167,-64.171,-64.169,-64.162,-64.147,-64.124,-64.094,-64.055,-64.018,-63.973,-63.803,-63.735,-63.701,-63.67,-63.641,-63.613,-63.58,-63.547,-63.515,-63.419,-63.383,-63.348,-63.305,-63.256,-63.201,-63.031,-62.977,-62.93,-62.889,-62.85,-62.716,-62.652,-62.579,-62.418,-62.378,-62.344,-62.314,-62.288,-62.268,-62.252,-62.242,-62.234,-62.217,-62.207,-62.199,-62.19,-62.179,-62.165,-62.15,-62.132,-62.111,-62.088,-62.039,-61.939,-61.899,-61.859,-61.826,-61.794,-61.77,-61.752,-61.741,-61.737,-61.737,-61.74,-61.748,-61.758,-61.771,-61.832,-61.854,-61.863,-61.869,-61.872,-61.873,-61.87,-61.865,-61.857,-61.846,-61.819,-61.762,-61.741,-61.723,-61.71,-61.7,-61.698,-61.701,-61.712,-61.72,-61.731,-61.744,-61.758,-61.775,-61.795,-61.816,-61.84,-61.885,-61.939,-61.993,-62.117,-62.172,-62.219,-62.257,-62.273,-62.288,-62.3,-62.309,-62.316,-62.321,-62.324,-62.325,-62.323,-62.318,-62.31,-62.298,-62.269,-62.198,-62.169,-62.156,-62.144,-62.135,-62.129,-62.121,-62.119,-62.122,-62.135,-62.139,-62.138,-62.13,-62.116,-62.094,-62.069,-62.005,-61.977,-61.966,-61.958,-61.951,-61.947,-61.945,-61.948,-61.956,-61.978,-61.986,-61.987,-61.982,-61.971,-61.953,-61.933,-61.879,-61.855,-61.846,-61.839,-61.834,-61.832,-61.833,-61.843,-61.856,-61.895,-61.912,-61.921,-61.931,-61.936,-61.946,-61.959,-61.971,-61.986,-62.003,-62.024,-62.066,-62.167,-62.19,-62.209,-62.225,-62.238,-62.246,-62.251,-62.252,-62.251,-62.248,-62.243,-62.236,-62.227,-62.203,-62.172,-62.131,-62.083,-61.976,-61.932,-61.887,-61.852,-61.834,-61.818,-61.804,-61.793,-61.783,-61.776,-61.771,-61.768,-61.768,-61.774,-61.787,-61.809,-61.847,-61.915,-62.048,-62.068,-62.083,-62.098,-62.107,-62.109,-62.107,-62.098,-62.084,-62.064,-62.036,-61.826,-61.78,-61.685,-61.663,-61.645,-61.626,-61.613,-61.607,-61.607,-61.611,-61.617,-61.627,-61.639,-61.654,-61.672,-61.694,-61.718,-61.766,-61.824,-61.885,-62.055,-62.104,-62.147,-62.191,-62.231,-62.267,-62.298,-62.331,-62.36,-62.385,-62.408,-62.427,-62.44,-62.448,-62.451,-62.449,-62.444,-62.436,-62.424,-62.409,-62.39,-62.368,-62.341,-62.317,-62.288,-62.257,-62.222,-62.151,-61.969,-61.92,-61.879,-61.837,-61.802,-61.772,-61.747,-61.726,-61.71,-61.697,-61.686,-61.647,-61.643,-61.646,-61.651,-61.658,-61.667,-61.678,-61.691,-61.707,-61.726,-61.748,-61.789,-61.84,-61.892,-62.026,-62.094,-62.125,-62.153,-62.178,-62.199,-62.216,-62.23,-62.243,-62.255,-62.273,-62.302,-62.316,-62.335,-62.359,-62.388,-62.423,-62.459,-62.543,-62.58,-62.61,-62.632,-62.647,-62.658,-62.666,-62.672,-62.674,-62.674,-62.663,-62.663,-62.666,-62.671,-62.68,-62.692,-62.706,-62.724,-62.745,-62.77,-62.822,-62.922,-62.961,-62.998,-63.029,-63.058,-63.083,-63.102,-63.116,-63.126,-63.132,-63.134,-63.134,-63.131,-63.125,-63.097,-63.093,-63.092,-63.094,-63.099,-63.108,-63.12,-63.139,-63.163,-63.192,-63.227,-63.262,-63.302,-63.444,-63.494,-63.54,-63.577,-63.594,-63.609,-63.622,-63.632,-63.639,-63.644,-63.647,-63.647,-63.645,-63.64,-63.633,-63.623,-63.61,-63.595,-63.576,-63.555,-63.508,-63.449,-63.383,-63.23,-63.161,-63.127,-63.099,-63.076,-63.056,-63.04,-63.028,-63.02,-63.015,-63.013,-63.015,-63.03,-63.032,-63.031,-63.027,-63.021,-63.013,-63.003,-62.99,-62.975,-62.958,-62.92,-62.843,-62.812,-62.782,-62.757,-62.737,-62.72,-62.679,-62.665,-62.649,-62.631,-62.61,-62.585,-62.556,-62.522,-62.491,-62.454,-62.294,-62.26,-62.231,-62.207,-62.186,-62.17,-62.157,-62.147,-62.141,-62.139,-62.141,-62.147,-62.157,-62.204,-62.22,-62.226,-62.227,-62.226,-62.221,-62.211,-62.197,-62.179,-62.155,-62.128,-62.095,-62.059,-61.953,-61.922,-61.897,-61.87,-61.848,-61.831,-61.818,-61.809,-61.804,-61.804,-61.807,-61.813,-61.823,-61.872,-61.889,-61.895,-61.899,-61.899,-61.896,-61.891,-61.883,-61.872,-61.858,-61.827,-61.747,-61.728,-61.713,-61.7,-61.691,-61.684,-61.68,-61.678,-61.68,-61.685,-61.693,-61.71,-61.759,-61.781,-61.8,-61.835,-61.855,-61.874,-61.898,-61.977,-62.001,-62.021,-62.035,-62.047,-62.053,-62.056,-62.057,-62.06,-62.066,-62.075,-62.087,-62.145,-62.154,-62.16,-62.163,-62.161,-62.154,-62.142,-62.128,-62.11,-62.045,-62.025,-62.008,-61.997,-61.99,-61.987,-61.988,-61.994,-62.003,-62.015,-62.031,-62.051,-62.073,-62.099,-62.216,-62.265,-62.288,-62.309,-62.327,-62.342,-62.36,-62.373,-62.381,-62.391,-62.398,-62.41,-62.428,-62.45,-62.479,-62.629,-62.672,-62.703,-62.725,-62.742,-62.753,-62.759,-62.761,-62.759,-62.753,-62.743,-62.73,-62.712,-62.639,-62.614,-62.603,-62.595,-62.591,-62.589,-62.591,-62.597,-62.605,-62.618,-62.631,-62.648,-62.728,-62.745,-62.758,-62.767,-62.771,-62.77,-62.764,-62.752,-62.733,-62.709,-62.678,-62.647,-62.608,-62.456,-62.396,-62.367,-62.341,-62.319,-62.3,-62.281,-62.265,-62.254,-62.246,-62.241,-62.24,-62.242,-62.248,-62.256,-62.268,-62.301,-62.336,-62.354,-62.373,-62.408,-62.448,-62.489,-62.583,-62.624,-62.643,-62.659,-62.672,-62.684,-62.693,-62.701,-62.706,-62.709,-62.71,-62.706,-62.709,-62.713,-62.72,-62.728,-62.738,-62.75,-62.764,-62.78,-62.799,-62.839,-62.941,-62.968,-62.988,-63.008,-63.021,-63.029,-63.03,-63.027,-63.022,-63.015,-63.004,-62.991,-62.975,-62.957,-62.934,-62.894,-62.844,-62.792,-62.65,-62.576,-62.54,-62.507,-62.478,-62.452,-62.428,-62.407,-62.387,-62.369,-62.353,-62.337,-62.308,-62.287,-62.265,-62.249,-62.238,-62.231,-62.228,-62.228,-62.231,-62.238,-62.248,-62.262,-62.279,-62.3,-62.325,-62.438,-62.463,-62.484,-62.505,-62.523,-62.538,-62.549,-62.56,-62.566,-62.567,-62.566,-62.57,-62.569,-62.565,-62.558,-62.549,-62.536,-62.521,-62.502,-62.478,-62.431,-62.336,-62.298,-62.261,-62.227,-62.201,-62.173,-62.06,-62.031,-62.013,-62.0,-61.99,-61.983,-61.98,-61.979,-61.981,-61.98,-61.976,-61.97,-61.961,-61.949,-61.934,-61.907,-61.873,-61.831,-61.78,-61.732,-61.675,-61.617,-61.481,-61.414,-61.355,-61.306,-61.283,-61.263,-61.245,-61.229,-61.215,-61.203,-61.184,-61.177,-61.172,-61.168,-61.167,-61.169,-61.183,-61.187,-61.186,-61.178,-61.163,-61.141,-61.114,-61.048,-61.032,-61.02,-61.008,-61.0,-60.996,-60.995,-60.997,-61.004,-61.015,-61.03,-61.045,-61.065,-61.134,-61.157,-61.177,-61.192,-61.203,-61.21,-61.211,-61.207,-61.198,-61.183,-61.163,-61.136,-61.106,-61.069,-61.028,-60.912,-60.878,-60.85,-60.821,-60.797,-60.779,-60.764,-60.754,-60.749,-60.75,-60.756,-60.766,-60.782,-60.801,-60.857,-60.872,-60.884,-60.894,-60.899,-60.9,-60.897,-60.889,-60.877,-60.861,-60.84,-60.818,-60.793,-60.703,-60.673,-60.646,-60.624,-60.607,-60.594,-60.584,-60.579,-60.578,-60.582,-60.593,-60.609,-60.627,-60.65,-60.742,-60.777,-60.808,-60.831,-60.845,-60.854,-60.858,-60.861,-60.864,-60.87,-60.879,-60.893,-60.91,-60.932,-60.958,-60.988,-61.025,-61.067,-61.114,-61.171,-61.369,-61.446,-61.509,-61.571,-61.658,-61.744,-61.823,-61.889,-61.94,-61.983,-62.017,-62.044,-62.064,-62.078,-62.085,-62.086,-62.081,-62.07,-62.054,-62.004,-61.99,-61.98,-61.973,-61.969,-61.961,-61.957,-61.951,-61.942,-61.93,-61.915,-61.855,-61.836,-61.821,-61.817,-61.814,-61.815,-61.819,-61.828,-61.842,-61.856,-61.875,-61.943,-61.967,-61.987,-62.0,-62.009,-62.011,-62.007,-61.995,-61.98,-61.96,-61.935,-61.905,-61.873,-61.833,-61.665,-61.627,-61.595,-61.56,-61.53,-61.503,-61.48,-61.463,-61.448,-61.436,-61.425,-61.417,-61.411,-61.393,-61.382,-61.372,-61.361,-61.347,-61.33,-61.313,-61.294,-61.272,-61.247,-61.191,-61.074,-61.027,-60.98,-60.943,-60.925,-60.908,-60.894,-60.881,-60.861,-60.831,-60.817,-60.796,-60.772,-60.755,-60.737,-60.716,-60.693,-60.646,-60.531,-60.502,-60.479,-60.456,-60.438,-60.425,-60.418,-60.416,-60.416,-60.418,-60.423,-60.431,-60.441,-60.453,-60.468,-60.498,-60.536,-60.578,-60.704,-60.742,-60.774,-60.807,-60.836,-60.861,-60.882,-60.899,-60.913,-60.925,-60.935,-60.949,-60.967,-60.976,-60.99,-61.008,-61.03,-61.058,-61.095,-61.175,-61.206,-61.233,-61.243,-61.251,-61.257,-61.26,-61.262,-61.261,-61.258,-61.253,-61.246,-61.237,-61.213,-61.181,-61.143,-61.037,-61.009,-60.986,-60.966,-60.952,-60.946,-60.946,-60.951,-60.959,-60.97,-60.986,-61.022,-61.1,-61.131,-61.159,-61.181,-61.196,-61.208,-61.216,-61.235,-61.244,-61.255,-61.272,-61.293,-61.318,-61.382,-61.398,-61.411,-61.424,-61.432,-61.436,-61.436,-61.431,-61.421,-61.404,-61.381,-61.356,-61.325,-61.171,-61.133,-61.1,-61.067,-61.04,-61.018,-61.002,-60.991,-60.985,-60.983,-60.986,-60.993,-61.004,-61.018,-61.059,-61.07,-61.078,-61.084,-61.086,-61.084,-61.079,-61.065,-61.02,-61.003,-60.99,-60.979,-60.973,-60.964,-60.951,-60.929,-60.899,-60.866,-60.787,-60.754,-60.74,-60.73,-60.722,-60.717,-60.716,-60.719,-60.728,-60.742,-60.759,-60.78,-60.871,-60.908,-60.924,-60.938,-60.949,-60.957,-60.965,-60.969,-60.97,-60.969,-60.97,-60.985,-60.983,-60.98,-60.974,-60.96,-60.938,-60.911,-60.875,-60.837,-60.79,-60.74,-60.605,-60.566,-60.534,-60.499,-60.471,-60.447,-60.428,-60.415,-60.405,-60.398,-60.394,-60.393,-60.394,-60.409,-60.411,-60.409,-60.404,-60.396,-60.386,-60.374,-60.361,-60.325,-60.285,-60.176,-60.12,-60.06,-60.005,-59.961,-59.945,-59.933,-59.923,-59.916,-59.912,-59.91,-59.913,-59.921,-59.935,-59.954,-59.975,-60.001,-60.099,-60.135,-60.166,-60.188,-60.197,-60.204,-60.209,-60.212,-60.213,-60.208,-60.21,-60.216,-60.228,-60.246,-60.269,-60.3,-60.337,-60.38,-60.432,-60.494,-60.585,-60.844,-61.002,-61.425,-61.511,-61.58,-61.629,-61.673,-61.712,-61.748,-61.78,-61.808,-61.833,-61.856,-61.878,-61.897,-61.912,-61.924,-61.934,-61.939,-61.942,-61.941,-61.937,-61.931,-61.922,-61.911,-61.885,-61.824,-61.812,-61.803,-61.796,-61.794,-61.795,-61.8,-61.812,-61.828,-61.851,-61.88,-61.909,-61.943,-62.059,-62.097,-62.13,-62.156,-62.177,-62.192,-62.202,-62.207,-62.207,-62.205,-62.2,-62.192,-62.182,-62.17,-62.154,-62.137,-62.098,-62.05,-61.997,-61.837,-61.791,-61.751,-61.711,-61.677,-61.651,-61.63,-61.618,-61.609,-61.603,-61.602,-61.606,-61.626,-61.634,-61.637,-61.634,-61.628,-61.618,-61.605,-61.587,-61.566,-61.54,-61.508,-61.47,-61.41,-61.341,-61.274,-61.149,-61.099,-61.073,-61.052,-61.038,-61.028,-61.023,-61.024,-61.03,-61.042,-61.056,-61.074,-61.149,-61.175,-61.197,-61.204,-61.21,-61.213,-61.215,-61.214,-61.211,-61.199,-61.164,-61.151,-61.146,-61.144,-61.143,-61.145,-61.148,-61.153,-61.17,-61.191,-61.248,-61.272,-61.281,-61.287,-61.291,-61.292,-61.29,-61.283,-61.272,-61.235,-61.226,-61.22,-61.217,-61.216,-61.223,-61.224,-61.221,-61.213,-61.199,-61.179,-61.154,-61.09,-61.074,-61.062,-61.051,-61.044,-61.041,-61.042,-61.047,-61.056,-61.069,-61.086,-61.106,-61.129,-61.228,-61.266,-61.284,-61.298,-61.31,-61.319,-61.325,-61.328,-61.33,-61.33,-61.325,-61.304,-61.301,-61.302,-61.305,-61.313,-61.345,-61.353,-61.358,-61.358,-61.356,-61.351,-61.343,-61.333,-61.32,-61.304,-61.286,-61.264,-61.222,-61.169,-61.114,-60.98,-60.915,-60.886,-60.86,-60.838,-60.819,-60.802,-60.788,-60.778,-60.771,-60.767,-60.767,-60.769,-60.775,-60.788,-60.809,-60.832,-60.896,-60.928,-60.958,-61.013,-61.038,-61.06,-61.084,-61.11,-61.139,-61.164,-61.191,-61.22,-61.253,-61.328,-61.495,-61.566,-61.603,-61.637,-61.669,-61.697,-61.724,-61.749,-61.773,-61.795,-61.833,-61.915,-61.94,-61.964,-61.993,-62.023,-62.056,-62.091,-62.126,-62.164,-62.206,-62.252,-62.34,-62.544,-62.634,-62.674,-62.709,-62.741,-62.77,-62.801,-62.828,-62.852,-62.873,-62.889,-62.904,-62.949,-62.972,-62.987,-63.005,-63.024,-63.046,-63.072,-63.101,-63.134,-63.171,-63.244,-63.421,-63.463,-63.499,-63.534,-63.563,-63.587,-63.605,-63.618,-63.627,-63.632,-63.633,-63.631,-63.625,-63.615,-63.601,-63.586,-63.567,-63.544,-63.518,-63.457,-63.309,-63.242,-63.208,-63.179,-63.153,-63.13,-63.107,-63.089,-63.075,-63.065,-63.059,-63.057,-63.059,-63.065,-63.079,-63.1,-63.127,-63.163,-63.199,-63.242,-63.287,-63.408,-63.471,-63.503,-63.531,-63.555,-63.576,-63.594,-63.61,-63.623,-63.634,-63.643,-63.65,-63.67,-63.684,-63.695,-63.708,-63.724,-63.743,-63.781,-63.829,-63.879,-64.043,-64.098,-64.151,-64.216,-64.282,-64.337,-64.38,-64.412,-64.439,-64.461,-64.48,-64.498,-64.545,-64.563,-64.599,-64.612,-64.623,-64.627,-64.626,-64.623,-64.618,-64.61,-64.6,-64.588,-64.574,-64.557,-64.523,-64.481,-64.437,-64.32,-64.289,-64.262,-64.234,-64.211,-64.191,-64.174,-64.162,-64.152,-64.145,-64.139,-64.132,-64.127,-64.123,-64.113,-64.097,-64.074,-64.042,-64.006,-63.903,-63.875,-63.853,-63.831,-63.815,-63.804,-63.799,-63.798,-63.803,-63.812,-63.827,-63.844,-63.865,-63.937,-63.961,-63.981,-63.997,-64.007,-64.015,-64.03,-64.036,-64.044,-64.055,-64.069,-64.087,-64.151,-64.17,-64.185,-64.196,-64.204,-64.207,-64.205,-64.196,-64.194,-64.198,-64.205,-64.22,-64.243,-64.27,-64.343,-64.361,-64.374,-64.384,-64.388,-64.385,-64.376,-64.36,-64.337,-64.307,-64.269,-64.233,-64.189,-64.022,-63.955,-63.891,-63.862,-63.835,-63.801,-63.768,-63.735,-63.638,-63.603,-63.567,-63.524,-63.475,-63.42,-63.25,-63.197,-63.149,-63.109,-63.069,-62.935,-62.871,-62.798,-62.633,-62.593,-62.559,-62.528,-62.504,-62.483,-62.467,-62.457,-62.449,-62.431,-62.421,-62.413,-62.404,-62.392,-62.379,-62.364,-62.346,-62.325,-62.302,-62.251,-62.146,-62.103,-62.061,-62.026,-62.008,-61.993,-61.979,-61.968,-61.959,-61.951,-61.946,-61.943,-61.941,-61.942,-61.946,-61.953,-61.963,-61.975,-62.031,-62.052,-62.06,-62.066,-62.069,-62.069,-62.066,-62.061,-62.052,-62.04,-62.012,-61.954,-61.933,-61.914,-61.9,-61.89,-61.887,-61.89,-61.9,-61.908,-61.918,-61.931,-61.945,-61.962,-61.981,-62.002,-62.025,-62.069,-62.122,-62.174,-62.297,-62.351,-62.397,-62.434,-62.45,-62.464,-62.476,-62.485,-62.492,-62.497,-62.5,-62.501,-62.499,-62.493,-62.485,-62.473,-62.46,-62.443,-62.371,-62.342,-62.328,-62.317,-62.308,-62.3,-62.293,-62.291,-62.293,-62.306,-62.309,-62.308,-62.3,-62.286,-62.264,-62.239,-62.175,-62.147,-62.135,-62.127,-62.12,-62.116,-62.113,-62.117,-62.124,-62.147,-62.154,-62.155,-62.149,-62.138,-62.12,-62.1,-62.047,-62.023,-62.014,-62.007,-62.002,-62.0,-61.999,-62.001,-62.01,-62.023,-62.062,-62.078,-62.088,-62.097,-62.102,-62.112,-62.125,-62.137,-62.152,-62.169,-62.189,-62.231,-62.332,-62.355,-62.373,-62.389,-62.402,-62.41,-62.414,-62.415,-62.414,-62.411,-62.406,-62.4,-62.391,-62.367,-62.336,-62.295,-62.247,-62.14,-62.096,-62.052,-62.017,-61.999,-61.983,-61.969,-61.958,-61.949,-61.942,-61.936,-61.933,-61.933,-61.94,-61.953,-61.974,-62.012,-62.081,-62.212,-62.232,-62.247,-62.262,-62.271,-62.274,-62.271,-62.262,-62.249,-62.229,-62.202,-61.991,-61.946,-61.853,-61.83,-61.813,-61.794,-61.781,-61.775,-61.775,-61.778,-61.785,-61.794,-61.806,-61.821,-61.839,-61.861,-61.885,-61.932,-61.99,-62.051,-62.22,-62.269,-62.312,-62.356,-62.396,-62.431,-62.463,-62.495,-62.524,-62.549,-62.571,-62.59,-62.603,-62.611,-62.613,-62.611,-62.606,-62.598,-62.586,-62.571,-62.553,-62.53,-62.504,-62.479,-62.451,-62.42,-62.385,-62.315,-62.135,-62.087,-62.046,-62.004,-61.969,-61.939,-61.914,-61.894,-61.878,-61.865,-61.854,-61.816,-61.813,-61.816,-61.82,-61.827,-61.836,-61.847,-61.861,-61.876,-61.895,-61.916,-61.957,-62.008,-62.06,-62.194,-62.261,-62.293,-62.321,-62.345,-62.366,-62.383,-62.397,-62.41,-62.422,-62.44,-62.468,-62.482,-62.501,-62.525,-62.553,-62.588,-62.624,-62.708,-62.744,-62.773,-62.796,-62.811,-62.822,-62.83,-62.835,-62.838,-62.837,-62.826,-62.826,-62.829,-62.835,-62.843,-62.855,-62.869,-62.887,-62.908,-62.933,-62.984,-63.085,-63.123,-63.16,-63.192,-63.221,-63.245,-63.264,-63.278,-63.288,-63.294,-63.296,-63.296,-63.293,-63.288,-63.259,-63.256,-63.255,-63.256,-63.262,-63.27,-63.283,-63.302,-63.325,-63.354,-63.39,-63.425,-63.465,-63.608,-63.657,-63.703,-63.74,-63.757,-63.772,-63.785,-63.795,-63.802,-63.807,-63.81,-63.81,-63.808,-63.804,-63.796,-63.786,-63.774,-63.758,-63.74,-63.718,-63.672,-63.613,-63.548,-63.396,-63.327,-63.294,-63.266,-63.243,-63.223,-63.208,-63.196,-63.187,-63.183,-63.181,-63.183,-63.198,-63.201,-63.199,-63.196,-63.19,-63.182,-63.172,-63.159,-63.145,-63.127,-63.09,-63.013,-62.982,-62.952,-62.928,-62.908,-62.89,-62.85,-62.836,-62.821,-62.803,-62.781,-62.757,-62.728,-62.694,-62.663,-62.626,-62.468,-62.434,-62.405,-62.381,-62.361,-62.345,-62.332,-62.322,-62.316,-62.314,-62.316,-62.322,-62.332,-62.379,-62.395,-62.401,-62.402,-62.401,-62.396,-62.387,-62.373,-62.355,-62.331,-62.304,-62.271,-62.235,-62.13,-62.099,-62.074,-62.046,-62.025,-62.008,-61.995,-61.986,-61.982,-61.981,-61.984,-61.99,-62.0,-62.049,-62.066,-62.072,-62.076,-62.076,-62.073,-62.068,-62.06,-62.049,-62.035,-62.004,-61.924,-61.905,-61.89,-61.878,-61.868,-61.861,-61.857,-61.856,-61.857,-61.862,-61.87,-61.887,-61.935,-61.958,-61.977,-62.011,-62.031,-62.05,-62.073,-62.151,-62.175,-62.194,-62.208,-62.219,-62.226,-62.228,-62.229,-62.232,-62.237,-62.246,-62.258,-62.315,-62.324,-62.329,-62.332,-62.33,-62.323,-62.311,-62.297,-62.279,-62.214,-62.194,-62.177,-62.166,-62.159,-62.156,-62.157,-62.163,-62.171,-62.184,-62.199,-62.219,-62.241,-62.267,-62.383,-62.431,-62.455,-62.476,-62.493,-62.508,-62.526,-62.539,-62.546,-62.556,-62.563,-62.575,-62.593,-62.615,-62.643,-62.791,-62.834,-62.865,-62.887,-62.903,-62.915,-62.921,-62.923,-62.921,-62.915,-62.904,-62.891,-62.874,-62.801,-62.775,-62.764,-62.757,-62.752,-62.751,-62.753,-62.758,-62.767,-62.779,-62.793,-62.809,-62.889,-62.906,-62.919,-62.928,-62.932,-62.931,-62.925,-62.913,-62.894,-62.87,-62.84,-62.808,-62.77,-62.619,-62.559,-62.529,-62.503,-62.481,-62.462,-62.443,-62.428,-62.417,-62.409,-62.404,-62.403,-62.405,-62.41,-62.419,-62.43,-62.464,-62.499,-62.517,-62.536,-62.57,-62.611,-62.652,-62.745,-62.786,-62.805,-62.821,-62.834,-62.845,-62.855,-62.862,-62.867,-62.871,-62.872,-62.867,-62.87,-62.874,-62.881,-62.889,-62.899,-62.911,-62.924,-62.959,-62.999,-63.101,-63.128,-63.148,-63.167,-63.181,-63.188,-63.189,-63.187,-63.181,-63.174,-63.164,-63.15,-63.135,-63.116,-63.094,-63.054,-63.003,-62.952,-62.811,-62.736,-62.7,-62.668,-62.639,-62.613,-62.589,-62.568,-62.548,-62.53,-62.514,-62.499,-62.47,-62.449,-62.427,-62.411,-62.4,-62.394,-62.39,-62.39,-62.394,-62.4,-62.41,-62.424,-62.441,-62.462,-62.487,-62.599,-62.624,-62.645,-62.667,-62.684,-62.699,-62.71,-62.721,-62.726,-62.727,-62.726,-62.73,-62.728,-62.725,-62.718,-62.709,-62.696,-62.681,-62.662,-62.639,-62.592,-62.496,-62.458,-62.421,-62.387,-62.361,-62.333,-62.221,-62.193,-62.175,-62.161,-62.151,-62.145,-62.142,-62.14,-62.143,-62.141,-62.138,-62.131,-62.123,-62.111,-62.097,-62.07,-62.035,-61.994,-61.943,-61.896,-61.839,-61.783,-61.646,-61.58,-61.521,-61.473,-61.45,-61.43,-61.412,-61.396,-61.383,-61.37,-61.352,-61.345,-61.339,-61.336,-61.335,-61.338,-61.352,-61.356,-61.355,-61.348,-61.333,-61.311,-61.285,-61.219,-61.203,-61.191,-61.18,-61.172,-61.168,-61.167,-61.169,-61.176,-61.187,-61.202,-61.217,-61.237,-61.306,-61.329,-61.349,-61.364,-61.375,-61.381,-61.383,-61.379,-61.37,-61.355,-61.335,-61.309,-61.279,-61.242,-61.201,-61.085,-61.052,-61.024,-60.995,-60.971,-60.953,-60.939,-60.929,-60.924,-60.925,-60.931,-60.941,-60.957,-60.976,-61.032,-61.048,-61.059,-61.069,-61.075,-61.076,-61.073,-61.065,-61.053,-61.037,-61.015,-60.994,-60.969,-60.881,-60.85,-60.823,-60.802,-60.785,-60.771,-60.762,-60.757,-60.756,-60.761,-60.771,-60.787,-60.805,-60.828,-60.92,-60.955,-60.986,-61.008,-61.023,-61.031,-61.035,-61.038,-61.041,-61.046,-61.056,-61.069,-61.087,-61.108,-61.133,-61.163,-61.199,-61.24,-61.287,-61.343,-61.538,-61.614,-61.677,-61.737,-61.823,-61.907,-61.985,-62.05,-62.102,-62.143,-62.177,-62.204,-62.224,-62.237,-62.245,-62.246,-62.241,-62.229,-62.213,-62.161,-62.147,-62.137,-62.13,-62.125,-62.117,-62.113,-62.106,-62.097,-62.085,-62.069,-62.01,-61.99,-61.975,-61.971,-61.969,-61.969,-61.973,-61.982,-61.995,-62.01,-62.029,-62.096,-62.119,-62.139,-62.153,-62.162,-62.164,-62.159,-62.147,-62.133,-62.113,-62.088,-62.058,-62.026,-61.986,-61.819,-61.781,-61.748,-61.713,-61.683,-61.657,-61.634,-61.617,-61.602,-61.59,-61.58,-61.572,-61.566,-61.549,-61.538,-61.528,-61.517,-61.503,-61.487,-61.47,-61.451,-61.43,-61.405,-61.35,-61.234,-61.186,-61.14,-61.103,-61.085,-61.069,-61.055,-61.043,-61.023,-60.994,-60.98,-60.96,-60.936,-60.92,-60.902,-60.859,-60.813,-60.7,-60.672,-60.649,-60.626,-60.609,-60.597,-60.589,-60.587,-60.587,-60.589,-60.594,-60.601,-60.611,-60.624,-60.639,-60.669,-60.707,-60.749,-60.875,-60.912,-60.945,-60.978,-61.007,-61.032,-61.053,-61.069,-61.083,-61.095,-61.104,-61.118,-61.135,-61.143,-61.157,-61.175,-61.196,-61.223,-61.26,-61.339,-61.369,-61.395,-61.413,-61.419,-61.422,-61.424,-61.423,-61.42,-61.415,-61.408,-61.398,-61.375,-61.342,-61.304,-61.198,-61.17,-61.148,-61.127,-61.113,-61.107,-61.107,-61.111,-61.119,-61.131,-61.147,-61.182,-61.259,-61.29,-61.318,-61.34,-61.355,-61.366,-61.375,-61.392,-61.401,-61.412,-61.429,-61.45,-61.474,-61.537,-61.553,-61.566,-61.578,-61.586,-61.59,-61.59,-61.585,-61.575,-61.558,-61.535,-61.511,-61.48,-61.326,-61.288,-61.255,-61.222,-61.195,-61.173,-61.156,-61.146,-61.14,-61.138,-61.141,-61.148,-61.159,-61.173,-61.214,-61.225,-61.232,-61.238,-61.241,-61.239,-61.234,-61.22,-61.175,-61.158,-61.145,-61.134,-61.129,-61.119,-61.107,-61.085,-61.055,-61.023,-60.944,-60.911,-60.898,-60.887,-60.88,-60.875,-60.873,-60.877,-60.886,-60.9,-60.916,-60.938,-61.029,-61.065,-61.081,-61.095,-61.106,-61.114,-61.122,-61.126,-61.127,-61.125,-61.126,-61.141,-61.139,-61.136,-61.13,-61.116,-61.095,-61.068,-61.032,-60.994,-60.948,-60.898,-60.764,-60.725,-60.693,-60.659,-60.631,-60.607,-60.588,-60.576,-60.566,-60.559,-60.555,-60.554,-60.555,-60.571,-60.574,-60.572,-60.568,-60.56,-60.55,-60.539,-60.525,-60.491,-60.452,-60.345,-60.291,-60.233,-60.18,-60.137,-60.121,-60.109,-60.099,-60.092,-60.088,-60.087,-60.089,-60.098,-60.112,-60.131,-60.152,-60.179,-60.277,-60.313,-60.345,-60.367,-60.376,-60.382,-60.387,-60.39,-60.391,-60.387,-60.389,-60.394,-60.406,-60.423,-60.447,-60.478,-60.513,-60.555,-60.606,-60.666,-60.755,-61.012,-61.166,-61.583,-61.669,-61.737,-61.785,-61.828,-61.867,-61.902,-61.933,-61.961,-61.986,-62.008,-62.03,-62.048,-62.063,-62.075,-62.083,-62.089,-62.09,-62.089,-62.085,-62.078,-62.069,-62.057,-62.031,-61.968,-61.956,-61.947,-61.939,-61.936,-61.937,-61.942,-61.953,-61.97,-61.992,-62.02,-62.049,-62.083,-62.198,-62.236,-62.268,-62.294,-62.314,-62.329,-62.339,-62.343,-62.344,-62.341,-62.336,-62.329,-62.319,-62.306,-62.291,-62.273,-62.235,-62.187,-62.132,-61.973,-61.926,-61.886,-61.846,-61.813,-61.786,-61.765,-61.753,-61.744,-61.738,-61.737,-61.741,-61.761,-61.768,-61.771,-61.768,-61.762,-61.752,-61.739,-61.721,-61.701,-61.675,-61.643,-61.605,-61.546,-61.476,-61.411,-61.286,-61.237,-61.21,-61.19,-61.175,-61.166,-61.161,-61.161,-61.167,-61.179,-61.193,-61.212,-61.287,-61.313,-61.334,-61.342,-61.348,-61.351,-61.353,-61.352,-61.349,-61.337,-61.302,-61.289,-61.285,-61.282,-61.281,-61.283,-61.286,-61.291,-61.308,-61.329,-61.386,-61.409,-61.418,-61.424,-61.428,-61.429,-61.427,-61.42,-61.409,-61.372,-61.363,-61.357,-61.353,-61.353,-61.359,-61.36,-61.357,-61.349,-61.335,-61.315,-61.291,-61.227,-61.211,-61.199,-61.188,-61.181,-61.178,-61.179,-61.184,-61.193,-61.205,-61.223,-61.242,-61.265,-61.363,-61.401,-61.419,-61.433,-61.445,-61.454,-61.46,-61.463,-61.465,-61.464,-61.459,-61.438,-61.435,-61.435,-61.439,-61.446,-61.478,-61.486,-61.491,-61.491,-61.489,-61.484,-61.476,-61.466,-61.453,-61.437,-61.419,-61.397,-61.355,-61.302,-61.248,-61.114,-61.051,-61.021,-60.996,-60.974,-60.955,-60.938,-60.924,-60.914,-60.907,-60.903,-60.902,-60.904,-60.91,-60.923,-60.944,-60.967,-61.032,-61.064,-61.094,-61.149,-61.174,-61.196,-61.219,-61.245,-61.273,-61.298,-61.324,-61.354,-61.386,-61.46,-61.627,-61.697,-61.734,-61.768,-61.799,-61.828,-61.854,-61.878,-61.902,-61.925,-61.961,-62.043,-62.067,-62.091,-62.119,-62.149,-62.182,-62.217,-62.251,-62.289,-62.331,-62.376,-62.463,-62.665,-62.755,-62.794,-62.829,-62.86,-62.889,-62.92,-62.946,-62.97,-62.99,-63.007,-63.021,-63.065,-63.088,-63.103,-63.12,-63.139,-63.161,-63.186,-63.215,-63.248,-63.285,-63.358,-63.533,-63.575,-63.611,-63.645,-63.674,-63.697,-63.716,-63.728,-63.737,-63.742,-63.743,-63.741,-63.734,-63.725,-63.711,-63.696,-63.676,-63.654,-63.627,-63.567,-63.418,-63.351,-63.317,-63.287,-63.261,-63.238,-63.216,-63.197,-63.183,-63.173,-63.167,-63.165,-63.167,-63.173,-63.187,-63.207,-63.235,-63.27,-63.306,-63.349,-63.394,-63.514,-63.578,-63.609,-63.637,-63.661,-63.682,-63.7,-63.715,-63.728,-63.739,-63.748,-63.755,-63.775,-63.789,-63.799,-63.813,-63.829,-63.848,-63.885,-63.933,-63.982,-64.146,-64.201,-64.254,-64.319,-64.385,-64.439,-64.483,-64.514,-64.541,-64.563,-64.582,-64.599,-64.645,-64.662,-64.699,-64.712,-64.723,-64.726,-64.726,-64.724,-64.72,-64.715,-64.707,-64.697,-64.684,-64.67,-64.653,-64.62,-64.578,-64.535,-64.42,-64.361,-64.334,-64.31,-64.29,-64.273,-64.261,-64.251,-64.243,-64.237,-64.23,-64.226,-64.221,-64.211,-64.196,-64.172,-64.14,-64.104,-64.002,-63.974,-63.951,-63.93,-63.913,-63.903,-63.897,-63.897,-63.901,-63.91,-63.925,-63.942,-63.963,-64.035,-64.058,-64.079,-64.094,-64.104,-64.112,-64.127,-64.133,-64.141,-64.152,-64.166,-64.184,-64.247,-64.266,-64.281,-64.292,-64.3,-64.303,-64.301,-64.291,-64.29,-64.293,-64.301,-64.316,-64.338,-64.365,-64.437,-64.455,-64.469,-64.479,-64.483,-64.48,-64.47,-64.454,-64.431,-64.401,-64.363,-64.327,-64.284,-64.116,-64.049,-64.015,-63.984,-63.956,-63.928,-63.895,-63.862,-63.829,-63.733,-63.697,-63.662,-63.619,-63.57,-63.515,-63.345,-63.292,-63.244,-63.204,-63.164,-63.03,-62.966,-62.894,-62.73,-62.689,-62.656,-62.625,-62.601,-62.58,-62.565,-62.554,-62.546,-62.529,-62.518,-62.51,-62.501,-62.49,-62.477,-62.461,-62.444,-62.423,-62.399,-62.35,-62.245,-62.202,-62.16,-62.125,-62.107,-62.092,-62.079,-62.067,-62.058,-62.051,-62.045,-62.042,-62.041,-62.042,-62.046,-62.053,-62.062,-62.074,-62.131,-62.151,-62.16,-62.165,-62.168,-62.169,-62.166,-62.16,-62.152,-62.14,-62.112,-62.054,-62.032,-62.013,-61.999,-61.99,-61.986,-61.989,-61.999,-62.008,-62.018,-62.03,-62.044,-62.061,-62.08,-62.101,-62.124,-62.168,-62.22,-62.273,-62.394,-62.449,-62.495,-62.531,-62.547,-62.561,-62.573,-62.582,-62.589,-62.594,-62.597,-62.597,-62.595,-62.59,-62.582,-62.57,-62.556,-62.539,-62.467,-62.438,-62.424,-62.413,-62.403,-62.396,-62.389,-62.386,-62.389,-62.401,-62.405,-62.403,-62.395,-62.381,-62.359,-62.333,-62.27,-62.242,-62.231,-62.222,-62.215,-62.211,-62.208,-62.212,-62.219,-62.241,-62.248,-62.249,-62.244,-62.233,-62.215,-62.195,-62.141,-62.118,-62.108,-62.101,-62.096,-62.094,-62.094,-62.095,-62.104,-62.117,-62.156,-62.172,-62.182,-62.191,-62.196,-62.205,-62.219,-62.23,-62.245,-62.262,-62.282,-62.324,-62.424,-62.447,-62.465,-62.481,-62.494,-62.502,-62.506,-62.507,-62.506,-62.503,-62.498,-62.491,-62.482,-62.459,-62.428,-62.387,-62.339,-62.232,-62.188,-62.144,-62.109,-62.091,-62.075,-62.061,-62.05,-62.041,-62.033,-62.028,-62.025,-62.025,-62.031,-62.044,-62.065,-62.103,-62.172,-62.303,-62.322,-62.338,-62.352,-62.361,-62.364,-62.361,-62.352,-62.339,-62.319,-62.292,-62.19,-62.081,-62.036,-61.943,-61.92,-61.903,-61.884,-61.871,-61.865,-61.865,-61.868,-61.875,-61.884,-61.896,-61.911,-61.929,-61.95,-61.975,-62.022,-62.079,-62.14,-62.309,-62.357,-62.4,-62.444,-62.483,-62.518,-62.55,-62.582,-62.61,-62.635,-62.657,-62.676,-62.689,-62.697,-62.699,-62.697,-62.692,-62.683,-62.672,-62.657,-62.638,-62.616,-62.589,-62.565,-62.537,-62.505,-62.47,-62.4,-62.221,-62.172,-62.132,-62.09,-62.055,-62.025,-62.0,-61.98,-61.964,-61.951,-61.941,-61.902,-61.899,-61.902,-61.906,-61.913,-61.922,-61.933,-61.946,-61.962,-61.981,-62.002,-62.043,-62.094,-62.146,-62.279,-62.346,-62.377,-62.406,-62.43,-62.451,-62.467,-62.482,-62.494,-62.506,-62.524,-62.551,-62.565,-62.584,-62.608,-62.636,-62.671,-62.707,-62.79,-62.826,-62.855,-62.878,-62.892,-62.903,-62.911,-62.916,-62.919,-62.918,-62.907,-62.906,-62.909,-62.915,-62.923,-62.935,-62.949,-62.967,-62.988,-63.013,-63.064,-63.164,-63.202,-63.239,-63.27,-63.299,-63.323,-63.342,-63.356,-63.365,-63.371,-63.374,-63.373,-63.37,-63.365,-63.336,-63.332,-63.331,-63.333,-63.338,-63.347,-63.359,-63.377,-63.401,-63.43,-63.466,-63.5,-63.54,-63.682,-63.732,-63.777,-63.814,-63.831,-63.846,-63.859,-63.869,-63.876,-63.881,-63.884,-63.884,-63.882,-63.877,-63.87,-63.86,-63.847,-63.832,-63.814,-63.792,-63.747,-63.688,-63.622,-63.469,-63.4,-63.367,-63.339,-63.316,-63.296,-63.281,-63.269,-63.26,-63.256,-63.254,-63.256,-63.271,-63.274,-63.272,-63.269,-63.263,-63.254,-63.245,-63.232,-63.217,-63.2,-63.163,-63.085,-63.055,-63.025,-63.0,-62.98,-62.963,-62.923,-62.909,-62.893,-62.876,-62.854,-62.829,-62.801,-62.767,-62.736,-62.7,-62.541,-62.508,-62.479,-62.455,-62.434,-62.418,-62.405,-62.395,-62.39,-62.388,-62.39,-62.396,-62.406,-62.453,-62.469,-62.475,-62.476,-62.475,-62.47,-62.461,-62.447,-62.429,-62.405,-62.378,-62.345,-62.309,-62.204,-62.173,-62.148,-62.121,-62.1,-62.082,-62.07,-62.061,-62.056,-62.056,-62.059,-62.065,-62.075,-62.124,-62.141,-62.148,-62.151,-62.151,-62.149,-62.143,-62.135,-62.124,-62.11,-62.08,-61.999,-61.981,-61.966,-61.953,-61.944,-61.937,-61.933,-61.931,-61.933,-61.937,-61.945,-61.962,-62.011,-62.034,-62.052,-62.087,-62.106,-62.125,-62.148,-62.226,-62.249,-62.268,-62.283,-62.294,-62.3,-62.302,-62.303,-62.306,-62.311,-62.32,-62.332,-62.388,-62.397,-62.402,-62.405,-62.403,-62.396,-62.384,-62.37,-62.352,-62.287,-62.267,-62.25,-62.239,-62.231,-62.228,-62.23,-62.235,-62.244,-62.256,-62.272,-62.292,-62.313,-62.34,-62.455,-62.503,-62.527,-62.548,-62.565,-62.579,-62.598,-62.61,-62.618,-62.627,-62.633,-62.646,-62.663,-62.685,-62.713,-62.86,-62.903,-62.933,-62.956,-62.972,-62.983,-62.989,-62.991,-62.989,-62.982,-62.972,-62.959,-62.942,-62.869,-62.843,-62.832,-62.824,-62.82,-62.818,-62.82,-62.825,-62.834,-62.847,-62.86,-62.877,-62.956,-62.973,-62.985,-62.994,-62.998,-62.997,-62.991,-62.979,-62.961,-62.937,-62.906,-62.875,-62.836,-62.685,-62.626,-62.596,-62.57,-62.548,-62.529,-62.51,-62.495,-62.484,-62.475,-62.471,-62.47,-62.472,-62.477,-62.485,-62.496,-62.53,-62.565,-62.583,-62.602,-62.636,-62.677,-62.718,-62.811,-62.852,-62.87,-62.886,-62.9,-62.911,-62.92,-62.927,-62.933,-62.936,-62.937,-62.932,-62.935,-62.939,-62.945,-62.953,-62.963,-62.975,-62.989,-63.005,-63.024,-63.063,-63.165,-63.191,-63.212,-63.231,-63.244,-63.251,-63.252,-63.25,-63.245,-63.237,-63.227,-63.214,-63.198,-63.179,-63.158,-63.117,-63.067,-63.015,-62.874,-62.8,-62.764,-62.732,-62.703,-62.677,-62.653,-62.632,-62.612,-62.594,-62.577,-62.562,-62.533,-62.512,-62.491,-62.475,-62.464,-62.457,-62.454,-62.454,-62.457,-62.464,-62.474,-62.488,-62.505,-62.525,-62.55,-62.662,-62.687,-62.708,-62.73,-62.747,-62.762,-62.773,-62.784,-62.789,-62.79,-62.788,-62.792,-62.79,-62.787,-62.78,-62.771,-62.758,-62.743,-62.724,-62.701,-62.653,-62.558,-62.52,-62.483,-62.449,-62.423,-62.395,-62.284,-62.255,-62.237,-62.223,-62.213,-62.207,-62.204,-62.203,-62.205,-62.204,-62.2,-62.194,-62.185,-62.174,-62.159,-62.132,-62.098,-62.057,-62.007,-61.959,-61.902,-61.845,-61.71,-61.644,-61.585,-61.536,-61.494,-61.476,-61.461,-61.447,-61.435,-61.416,-61.409,-61.404,-61.401,-61.399,-61.402,-61.417,-61.421,-61.42,-61.413,-61.398,-61.376,-61.351,-61.285,-61.269,-61.257,-61.246,-61.238,-61.234,-61.233,-61.236,-61.242,-61.253,-61.268,-61.284,-61.303,-61.373,-61.395,-61.416,-61.43,-61.441,-61.448,-61.449,-61.446,-61.437,-61.422,-61.402,-61.375,-61.346,-61.309,-61.268,-61.153,-61.12,-61.092,-61.063,-61.039,-61.021,-61.007,-60.997,-60.992,-60.993,-60.999,-61.009,-61.025,-61.044,-61.101,-61.116,-61.127,-61.138,-61.143,-61.144,-61.141,-61.134,-61.122,-61.106,-61.085,-61.064,-61.038,-60.95,-60.919,-60.893,-60.872,-60.854,-60.841,-60.832,-60.827,-60.826,-60.831,-60.841,-60.857,-60.875,-60.898,-60.989,-61.025,-61.056,-61.078,-61.093,-61.101,-61.105,-61.107,-61.111,-61.116,-61.126,-61.139,-61.156,-61.177,-61.202,-61.233,-61.268,-61.309,-61.356,-61.411,-61.606,-61.68,-61.742,-61.802,-61.887,-61.971,-62.048,-62.114,-62.165,-62.207,-62.241,-62.267,-62.287,-62.301,-62.308,-62.309,-62.304,-62.292,-62.276,-62.223,-62.209,-62.199,-62.191,-62.186,-62.178,-62.174,-62.167,-62.157,-62.145,-62.13,-62.07,-62.05,-62.035,-62.031,-62.028,-62.028,-62.033,-62.042,-62.055,-62.07,-62.088,-62.155,-62.179,-62.198,-62.211,-62.22,-62.222,-62.217,-62.206,-62.191,-62.172,-62.147,-62.117,-62.084,-62.045,-61.877,-61.839,-61.806,-61.771,-61.741,-61.715,-61.692,-61.675,-61.661,-61.648,-61.638,-61.63,-61.624,-61.608,-61.597,-61.588,-61.576,-61.563,-61.547,-61.53,-61.511,-61.489,-61.464,-61.41,-61.294,-61.246,-61.2,-61.163,-61.145,-61.129,-61.115,-61.103,-61.084,-61.055,-61.042,-61.022,-60.998,-60.982,-60.964,-60.921,-60.875,-60.763,-60.735,-60.712,-60.69,-60.673,-60.66,-60.653,-60.651,-60.651,-60.653,-60.658,-60.666,-60.675,-60.688,-60.703,-60.733,-60.771,-60.813,-60.939,-60.977,-61.009,-61.042,-61.071,-61.096,-61.117,-61.133,-61.147,-61.158,-61.168,-61.182,-61.198,-61.206,-61.22,-61.238,-61.259,-61.286,-61.323,-61.401,-61.43,-61.457,-61.474,-61.48,-61.483,-61.485,-61.484,-61.481,-61.476,-61.469,-61.459,-61.435,-61.403,-61.365,-61.259,-61.23,-61.208,-61.187,-61.174,-61.167,-61.167,-61.172,-61.179,-61.191,-61.207,-61.242,-61.319,-61.35,-61.378,-61.4,-61.414,-61.426,-61.434,-61.451,-61.46,-61.471,-61.487,-61.508,-61.532,-61.594,-61.61,-61.623,-61.636,-61.643,-61.647,-61.648,-61.643,-61.632,-61.616,-61.593,-61.568,-61.537,-61.383,-61.345,-61.312,-61.279,-61.252,-61.23,-61.213,-61.203,-61.196,-61.195,-61.198,-61.205,-61.216,-61.23,-61.271,-61.281,-61.289,-61.295,-61.297,-61.296,-61.291,-61.276,-61.232,-61.214,-61.202,-61.191,-61.185,-61.176,-61.163,-61.141,-61.112,-61.079,-61.001,-60.969,-60.955,-60.944,-60.937,-60.932,-60.931,-60.934,-60.943,-60.957,-60.974,-60.995,-61.086,-61.122,-61.138,-61.152,-61.163,-61.171,-61.178,-61.182,-61.184,-61.182,-61.183,-61.197,-61.196,-61.192,-61.187,-61.173,-61.152,-61.124,-61.089,-61.051,-61.005,-60.955,-60.82,-60.782,-60.75,-60.716,-60.687,-60.664,-60.645,-60.633,-60.623,-60.617,-60.613,-60.612,-60.614,-60.63,-60.633,-60.631,-60.627,-60.62,-60.61,-60.599,-60.586,-60.552,-60.513,-60.405,-60.349,-60.29,-60.236,-60.214,-60.195,-60.179,-60.168,-60.159,-60.153,-60.15,-60.15,-60.154,-60.164,-60.178,-60.198,-60.218,-60.244,-60.34,-60.376,-60.408,-60.43,-60.439,-60.446,-60.451,-60.454,-60.455,-60.45,-60.453,-60.458,-60.47,-60.488,-60.512,-60.542,-60.577,-60.619,-60.669,-60.728,-60.817,-61.072,-61.225,-61.638,-61.723,-61.791,-61.84,-61.883,-61.922,-61.956,-61.988,-62.015,-62.04,-62.062,-62.084,-62.102,-62.117,-62.128,-62.137,-62.142,-62.143,-62.142,-62.137,-62.131,-62.122,-62.11,-62.083,-62.019,-62.007,-61.997,-61.99,-61.987,-61.988,-61.993,-62.004,-62.02,-62.042,-62.07,-62.098,-62.132,-62.247,-62.285,-62.316,-62.342,-62.362,-62.377,-62.387,-62.391,-62.392,-62.389,-62.384,-62.377,-62.367,-62.354,-62.339,-62.321,-62.282,-62.234,-62.18,-62.02,-61.973,-61.934,-61.893,-61.86,-61.833,-61.812,-61.8,-61.791,-61.785,-61.784,-61.787,-61.807,-61.815,-61.817,-61.814,-61.808,-61.798,-61.785,-61.767,-61.747,-61.721,-61.69,-61.652,-61.592,-61.523,-61.457,-61.333,-61.283,-61.256,-61.236,-61.222,-61.212,-61.207,-61.208,-61.214,-61.226,-61.24,-61.259,-61.333,-61.36,-61.381,-61.389,-61.394,-61.398,-61.399,-61.399,-61.396,-61.383,-61.348,-61.336,-61.331,-61.328,-61.328,-61.329,-61.332,-61.338,-61.355,-61.376,-61.432,-61.455,-61.464,-61.47,-61.474,-61.475,-61.473,-61.466,-61.455,-61.418,-61.409,-61.403,-61.399,-61.399,-61.405,-61.406,-61.403,-61.395,-61.381,-61.361,-61.337,-61.273,-61.257,-61.245,-61.234,-61.227,-61.224,-61.225,-61.23,-61.238,-61.251,-61.268,-61.288,-61.311,-61.409,-61.446,-61.464,-61.479,-61.49,-61.499,-61.505,-61.508,-61.51,-61.51,-61.504,-61.483,-61.48,-61.48,-61.484,-61.491,-61.522,-61.53,-61.535,-61.536,-61.533,-61.528,-61.521,-61.511,-61.498,-61.483,-61.465,-61.443,-61.402,-61.349,-61.294,-61.154,-61.118,-61.087,-61.055,-61.028,-61.006,-60.987,-60.97,-60.958,-60.95,-60.947,-60.949,-60.955,-60.966,-60.982,-61.009,-61.077,-61.11,-61.139,-61.197,-61.226,-61.247,-61.268,-61.292,-61.317,-61.342,-61.368,-61.398,-61.43,-61.505,-61.67,-61.741,-61.778,-61.812,-61.843,-61.871,-61.897,-61.922,-61.945,-61.967,-62.004,-62.085,-62.109,-62.133,-62.161,-62.191,-62.223,-62.258,-62.293,-62.33,-62.372,-62.417,-62.504,-62.705,-62.793,-62.831,-62.866,-62.896,-62.924,-62.953,-62.979,-63.001,-63.022,-63.039,-63.054,-63.068,-63.084,-63.089,-63.106,-63.125,-63.146,-63.164,-63.207,-63.258,-63.315,-63.376,-63.438,-63.503,-63.567,-63.632,-63.701,-63.774,-63.847,-63.925,-64.003,-64.084,-64.165,-64.247,-64.413,-64.576,-64.738,-64.898,-65.054,-65.208,-65.358,-65.494,-65.626,-65.756,-65.883,-66.008,-66.129,-66.247,-66.363,-66.476,-66.586,-66.694,-66.8,-66.902,-67.001,-67.098,-67.193,-67.267,-67.34,-67.41,-67.48,-67.547,-67.613,-67.677,-67.74,-67.801,-67.861,-67.919,-67.976,-68.031,-68.084,-68.137,-68.187,-68.237,-68.285,-68.331,-68.376,-68.42,-68.462,-68.503,-68.543,-68.618,-68.689,-68.754,-68.815,-68.859,-68.901,-68.94,-68.977,-69.01,-69.041,-69.07,-69.096,-69.119,-69.141,-69.16,-69.177,-69.191,-69.204,-69.215,-69.224,-69.234,-69.241,-69.244,-69.245,-69.241,-69.225,-69.217,-69.212,-69.209
