-70.219,-69.807,-69.467,-69.164,-68.884,-68.617,-68.36,-68.11,-67.865,-67.626,-67.391,-67.16,-66.932,-66.708,-66.486,-66.267,-66.051,-65.838,-65.627,-65.419,-65.213,-65.01,-64.808,-64.609,-64.412,-64.217,-64.025,-63.834,-63.645,-63.458,-63.272,-63.089,-62.907,-62.727,-62.548,-62.371,-62.195,-62.021,-61.849,-61.677,-61.507,-61.338,-61.17,-61.003,-60.838,-60.673,-60.509,-60.346,-60.183,-60.02,-59.858,-59.696,-59.534,-59.372,-59.21,-59.047,-58.883,-58.719,-58.553,-58.386,-58.214,-58.04,-57.864,-57.682,-57.492,-57.296,-57.091,-56.863,-56.602,-56.283,-55.82,-51.491,-15.309,4.4669,-14.948,-29.809,-47.961,-60.132,-64.54,-66.662,-67.901,-68.7,-69.237,-69.611,-69.847,-69.985,-70.052,-70.054,-69.999,-69.904,-69.777,-69.637,-69.465,-69.27,-69.057,-68.848,-68.617,-68.38,-68.141,-67.903,-67.659,-67.416,-67.176,-66.935,-66.698,-66.462,-66.23,-66.001,-65.773,-65.551,-65.331,-65.114,-64.903,-64.694,-64.489,-64.287,-64.087,-63.892,-63.699,-63.509,-63.322,-63.138,-62.956,-62.777,-62.601,-62.427,-62.255,-62.085,-61.918,-61.752,-61.588,-61.426,-61.265,-61.106,-60.949,-60.792,-60.637,-60.483,-60.331,-60.179,-60.027,-59.877,-59.728,-59.578,-59.429,-59.28,-59.131,-58.982,-58.832,-58.681,-58.53,-58.377,-58.221,-58.063,-57.9,-57.737,-57.572,-57.401,-57.215,-57.018,-56.802,-56.556,-56.271,-55.861,-54.069,-23.209,8.5787,-11.939,-27.023,-44.784,-58.846,-64.046,-66.42,-67.799,-68.659,-69.242,-69.642,-69.906,-70.073,-70.149,-70.177,-70.14,-70.075,-69.979,-69.833,-69.672,-69.483,-69.281,-69.08,-68.855,-68.64,-68.41,-68.18,-67.946,-67.714,-67.483,-67.254,-67.026,-66.8,-66.577,-66.357,-66.14,-65.926,-65.716,-65.509,-65.305,-65.105,-64.908,-64.714,-64.523,-64.336,-64.151,-63.97,-63.791,-63.615,-63.442,-63.271,-63.103,-62.937,-62.773,-62.611,-62.452,-62.295,-62.139,-61.986,-61.834,-61.684,-61.535,-61.389,-61.243,-61.099,-60.956,-60.814,-60.673,-60.534,-60.395,-60.258,-60.121,-59.985,-59.849,-59.714,-59.58,-59.447,-59.314,-59.179,-59.045,-58.911,-58.776,-58.64,-58.504,-58.368,-58.23,-58.089,-57.945,-57.8,-57.65,-57.498,-57.34,-57.174,-56.999,-56.812,-56.607,-56.373,-56.079,-55.624,-51.848,-17.214,5.1708,-14.426,-29.413,-47.445,-59.82,-64.344,-66.536,-67.819,-68.643,-69.2,-69.587,-69.845,-70.015,-70.077,-70.121,-70.086,-70.024,-69.93,-69.789,-69.631,-69.45,-69.261,-69.056,-68.856,-68.64,-68.431,-68.208,-67.991,-67.768,-67.547,-67.33,-67.112,-66.898,-66.688,-66.48,-66.274,-66.073,-65.875,-65.68,-65.488,-65.3,-65.115,-64.933,-64.755,-64.579,-64.406,-64.236,-64.069,-63.905,-63.743,-63.584,-63.428,-63.273,-63.121,-62.971,-62.824,-62.678,-62.534,-62.392,-62.252,-62.114,-61.977,-61.842,-61.709,-61.577,-61.446,-61.317,-61.189,-61.063,-60.937,-60.813,-60.69,-60.568,-60.446,-60.326,-60.207,-60.088,-59.97,-59.853,-59.737,-59.621,-59.505,-59.39,-59.275,-59.161,-59.047,-58.934,-58.82,-58.705,-58.59,-58.475,-58.359,-58.243,-58.127,-58.011,-57.892,-57.773,-57.652,-57.527,-57.398,-57.267,-57.134,-56.995,-56.854,-56.706,-56.549,-56.374,-56.171,-55.928,-55.611,-54.913,-32.88,7.8742,-5.7775,-21.869,-37.865,-54.66,-62.168,-65.242,-66.923,-67.963,-68.655,-69.139,-69.471,-69.693,-69.829,-69.894,-69.894,-69.842,-69.776,-69.663,-69.531,-69.371,-69.207,-69.039,-68.846,-68.651,-68.451,-68.243,-68.038,-67.832,-67.626,-67.421,-67.217,-67.016,-66.818,-66.623,-66.431,-66.241,-66.055,-65.873,-65.693,-65.517,-65.344,-65.175,-65.009,-64.846,-64.685,-64.528,-64.373,-64.221,-64.072,-63.925,-63.781,-63.639,-63.5,-63.363,-63.227,-63.094,-62.963,-62.834,-62.707,-62.581,-62.457,-62.335,-62.214,-62.095,-61.978,-61.862,-61.747,-61.634,-61.522,-61.411,-61.301,-61.193,-61.086,-60.98,-60.875,-60.771,-60.668,-60.566,-60.465,-60.365,-60.266,-60.168,-60.07,-59.973,-59.877,-59.781,-59.687,-59.592,-59.499,-59.406,-59.313,-59.22,-59.129,-59.037,-58.946,-58.855,-58.764,-58.674,-58.583,-58.493,-58.403,-58.313,-58.222,-58.132,-58.04,-57.949,-57.857,-57.765,-57.672,-57.577,-57.481,-57.385,-57.288,-57.189,-57.086,-56.983,-56.877,-56.766,-56.65,-56.53,-56.402,-56.264,-56.115,-55.946,-55.748,-55.505,-55.136,-52.882,-22.031,6.8718,-12.646,-27.521,-44.699,-58.072,-63.195,-65.605,-67.008,-67.928,-68.551,-68.986,-69.285,-69.49,-69.595,-69.648,-69.652,-69.609,-69.53,-69.421,-69.301,-69.163,-69.003,-68.834,-68.653,-68.466,-68.27,-68.072,-67.882,-67.694,-67.504,-67.307,-67.119,-66.933,-66.749,-66.568,-66.39,-66.216,-66.045,-65.876,-65.712,-65.551,-65.392,-65.237,-65.085,-64.936,-64.79,-64.647,-64.506,-64.369,-64.233,-64.1,-63.97,-63.842,-63.716,-63.592,-63.47,-63.35,-63.232,-63.116,-63.002,-62.889,-62.778,-62.669,-62.561,-62.455,-62.351,-62.247,-62.145,-62.045,-61.946,-61.847,-61.751,-61.655,-61.561,-61.468,-61.375,-61.284,-61.194,-61.105,-61.017,-60.93,-60.843,-60.758,-60.673,-60.59,-60.507,-60.425,-60.343,-60.262,-60.183,-60.104,-60.026,-59.948,-59.871,-59.795,-59.72,-59.645,-59.57,-59.496,-59.423,-59.35,-59.278,-59.206,-59.135,-59.064,-58.994,-58.924,-58.854,-58.784,-58.715,-58.646,-58.578,-58.509,-58.441,-58.373,-58.305,-58.239,-58.171,-58.104,-58.037,-57.97,-57.903,-57.835,-57.768,-57.7,-57.633,-57.565,-57.496,-57.426,-57.357,-57.287,-57.216,-57.144,-57.072,-56.998,-56.924,-56.849,-56.773,-56.695,-56.614,-56.53,-56.446,-56.359,-56.268,-56.174,-56.075,-55.967,-55.85,-55.724,-55.585,-55.411,-55.183,-54.826,-53.364,-24.698,7.5594,-11.218,-26.196,-42.754,-56.791,-62.42,-65.009,-66.502,-67.476,-68.138,-68.601,-68.931,-69.153,-69.289,-69.355,-69.375,-69.354,-69.283,-69.188,-69.091,-68.963,-68.812,-68.653,-68.488,-68.313,-68.13,-67.948,-67.768,-67.592,-67.41,-67.228,-67.05,-66.875,-66.703,-66.533,-66.367,-66.203,-66.043,-65.886,-65.732,-65.582,-65.434,-65.29,-65.149,-65.011,-64.875,-64.742,-64.612,-64.485,-64.36,-64.237,-64.117,-63.999,-63.883,-63.769,-63.657,-63.547,-63.439,-63.333,-63.228,-63.125,-63.024,-62.924,-62.826,-62.73,-62.634,-62.54,-62.448,-62.357,-62.267,-62.178,-62.09,-62.004,-61.919,-61.835,-61.751,-61.67,-61.588,-61.508,-61.429,-61.351,-61.274,-61.198,-61.122,-61.048,-60.974,-60.901,-60.829,-60.758,-60.687,-60.617,-60.548,-60.48,-60.413,-60.346,-60.279,-60.214,-60.149,-60.085,-60.021,-59.958,-59.896,-59.834,-59.772,-59.712,-59.651,-59.592,-59.533,-59.474,-59.416,-59.358,-59.301,-59.244,-59.188,-59.131,-59.076,-59.021,-58.966,-58.912,-58.858,-58.805,-58.752,-58.699,-58.646,-58.594,-58.542,-58.49,-58.439,-58.387,-58.336,-58.285,-58.235,-58.184,-58.134,-58.085,-58.034,-57.985,-57.935,-57.885,-57.836,-57.786,-57.737,-57.688,-57.638,-57.588,-57.539,-57.489,-57.44,-57.39,-57.34,-57.29,-57.24,-57.189,-57.138,-57.087,-57.036,-56.984,-56.932,-56.878,-56.825,-56.771,-56.716,-56.66,-56.604,-56.546,-56.488,-56.427,-56.364,-56.3,-56.234,-56.167,-56.099,-56.027,-55.952,-55.874,-55.791,-55.699,-55.602,-55.498,-55.384,-55.255,-55.105,-54.921,-54.639,-53.776,-29.131,7.0941,-8.2488,-23.612,-39.367,-54.59,-61.319,-64.266,-65.922,-66.976,-67.708,-68.218,-68.581,-68.838,-68.991,-69.084,-69.117,-69.096,-69.04,-68.972,-68.878,-68.764,-68.623,-68.476,-68.315,-68.155,-67.996,-67.822,-67.653,-67.478,-67.306,-67.136,-66.966,-66.799,-66.635,-66.473,-66.315,-66.159,-66.007,-65.859,-65.713,-65.57,-65.43,-65.293,-65.159,-65.029,-64.9,-64.775,-64.652,-64.532,-64.414,-64.298,-64.185,-64.074,-63.965,-63.858,-63.753,-63.65,-63.549,-63.449,-63.351,-63.255,-63.161,-63.068,-62.976,-62.886,-62.797,-62.709,-62.623,-62.538,-62.454,-62.372,-62.291,-62.21,-62.131,-62.053,-61.976,-61.9,-61.825,-61.751,-61.678,-61.606,-61.534,-61.464,-61.394,-61.326,-61.258,-61.191,-61.124,-61.059,-60.994,-60.93,-60.867,-60.804,-60.742,-60.681,-60.62,-60.56,-60.501,-60.443,-60.385,-60.327,-60.271,-60.214,-60.159,-60.104,-60.049,-59.995,-59.942,-59.889,-59.837,-59.785,-59.734,-59.683,-59.633,-59.583,-59.534,-59.485,-59.436,-59.388,-59.34,-59.293,-59.246,-59.2,-59.154,-59.108,-59.063,-59.018,-58.973,-58.929,-58.885,-58.841,-58.798,-58.755,-58.712,-58.67,-58.627,-58.585,-58.543,-58.502,-58.461,-58.42,-58.38,-58.339,-58.299,-58.259,-58.219,-58.179,-58.14,-58.1,-58.061,-58.022,-57.984,-57.945,-57.906,-57.868,-57.829,-57.791,-57.752,-57.714,-57.677,-57.639,-57.601,-57.564,-57.526,-57.488,-57.45,-57.412,-57.375,-57.337,-57.299,-57.261,-57.223,-57.185,-57.146,-57.108,-57.069,-57.03,-56.991,-56.952,-56.913,-56.873,-56.832,-56.792,-56.751,-56.71,-56.668,-56.626,-56.584,-56.541,-56.497,-56.453,-56.407,-56.361,-56.314,-56.266,-56.217,-56.166,-56.114,-56.061,-56.006,-55.946,-55.886,-55.824,-55.76,-55.693,-55.621,-55.544,-55.457,-55.359,-55.253,-55.125,-54.977,-54.762,-54.391,-50.378,-17.919,3.8483,-14.545,-29.196,-45.873,-57.865,-62.583,-64.907,-66.297,-67.215,-67.853,-68.305,-68.621,-68.842,-68.978,-69.058,-69.062,-69.033,-68.982,-68.902,-68.794,-68.677,-68.536,-68.39,-68.237,-68.076,-67.918,-67.746,-67.583,-67.412,-67.244,-67.078,-66.914,-66.751,-66.593,-66.437,-66.284,-66.134,-65.987,-65.842,-65.701,-65.564,-65.429,-65.297,-65.168,-65.042,-64.918,-64.797,-64.679,-64.563,-64.45,-64.338,-64.23,-64.123,-64.018,-63.915,-63.814,-63.715,-63.618,-63.522,-63.428,-63.336,-63.245,-63.156,-63.068,-62.981,-62.896,-62.812,-62.73,-62.648,-62.568,-62.489,-62.411,-62.334,-62.258,-62.184,-62.11,-62.037,-61.966,-61.895,-61.825,-61.756,-61.688,-61.62,-61.554,-61.488,-61.423,-61.36,-61.296,-61.234,-61.172,-61.111,-61.051,-60.991,-60.932,-60.874,-60.817,-60.76,-60.703,-60.648,-60.593,-60.538,-60.484,-60.431,-60.378,-60.326,-60.274,-60.223,-60.173,-60.123,-60.073,-60.025,-59.976,-59.928,-59.881,-59.834,-59.788,-59.742,-59.696,-59.651,-59.606,-59.562,-59.518,-59.475,-59.432,-59.389,-59.347,-59.305,-59.263,-59.222,-59.181,-59.141,-59.101,-59.061,-59.021,-58.982,-58.943,-58.905,-58.866,-58.829,-58.791,-58.753,-58.716,-58.679,-58.643,-58.606,-58.57,-58.534,-58.499,-58.463,-58.428,-58.393,-58.358,-58.324,-58.289,-58.255,-58.221,-58.187,-58.154,-58.12,-58.087,-58.054,-58.021,-57.988,-57.955,-57.922,-57.89,-57.858,-57.826,-57.794,-57.762,-57.73,-57.698,-57.666,-57.634,-57.602,-57.571,-57.539,-57.508,-57.476,-57.445,-57.413,-57.382,-57.35,-57.319,-57.287,-57.256,-57.225,-57.193,-57.161,-57.129,-57.097,-57.065,-57.033,-57.001,-56.968,-56.936,-56.903,-56.87,-56.837,-56.803,-56.769,-56.736,-56.702,-56.667,-56.633,-56.598,-56.562,-56.526,-56.49,-56.453,-56.415,-56.378,-56.339,-56.299,-56.259,-56.219,-56.177,-56.134,-56.091,-56.045,-55.997,-55.949,-55.899,-55.848,-55.795,-55.74,-55.682,-55.62,-55.553,-55.481,-55.407,-55.327,-55.239,-55.13,-54.996,-54.825,-54.584,-54.033,-36.112,-0.16301,-3.6389,-20.113,-35.132,-51.433,-60.009,-63.518,-65.417,-66.602,-67.398,-67.964,-68.368,-68.645,-68.842,-68.955,-69.006,-69.009,-68.974,-68.915,-68.837,-68.731,-68.603,-68.462,-68.318,-68.168,-68.004,-67.839,-67.674,-67.508,-67.342,-67.178,-67.013,-66.852,-66.693,-66.536,-66.384,-66.233,-66.086,-65.942,-65.801,-65.663,-65.527,-65.395,-65.267,-65.141,-65.017,-64.896,-64.778,-64.663,-64.549,-64.439,-64.33,-64.224,-64.119,-64.017,-63.917,-63.818,-63.721,-63.626,-63.533,-63.441,-63.351,-63.263,-63.175,-63.089,-63.005,-62.922,-62.84,-62.76,-62.68,-62.602,-62.525,-62.449,-62.374,-62.3,-62.227,-62.155,-62.084,-62.014,-61.945,-61.877,-61.81,-61.744,-61.678,-61.613,-61.55,-61.487,-61.424,-61.363,-61.302,-61.242,-61.182,-61.123,-61.065,-61.008,-60.951,-60.895,-60.84,-60.785,-60.731,-60.678,-60.625,-60.573,-60.521,-60.47,-60.419,-60.369,-60.32,-60.271,-60.222,-60.174,-60.126,-60.08,-60.033,-59.987,-59.942,-59.897,-59.852,-59.808,-59.764,-59.721,-59.678,-59.636,-59.594,-59.552,-59.511,-59.47,-59.429,-59.389,-59.35,-59.31,-59.271,-59.233,-59.194,-59.156,-59.119,-59.081,-59.044,-59.007,-58.971,-58.935,-58.899,-58.863,-58.828,-58.793,-58.758,-58.724,-58.689,-58.655,-58.622,-58.588,-58.555,-58.521,-58.488,-58.456,-58.423,-58.391,-58.359,-58.327,-58.295,-58.264,-58.232,-58.201,-58.17,-58.139,-58.109,-58.079,-58.048,-58.018,-57.988,-57.958,-57.928,-57.898,-57.869,-57.839,-57.81,-57.78,-57.751,-57.723,-57.694,-57.664,-57.636,-57.607,-57.578,-57.549,-57.521,-57.492,-57.463,-57.435,-57.407,-57.378,-57.349,-57.321,-57.292,-57.264,-57.235,-57.207,-57.178,-57.15,-57.121,-57.092,-57.063,-57.034,-57.005,-56.976,-56.947,-56.917,-56.887,-56.858,-56.828,-56.797,-56.767,-56.736,-56.706,-56.675,-56.644,-56.612,-56.58,-56.548,-56.515,-56.482,-56.448,-56.414,-56.379,-56.344,-56.309,-56.273,-56.235,-56.198,-56.159,-56.12,-56.08,-56.038,-55.995,-55.95,-55.904,-55.857,-55.809,-55.758,-55.706,-55.65,-55.589,-55.524,-55.457,-55.382,-55.303,-55.217,-55.121,-55.012,-54.876,-54.682,-54.362,-52.412,-23.223,6.0225,-12.074,-26.849,-43.101,-56.447,-61.894,-64.463,-65.967,-66.949,-67.631,-68.114,-68.454,-68.698,-68.846,-68.934,-68.959,-68.938,-68.882,-68.821,-68.725,-68.615,-68.478,-68.332,-68.18,-68.03,-67.874,-67.708,-67.546,-67.38,-67.215,-67.053,-66.891,-66.733,-66.577,-66.424,-66.274,-66.127,-65.982,-65.84,-65.702,-65.567,-65.435,-65.306,-65.179,-65.055,-64.934,-64.816,-64.701,-64.587,-64.476,-64.368,-64.261,-64.157,-64.055,-63.955,-63.856,-63.76,-63.665,-63.572,-63.48,-63.39,-63.302,-63.215,-63.129,-63.045,-62.962,-62.881,-62.8,-62.721,-62.643,-62.567,-62.491,-62.416,-62.343,-62.27,-62.199,-62.128,-62.059,-61.99,-61.922,-61.855,-61.789,-61.724,-61.66,-61.596,-61.534,-61.472,-61.41,-61.35,-61.29,-61.231,-61.173,-61.115,-61.058,-61.002,-60.946,-60.891,-60.837,-60.783,-60.73,-60.678,-60.626,-60.575,-60.524,-60.474,-60.424,-60.375,-60.326,-60.278,-60.231,-60.183,-60.137,-60.091,-60.045,-60.0,-59.956,-59.911,-59.868,-59.824,-59.782,-59.739,-59.697,-59.655,-59.614,-59.573,-59.533,-59.493,-59.453,-59.414,-59.375,-59.336,-59.298,-59.26,-59.222,-59.185,-59.148,-59.112,-59.075,-59.039,-59.004,-58.968,-58.933,-58.898,-58.863,-58.829,-58.795,-58.761,-58.728,-58.694,-58.661,-58.628,-58.596,-58.563,-58.531,-58.499,-58.468,-58.436,-58.405,-58.374,-58.343,-58.312,-58.282,-58.251,-58.221,-58.191,-58.161,-58.131,-58.102,-58.072,-58.043,-58.014,-57.985,-57.956,-57.927,-57.899,-57.87,-57.842,-57.813,-57.785,-57.757,-57.729,-57.701,-57.673,-57.645,-57.618,-57.59,-57.562,-57.534,-57.507,-57.479,-57.452,-57.424,-57.397,-57.369,-57.342,-57.315,-57.287,-57.26,-57.232,-57.205,-57.177,-57.15,-57.122,-57.095,-57.067,-57.039,-57.011,-56.982,-56.954,-56.926,-56.897,-56.869,-56.84,-56.811,-56.782,-56.753,-56.723,-56.693,-56.663,-56.633,-56.602,-56.572,-56.54,-56.509,-56.477,-56.444,-56.412,-56.378,-56.344,-56.31,-56.275,-56.239,-56.202,-56.165,-56.127,-56.089,-56.048,-56.007,-55.965,-55.922,-55.878,-55.831,-55.784,-55.734,-55.682,-55.628,-55.57,-55.509,-55.44,-55.369,-55.29,-55.206,-55.113,-55.007,-54.883,-54.721,-54.451,-53.795,-32.922,3.2842,-5.604,-21.522,-36.695,-52.537,-60.334,-63.624,-65.434,-66.579,-67.356,-67.905,-68.296,-68.578,-68.763,-68.868,-68.915,-68.931,-68.904,-68.833,-68.738,-68.635,-68.515,-68.378,-68.234,-68.078,-67.921,-67.757,-67.595,-67.429,-67.259,-67.093,-66.93,-66.769,-66.611,-66.458,-66.307,-66.158,-66.012,-65.87,-65.732,-65.596,-65.462,-65.333,-65.206,-65.082,-64.961,-64.842,-64.726,-64.612,-64.501,-64.392,-64.285,-64.18,-64.078,-63.977,-63.878,-63.781,-63.686,-63.593,-63.501,-63.411,-63.322,-63.235,-63.149,-63.065,-62.982,-62.9,-62.82,-62.741,-62.663,-62.586,-62.51,-62.435,-62.362,-62.289,-62.218,-62.147,-62.077,-62.009,-61.941,-61.874,-61.808,-61.743,-61.678,-61.615,-61.552,-61.49,-61.429,-61.368,-61.309,-61.25,-61.191,-61.134,-61.077,-61.021,-60.965,-60.91,-60.856,-60.802,-60.749,-60.696,-60.644,-60.593,-60.542,-60.492,-60.442,-60.393,-60.345,-60.296,-60.249,-60.202,-60.155,-60.109,-60.064,-60.019,-59.974,-59.93,-59.886,-59.843,-59.8,-59.758,-59.716,-59.674,-59.633,-59.592,-59.552,-59.512,-59.472,-59.433,-59.394,-59.356,-59.317,-59.279,-59.242,-59.205,-59.168,-59.131,-59.095,-59.059,-59.023,-58.988,-58.953,-58.918,-58.884,-58.85,-58.816,-58.782,-58.748,-58.715,-58.682,-58.649,-58.617,-58.584,-58.552,-58.521,-58.489,-58.458,-58.426,-58.395,-58.365,-58.334,-58.304,-58.274,-58.243,-58.213,-58.183,-58.154,-58.124,-58.095,-58.066,-58.037,-58.008,-57.979,-57.95,-57.922,-57.894,-57.866,-57.837,-57.809,-57.781,-57.753,-57.725,-57.697,-57.67,-57.642,-57.614,-57.587,-57.56,-57.532,-57.505,-57.478,-57.45,-57.423,-57.396,-57.368,-57.341,-57.314,-57.287,-57.26,-57.232,-57.205,-57.178,-57.15,-57.123,-57.095,-57.067,-57.04,-57.012,-56.984,-56.956,-56.928,-56.899,-56.871,-56.842,-56.814,-56.785,-56.756,-56.726,-56.697,-56.668,-56.638,-56.608,-56.576,-56.545,-56.514,-56.482,-56.45,-56.417,-56.384,-56.35,-56.316,-56.282,-56.246,-56.211,-56.174,-56.136,-56.098,-56.058,-56.016,-55.974,-55.931,-55.887,-55.842,-55.795,-55.745,-55.691,-55.635,-55.577,-55.515,-55.449,-55.38,-55.302,-55.214,-55.112,-54.993,-54.843,-54.624,-54.216,-48.494,-14.827,2.2888,-15.714,-30.33,-46.987,-58.22,-62.663,-64.898,-66.25,-67.148,-67.775,-68.22,-68.532,-68.757,-68.888,-68.954,-68.98,-68.962,-68.909,-68.823,-68.732,-68.609,-68.476,-68.336,-68.181,-68.026,-67.864,-67.696,-67.528,-67.364,-67.2,-67.036,-66.875,-66.715,-66.562,-66.407,-66.257,-66.11,-65.965,-65.825,-65.687,-65.552,-65.42,-65.292,-65.166,-65.043,-64.922,-64.804,-64.689,-64.576,-64.466,-64.358,-64.251,-64.148,-64.046,-63.946,-63.848,-63.751,-63.657,-63.564,-63.473,-63.383,-63.295,-63.208,-63.123,-63.039,-62.956,-62.875,-62.795,-62.716,-62.638,-62.562,-62.486,-62.412,-62.339,-62.266,-62.195,-62.125,-62.055,-61.987,-61.919,-61.853,-61.787,-61.722,-61.658,-61.594,-61.532,-61.47,-61.409,-61.349,-61.289,-61.231,-61.172,-61.115,-61.058,-61.002,-60.947,-60.892,-60.838,-60.784,-60.731,-60.679,-60.627,-60.576,-60.525,-60.475,-60.426,-60.376,-60.328,-60.28,-60.233,-60.186,-60.139,-60.093,-60.048,-60.003,-59.959,-59.915,-59.871,-59.828,-59.785,-59.743,-59.701,-59.66,-59.618,-59.578,-59.538,-59.498,-59.458,-59.419,-59.38,-59.342,-59.304,-59.266,-59.229,-59.191,-59.155,-59.118,-59.082,-59.046,-59.011,-58.975,-58.94,-58.906,-58.871,-58.837,-58.803,-58.769,-58.736,-58.703,-58.67,-58.637,-58.605,-58.573,-58.541,-58.509,-58.477,-58.446,-58.415,-58.384,-58.353,-58.323,-58.292,-58.262,-58.231,-58.202,-58.172,-58.143,-58.113,-58.084,-58.055,-58.026,-57.997,-57.968,-57.939,-57.911,-57.883,-57.854,-57.826,-57.798,-57.77,-57.742,-57.714,-57.687,-57.659,-57.631,-57.604,-57.576,-57.549,-57.522,-57.494,-57.467,-57.44,-57.413,-57.386,-57.358,-57.331,-57.304,-57.277,-57.25,-57.222,-57.195,-57.167,-57.14,-57.112,-57.085,-57.057,-57.03,-57.002,-56.974,-56.946,-56.917,-56.889,-56.861,-56.832,-56.804,-56.774,-56.745,-56.716,-56.686,-56.656,-56.626,-56.596,-56.565,-56.534,-56.502,-56.47,-56.438,-56.406,-56.373,-56.339,-56.304,-56.269,-56.234,-56.198,-56.161,-56.123,-56.085,-56.045,-56.004,-55.962,-55.919,-55.875,-55.829,-55.779,-55.727,-55.674,-55.618,-55.559,-55.496,-55.429,-55.358,-55.276,-55.19,-55.093,-54.975,-54.826,-54.622,-54.275,-51.008,-19.835,4.5141,-13.784,-28.423,-44.909,-57.292,-62.253,-64.659,-66.088,-67.04,-67.695,-68.155,-68.486,-68.72,-68.862,-68.944,-68.961,-68.945,-68.903,-68.829,-68.717,-68.602,-68.474,-68.334,-68.183,-68.025,-67.864,-67.701,-67.537,-67.371,-67.206,-67.042,-66.881,-66.725,-66.567,-66.414,-66.264,-66.116,-65.972,-65.83,-65.692,-65.557,-65.425,-65.296,-65.169,-65.046,-64.925,-64.807,-64.691,-64.578,-64.467,-64.359,-64.253,-64.148,-64.046,-63.946,-63.848,-63.751,-63.656,-63.563,-63.472,-63.382,-63.294,-63.207,-63.121,-63.037,-62.955,-62.873,-62.793,-62.714,-62.636,-62.559,-62.484,-62.409,-62.336,-62.264,-62.192,-62.122,-62.052,-61.984,-61.916,-61.849,-61.783,-61.718,-61.654,-61.591,-61.528,-61.466,-61.405,-61.345,-61.285,-61.226,-61.168,-61.111,-61.054,-60.997,-60.942,-60.887,-60.833,-60.779,-60.726,-60.674,-60.622,-60.571,-60.52,-60.47,-60.42,-60.371,-60.323,-60.275,-60.227,-60.18,-60.134,-60.088,-60.042,-59.997,-59.953,-59.909,-59.865,-59.822,-59.779,-59.737,-59.695,-59.653,-59.612,-59.572,-59.531,-59.491,-59.452,-59.412,-59.374,-59.335,-59.297,-59.259,-59.221,-59.184,-59.147,-59.111,-59.074,-59.039,-59.003,-58.968,-58.933,-58.898,-58.864,-58.829,-58.796,-58.762,-58.728,-58.695,-58.662,-58.63,-58.597,-58.565,-58.533,-58.501,-58.469,-58.438,-58.406,-58.375,-58.344,-58.313,-58.283,-58.253,-58.223,-58.193,-58.163,-58.133,-58.104,-58.075,-58.045,-58.016,-57.987,-57.958,-57.929,-57.901,-57.872,-57.844,-57.816,-57.788,-57.76,-57.732,-57.703,-57.676,-57.648,-57.62,-57.593,-57.565,-57.537,-57.51,-57.483,-57.456,-57.428,-57.401,-57.373,-57.346,-57.319,-57.291,-57.264,-57.236,-57.209,-57.181,-57.154,-57.126,-57.098,-57.07,-57.043,-57.015,-56.987,-56.959,-56.93,-56.902,-56.874,-56.845,-56.816,-56.787,-56.757,-56.728,-56.698,-56.669,-56.639,-56.608,-56.577,-56.546,-56.515,-56.483,-56.451,-56.418,-56.385,-56.352,-56.318,-56.283,-56.247,-56.211,-56.174,-56.136,-56.098,-56.059,-56.019,-55.977,-55.933,-55.886,-55.841,-55.794,-55.745,-55.693,-55.638,-55.581,-55.521,-55.457,-55.388,-55.312,-55.228,-55.13,-55.014,-54.871,-54.671,-54.336,-52.58,-23.763,6.2108,-11.783,-26.602,-42.82,-56.305,-61.837,-64.438,-65.952,-66.94,-67.628,-68.111,-68.452,-68.7,-68.849,-68.932,-68.963,-68.963,-68.919,-68.833,-68.742,-68.623,-68.5,-68.357,-68.208,-68.05,-67.89,-67.725,-67.559,-67.39,-67.221,-67.055,-66.892,-66.732,-66.574,-66.42,-66.269,-66.123,-65.977,-65.835,-65.696,-65.561,-65.428,-65.299,-65.172,-65.049,-64.928,-64.809,-64.694,-64.58,-64.469,-64.36,-64.254,-64.149,-64.047,-63.947,-63.848,-63.751,-63.656,-63.563,-63.472,-63.381,-63.293,-63.206,-63.12,-63.036,-62.953,-62.871,-62.791,-62.712,-62.634,-62.557,-62.482,-62.407,-62.333,-62.261,-62.189,-62.119,-62.049,-61.98,-61.913,-61.846,-61.78,-61.715,-61.65,-61.587,-61.524,-61.462,-61.401,-61.34,-61.281,-61.222,-61.163,-61.106,-61.049,-60.992,-60.937,-60.882,-60.827,-60.774,-60.721,-60.668,-60.616,-60.565,-60.514,-60.464,-60.414,-60.365,-60.317,-60.269,-60.221,-60.174,-60.128,-60.081,-60.036,-59.991,-59.946,-59.902,-59.858,-59.815,-59.772,-59.73,-59.688,-59.646,-59.605,-59.564,-59.524,-59.484,-59.444,-59.405,-59.366,-59.327,-59.289,-59.251,-59.213,-59.176,-59.139,-59.103,-59.067,-59.031,-58.995,-58.959,-58.924,-58.889,-58.855,-58.82,-58.786,-58.753,-58.719,-58.686,-58.653,-58.62,-58.587,-58.554,-58.522,-58.49,-58.458,-58.427,-58.396,-58.365,-58.334,-58.303,-58.272,-58.242,-58.212,-58.182,-58.152,-58.122,-58.092,-58.063,-58.034,-58.005,-57.976,-57.946,-57.917,-57.889,-57.86,-57.832,-57.803,-57.775,-57.747,-57.718,-57.691,-57.663,-57.635,-57.607,-57.579,-57.551,-57.524,-57.496,-57.469,-57.441,-57.413,-57.386,-57.358,-57.331,-57.303,-57.276,-57.248,-57.22,-57.193,-57.165,-57.137,-57.11,-57.082,-57.054,-57.025,-56.997,-56.969,-56.94,-56.912,-56.883,-56.855,-56.826,-56.797,-56.768,-56.737,-56.707,-56.677,-56.647,-56.617,-56.586,-56.554,-56.523,-56.491,-56.459,-56.426,-56.393,-56.359,-56.325,-56.29,-56.255,-56.219,-56.182,-56.144,-56.106,-56.066,-56.024,-55.982,-55.94,-55.896,-55.849,-55.801,-55.75,-55.697,-55.643,-55.586,-55.526,-55.462,-55.393,-55.317,-55.233,-55.136,-55.019,-54.88,-54.701,-54.401,-53.226,-26.406,6.8593,-10.117,-25.149,-41.122,-55.406,-61.484,-64.246,-65.837,-66.857,-67.571,-68.07,-68.426,-68.686,-68.84,-68.926,-68.963,-68.97,-68.925,-68.842,-68.752,-68.635,-68.514,-68.372,-68.224,-68.066,-67.906,-67.74,-67.574,-67.406,-67.237,-67.07,-66.907,-66.746,-66.59,-66.436,-66.283,-66.134,-65.99,-65.848,-65.708,-65.573,-65.44,-65.31,-65.183,-65.059,-64.937,-64.819,-64.702,-64.588,-64.477,-64.368,-64.261,-64.156,-64.053,-63.953,-63.854,-63.757,-63.661,-63.568,-63.476,-63.386,-63.297,-63.21,-63.124,-63.039,-62.956,-62.874,-62.794,-62.714,-62.636,-62.559,-62.483,-62.409,-62.335,-62.262,-62.19,-62.12,-62.05,-61.981,-61.913,-61.846,-61.78,-61.715,-61.65,-61.586,-61.523,-61.461,-61.4,-61.34,-61.28,-61.221,-61.162,-61.104,-61.047,-60.991,-60.935,-60.88,-60.826,-60.772,-60.719,-60.666,-60.614,-60.563,-60.512,-60.461,-60.412,-60.362,-60.314,-60.266,-60.218,-60.171,-60.124,-60.078,-60.032,-59.987,-59.942,-59.898,-59.854,-59.811,-59.768,-59.725,-59.683,-59.641,-59.6,-59.559,-59.518,-59.478,-59.438,-59.399,-59.36,-59.321,-59.283,-59.245,-59.207,-59.17,-59.133,-59.096,-59.06,-59.024,-58.988,-58.952,-58.917,-58.882,-58.847,-58.813,-58.779,-58.745,-58.711,-58.678,-58.644,-58.612,-58.579,-58.546,-58.514,-58.482,-58.45,-58.419,-58.387,-58.356,-58.325,-58.294,-58.263,-58.233,-58.203,-58.172,-58.142,-58.113,-58.083,-58.053,-58.024,-57.994,-57.965,-57.936,-57.907,-57.878,-57.849,-57.821,-57.792,-57.764,-57.736,-57.708,-57.679,-57.651,-57.623,-57.595,-57.567,-57.539,-57.511,-57.483,-57.455,-57.427,-57.4,-57.372,-57.344,-57.316,-57.289,-57.261,-57.233,-57.205,-57.177,-57.15,-57.122,-57.094,-57.065,-57.037,-57.009,-56.98,-56.952,-56.923,-56.894,-56.865,-56.836,-56.806,-56.777,-56.748,-56.718,-56.687,-56.656,-56.626,-56.594,-56.563,-56.532,-56.5,-56.467,-56.434,-56.401,-56.367,-56.332,-56.298,-56.262,-56.226,-56.189,-56.152,-56.113,-56.074,-56.033,-55.991,-55.948,-55.904,-55.858,-55.81,-55.759,-55.706,-55.651,-55.594,-55.534,-55.47,-55.401,-55.326,-55.242,-55.146,-55.031,-54.893,-54.715,-54.43,-53.392,-27.356,6.8597,-9.4548,-24.6,-40.444,-55.039,-61.35,-64.193,-65.804,-66.843,-67.561,-68.069,-68.425,-68.671,-68.833,-68.932,-68.973,-68.962,-68.916,-68.843,-68.746,-68.645,-68.515,-68.375,-68.228,-68.072,-67.907,-67.745,-67.579,-67.411,-67.246,-67.086,-66.923,-66.764,-66.606,-66.451,-66.3,-66.151,-66.005,-65.863,-65.723,-65.587,-65.453,-65.323,-65.196,-65.071,-64.949,-64.83,-64.713,-64.599,-64.487,-64.378,-64.271,-64.165,-64.062,-63.961,-63.862,-63.765,-63.669,-63.576,-63.483,-63.393,-63.304,-63.216,-63.13,-63.045,-62.962,-62.88,-62.799,-62.72,-62.641,-62.564,-62.488,-62.413,-62.339,-62.266,-62.194,-62.123,-62.053,-61.984,-61.916,-61.849,-61.783,-61.717,-61.652,-61.589,-61.526,-61.463,-61.402,-61.341,-61.281,-61.222,-61.163,-61.105,-61.048,-60.992,-60.936,-60.88,-60.826,-60.772,-60.718,-60.666,-60.614,-60.562,-60.511,-60.46,-60.411,-60.361,-60.312,-60.264,-60.216,-60.169,-60.122,-60.076,-60.03,-59.985,-59.94,-59.896,-59.852,-59.808,-59.765,-59.723,-59.68,-59.638,-59.597,-59.556,-59.515,-59.475,-59.435,-59.396,-59.357,-59.318,-59.279,-59.241,-59.204,-59.166,-59.129,-59.092,-59.056,-59.02,-58.984,-58.948,-58.913,-58.878,-58.843,-58.808,-58.774,-58.74,-58.706,-58.673,-58.639,-58.607,-58.574,-58.541,-58.509,-58.477,-58.445,-58.413,-58.381,-58.35,-58.319,-58.288,-58.257,-58.226,-58.196,-58.166,-58.136,-58.106,-58.076,-58.046,-58.017,-57.987,-57.958,-57.929,-57.9,-57.871,-57.842,-57.813,-57.785,-57.756,-57.728,-57.699,-57.671,-57.643,-57.615,-57.587,-57.559,-57.531,-57.503,-57.475,-57.448,-57.419,-57.392,-57.364,-57.336,-57.308,-57.28,-57.252,-57.224,-57.196,-57.168,-57.141,-57.113,-57.084,-57.056,-57.027,-56.999,-56.97,-56.941,-56.913,-56.884,-56.855,-56.826,-56.796,-56.766,-56.736,-56.707,-56.676,-56.646,-56.615,-56.583,-56.552,-56.52,-56.488,-56.454,-56.421,-56.388,-56.353,-56.318,-56.283,-56.247,-56.211,-56.173,-56.135,-56.096,-56.056,-56.015,-55.972,-55.929,-55.882,-55.833,-55.784,-55.734,-55.683,-55.629,-55.571,-55.506,-55.434,-55.359,-55.277,-55.191,-55.094,-54.982,-54.831,-54.618,-54.249,-49.512,-16.619,3.0627,-15.086,-29.704,-46.313,-57.935,-62.532,-64.825,-66.198,-67.109,-67.748,-68.197,-68.513,-68.741,-68.871,-68.94,-68.966,-68.951,-68.899,-68.813,-68.72,-68.598,-68.465,-68.324,-68.17,-68.013,-67.852,-67.683,-67.515,-67.35,-67.185,-67.02,-66.859,-66.7,-66.543,-66.388,-66.238,-66.09,-65.946,-65.804,-65.666,-65.53,-65.398,-65.269,-65.142,-65.019,-64.898,-64.779,-64.663,-64.55,-64.439,-64.33,-64.224,-64.12,-64.017,-63.917,-63.818,-63.722,-63.627,-63.534,-63.442,-63.352,-63.263,-63.176,-63.091,-63.007,-62.924,-62.842,-62.762,-62.683,-62.604,-62.528,-62.452,-62.377,-62.304,-62.231,-62.16,-62.089,-62.019,-61.951,-61.883,-61.816,-61.75,-61.685,-61.62,-61.557,-61.494,-61.432,-61.371,-61.31,-61.25,-61.191,-61.133,-61.075,-61.018,-60.962,-60.906,-60.852,-60.797,-60.744,-60.69,-60.638,-60.586,-60.534,-60.484,-60.433,-60.384,-60.334,-60.286,-60.237,-60.19,-60.143,-60.096,-60.05,-60.004,-59.959,-59.914,-59.87,-59.826,-59.783,-59.74,-59.697,-59.655,-59.613,-59.572,-59.531,-59.491,-59.451,-59.411,-59.372,-59.333,-59.294,-59.256,-59.218,-59.18,-59.143,-59.106,-59.069,-59.032,-58.996,-58.96,-58.925,-58.89,-58.854,-58.82,-58.785,-58.751,-58.717,-58.683,-58.65,-58.616,-58.583,-58.551,-58.518,-58.486,-58.454,-58.422,-58.39,-58.359,-58.327,-58.296,-58.265,-58.234,-58.204,-58.173,-58.143,-58.113,-58.083,-58.053,-58.023,-57.993,-57.964,-57.935,-57.905,-57.876,-57.847,-57.818,-57.79,-57.761,-57.733,-57.704,-57.675,-57.647,-57.618,-57.59,-57.562,-57.534,-57.506,-57.478,-57.45,-57.422,-57.394,-57.366,-57.338,-57.31,-57.282,-57.254,-57.226,-57.198,-57.17,-57.142,-57.114,-57.085,-57.057,-57.028,-57.0,-56.971,-56.942,-56.913,-56.884,-56.855,-56.825,-56.795,-56.765,-56.736,-56.705,-56.675,-56.645,-56.614,-56.582,-56.55,-56.517,-56.485,-56.452,-56.418,-56.384,-56.349,-56.314,-56.279,-56.242,-56.206,-56.168,-56.13,-56.09,-56.05,-56.008,-55.966,-55.922,-55.876,-55.829,-55.78,-55.729,-55.676,-55.62,-55.56,-55.497,-55.428,-55.352,-55.266,-55.169,-55.053,-54.912,-54.731,-54.449,-53.436,-27.514,6.8935,-9.3479,-24.521,-40.372,-55.027,-61.357,-64.197,-65.817,-66.861,-67.58,-68.086,-68.443,-68.699,-68.855,-68.953,-68.981,-68.965,-68.915,-68.857,-68.758,-68.649,-68.513,-68.368,-68.219,-68.064,-67.911,-67.741,-67.581,-67.412,-67.246,-67.081,-66.919,-66.758,-66.601,-66.447,-66.295,-66.145,-65.999,-65.857,-65.717,-65.581,-65.447,-65.317,-65.189,-65.064,-64.942,-64.823,-64.706,-64.592,-64.48,-64.37,-64.263,-64.158,-64.055,-63.953,-63.854,-63.757,-63.661,-63.567,-63.475,-63.384,-63.295,-63.207,-63.121,-63.036,-62.953,-62.871,-62.79,-62.71,-62.632,-62.555,-62.478,-62.403,-62.329,-62.256,-62.184,-62.113,-62.043,-61.974,-61.906,-61.838,-61.772,-61.706,-61.642,-61.578,-61.515,-61.452,-61.391,-61.33,-61.27,-61.21,-61.152,-61.094,-61.036,-60.98,-60.924,-60.869,-60.814,-60.76,-60.706,-60.654,-60.601,-60.55,-60.499,-60.448,-60.398,-60.349,-60.3,-60.251,-60.203,-60.156,-60.109,-60.063,-60.017,-59.972,-59.927,-59.882,-59.838,-59.795,-59.752,-59.709,-59.667,-59.625,-59.583,-59.542,-59.501,-59.461,-59.421,-59.382,-59.342,-59.303,-59.265,-59.227,-59.189,-59.152,-59.114,-59.078,-59.041,-59.004,-58.969,-58.933,-58.897,-58.862,-58.827,-58.793,-58.758,-58.724,-58.69,-58.657,-58.623,-58.59,-58.557,-58.525,-58.492,-58.46,-58.428,-58.396,-58.364,-58.333,-58.301,-58.27,-58.239,-58.208,-58.178,-58.148,-58.118,-58.087,-58.057,-58.028,-57.998,-57.969,-57.939,-57.909,-57.88,-57.852,-57.823,-57.794,-57.765,-57.736,-57.708,-57.679,-57.65,-57.622,-57.594,-57.565,-57.537,-57.509,-57.48,-57.452,-57.424,-57.396,-57.368,-57.34,-57.312,-57.283,-57.255,-57.227,-57.199,-57.171,-57.142,-57.114,-57.086,-57.057,-57.028,-57.0,-56.971,-56.942,-56.913,-56.884,-56.854,-56.824,-56.795,-56.764,-56.734,-56.704,-56.673,-56.642,-56.611,-56.579,-56.547,-56.514,-56.482,-56.449,-56.415,-56.381,-56.346,-56.311,-56.276,-56.24,-56.203,-56.164,-56.126,-56.086,-56.045,-56.004,-55.961,-55.916,-55.87,-55.822,-55.773,-55.722,-55.668,-55.611,-55.551,-55.486,-55.415,-55.337,-55.249,-55.148,-55.028,-54.881,-54.693,-54.363,-52.029,-22.159,5.6353,-12.66,-27.394,-43.798,-56.832,-62.086,-64.59,-66.066,-67.026,-67.696,-68.169,-68.503,-68.74,-68.88,-68.967,-68.985,-68.961,-68.903,-68.839,-68.739,-68.627,-68.488,-68.34,-68.186,-68.034,-67.877,-67.709,-67.546,-67.379,-67.213,-67.05,-66.887,-66.727,-66.569,-66.416,-66.265,-66.116,-65.971,-65.829,-65.69,-65.554,-65.421,-65.29,-65.163,-65.039,-64.918,-64.799,-64.682,-64.568,-64.457,-64.347,-64.24,-64.136,-64.033,-63.932,-63.833,-63.736,-63.64,-63.547,-63.455,-63.364,-63.275,-63.188,-63.102,-63.017,-62.934,-62.852,-62.771,-62.692,-62.614,-62.537,-62.461,-62.386,-62.312,-62.239,-62.167,-62.096,-62.026,-61.957,-61.889,-61.822,-61.756,-61.69,-61.626,-61.562,-61.499,-61.437,-61.375,-61.314,-61.254,-61.195,-61.137,-61.079,-61.021,-60.965,-60.909,-60.854,-60.799,-60.745,-60.692,-60.639,-60.587,-60.535,-60.485,-60.434,-60.384,-60.335,-60.286,-60.237,-60.19,-60.142,-60.096,-60.05,-60.004,-59.958,-59.914,-59.869,-59.825,-59.782,-59.738,-59.696,-59.654,-59.612,-59.57,-59.529,-59.489,-59.448,-59.408,-59.369,-59.33,-59.291,-59.252,-59.214,-59.176,-59.139,-59.102,-59.065,-59.028,-58.992,-58.956,-58.921,-58.885,-58.85,-58.815,-58.78,-58.746,-58.712,-58.678,-58.645,-58.611,-58.578,-58.545,-58.512,-58.48,-58.448,-58.416,-58.384,-58.352,-58.321,-58.289,-58.258,-58.228,-58.197,-58.166,-58.136,-58.106,-58.076,-58.046,-58.016,-57.986,-57.956,-57.927,-57.898,-57.869,-57.84,-57.811,-57.782,-57.753,-57.724,-57.695,-57.667,-57.638,-57.61,-57.582,-57.553,-57.525,-57.497,-57.469,-57.441,-57.412,-57.384,-57.356,-57.328,-57.3,-57.272,-57.243,-57.215,-57.187,-57.158,-57.13,-57.101,-57.073,-57.044,-57.015,-56.986,-56.957,-56.928,-56.899,-56.87,-56.841,-56.811,-56.781,-56.75,-56.72,-56.69,-56.659,-56.627,-56.596,-56.564,-56.532,-56.499,-56.466,-56.433,-56.399,-56.365,-56.33,-56.294,-56.257,-56.22,-56.181,-56.142,-56.103,-56.063,-56.022,-55.979,-55.936,-55.891,-55.843,-55.794,-55.743,-55.689,-55.632,-55.572,-55.508,-55.441,-55.369,-55.287,-55.199,-55.102,-54.979,-54.829,-54.623,-54.257,-49.77,-17.103,3.2884,-14.904,-29.523,-46.125,-57.86,-62.505,-64.809,-66.192,-67.107,-67.745,-68.196,-68.512,-68.732,-68.868,-68.949,-68.956,-68.927,-68.872,-68.802,-68.695,-68.581,-68.441,-68.293,-68.142,-67.986,-67.831,-67.662,-67.499,-67.333,-67.167,-67.004,-66.842,-66.683,-66.526,-66.373,-66.223,-66.074,-65.93,-65.788,-65.65,-65.515,-65.382,-65.252,-65.126,-65.002,-64.882,-64.763,-64.647,-64.534,-64.423,-64.314,-64.207,-64.103,-64.001,-63.9,-63.802,-63.705,-63.61,-63.517,-63.425,-63.335,-63.246,-63.159,-63.074,-62.989,-62.906,-62.825,-62.744,-62.665,-62.587,-62.51,-62.435,-62.36,-62.286,-62.214,-62.142,-62.071,-62.002,-61.933,-61.865,-61.798,-61.732,-61.667,-61.602,-61.539,-61.476,-61.414,-61.353,-61.292,-61.232,-61.173,-61.115,-61.057,-61.0,-60.944,-60.888,-60.833,-60.779,-60.725,-60.672,-60.62,-60.567,-60.516,-60.465,-60.415,-60.365,-60.316,-60.267,-60.219,-60.171,-60.124,-60.078,-60.031,-59.986,-59.941,-59.896,-59.851,-59.808,-59.764,-59.721,-59.678,-59.636,-59.594,-59.553,-59.512,-59.471,-59.431,-59.391,-59.352,-59.313,-59.274,-59.236,-59.197,-59.159,-59.122,-59.085,-59.048,-59.012,-58.975,-58.94,-58.904,-58.868,-58.833,-58.798,-58.764,-58.729,-58.696,-58.662,-58.628,-58.595,-58.562,-58.529,-58.496,-58.464,-58.431,-58.4,-58.368,-58.336,-58.305,-58.273,-58.242,-58.211,-58.18,-58.15,-58.119,-58.089,-58.059,-58.029,-57.999,-57.97,-57.94,-57.91,-57.881,-57.851,-57.822,-57.794,-57.765,-57.736,-57.707,-57.678,-57.65,-57.621,-57.592,-57.564,-57.536,-57.507,-57.479,-57.45,-57.422,-57.394,-57.365,-57.337,-57.309,-57.281,-57.252,-57.224,-57.196,-57.167,-57.139,-57.11,-57.081,-57.053,-57.024,-56.995,-56.966,-56.937,-56.907,-56.878,-56.848,-56.818,-56.788,-56.758,-56.728,-56.697,-56.666,-56.635,-56.603,-56.571,-56.539,-56.506,-56.473,-56.439,-56.405,-56.37,-56.335,-56.3,-56.264,-56.227,-56.189,-56.15,-56.111,-56.071,-56.03,-55.986,-55.94,-55.895,-55.848,-55.799,-55.749,-55.696,-55.641,-55.583,-55.519,-55.45,-55.376,-55.293,-55.198,-55.087,-54.952,-54.792,-54.55,-53.983,-35.387,0.62364,-4.0477,-20.405,-35.474,-51.694,-60.1,-63.556,-65.452,-66.626,-67.417,-67.969,-68.363,-68.638,-68.828,-68.937,-68.991,-68.991,-68.954,-68.886,-68.807,-68.688,-68.555,-68.42,-68.278,-68.128,-67.967,-67.8,-67.636,-67.469,-67.304,-67.137,-66.976,-66.814,-66.655,-66.499,-66.344,-66.195,-66.049,-65.904,-65.763,-65.626,-65.491,-65.359,-65.23,-65.104,-64.981,-64.861,-64.742,-64.627,-64.514,-64.404,-64.295,-64.189,-64.085,-63.983,-63.883,-63.785,-63.688,-63.594,-63.501,-63.409,-63.32,-63.231,-63.145,-63.059,-62.975,-62.892,-62.811,-62.731,-62.652,-62.574,-62.497,-62.421,-62.347,-62.273,-62.201,-62.129,-62.059,-61.989,-61.921,-61.853,-61.786,-61.72,-61.655,-61.59,-61.527,-61.464,-61.402,-61.341,-61.281,-61.221,-61.162,-61.104,-61.046,-60.989,-60.933,-60.877,-60.822,-60.768,-60.714,-60.661,-60.608,-60.556,-60.505,-60.454,-60.404,-60.354,-60.305,-60.256,-60.208,-60.16,-60.113,-60.067,-60.021,-59.975,-59.93,-59.885,-59.841,-59.797,-59.754,-59.711,-59.668,-59.625,-59.584,-59.542,-59.502,-59.461,-59.421,-59.381,-59.341,-59.302,-59.264,-59.225,-59.187,-59.149,-59.112,-59.075,-59.038,-59.002,-58.966,-58.93,-58.894,-58.859,-58.823,-58.789,-58.754,-58.72,-58.686,-58.652,-58.618,-58.585,-58.552,-58.519,-58.486,-58.454,-58.422,-58.39,-58.358,-58.326,-58.295,-58.264,-58.232,-58.202,-58.171,-58.14,-58.109,-58.079,-58.049,-58.019,-57.989,-57.959,-57.93,-57.9,-57.871,-57.841,-57.812,-57.783,-57.754,-57.725,-57.696,-57.667,-57.638,-57.61,-57.581,-57.553,-57.525,-57.496,-57.468,-57.439,-57.411,-57.383,-57.354,-57.326,-57.298,-57.269,-57.241,-57.213,-57.184,-57.155,-57.127,-57.098,-57.069,-57.04,-57.012,-56.983,-56.953,-56.924,-56.895,-56.865,-56.835,-56.805,-56.775,-56.744,-56.714,-56.683,-56.652,-56.621,-56.589,-56.557,-56.525,-56.492,-56.459,-56.425,-56.391,-56.356,-56.321,-56.284,-56.248,-56.21,-56.172,-56.132,-56.092,-56.051,-56.01,-55.966,-55.922,-55.876,-55.829,-55.78,-55.727,-55.67,-55.611,-55.549,-55.484,-55.416,-55.338,-55.255,-55.164,-55.058,-54.926,-54.763,-54.509,-53.88,-33.604,2.6531,-5.1214,-21.195,-36.38,-52.377,-60.328,-63.657,-65.484,-66.631,-67.408,-67.952,-68.352,-68.622,-68.793,-68.909,-68.958,-68.958,-68.921,-68.863,-68.782,-68.67,-68.549,-68.403,-68.257,-68.098,-67.94,-67.773,-67.609,-67.444,-67.278,-67.114,-66.951,-66.79,-66.631,-66.475,-66.322,-66.173,-66.026,-65.882,-65.741,-65.603,-65.469,-65.338,-65.209,-65.084,-64.961,-64.84,-64.723,-64.607,-64.495,-64.384,-64.276,-64.171,-64.067,-63.965,-63.865,-63.767,-63.671,-63.576,-63.484,-63.392,-63.303,-63.215,-63.128,-63.043,-62.959,-62.876,-62.795,-62.715,-62.636,-62.558,-62.482,-62.406,-62.332,-62.258,-62.186,-62.115,-62.044,-61.975,-61.906,-61.839,-61.772,-61.706,-61.641,-61.577,-61.513,-61.451,-61.389,-61.328,-61.267,-61.208,-61.149,-61.091,-61.033,-60.976,-60.92,-60.864,-60.809,-60.755,-60.701,-60.648,-60.596,-60.544,-60.492,-60.442,-60.392,-60.342,-60.293,-60.244,-60.196,-60.148,-60.101,-60.055,-60.009,-59.963,-59.918,-59.873,-59.829,-59.785,-59.741,-59.698,-59.656,-59.614,-59.572,-59.531,-59.49,-59.45,-59.409,-59.37,-59.33,-59.291,-59.252,-59.214,-59.176,-59.138,-59.101,-59.064,-59.027,-58.991,-58.954,-58.919,-58.883,-58.847,-58.812,-58.778,-58.743,-58.709,-58.674,-58.641,-58.607,-58.574,-58.541,-58.508,-58.475,-58.443,-58.41,-58.379,-58.347,-58.315,-58.284,-58.252,-58.221,-58.19,-58.16,-58.129,-58.098,-58.068,-58.038,-58.008,-57.978,-57.948,-57.918,-57.889,-57.859,-57.83,-57.801,-57.772,-57.742,-57.714,-57.685,-57.656,-57.627,-57.598,-57.57,-57.541,-57.513,-57.484,-57.456,-57.427,-57.399,-57.37,-57.342,-57.313,-57.285,-57.256,-57.228,-57.2,-57.171,-57.143,-57.114,-57.085,-57.056,-57.027,-56.998,-56.969,-56.94,-56.911,-56.881,-56.851,-56.821,-56.791,-56.761,-56.73,-56.699,-56.669,-56.637,-56.606,-56.574,-56.541,-56.508,-56.475,-56.442,-56.407,-56.372,-56.337,-56.302,-56.266,-56.228,-56.19,-56.151,-56.111,-56.07,-56.028,-55.986,-55.942,-55.895,-55.848,-55.799,-55.748,-55.695,-55.639,-55.581,-55.518,-55.451,-55.379,-55.298,-55.208,-55.103,-54.977,-54.822,-54.609,-54.172,-45.644,-11.156,0.75351,-16.89,-31.561,-48.219,-58.742,-62.907,-65.048,-66.348,-67.223,-67.813,-68.259,-68.56,-68.769,-68.883,-68.963,-68.977,-68.947,-68.887,-68.802,-68.704,-68.589,-68.448,-68.306,-68.154,-67.994,-67.828,-67.664,-67.497,-67.329,-67.165,-67.005,-66.841,-66.682,-66.526,-66.372,-66.221,-66.073,-65.928,-65.786,-65.648,-65.512,-65.38,-65.25,-65.124,-65.0,-64.879,-64.76,-64.645,-64.531,-64.42,-64.311,-64.204,-64.1,-63.997,-63.897,-63.798,-63.701,-63.606,-63.513,-63.421,-63.331,-63.242,-63.155,-63.069,-62.985,-62.902,-62.82,-62.74,-62.66,-62.582,-62.505,-62.429,-62.354,-62.281,-62.208,-62.136,-62.066,-61.996,-61.927,-61.859,-61.792,-61.726,-61.66,-61.596,-61.532,-61.469,-61.407,-61.346,-61.285,-61.225,-61.166,-61.107,-61.05,-60.992,-60.936,-60.88,-60.825,-60.771,-60.717,-60.663,-60.611,-60.559,-60.507,-60.456,-60.406,-60.356,-60.307,-60.258,-60.209,-60.162,-60.114,-60.068,-60.021,-59.976,-59.93,-59.886,-59.841,-59.797,-59.754,-59.711,-59.668,-59.626,-59.584,-59.542,-59.501,-59.461,-59.42,-59.38,-59.341,-59.302,-59.263,-59.224,-59.186,-59.148,-59.111,-59.073,-59.037,-59.0,-58.964,-58.928,-58.892,-58.856,-58.821,-58.786,-58.752,-58.717,-58.683,-58.649,-58.615,-58.582,-58.548,-58.516,-58.483,-58.45,-58.418,-58.386,-58.354,-58.322,-58.29,-58.259,-58.228,-58.197,-58.166,-58.135,-58.105,-58.074,-58.044,-58.014,-57.984,-57.954,-57.924,-57.894,-57.865,-57.836,-57.806,-57.777,-57.748,-57.719,-57.69,-57.661,-57.632,-57.603,-57.575,-57.546,-57.517,-57.489,-57.461,-57.432,-57.403,-57.375,-57.347,-57.318,-57.289,-57.261,-57.232,-57.204,-57.175,-57.146,-57.117,-57.089,-57.059,-57.03,-57.001,-56.972,-56.943,-56.913,-56.883,-56.854,-56.824,-56.793,-56.763,-56.733,-56.702,-56.671,-56.64,-56.608,-56.576,-56.544,-56.511,-56.477,-56.443,-56.409,-56.374,-56.339,-56.303,-56.267,-56.23,-56.192,-56.152,-56.112,-56.07,-56.029,-55.986,-55.942,-55.897,-55.85,-55.801,-55.75,-55.697,-55.64,-55.578,-55.512,-55.444,-55.368,-55.287,-55.199,-55.101,-54.988,-54.841,-54.629,-54.269,-50.135,-17.878,3.6055,-14.613,-29.169,-45.793,-57.708,-62.447,-64.79,-66.183,-67.101,-67.737,-68.194,-68.505,-68.73,-68.867,-68.934,-68.964,-68.941,-68.887,-68.803,-68.697,-68.592,-68.458,-68.314,-68.164,-68.005,-67.844,-67.676,-67.511,-67.345,-67.179,-67.014,-66.852,-66.695,-66.537,-66.383,-66.232,-66.084,-65.939,-65.797,-65.658,-65.522,-65.389,-65.26,-65.133,-65.009,-64.887,-64.768,-64.652,-64.538,-64.427,-64.318,-64.211,-64.106,-64.004,-63.903,-63.804,-63.707,-63.612,-63.518,-63.426,-63.336,-63.247,-63.16,-63.074,-62.989,-62.906,-62.824,-62.744,-62.664,-62.586,-62.509,-62.433,-62.358,-62.284,-62.211,-62.14,-62.069,-61.999,-61.93,-61.862,-61.795,-61.728,-61.663,-61.598,-61.535,-61.472,-61.409,-61.348,-61.287,-61.227,-61.168,-61.109,-61.052,-60.994,-60.938,-60.882,-60.827,-60.772,-60.718,-60.665,-60.612,-60.56,-60.509,-60.457,-60.407,-60.357,-60.308,-60.259,-60.21,-60.162,-60.115,-60.068,-60.022,-59.976,-59.931,-59.886,-59.842,-59.798,-59.754,-59.711,-59.668,-59.626,-59.584,-59.543,-59.501,-59.461,-59.421,-59.381,-59.341,-59.302,-59.263,-59.224,-59.186,-59.148,-59.111,-59.074,-59.037,-59.0,-58.964,-58.928,-58.892,-58.856,-58.821,-58.786,-58.751,-58.717,-58.682,-58.648,-58.615,-58.581,-58.548,-58.515,-58.482,-58.45,-58.417,-58.385,-58.353,-58.322,-58.29,-58.258,-58.228,-58.196,-58.165,-58.135,-58.104,-58.073,-58.043,-58.013,-57.983,-57.953,-57.923,-57.894,-57.864,-57.834,-57.805,-57.776,-57.747,-57.718,-57.689,-57.66,-57.631,-57.602,-57.573,-57.545,-57.517,-57.488,-57.459,-57.431,-57.402,-57.374,-57.345,-57.316,-57.288,-57.259,-57.231,-57.202,-57.173,-57.144,-57.116,-57.087,-57.058,-57.029,-57.0,-56.97,-56.941,-56.912,-56.882,-56.852,-56.823,-56.792,-56.761,-56.73,-56.698,-56.667,-56.636,-56.604,-56.572,-56.54,-56.507,-56.474,-56.44,-56.406,-56.371,-56.336,-56.3,-56.264,-56.227,-56.188,-56.148,-56.108,-56.068,-56.026,-55.982,-55.938,-55.892,-55.845,-55.795,-55.743,-55.689,-55.634,-55.575,-55.512,-55.446,-55.375,-55.297,-55.204,-55.101,-54.973,-54.807,-54.568,-54.094,-41.229,-6.4242,-1.1295,-18.278,-33.038,-49.647,-59.301,-63.167,-65.195,-66.446,-67.288,-67.875,-68.292,-68.583,-68.782,-68.899,-68.961,-68.959,-68.925,-68.873,-68.785,-68.677,-68.555,-68.415,-68.269,-68.117,-67.957,-67.799,-67.63,-67.466,-67.3,-67.135,-66.971,-66.809,-66.65,-66.494,-66.341,-66.191,-66.043,-65.899,-65.758,-65.62,-65.485,-65.353,-65.224,-65.097,-64.974,-64.853,-64.735,-64.619,-64.506,-64.396,-64.287,-64.181,-64.077,-63.974,-63.874,-63.776,-63.679,-63.584,-63.491,-63.4,-63.31,-63.221,-63.134,-63.049,-62.965,-62.882,-62.8,-62.72,-62.641,-62.563,-62.486,-62.41,-62.336,-62.262,-62.19,-62.118,-62.047,-61.978,-61.909,-61.841,-61.774,-61.708,-61.643,-61.579,-61.515,-61.452,-61.39,-61.329,-61.268,-61.209,-61.149,-61.091,-61.033,-60.976,-60.92,-60.864,-60.809,-60.755,-60.701,-60.648,-60.595,-60.543,-60.492,-60.441,-60.39,-60.341,-60.291,-60.243,-60.195,-60.147,-60.1,-60.053,-60.007,-59.961,-59.916,-59.871,-59.827,-59.783,-59.739,-59.696,-59.654,-59.611,-59.569,-59.528,-59.487,-59.446,-59.406,-59.366,-59.327,-59.288,-59.249,-59.21,-59.172,-59.135,-59.097,-59.06,-59.023,-58.986,-58.95,-58.914,-58.878,-58.843,-58.808,-58.773,-58.738,-58.704,-58.67,-58.636,-58.602,-58.568,-58.535,-58.502,-58.469,-58.437,-58.405,-58.372,-58.34,-58.309,-58.277,-58.246,-58.214,-58.183,-58.153,-58.122,-58.091,-58.061,-58.031,-58.001,-57.971,-57.941,-57.911,-57.881,-57.852,-57.822,-57.793,-57.763,-57.734,-57.705,-57.676,-57.647,-57.618,-57.589,-57.561,-57.532,-57.503,-57.475,-57.446,-57.417,-57.389,-57.36,-57.332,-57.303,-57.275,-57.246,-57.217,-57.189,-57.16,-57.131,-57.102,-57.073,-57.044,-57.015,-56.986,-56.956,-56.927,-56.897,-56.867,-56.838,-56.808,-56.777,-56.745,-56.714,-56.683,-56.652,-56.62,-56.588,-56.556,-56.523,-56.49,-56.457,-56.422,-56.388,-56.353,-56.318,-56.282,-56.245,-56.207,-56.169,-56.129,-56.089,-56.048,-56.006,-55.962,-55.917,-55.87,-55.821,-55.77,-55.717,-55.661,-55.602,-55.54,-55.473,-55.403,-55.323,-55.239,-55.145,-55.035,-54.894,-54.712,-54.439,-53.525,-28.443,6.662,-8.691,-23.983,-39.711,-54.608,-61.18,-64.097,-65.748,-66.801,-67.536,-68.049,-68.411,-68.678,-68.834,-68.927,-68.965,-68.975,-68.931,-68.851,-68.758,-68.643,-68.522,-68.38,-68.232,-68.073,-67.913,-67.747,-67.581,-67.412,-67.241,-67.073,-66.909,-66.747,-66.588,-66.432,-66.279,-66.129,-65.984,-65.841,-65.7,-65.563,-65.429,-65.299,-65.171,-65.046,-64.924,-64.804,-64.687,-64.572,-64.46,-64.35,-64.242,-64.137,-64.033,-63.932,-63.832,-63.735,-63.639,-63.545,-63.452,-63.361,-63.272,-63.184,-63.098,-63.013,-62.929,-62.847,-62.766,-62.686,-62.607,-62.529,-62.453,-62.378,-62.304,-62.23,-62.158,-62.087,-62.017,-61.947,-61.879,-61.812,-61.745,-61.679,-61.614,-61.55,-61.487,-61.425,-61.363,-61.302,-61.241,-61.182,-61.123,-61.065,-61.008,-60.951,-60.895,-60.839,-60.785,-60.73,-60.677,-60.624,-60.571,-60.52,-60.468,-60.418,-60.368,-60.318,-60.269,-60.22,-60.173,-60.125,-60.078,-60.031,-59.985,-59.94,-59.895,-59.85,-59.806,-59.762,-59.719,-59.676,-59.633,-59.591,-59.55,-59.508,-59.468,-59.427,-59.387,-59.347,-59.308,-59.269,-59.23,-59.192,-59.154,-59.116,-59.078,-59.041,-59.005,-58.968,-58.932,-58.896,-58.86,-58.825,-58.79,-58.755,-58.721,-58.686,-58.652,-58.618,-58.585,-58.551,-58.518,-58.485,-58.452,-58.42,-58.387,-58.355,-58.324,-58.292,-58.26,-58.229,-58.198,-58.167,-58.136,-58.105,-58.075,-58.044,-58.014,-57.984,-57.954,-57.924,-57.894,-57.865,-57.835,-57.805,-57.776,-57.747,-57.718,-57.689,-57.66,-57.631,-57.602,-57.573,-57.544,-57.516,-57.487,-57.459,-57.43,-57.401,-57.372,-57.343,-57.314,-57.285,-57.257,-57.228,-57.2,-57.171,-57.142,-57.113,-57.084,-57.055,-57.026,-56.997,-56.967,-56.938,-56.908,-56.878,-56.848,-56.818,-56.787,-56.757,-56.726,-56.695,-56.664,-56.632,-56.6,-56.568,-56.535,-56.502,-56.469,-56.435,-56.399,-56.364,-56.329,-56.293,-56.257,-56.219,-56.181,-56.142,-56.102,-56.061,-56.017,-55.972,-55.927,-55.881,-55.833,-55.783,-55.729,-55.673,-55.614,-55.552,-55.487,-55.418,-55.34,-55.257,-55.165,-55.059,-54.92,-54.752,-54.498,-53.805,-31.771,4.5944,-6.3329,-22.117,-37.483,-53.173,-60.641,-63.821,-65.584,-66.7,-67.464,-67.997,-68.38,-68.652,-68.825,-68.926,-68.969,-68.98,-68.945,-68.869,-68.775,-68.664,-68.544,-68.403,-68.256,-68.098,-67.938,-67.772,-67.6,-67.435,-67.27,-67.104,-66.94,-66.779,-66.621,-66.463,-66.311,-66.161,-66.014,-65.87,-65.73,-65.592,-65.458,-65.326,-65.197,-65.072,-64.949,-64.829,-64.711,-64.596,-64.484,-64.373,-64.265,-64.159,-64.055,-63.953,-63.854,-63.756,-63.659,-63.565,-63.472,-63.381,-63.291,-63.203,-63.116,-63.031,-62.947,-62.864,-62.783,-62.702,-62.623,-62.546,-62.469,-62.393,-62.319,-62.246,-62.173,-62.102,-62.031,-61.962,-61.893,-61.825,-61.759,-61.693,-61.628,-61.563,-61.5,-61.437,-61.375,-61.314,-61.254,-61.194,-61.135,-61.077,-61.019,-60.962,-60.906,-60.85,-60.795,-60.741,-60.687,-60.634,-60.581,-60.529,-60.478,-60.427,-60.377,-60.327,-60.278,-60.229,-60.181,-60.133,-60.086,-60.04,-59.994,-59.948,-59.903,-59.858,-59.814,-59.77,-59.726,-59.683,-59.641,-59.599,-59.557,-59.515,-59.474,-59.434,-59.394,-59.354,-59.314,-59.275,-59.236,-59.198,-59.16,-59.122,-59.084,-59.047,-59.011,-58.974,-58.938,-58.902,-58.866,-58.83,-58.795,-58.76,-58.725,-58.691,-58.657,-58.623,-58.589,-58.556,-58.523,-58.49,-58.457,-58.424,-58.392,-58.36,-58.328,-58.296,-58.264,-58.233,-58.202,-58.171,-58.14,-58.109,-58.079,-58.048,-58.018,-57.987,-57.958,-57.928,-57.897,-57.868,-57.839,-57.809,-57.779,-57.75,-57.721,-57.692,-57.663,-57.634,-57.605,-57.576,-57.547,-57.518,-57.489,-57.461,-57.432,-57.404,-57.375,-57.346,-57.317,-57.289,-57.26,-57.231,-57.203,-57.174,-57.145,-57.116,-57.087,-57.058,-57.029,-57.0,-56.971,-56.941,-56.911,-56.881,-56.851,-56.82,-56.79,-56.759,-56.729,-56.697,-56.666,-56.635,-56.603,-56.571,-56.538,-56.505,-56.472,-56.437,-56.403,-56.368,-56.332,-56.296,-56.259,-56.221,-56.183,-56.144,-56.104,-56.063,-56.021,-55.977,-55.931,-55.883,-55.833,-55.784,-55.734,-55.682,-55.626,-55.564,-55.497,-55.425,-55.347,-55.258,-55.158,-55.047,-54.914,-54.731,-54.435,-53.245,-26.271,6.9152,-10.209,-25.236,-41.26,-55.53,-61.561,-64.314,-65.893,-66.913,-67.617,-68.113,-68.464,-68.714,-68.865,-68.961,-68.984,-68.965,-68.915,-68.854,-68.753,-68.642,-68.504,-68.359,-68.21,-68.053,-67.899,-67.728,-67.568,-67.399,-67.232,-67.067,-66.904,-66.743,-66.586,-66.431,-66.279,-66.128,-65.982,-65.839,-65.699,-65.563,-65.429,-65.298,-65.17,-65.045,-64.923,-64.803,-64.686,-64.572,-64.459,-64.35,-64.242,-64.136,-64.033,-63.932,-63.832,-63.734,-63.639,-63.544,-63.452,-63.361,-63.272,-63.184,-63.097,-63.012,-62.929,-62.846,-62.765,-62.685,-62.606,-62.529,-62.453,-62.377,-62.303,-62.23,-62.158,-62.086,-62.016,-61.947,-61.878,-61.811,-61.744,-61.678,-61.613,-61.549,-61.486,-61.424,-61.362,-61.301,-61.24,-61.181,-61.122,-61.064,-61.006,-60.95,-60.894,-60.838,-60.783,-60.729,-60.676,-60.623,-60.57,-60.518,-60.467,-60.416,-60.366,-60.317,-60.268,-60.219,-60.171,-60.123,-60.076,-60.03,-59.984,-59.938,-59.893,-59.848,-59.804,-59.76,-59.717,-59.674,-59.631,-59.589,-59.547,-59.506,-59.465,-59.424,-59.384,-59.344,-59.305,-59.266,-59.227,-59.189,-59.151,-59.113,-59.076,-59.038,-59.002,-58.965,-58.929,-58.893,-58.857,-58.822,-58.787,-58.752,-58.718,-58.683,-58.649,-58.615,-58.581,-58.548,-58.515,-58.482,-58.449,-58.417,-58.384,-58.352,-58.321,-58.289,-58.257,-58.226,-58.195,-58.164,-58.133,-58.102,-58.072,-58.041,-58.011,-57.981,-57.951,-57.921,-57.891,-57.861,-57.832,-57.802,-57.773,-57.744,-57.714,-57.685,-57.656,-57.627,-57.598,-57.569,-57.54,-57.512,-57.483,-57.454,-57.426,-57.397,-57.369,-57.34,-57.311,-57.282,-57.254,-57.225,-57.196,-57.167,-57.138,-57.109,-57.08,-57.051,-57.022,-56.992,-56.963,-56.933,-56.903,-56.874,-56.844,-56.814,-56.783,-56.753,-56.722,-56.691,-56.659,-56.627,-56.595,-56.563,-56.53,-56.496,-56.462,-56.429,-56.394,-56.359,-56.323,-56.287,-56.25,-56.214,-56.175,-56.136,-56.095,-56.053,-56.009,-55.965,-55.92,-55.873,-55.824,-55.774,-55.721,-55.666,-55.609,-55.547,-55.483,-55.413,-55.337,-55.251,-55.153,-55.035,-54.896,-54.717,-54.42,-53.311,-26.777,6.9087,-9.8651,-24.942,-40.864,-55.296,-61.462,-64.255,-65.85,-66.882,-67.59,-68.089,-68.445,-68.688,-68.85,-68.926,-68.971,-68.968,-68.921,-68.843,-68.747,-68.639,-68.514,-68.373,-68.22,-68.064,-67.9,-67.73,-67.558,-67.389,-67.222,-67.06,-66.898,-66.738,-66.58,-66.426,-66.274,-66.124,-65.978,-65.835,-65.695,-65.558,-65.424,-65.294,-65.166,-65.041,-64.919,-64.799,-64.682,-64.567,-64.455,-64.345,-64.238,-64.132,-64.029,-63.928,-63.828,-63.73,-63.635,-63.54,-63.448,-63.357,-63.268,-63.18,-63.093,-63.009,-62.925,-62.843,-62.761,-62.682,-62.603,-62.525,-62.449,-62.374,-62.299,-62.226,-62.154,-62.083,-62.013,-61.943,-61.875,-61.808,-61.741,-61.675,-61.61,-61.546,-61.483,-61.42,-61.359,-61.298,-61.238,-61.178,-61.119,-61.061,-61.003,-60.947,-60.891,-60.835,-60.78,-60.726,-60.673,-60.62,-60.567,-60.516,-60.464,-60.413,-60.363,-60.314,-60.265,-60.216,-60.168,-60.12,-60.073,-60.026,-59.98,-59.935,-59.89,-59.845,-59.801,-59.757,-59.714,-59.67,-59.628,-59.586,-59.544,-59.503,-59.462,-59.422,-59.382,-59.342,-59.303,-59.264,-59.225,-59.186,-59.148,-59.111,-59.073,-59.036,-58.999,-58.963,-58.927,-58.891,-58.855,-58.82,-58.785,-58.75,-58.715,-58.681,-58.647,-58.613,-58.58,-58.546,-58.513,-58.48,-58.447,-58.415,-58.383,-58.35,-58.319,-58.287,-58.255,-58.224,-58.192,-58.162,-58.131,-58.1,-58.069,-58.039,-58.008,-57.978,-57.949,-57.919,-57.889,-57.859,-57.829,-57.8,-57.77,-57.741,-57.712,-57.682,-57.653,-57.624,-57.595,-57.566,-57.537,-57.509,-57.48,-57.451,-57.423,-57.394,-57.365,-57.336,-57.308,-57.279,-57.25,-57.222,-57.193,-57.164,-57.134,-57.106,-57.076,-57.047,-57.018,-56.989,-56.959,-56.929,-56.899,-56.87,-56.84,-56.81,-56.779,-56.748,-56.716,-56.685,-56.654,-56.622,-56.59,-56.558,-56.525,-56.492,-56.459,-56.424,-56.389,-56.354,-56.318,-56.282,-56.245,-56.207,-56.167,-56.127,-56.087,-56.045,-56.002,-55.958,-55.913,-55.866,-55.816,-55.765,-55.712,-55.656,-55.599,-55.537,-55.47,-55.399,-55.321,-55.237,-55.142,-55.031,-54.886,-54.69,-54.389,-52.959,-25.045,6.6302,-11.016,-25.929,-42.029,-55.917,-61.699,-64.371,-65.92,-66.922,-67.62,-68.108,-68.454,-68.704,-68.855,-68.938,-68.97,-68.971,-68.926,-68.841,-68.736,-68.622,-68.5,-68.36,-68.207,-68.049,-67.886,-67.722,-67.553,-67.382,-67.217,-67.054,-66.888,-66.729,-66.57,-66.415,-66.262,-66.113,-65.967,-65.825,-65.685,-65.548,-65.414,-65.284,-65.156,-65.031,-64.909,-64.79,-64.673,-64.559,-64.447,-64.337,-64.229,-64.124,-64.021,-63.92,-63.82,-63.723,-63.627,-63.533,-63.441,-63.35,-63.261,-63.173,-63.086,-63.001,-62.918,-62.836,-62.755,-62.675,-62.596,-62.519,-62.443,-62.367,-62.293,-62.22,-62.148,-62.077,-62.007,-61.937,-61.869,-61.802,-61.735,-61.669,-61.605,-61.541,-61.477,-61.415,-61.353,-61.292,-61.232,-61.173,-61.114,-61.056,-60.998,-60.941,-60.885,-60.83,-60.775,-60.721,-60.667,-60.615,-60.562,-60.51,-60.459,-60.408,-60.358,-60.309,-60.26,-60.211,-60.163,-60.115,-60.068,-60.022,-59.976,-59.93,-59.885,-59.84,-59.796,-59.753,-59.709,-59.667,-59.624,-59.582,-59.54,-59.499,-59.459,-59.418,-59.378,-59.338,-59.298,-59.259,-59.221,-59.182,-59.144,-59.107,-59.069,-59.032,-58.996,-58.959,-58.923,-58.887,-58.851,-58.816,-58.781,-58.746,-58.711,-58.677,-58.643,-58.609,-58.575,-58.542,-58.509,-58.476,-58.443,-58.411,-58.378,-58.346,-58.314,-58.282,-58.251,-58.219,-58.188,-58.157,-58.126,-58.096,-58.065,-58.035,-58.004,-57.974,-57.944,-57.914,-57.884,-57.854,-57.825,-57.795,-57.766,-57.737,-57.708,-57.679,-57.65,-57.621,-57.591,-57.562,-57.534,-57.505,-57.476,-57.448,-57.419,-57.39,-57.361,-57.332,-57.303,-57.274,-57.245,-57.217,-57.188,-57.159,-57.13,-57.101,-57.072,-57.043,-57.014,-56.984,-56.955,-56.925,-56.895,-56.865,-56.835,-56.805,-56.774,-56.743,-56.713,-56.681,-56.65,-56.618,-56.585,-56.552,-56.519,-56.486,-56.452,-56.417,-56.383,-56.347,-56.311,-56.275,-56.238,-56.2,-56.161,-56.122,-56.081,-56.039,-55.995,-55.951,-55.906,-55.859,-55.81,-55.76,-55.708,-55.65,-55.59,-55.527,-55.461,-55.391,-55.311,-55.22,-55.114,-54.985,-54.816,-54.567,-54.035,-38.273,-2.9318,-2.5025,-19.278,-34.172,-50.647,-59.709,-63.367,-65.341,-66.558,-67.368,-67.94,-68.341,-68.624,-68.813,-68.929,-68.984,-68.987,-68.955,-68.898,-68.803,-68.694,-68.565,-68.423,-68.279,-68.127,-67.969,-67.807,-67.638,-67.473,-67.307,-67.142,-66.978,-66.816,-66.657,-66.5,-66.348,-66.197,-66.048,-65.904,-65.763,-65.625,-65.489,-65.357,-65.228,-65.101,-64.978,-64.857,-64.738,-64.623,-64.509,-64.399,-64.29,-64.183,-64.079,-63.977,-63.876,-63.778,-63.681,-63.586,-63.493,-63.401,-63.311,-63.222,-63.135,-63.05,-62.965,-62.882,-62.801,-62.72,-62.641,-62.563,-62.486,-62.41,-62.335,-62.261,-62.189,-62.117,-62.046,-61.977,-61.908,-61.84,-61.773,-61.707,-61.641,-61.577,-61.513,-61.45,-61.388,-61.326,-61.266,-61.206,-61.147,-61.088,-61.031,-60.973,-60.917,-60.861,-60.806,-60.751,-60.697,-60.644,-60.591,-60.539,-60.488,-60.437,-60.386,-60.336,-60.287,-60.238,-60.19,-60.142,-60.095,-60.048,-60.002,-59.956,-59.911,-59.866,-59.821,-59.777,-59.734,-59.69,-59.648,-59.605,-59.563,-59.522,-59.481,-59.44,-59.4,-59.36,-59.32,-59.281,-59.242,-59.204,-59.165,-59.128,-59.09,-59.053,-59.016,-58.979,-58.943,-58.907,-58.871,-58.835,-58.8,-58.765,-58.73,-58.696,-58.661,-58.627,-58.594,-58.56,-58.527,-58.494,-58.461,-58.428,-58.396,-58.364,-58.332,-58.3,-58.268,-58.236,-58.205,-58.174,-58.143,-58.113,-58.082,-58.051,-58.021,-57.99,-57.96,-57.931,-57.901,-57.871,-57.841,-57.812,-57.782,-57.753,-57.723,-57.694,-57.665,-57.636,-57.606,-57.577,-57.549,-57.52,-57.491,-57.462,-57.434,-57.405,-57.376,-57.347,-57.319,-57.29,-57.261,-57.232,-57.203,-57.175,-57.145,-57.116,-57.087,-57.058,-57.029,-56.999,-56.97,-56.94,-56.911,-56.881,-56.851,-56.821,-56.79,-56.76,-56.728,-56.697,-56.665,-56.633,-56.601,-56.569,-56.536,-56.503,-56.469,-56.436,-56.401,-56.365,-56.33,-56.294,-56.257,-56.219,-56.181,-56.142,-56.102,-56.061,-56.018,-55.974,-55.928,-55.879,-55.831,-55.782,-55.732,-55.679,-55.623,-55.56,-55.493,-55.423,-55.349,-55.269,-55.179,-55.075,-54.939,-54.761,-54.498,-53.864,-32.951,3.4074,-5.5424,-21.52,-36.761,-52.676,-60.454,-63.724,-65.528,-66.657,-67.437,-67.98,-68.365,-68.642,-68.813,-68.919,-68.966,-68.957,-68.91,-68.851,-68.766,-68.661,-68.526,-68.382,-68.23,-68.08,-67.924,-67.757,-67.594,-67.426,-67.259,-67.094,-66.93,-66.77,-66.612,-66.457,-66.303,-66.154,-66.007,-65.864,-65.723,-65.586,-65.451,-65.32,-65.191,-65.066,-64.943,-64.822,-64.705,-64.59,-64.477,-64.367,-64.258,-64.152,-64.049,-63.947,-63.847,-63.749,-63.652,-63.558,-63.465,-63.374,-63.284,-63.196,-63.109,-63.024,-62.94,-62.857,-62.776,-62.696,-62.617,-62.539,-62.462,-62.387,-62.312,-62.239,-62.167,-62.095,-62.025,-61.955,-61.887,-61.819,-61.752,-61.686,-61.621,-61.557,-61.493,-61.431,-61.369,-61.308,-61.247,-61.188,-61.128,-61.07,-61.013,-60.956,-60.9,-60.844,-60.789,-60.735,-60.681,-60.628,-60.575,-60.523,-60.472,-60.421,-60.371,-60.321,-60.271,-60.223,-60.175,-60.127,-60.08,-60.033,-59.987,-59.941,-59.896,-59.851,-59.807,-59.763,-59.72,-59.677,-59.634,-59.592,-59.55,-59.509,-59.468,-59.427,-59.387,-59.347,-59.308,-59.269,-59.23,-59.191,-59.153,-59.115,-59.078,-59.041,-59.004,-58.967,-58.931,-58.895,-58.859,-58.824,-58.789,-58.754,-58.719,-58.685,-58.651,-58.617,-58.583,-58.549,-58.516,-58.483,-58.45,-58.418,-58.385,-58.353,-58.321,-58.289,-58.258,-58.226,-58.195,-58.164,-58.133,-58.102,-58.071,-58.041,-58.01,-57.98,-57.95,-57.92,-57.89,-57.86,-57.831,-57.801,-57.772,-57.742,-57.713,-57.684,-57.655,-57.626,-57.597,-57.568,-57.539,-57.51,-57.481,-57.452,-57.423,-57.394,-57.365,-57.337,-57.308,-57.279,-57.251,-57.222,-57.193,-57.164,-57.135,-57.106,-57.077,-57.047,-57.018,-56.989,-56.959,-56.929,-56.9,-56.869,-56.839,-56.809,-56.779,-56.748,-56.717,-56.686,-56.654,-56.622,-56.59,-56.558,-56.525,-56.493,-56.459,-56.424,-56.39,-56.355,-56.319,-56.283,-56.246,-56.208,-56.169,-56.13,-56.089,-56.046,-56.002,-55.958,-55.913,-55.866,-55.817,-55.767,-55.713,-55.658,-55.598,-55.533,-55.467,-55.393,-55.314,-55.23,-55.137,-55.031,-54.898,-54.721,-54.439,-53.466,-27.907,6.7869,-9.0722,-24.285,-40.079,-54.835,-61.27,-64.146,-65.778,-66.822,-67.55,-68.059,-68.419,-68.685,-68.839,-68.928,-68.966,-68.976,-68.931,-68.848,-68.758,-68.641,-68.519,-68.377,-68.228,-68.069,-67.909,-67.742,-67.57,-67.404,-67.239,-67.074,-66.91,-66.749,-66.591,-66.435,-66.283,-66.133,-65.987,-65.843,-65.703,-65.566,-65.432,-65.301,-65.173,-65.047,-64.925,-64.805,-64.688,-64.573,-64.461,-64.351,-64.243,-64.137,-64.034,-63.932,-63.832,-63.735,-63.639,-63.544,-63.452,-63.361,-63.271,-63.183,-63.097,-63.011,-62.928,-62.845,-62.764,-62.684,-62.605,-62.527,-62.451,-62.376,-62.301,-62.228,-62.156,-62.084,-62.014,-61.945,-61.876,-61.809,-61.742,-61.676,-61.611,-61.547,-61.483,-61.421,-61.359,-61.298,-61.238,-61.178,-61.119,-61.061,-61.004,-60.947,-60.89,-60.835,-60.78,-60.726,-60.672,-60.619,-60.566,-60.514,-60.463,-60.412,-60.362,-60.312,-60.263,-60.215,-60.166,-60.119,-60.072,-60.025,-59.979,-59.933,-59.888,-59.843,-59.799,-59.755,-59.712,-59.669,-59.626,-59.584,-59.543,-59.501,-59.46,-59.42,-59.38,-59.34,-59.3,-59.261,-59.222,-59.184,-59.146,-59.108,-59.071,-59.033,-58.997,-58.96,-58.924,-58.888,-58.852,-58.816,-58.781,-58.746,-58.712,-58.677,-58.643,-58.609,-58.575,-58.542,-58.509,-58.476,-58.443,-58.41,-58.378,-58.346,-58.314,-58.282,-58.25,-58.219,-58.188,-58.157,-58.125,-58.095,-58.064,-58.034,-58.003,-57.973,-57.943,-57.913,-57.883,-57.854,-57.824,-57.794,-57.765,-57.735,-57.706,-57.677,-57.648,-57.619,-57.59,-57.561,-57.532,-57.503,-57.474,-57.445,-57.416,-57.387,-57.358,-57.33,-57.301,-57.272,-57.243,-57.214,-57.185,-57.156,-57.127,-57.098,-57.069,-57.039,-57.01,-56.98,-56.951,-56.921,-56.891,-56.861,-56.831,-56.8,-56.77,-56.738,-56.707,-56.676,-56.644,-56.612,-56.579,-56.547,-56.514,-56.48,-56.446,-56.411,-56.376,-56.341,-56.305,-56.269,-56.231,-56.193,-56.155,-56.115,-56.074,-56.032,-55.989,-55.945,-55.899,-55.851,-55.801,-55.748,-55.692,-55.636,-55.577,-55.514,-55.447,-55.373,-55.291,-55.195,-55.085,-54.96,-54.791,-54.535,-53.961,-36.102,-0.28334,-3.6472,-20.107,-35.118,-51.401,-59.981,-63.491,-65.394,-66.575,-67.375,-67.928,-68.339,-68.62,-68.797,-68.916,-68.969,-68.972,-68.936,-68.875,-68.797,-68.687,-68.564,-68.421,-68.272,-68.114,-67.959,-67.789,-67.625,-67.459,-67.293,-67.128,-66.965,-66.803,-66.644,-66.488,-66.334,-66.184,-66.036,-65.892,-65.751,-65.613,-65.478,-65.345,-65.216,-65.09,-64.966,-64.846,-64.728,-64.612,-64.499,-64.388,-64.28,-64.173,-64.069,-63.967,-63.866,-63.768,-63.671,-63.576,-63.483,-63.392,-63.302,-63.213,-63.126,-63.04,-62.956,-62.873,-62.792,-62.711,-62.632,-62.554,-62.477,-62.401,-62.327,-62.253,-62.18,-62.109,-62.038,-61.968,-61.899,-61.832,-61.765,-61.698,-61.633,-61.569,-61.505,-61.442,-61.38,-61.318,-61.258,-61.198,-61.139,-61.081,-61.023,-60.966,-60.909,-60.853,-60.798,-60.744,-60.69,-60.637,-60.584,-60.532,-60.48,-60.429,-60.379,-60.329,-60.28,-60.231,-60.183,-60.135,-60.088,-60.041,-59.995,-59.949,-59.904,-59.859,-59.814,-59.77,-59.727,-59.684,-59.641,-59.599,-59.556,-59.515,-59.474,-59.433,-59.393,-59.353,-59.314,-59.274,-59.235,-59.197,-59.159,-59.121,-59.083,-59.046,-59.009,-58.972,-58.936,-58.9,-58.864,-58.828,-58.793,-58.758,-58.724,-58.689,-58.655,-58.621,-58.587,-58.554,-58.52,-58.487,-58.454,-58.421,-58.389,-58.357,-58.325,-58.293,-58.261,-58.23,-58.198,-58.167,-58.136,-58.106,-58.075,-58.045,-58.014,-57.984,-57.954,-57.924,-57.894,-57.864,-57.834,-57.804,-57.775,-57.745,-57.716,-57.687,-57.657,-57.628,-57.599,-57.57,-57.541,-57.512,-57.483,-57.454,-57.425,-57.396,-57.367,-57.339,-57.31,-57.281,-57.252,-57.223,-57.194,-57.165,-57.136,-57.107,-57.078,-57.049,-57.019,-56.989,-56.96,-56.93,-56.9,-56.87,-56.84,-56.809,-56.779,-56.748,-56.717,-56.685,-56.654,-56.622,-56.589,-56.556,-56.523,-56.49,-56.457,-56.422,-56.387,-56.351,-56.316,-56.279,-56.242,-56.204,-56.164,-56.125,-56.084,-56.043,-55.999,-55.954,-55.907,-55.861,-55.812,-55.762,-55.708,-55.652,-55.594,-55.532,-55.466,-55.395,-55.315,-55.224,-55.124,-55.003,-54.864,-54.673,-54.329,-51.928,-21.962,5.5202,-12.757,-27.482,-43.851,-56.841,-62.082,-64.597,-66.073,-67.031,-67.688,-68.16,-68.492,-68.719,-68.871,-68.949,-68.977,-68.949,-68.901,-68.834,-68.727,-68.608,-68.469,-68.334,-68.183,-68.026,-67.861,-67.697,-67.532,-67.365,-67.2,-67.036,-66.875,-66.714,-66.556,-66.4,-66.248,-66.099,-65.955,-65.812,-65.672,-65.536,-65.402,-65.272,-65.144,-65.019,-64.898,-64.779,-64.662,-64.547,-64.435,-64.326,-64.219,-64.113,-64.01,-63.909,-63.81,-63.712,-63.617,-63.523,-63.431,-63.34,-63.251,-63.163,-63.077,-62.992,-62.908,-62.826,-62.745,-62.666,-62.587,-62.51,-62.433,-62.358,-62.284,-62.211,-62.139,-62.068,-61.998,-61.929,-61.86,-61.793,-62.452,-62.792,-63.06,-63.29,-63.498,-63.69,-63.871,-64.044,-64.211,-64.372,-64.529,-64.681,-64.829,-64.974,-65.115,-65.253,-65.388,-65.52,-65.65,-65.777,-65.902,-66.024,-66.144,-66.262,-66.378,-66.492,-66.604,-66.714,-66.822,-66.929,-67.034,-67.137,-67.239,-67.34,-67.439,-67.536,-67.632,-67.727,-67.82,-67.913,-68.003,-68.093,-68.181,-68.269,-68.355,-68.44,-68.524,-68.607,-68.688,-68.769,-68.849,-68.928,-69.006,-69.083,-69.159,-69.234,-69.308,-69.381,-69.453,-69.525,-69.596,-69.665,-69.735,-69.803,-69.87,-69.937,-70.002,-70.068,-70.132,-70.195,-70.258,-70.32,-70.382,-70.443,-70.503,-70.562,-70.621,-70.679,-70.736,-70.793,-70.849,-70.904,-70.959,-71.013,-71.067,-71.12,-71.172,-71.224,-71.275,-71.326,-71.376,-71.425,-71.474,-71.523,-71.57,-71.618,-71.664,-71.711,-71.756,-71.802,-71.846,-71.89,-71.934,-71.977,-72.02,-72.062,-72.104,-72.145,-72.186,-72.226,-72.266,-72.306,-72.345,-72.383,-72.421,-72.459,-72.496,-72.533,-72.57,-72.606,-72.641,-72.676,-72.711,-72.745,-72.779,-72.813,-72.846,-72.879,-72.911,-72.943,-72.975,-73.006,-73.037,-73.068,-73.098,-73.128,-73.157,-73.187,-73.215,-73.244,-73.272,-73.3,-73.327,-73.354,-73.381,-73.408,-73.434,-73.46,-73.485,-73.51,-73.535,-73.56,-73.584,-73.608,-73.632,-73.655,-73.678,-73.701,-73.724,-73.746,-73.768,-73.79,-73.811,-73.832,-73.853,-73.874,-73.894,-73.914,-73.934,-73.954,-73.973,-73.992,-74.011,-74.03,-74.048,-74.066,-74.084,-74.101,-74.119,-74.136,-74.153,-74.169,-74.186,-74.202,-74.218,-74.234,-74.249,-74.265,-74.28,-74.295,-74.309,-74.324,-74.338,-74.352,-74.366,-74.38,-74.393,-74.406,-74.419,-74.432,-74.445,-74.457,-74.47,-74.482,-74.494,-74.505,-74.517,-74.528,-74.54,-74.551,-74.561,-74.572,-74.583,-74.593,-74.603,-74.613,-74.623,-74.632,-74.642,-74.651,-74.66,-74.669,-74.678,-74.687,-74.695,-74.704,-74.712,-74.72,-74.728,-74.736,-74.744,-74.751,-74.758,-74.766,-74.773,-74.78,-74.786,-74.793,-74.799,-74.806,-74.812,-74.818,-74.824,-74.83,-74.836,-74.841,-74.847,-74.852,-74.857,-74.863,-74.868,-74.872,-74.877,-74.882,-74.886,-74.891,-74.895,-74.899,-74.903,-74.907,-74.911,-74.915,-74.918,-74.922,-74.925,-74.929,-74.932,-74.935,-74.938,-74.941,-74.944,-74.946,-74.949,-74.952,-74.954,-74.956,-74.959,-74.961,-74.963,-74.965,-74.967,-74.968,-74.97,-74.972,-74.973,-74.975,-74.976,-74.977,-74.978,-74.979,-74.98,-74.981,-74.982,-74.983,-74.984,-74.984,-74.985,-74.985,-74.986,-74.986,-74.986,-74.987,-74.987,-74.987,-74.987,-74.987,-74.986,-74.986,-74.986,-74.986,-74.985,-74.985,-74.984,-74.983,-74.983,-74.982,-74.981,-74.98,-74.979,-74.978,-74.977,-74.976,-74.975,-74.974,-74.973,-74.971,-74.97,-74.969,-74.967,-74.965,-74.964,-74.962,-74.961,-74.959,-74.957,-74.955,-74.953,-74.951,-74.949,-74.947,-74.945,-74.943,-74.941,-74.939,-74.936,-74.934,-74.932,-74.929,-74.927,-74.924,-74.922,-74.919,-74.917,-74.914,-74.911,-74.909,-74.906,-74.903,-74.9,-74.897,-74.895,-74.892,-74.889,-74.886,-74.883,-74.88,-74.876,-74.873,-74.87,-74.867,-74.864,-74.86,-74.857,-74.854,-74.85,-74.847,-74.844,-74.84,-74.837,-74.833,-74.83,-74.826,-74.822,-74.819,-74.815,-74.812,-74.808,-74.804,-74.8,-74.797,-74.793,-74.789,-74.785,-74.781,-74.777,-74.773,-74.77,-74.766,-74.762,-74.758,-74.754,-74.75,-74.746,-74.741,-74.737,-74.733,-74.729,-74.725,-74.721,-74.717,-74.712,-74.708,-74.704,-74.7,-74.696,-74.691,-74.687,-74.683,-74.678,-74.674,-74.67,-74.665,-74.661,-74.656,-74.652,-74.648,-74.643,-74.639,-74.634,-74.63,-74.625,-74.621,-74.616,-74.612,-74.607,-74.603,-74.598,-74.594,-74.589,-74.584,-74.58,-74.575,-74.571,-74.566,-74.561,-74.557,-74.552,-74.547,-74.543,-74.538,-74.533,-74.529,-74.524,-74.519,-74.515,-74.51,-74.505,-74.5,-74.496,-74.491,-74.486,-74.482,-74.477,-74.472,-74.467,-74.462,-74.458,-74.453,-74.448,-74.443,-74.439,-74.434,-74.429,-74.424,-74.419,-74.415,-74.41,-74.405,-74.4,-74.395,-74.391,-74.386,-74.381,-74.376,-74.371,-74.366,-74.362,-74.357,-74.352,-74.347,-74.342,-74.337,-74.333,-74.328,-74.323,-74.318,-74.313,-74.308,-74.304,-74.299,-74.294,-74.289,-74.284,-74.279,-74.275,-74.27,-74.265,-74.26,-74.255,-74.25,-74.246,-74.241,-74.236,-74.231,-74.226,-74.221,-74.217,-74.212,-74.207,-74.202,-74.197,-74.193,-74.188,-74.183,-74.178,-74.173,-74.169,-74.164,-74.159,-74.154,-74.149,-74.145,-74.14,-74.135,-74.13,-74.125,-74.121,-74.116,-74.111,-74.106,-74.102,-74.097,-74.092,-74.088,-74.083,-74.078,-74.073,-74.069,-74.064,-74.059,-74.054,-74.05,-74.045,-74.04,-74.036,-74.031,-74.026,-74.022,-74.017,-74.012,-74.008,-74.003,-73.998,-73.994,-73.989,-73.984,-73.98,-73.975,-73.971,-73.966,-73.961,-73.957,-73.952,-73.948,-73.943,-73.938,-73.934,-73.929,-73.925,-73.92,-73.916,-73.911,-73.907,-73.902,-73.898,-73.893,-73.889,-73.884,-73.88,-73.875,-73.871,-73.866,-73.862,-73.857,-73.853,-73.848,-73.844,-73.839,-73.835,-73.83,-73.826,-73.822,-73.817,-73.813,-73.808,-73.804,-73.8,-73.795,-73.791,-73.787,-73.782,-73.778,-73.774,-73.769,-73.765,-73.761,-73.756,-73.752,-73.748,-73.743,-73.739,-73.735,-73.731,-73.726,-73.722,-73.718,-73.714,-73.709,-73.705,-73.701,-73.697,-73.692,-73.688,-73.684,-73.68,-73.676,-73.671,-73.667,-73.663,-73.659,-73.655,-73.651,-73.647,-73.643,-73.638,-73.634,-73.63,-73.626,-73.622,-73.618,-73.614,-73.61,-73.606,-73.602,-73.598,-73.594,-73.59,-73.586,-73.582,-73.578,-73.574,-73.57,-73.566,-73.562,-73.558,-73.554,-73.55,-73.546,-73.542,-73.538,-73.534,-73.53,-73.526,-73.522,-73.518,-73.514,-73.511,-73.507,-73.503,-73.499,-73.495,-73.491,-73.487,-73.484,-73.48,-73.476,-73.472,-73.468,-73.464,-73.461,-73.457,-73.453,-73.449,-73.446,-73.442,-73.438,-73.434,-73.431,-73.427,-73.423,-73.419,-73.416,-73.412,-73.408,-73.405,-73.401,-73.397,-73.394,-73.39,-73.386,-73.383,-73.379,-73.375,-73.372,-73.368,-73.365,-73.361,-73.357,-73.354,-73.35,-73.347,-73.343,-73.339,-73.336,-73.332,-73.329,-73.325,-73.322,-73.318,-73.315,-73.311,-73.308,-73.304,-73.301,-73.297,-73.294,-73.29,-73.287,-73.283,-73.28,-73.276,-73.273,-73.27,-73.266,-73.263,-73.259,-73.256,-73.253,-73.249,-73.246,-73.242,-73.239,-73.236,-73.232,-73.229,-73.226,-73.222,-73.219,-73.216,-73.212,-73.209,-73.206,-73.202,-73.199,-73.196,-73.193,-73.189,-73.186,-73.183,-73.179,-73.176,-73.173,-73.17,-73.166,-73.163,-73.16,-73.157,-73.154,-73.15,-73.147,-73.144,-73.141,-73.138,-73.135,-73.131,-73.128,-73.125,-73.122,-73.119,-73.116,-73.113,-73.109,-73.106,-73.103,-73.1,-73.097,-73.094,-73.091,-73.088,-73.085,-73.082,-73.078,-73.075,-73.072,-73.069,-73.066,-73.063,-73.06,-73.057,-73.054,-73.051,-73.048,-73.045,-73.042,-73.039,-73.036,-73.033,-73.03,-73.027,-73.024,-73.021,-73.018,-73.015,-73.013,-73.01,-73.007,-73.004,-73.001,-72.998,-72.995,-72.992,-72.989,-72.986,-72.983,-72.981,-72.978,-72.975,-72.972,-72.969,-72.966,-72.963,-72.961,-72.958,-72.955,-72.952,-72.949,-72.946,-72.944,-72.941,-72.938,-72.935,-72.932,-72.93,-72.927,-72.924,-72.921,-72.918,-72.916,-72.913,-72.91,-72.907,-72.905,-72.902,-72.899,-72.897,-72.894,-72.891,-72.888,-72.886,-72.883,-72.88,-72.878,-72.875,-72.872,-72.87,-72.867,-72.864,-72.862,-72.859,-72.856,-72.854,-72.851,-72.848,-72.846,-72.843,-72.84,-72.838,-72.835,-72.832,-72.83,-72.827,-72.825,-72.822,-72.819,-72.817,-72.814,-72.812,-72.809,-72.807,-72.804,-72.801,-72.799,-72.796,-72.794,-72.791,-72.789,-72.786,-72.784,-72.781,-72.779,-72.776,-72.774,-72.771,-72.769,-72.766,-72.764,-72.761,-72.759,-72.756,-72.754,-72.751,-72.749,-72.746,-72.744,-72.741,-72.739,-72.736,-72.734,-72.731,-72.729,-72.727,-72.724,-72.722,-72.719,-72.717,-72.714,-72.712,-72.71,-72.707,-72.705,-72.702,-72.7,-72.698,-72.695,-72.693,-72.69,-72.688,-72.686,-72.683,-72.681,-72.679,-72.676,-72.674,-72.672,-72.669,-72.667,-72.665,-72.662,-72.66,-72.658,-72.655,-72.653,-72.651,-72.648,-72.646,-72.644,-72.641,-72.639,-72.637,-72.635,-72.632,-72.63,-72.628,-72.625,-72.623,-72.621,-72.619,-72.616,-72.614,-72.612,-72.61,-72.607,-72.605,-72.603,-72.601,-72.599,-72.596,-72.594,-72.592,-72.59,-72.587,-72.585,-72.583,-72.581,-72.579,-72.576,-72.574,-72.572,-72.57,-72.568