0.0078125,1000.0,1000.0078125,1001.234375,1001.609375,1002.0390625,1002.4140625,1002.6171875,1002.8125,1003.0,1003.1875,1003.375,1003.5546875,1003.734375,1003.9140625,1004.2265625,1004.546875,1004.875,1005.2109375,1005.5078125,1005.828125,1006.84375,1007.2109375,1007.5625,1007.8828125,1008.046875,1008.2109375,1008.3671875,1008.5234375,1008.6796875,1008.8359375,1008.9921875,1009.140625,1009.4140625,1009.6875,1009.96875,1010.2578125,1010.515625,1010.796875,1011.71875,1012.0546875,1012.3984375,1012.5546875,1012.703125,1012.875,1013.046875,1013.2109375,1013.375,1013.53125,1013.6875,1013.84375,1013.9921875,1014.203125,1014.4140625,1014.625,1014.8359375,1015.046875,1015.2578125,1015.4765625,1015.703125,1015.890625,1016.0859375,1016.2890625,1016.5,1016.6875,1016.890625,1017.578125,1017.84375,1018.1015625,1018.3359375,1018.5859375,1018.828125,1019.0546875,1019.28125,1019.40625,1019.5234375,1019.640625,1019.7578125,1019.875,1019.9921875,1020.109375,1020.2265625,1020.34375,1020.4609375,1020.578125,1020.703125,1020.8203125,1020.9453125,1021.0625,1021.1875,1021.40625,1021.640625,1021.875,1022.1328125,1022.3515625,1022.59375,1023.375,1023.6640625,1023.9375,1024.1953125,1024.421875,1024.6484375,1024.8671875,1025.0859375,1025.3515625,1025.625,1025.90625,1026.1953125,1026.453125,1026.734375,1027.0078125,1027.6640625,1028.0078125,1028.1875,1028.359375,1028.5234375,1028.6796875,1028.8671875,1029.046875,1029.21875,1029.390625,1029.5625,1029.7265625,1029.890625,1030.0546875,1030.25,1030.4375,1030.625,1030.8203125,1031.015625,1031.2109375,1031.40625,1031.609375,1031.78125,1031.953125,1032.140625,1032.3359375,1032.5078125,1032.6953125,1033.3203125,1033.546875,1033.765625,1033.96875,1034.1796875,1034.3828125,1034.578125,1034.765625,1034.9609375,1035.0625,1035.15625,1035.34375,1035.4375,1035.53125,1035.625,1035.71875,1035.8984375,1035.9921875,1036.0859375,1036.1796875,1036.265625,1036.3515625,1036.4453125,1036.5390625,1036.6328125,1036.7265625,1036.8203125,1036.9140625,1037.0078125,1037.1953125,1037.2890625,1037.390625,1037.5859375,1037.7890625,1037.9609375,1038.1328125,1038.3125,1038.5078125,1038.6796875,1038.8671875,1039.5,1039.734375,1039.96875,1040.1875,1040.4140625,1040.625,1040.828125,1041.03125,1041.234375,1041.3359375,1041.4375,1041.5390625,1041.6328125,1041.734375,1041.828125,1041.9296875,1042.0234375,1042.2109375,1042.3046875,1042.40625,1042.5,1042.6015625,1042.7578125,1042.9140625,1043.0703125,1043.234375,1043.3984375,1043.5703125,1043.7421875,1043.921875,1044.0703125,1044.2265625,1044.390625,1044.5625,1044.890625,1045.703125,1045.9296875,1046.140625,1046.3671875,1046.5859375,1046.7890625,1046.9921875,1047.2109375,1047.4296875,1047.640625,1047.8515625,1048.0625,1048.2734375,1048.484375,1048.6953125,1048.8203125,1048.9453125,1049.0703125,1049.203125,1049.3359375,1049.46875,1049.6015625,1049.7421875,1050.03125,1050.3515625,1050.6875,1051.390625,1051.6953125,1052.015625,1052.3125,1052.484375,1052.65625,1052.8203125,1052.984375,1053.1484375,1053.3046875,1053.4609375,1053.6171875,1053.7734375,1053.9375,1054.09375,1054.2578125,1054.421875,1054.5859375,1054.7578125,1054.9375,1055.2421875,1055.578125,1055.8984375,1056.671875,1057.0859375,1057.296875,1057.5,1057.6953125,1057.8828125,1058.09375,1058.296875,1058.4921875,1058.6875,1058.8828125,1059.078125,1059.2734375,1059.4609375,1059.65625,1059.8515625,1060.046875,1060.2421875,1060.4453125,1060.6484375,1060.859375,1061.0703125,1061.25,1061.4375,1061.6328125,1061.8359375,1062.21875,1063.1640625,1063.4296875,1063.6640625,1063.921875,1064.1640625,1064.390625,1064.6171875,1064.859375,1065.09375,1065.328125,1065.5625,1065.796875,1066.0234375,1066.25,1066.484375,1066.671875,1066.859375,1067.046875,1067.2421875,1067.4375,1067.640625,1067.84375,1068.0546875,1068.2421875,1068.4296875,1068.6328125,1068.84375,1069.265625,1070.09375,1070.4453125,1070.8125,1071.1484375,1071.34375,1071.53125,1071.71875,1071.90625,1072.09375,1072.2734375,1072.453125,1072.6328125,1072.9375,1073.25,1073.5703125,1073.8984375,1074.2265625,1074.5859375,1074.953125,1075.984375,1076.3046875,1076.59375,1076.9375,1077.2578125,1077.5703125,1077.875,1078.21875,1078.5625,1078.9140625,1079.28125,1079.640625,1080.03125,1080.4375,1081.5703125,1081.921875,1082.2421875,1082.6171875,1082.984375,1083.34375,1083.6953125,1084.0078125,1084.3203125,1084.640625,1084.984375,1085.2734375,1085.6015625,1086.703125,1087.140625,1087.59375,1088.0234375,1088.390625,1088.78125,1090.234375,1090.53125,1090.796875,1091.109375,1091.40625,1091.6875,1091.9609375,1092.2265625,1092.4921875,1092.7578125,1093.015625,1093.2734375,1093.53125,1093.796875,1094.078125,1094.3359375,1094.6171875,1095.5703125,1095.9296875,1096.125,1096.3125,1096.484375,1096.6484375,1096.8515625,1097.0546875,1097.2421875,1097.4296875,1097.609375,1097.7890625,1097.96875,1098.140625,1098.3359375,1098.53125,1098.7265625,1098.921875,1099.1171875,1099.3125,1099.5078125,1099.7109375,1099.8203125,1099.9296875,1100.1484375,1100.375,1100.6171875,1100.8515625,1101.109375,1101.3671875,1102.0546875,1102.265625,1102.453125,1102.671875,1102.875,1103.0625,1103.25,1103.3671875,1103.4765625,1103.5859375,1103.6953125,1103.8046875,1103.90625,1104.015625,1104.1171875,1104.2265625,1104.328125,1104.4296875,1104.53125,1104.640625,1104.7421875,1104.84375,1104.9453125,1105.1171875,1105.203125,1105.296875,1105.3828125,1105.4765625,1105.65625,1105.8359375,1106.0234375,1106.21875,1106.4140625,1106.59375,1106.7734375,1106.96875,1107.171875,1107.359375,1107.5703125,1108.34375,1108.6640625,1108.8359375,1109.0,1109.15625,1109.3125,1109.4921875,1109.671875,1109.84375,1110.015625,1110.1875,1110.3515625,1110.515625,1110.6796875,1110.8359375,1111.0,1111.15625,1111.3203125,1111.484375,1111.65625,1111.828125,1112.0,1112.1640625,1112.328125,1112.5,1112.6875,1113.046875,1113.75,1114.0390625,1114.34375,1114.625,1114.7890625,1114.9453125,1115.1015625,1115.2578125,1115.40625,1115.5546875,1115.703125,1115.8515625,1116.0,1116.1484375,1116.296875,1116.4453125,1116.6015625,1116.7578125,1116.9140625,1117.078125,1117.359375,1117.6640625,1117.953125,1118.6484375,1119.0078125,1119.1875,1119.359375,1119.5234375,1119.6796875,1119.8515625,1120.015625,1120.1796875,1120.34375,1120.5,1120.65625,1120.8125,1120.96875,1121.1328125,1121.296875,1121.4609375,1121.625,1121.7890625,1121.9609375,1122.1328125,1122.3125,1122.484375,1122.65625,1122.8359375,1123.0234375,1123.203125,1123.3984375,1124.1328125,1124.4375,1124.6015625,1124.7578125,1124.90625,1125.046875,1125.21875,1125.3828125,1125.546875,1125.703125,1125.859375,1126.015625,1126.171875,1126.328125,1126.484375,1126.640625,1126.796875,1126.953125,1127.1171875,1127.28125,1127.4453125,1127.6171875,1127.7578125,1127.90625,1128.0625,1128.2265625,1128.53125,1129.25,1129.4453125,1129.625,1129.8125,1129.984375,1130.15625,1130.3203125,1130.4921875,1130.6640625,1130.828125,1130.9921875,1131.15625,1131.3203125,1131.484375,1131.640625,1131.7890625,1131.9453125,1132.09375,1132.25,1132.40625,1132.5625,1132.7265625,1132.890625,1133.03125,1133.1796875,1133.328125,1133.4921875,1133.7890625,1134.5,1134.6953125,1134.8671875,1135.0546875,1135.2265625,1135.390625,1135.5546875,1135.734375,1135.90625,1136.078125,1136.2421875,1136.40625,1136.5703125,1136.734375,1136.890625,1137.0625,1137.234375,1137.40625,1137.578125,1137.75,1137.9296875,1138.109375,1138.2890625,1138.4609375,1138.6328125,1138.8125,1139.0078125,1139.1875,1139.390625,1140.109375,1140.40625,1140.5625,1140.7109375,1140.8515625,1140.9921875,1141.15625,1141.3203125,1141.4765625,1141.625,1141.7734375,1141.921875,1142.0703125,1142.2109375,1142.3046875,1142.390625,1142.484375,1142.5703125,1142.65625,1142.75,1142.8359375,1142.9296875,1143.015625,1143.109375,1143.1953125,1143.2890625,1143.3828125,1143.4765625,1143.6640625,1143.84375,1144.03125,1144.2265625,1144.4296875,1144.625,1144.8359375,1145.046875,1145.6171875,1145.7890625,1145.9453125,1146.1171875,1146.28125,1146.4375,1146.59375,1146.78125,1146.9609375,1147.1328125,1147.3046875,1147.4765625,1147.640625,1147.8046875,1147.96875,1148.1328125,1148.3046875,1148.46875,1148.640625,1148.8125,1148.984375,1149.1640625,1149.3515625,1149.5078125,1149.6640625,1149.828125,1150.0,1150.15625,1150.328125,1150.8828125,1151.09375,1151.296875,1151.484375,1151.6796875,1151.8671875,1152.0390625,1152.2109375,1152.3828125,1152.5546875,1152.7265625,1152.890625,1153.0546875,1153.21875,1153.3046875,1153.3828125,1153.46875,1153.546875,1153.6328125,1153.71875,1153.8046875,1153.8984375,1153.984375,1154.0703125,1154.15625,1154.25,1154.3359375,1154.4296875,1154.5234375,1154.6171875,1154.7109375,1154.8046875,1154.8984375,1155.0,1155.1640625,1155.328125,1155.5,1155.6875,1155.8515625,1156.03125,1156.6328125,1156.859375,1157.0859375,1157.296875,1157.515625,1157.625,1157.7265625,1157.921875,1158.0234375,1158.1171875,1158.21875,1158.3203125,1158.421875,1158.5234375,1158.625,1158.71875,1158.8203125,1158.9140625,1159.015625,1159.109375,1159.203125,1159.296875,1159.390625,1159.4921875,1159.5859375,1159.6875,1159.828125,1159.96875,1160.109375,1160.25,1160.390625,1160.5390625,1160.6875,1160.84375,1161.0,1161.1640625,1161.328125,1161.5078125,1161.6796875,1161.875,1162.6171875,1162.9375,1163.1171875,1163.28125,1163.4375,1163.59375,1163.7734375,1163.953125,1164.1328125,1164.3046875,1164.4765625,1164.6484375,1164.8125,1164.984375,1165.1328125,1165.2890625,1165.4453125,1165.6015625,1165.7578125,1165.921875,1166.0859375,1166.2578125,1166.4140625,1166.578125,1166.75,1166.9296875,1167.296875,1168.0390625,1168.359375,1168.6953125,1168.8515625,1169.0078125,1169.1875,1169.3671875,1169.546875,1169.71875,1169.890625,1170.0625,1170.234375,1170.40625,1170.546875,1170.6875,1170.828125,1170.9765625,1171.125,1171.2734375,1171.4296875,1171.59375,1171.8671875,1172.171875,1172.46875,1173.2578125,1173.7109375,1173.953125,1174.1796875,1174.40625,1174.6328125,1174.84375,1175.0546875,1175.2734375,1175.5078125,1175.9296875,1176.8828125,1177.140625,1177.3671875,1177.6171875,1177.859375,1178.0859375,1178.3125,1178.5234375,1178.734375,1178.9375,1179.140625,1179.34375,1179.5546875,1179.765625,1179.9765625,1180.15625,1180.3359375,1180.5234375,1180.7265625,1181.1015625,1181.9453125,1182.1640625,1182.359375,1182.5625,1182.7578125,1182.9375,1183.1171875,1183.3046875,1183.484375,1183.6640625,1183.8359375,1184.0078125,1184.1796875,1184.3515625,1184.5234375,1184.6953125,1184.875,1185.046875,1185.2265625,1185.40625,1185.5859375,1185.7734375,1185.9609375,1186.125,1186.296875,1186.4765625,1186.671875,1187.0390625,1187.734375,1188.015625,1188.3125,1188.578125,1188.734375,1188.8828125,1189.03125,1189.1796875,1189.3203125,1189.4609375,1189.6015625,1189.7421875,1189.8984375,1190.0546875,1190.2109375,1190.3671875,1190.5234375,1190.6875,1190.8515625,1191.015625,1191.171875,1191.3359375,1191.5078125,1191.6875,1192.0390625,1192.7265625,1193.0078125,1193.3046875,1193.578125,1193.734375,1193.890625,1194.046875,1194.1953125,1194.34375,1194.4921875,1194.640625,1194.78125,1194.9296875,1195.078125,1195.2265625,1195.375,1195.5234375,1195.6796875,1195.8359375,1195.9921875,1196.265625,1196.5625,1196.84375,1197.5,1197.828125,1197.9921875,1198.140625,1198.28125,1198.421875,1198.5625,1198.703125,1198.84375,1198.9765625,1199.109375,1199.234375,1199.3671875,1199.4921875,1199.6953125,1199.890625,1200.0859375,1200.28125,1200.4765625,1200.6796875,1200.8828125,1201.09375,1201.265625,1201.4453125,1201.6328125,1201.828125,1202.0,1202.1953125,1202.8203125,1203.046875,1203.265625,1203.46875,1203.6796875,1203.875,1204.0625,1204.25,1204.4296875,1204.609375,1204.78125,1204.953125,1205.125,1205.296875,1205.4609375,1205.6328125,1205.7734375,1205.921875,1206.0703125,1206.21875,1206.3671875,1206.5234375,1206.6875,1206.8515625,1206.9921875,1207.1328125,1207.28125,1207.4375,1207.7265625,1208.4296875,1208.625,1208.796875,1208.984375,1209.15625,1209.3203125,1209.484375,1209.65625,1209.828125,1210.0,1210.1640625,1210.328125,1210.484375,1210.6484375,1210.8046875,1210.8984375,1210.984375,1211.078125,1211.171875,1211.265625,1211.359375,1211.453125,1211.546875,1211.640625,1211.734375,1211.828125,1211.9296875,1212.03125,1212.1328125,1212.234375,1212.3359375,1212.5078125,1212.6796875,1212.859375,1213.0546875,1213.2265625,1213.4140625,1214.046875,1214.28125,1214.515625,1214.7265625,1214.953125,1215.1640625,1215.3671875,1215.5703125,1215.671875,1215.7734375,1215.875,1215.96875,1216.0703125,1216.1640625,1216.2578125,1216.3515625,1216.4453125,1216.5390625,1216.6328125,1216.734375,1216.828125,1216.921875,1217.015625,1217.1171875,1217.265625,1217.421875,1217.578125,1217.734375,1217.890625,1218.0546875,1218.2265625,1218.3984375,1218.546875,1218.6953125,1218.8515625,1219.0234375,1219.34375,1219.9609375,1220.21875,1220.484375,1220.734375,1221.0078125,1221.2734375,1221.53125,1221.7890625,1222.0390625,1222.2890625,1222.546875,1222.8125,1223.0703125,1223.3515625,1223.640625,1224.4375,1224.6796875,1224.90625,1225.1640625,1225.40625,1225.640625,1225.875,1226.1328125,1226.390625,1226.65625,1226.9296875,1227.171875,1227.4375,1228.296875,1228.609375,1228.7734375,1228.9296875,1229.078125,1229.21875,1229.390625,1229.5546875,1229.7109375,1229.8671875,1230.0234375,1230.171875,1230.3203125,1230.4609375,1230.6484375,1230.828125,1231.0078125,1231.1875,1231.3671875,1231.546875,1231.7265625,1231.9140625,1232.109375,1232.3125,1232.515625,1232.734375,1232.9453125,1233.171875,1233.40625,1234.015625,1234.1953125,1234.359375,1234.546875,1234.71875,1234.8828125,1235.0390625,1235.140625,1235.234375,1235.328125,1235.421875,1235.515625,1235.6015625,1235.6953125,1235.78125,1235.8671875,1235.953125,1236.0390625,1236.125,1236.2109375,1236.296875,1236.3828125,1236.4609375,1236.578125,1236.6875,1236.8046875,1236.9140625,1237.0234375,1237.140625,1237.25,1237.3671875,1237.4765625,1237.59375,1237.7109375,1237.828125,1237.9453125,1238.0625,1238.1796875,1238.3046875,1238.40625,1238.5078125,1238.609375,1238.7109375,1238.8203125,1238.9296875,1239.0390625,1239.15625,1239.359375,1239.578125,1239.7890625,1240.3046875,1240.578125,1240.71875,1240.84375,1240.96875,1241.0859375,1241.2109375,1241.3359375,1241.4609375,1241.578125,1241.6953125,1241.8046875,1241.921875,1242.03125,1242.140625,1242.25,1242.359375,1242.4609375,1242.5703125,1242.671875,1242.78125,1242.8828125,1242.9921875,1243.09375,1243.1953125,1243.3046875,1243.40625,1243.515625,1243.6171875,1243.7265625,1243.8046875,1243.8828125,1243.9609375,1244.046875,1244.125,1244.2109375,1244.375,1244.4609375,1244.546875,1244.71875,1244.8984375,1245.0859375,1245.2421875,1245.3984375,1245.5625,1245.7421875,1245.8984375,1246.0703125,1246.671875,1246.90625,1247.140625,1247.3515625,1247.578125,1247.796875,1248.0078125,1248.2109375,1248.4140625,1248.515625,1248.6171875,1248.71875,1248.8203125,1249.015625,1249.2109375,1249.3125,1249.4140625,1249.6171875,1249.71875,1249.828125,1249.9453125,1250.0625,1250.1796875,1250.3046875,1250.4296875,1250.5625,1250.6953125,1250.828125,1251.09375,1251.3828125,1251.6875,1252.3125,1252.5859375,1252.875,1253.1328125,1253.4375,1253.5859375,1253.734375,1253.8828125,1254.0234375,1254.3046875,1254.5859375,1254.8671875,1255.1640625,1255.46875,1255.734375,1256.0234375,1256.984375,1257.34375,1257.703125,1257.8671875,1258.03125,1258.2109375,1258.3828125,1258.5546875,1258.71875,1258.8828125,1259.046875,1259.2109375,1259.3671875,1259.53125,1259.703125,1259.875,1260.046875,1260.21875,1260.3984375,1260.578125,1260.7578125,1261.0859375,1261.4453125,1261.7890625,1262.6640625,1262.9140625,1263.140625,1263.390625,1263.6328125,1263.8671875,1264.0859375,1264.21875,1264.34375,1264.4765625,1264.6015625,1264.7265625,1264.8515625,1264.9765625,1265.1015625,1265.2265625,1265.34375,1265.46875,1265.5859375,1265.7109375,1265.828125,1265.9453125,1266.0625,1266.1796875,1266.3046875,1266.421875,1266.546875,1266.6640625,1266.7890625,1266.90625,1267.03125,1267.15625,1267.28125,1267.40625,1267.53125,1267.6640625,1267.796875,1267.9296875,1268.0625,1268.28125,1268.515625,1268.7578125,1269.015625,1269.234375,1269.484375,1270.296875,1270.59375,1270.8828125,1271.140625,1271.4140625,1271.671875,1271.921875,1272.15625,1272.28125,1272.40625,1272.53125,1272.65625,1272.7734375,1272.890625,1273.0078125,1273.125,1273.2421875,1273.3515625,1273.46875,1273.578125,1273.6953125,1273.8046875,1273.9140625,1274.0234375,1274.1484375,1274.2734375,1274.3984375,1274.515625,1274.640625,1274.765625,1274.890625,1275.015625,1275.140625,1275.265625,1275.390625,1275.515625,1275.640625,1275.7734375,1275.90625,1276.0390625,1276.15625,1276.2734375,1276.390625,1276.515625,1276.640625,1276.765625,1276.8984375,1277.03125,1277.2734375,1277.546875,1277.8125,1278.4921875,1278.6953125,1278.875,1279.078125,1279.2734375,1279.453125,1279.6328125,1279.84375,1280.046875,1280.2421875,1280.4375,1280.5390625,1280.6328125,1280.8203125,1280.9140625,1281.0078125,1281.1015625,1281.1953125,1281.2890625,1281.3828125,1281.4765625,1281.5703125,1281.6640625,1281.7578125,1281.8515625,1281.953125,1282.046875,1282.1484375,1282.34375,1282.4453125,1282.546875,1282.75,1282.9375,1283.1328125,1283.3359375,1283.546875,1283.7421875,1283.9609375,1284.75,1285.078125,1285.25,1285.4140625,1285.5703125,1285.7265625,1285.90625,1286.0859375,1286.2578125,1286.4296875,1286.6015625,1286.765625,1286.9296875,1287.09375,1287.2578125,1287.421875,1287.5859375,1287.75,1287.921875,1288.09375,1288.265625,1288.4453125,1288.59375,1288.75,1288.9140625,1289.0859375,1289.40625,1290.1484375,1290.34375,1290.515625,1290.703125,1290.875,1291.0390625,1291.1953125,1291.359375,1291.515625,1291.671875,1291.828125,1291.9765625,1292.125,1292.2734375,1292.421875,1292.5234375,1292.625,1292.7265625,1292.8203125,1292.9140625,1293.015625,1293.1171875,1293.21875,1293.3203125,1293.421875,1293.5234375,1293.625,1293.7265625,1293.828125,1293.9296875,1294.0390625,1294.140625,1294.25,1294.359375,1294.46875,1294.578125,1294.6953125,1294.8125,1294.9375,1295.171875,1295.421875,1295.6796875,1296.390625,1296.609375,1296.8046875,1297.0234375,1297.234375,1297.4375,1297.6328125,1297.75,1297.8671875,1297.984375,1298.1015625,1298.21875,1298.328125,1298.4375,1298.546875,1298.6640625,1298.7734375,1298.8828125,1298.9921875,1299.1015625,1299.2109375,1299.3203125,1299.4375,1299.59375,1299.7578125,1299.921875,1300.0859375,1300.2578125,1300.4296875,1300.609375,1300.7890625,1300.953125,1301.1171875,1301.2890625,1301.4765625,1301.6484375,1301.8359375,1302.546875,1302.84375,1303.15625,1303.4375,1303.6015625,1303.765625,1303.921875,1304.078125,1304.234375,1304.3828125,1304.5390625,1304.6875,1304.8359375,1304.9921875,1305.1484375,1305.3046875,1305.4609375,1305.625,1305.7890625,1305.9609375,1306.1171875,1306.28125,1306.453125,1306.6328125,1306.9921875,1307.703125,1308.0,1308.3125,1308.59375,1308.7578125,1308.921875,1309.078125,1309.234375,1309.390625,1309.5390625,1309.6953125,1309.84375,1309.9921875,1310.1484375,1310.296875,1310.453125,1310.609375,1310.7734375,1310.9375,1311.1015625,1311.390625,1311.703125,1312.0,1312.6953125,1313.046875,1313.2265625,1313.390625,1313.546875,1313.703125,1313.8671875,1314.0234375,1314.1796875,1314.328125,1314.4765625,1314.625,1314.7734375,1314.9140625,1315.03125,1315.1484375,1315.265625,1315.3828125,1315.5,1315.609375,1315.7265625,1315.84375,1315.9609375,1316.078125,1316.1953125,1316.3125,1316.4296875,1316.5546875,1316.6796875,1316.8046875,1317.0078125,1317.21875,1317.4453125,1317.6796875,1317.8828125,1318.109375,1318.8515625,1319.125,1319.3984375,1319.6484375,1319.90625,1320.15625,1320.390625,1320.6171875,1320.734375,1320.8515625,1320.96875,1321.078125,1321.1953125,1321.3046875,1321.4140625,1321.5234375,1321.640625,1321.75,1321.859375,1321.96875,1322.078125,1322.1875,1322.296875,1322.40625,1322.6015625,1322.8046875,1323.0078125,1323.2109375,1323.421875,1323.6328125,1323.8515625,1324.078125,1324.265625,1324.4609375,1324.6640625,1324.8828125,1325.2890625,1326.03125,1326.3203125,1326.6171875,1326.8828125,1327.171875,1327.453125,1327.71875,1327.9765625,1328.1171875,1328.2578125,1328.3984375,1328.53125,1328.671875,1328.8046875,1328.9453125,1329.078125,1329.2109375,1329.3515625,1329.484375,1329.625,1329.765625,1329.90625,1330.046875,1330.1875,1330.375,1330.5625,1330.75,1330.9453125,1331.1484375,1331.3515625,1331.5625,1331.7890625,1332.15625,1332.5703125,1332.984375,1334.171875,1334.5546875,1334.9140625,1335.3203125,1335.7109375,1336.1015625,1336.5,1336.890625,1337.296875,1337.734375,1338.2265625,1338.8515625,1339.7109375,1340.8203125,1341.5390625,1341.9453125,1342.3203125,1342.6640625,1342.9921875,1343.3125,1343.625,1343.9296875,1344.234375,1344.515625,1344.796875,1345.0859375,1345.3828125,1345.9453125,1347.2890625,1347.6640625,1348.0078125,1348.3984375,1348.7734375,1349.1328125,1349.484375,1349.6796875,1349.8671875,1350.0546875,1350.25,1350.4453125,1350.640625,1350.84375,1351.046875,1351.390625,1351.7734375,1352.1328125,1352.9765625,1353.3984375,1353.8046875,1354.1796875,1354.375,1354.5625,1354.75,1354.9296875,1355.109375,1355.2890625,1355.46875,1355.6484375,1355.8203125,1355.9921875,1356.1640625,1356.34375,1356.5234375,1356.703125,1356.890625,1357.0859375,1357.40625,1357.765625,1358.1015625,1358.9140625,1359.328125,1359.7265625,1359.9140625,1360.09375,1360.2734375,1360.453125,1360.6328125,1360.8046875,1360.9765625,1361.1484375,1361.3203125,1361.4921875,1361.796875,1362.1015625,1362.421875,1362.7578125,1363.046875,1363.359375,1364.3828125,1364.75,1365.1171875,1365.4453125,1365.6171875,1365.7890625,1365.953125,1366.1171875,1366.28125,1366.4375,1366.59375,1366.75,1367.015625,1367.2734375,1367.53125,1367.796875,1368.0625,1368.3359375,1368.609375,1368.8984375,1369.140625,1369.3984375,1369.6640625,1369.953125,1370.4765625,1371.7890625,1372.15625,1372.5,1372.8125,1373.1171875,1373.4296875,1373.7421875,1374.234375,1374.78125,1376.734375,1378.28125,1378.765625,1379.2109375,1379.609375,1379.984375,1380.34375,1380.59375,1380.84375,1381.09375,1381.3359375,1381.578125,1381.828125,1382.078125,1382.328125,1382.75,1383.2109375,1383.6484375,1384.71875,1385.2890625,1385.578125,1385.859375,1386.1328125,1386.40625,1386.84375,1387.3125,1387.75,1388.6953125,1389.1171875,1389.5,1389.8515625,1390.0546875,1390.25,1390.4453125,1390.6328125,1390.8203125,1391.0,1391.1796875,1391.359375,1391.5390625,1391.71875,1391.890625,1392.0703125,1392.25,1392.4296875,1392.609375,1392.7890625,1393.078125,1393.3828125,1393.6953125,1394.03125,1394.359375,1394.71875,1395.109375,1396.3671875,1396.7890625,1397.1875,1397.6484375,1398.1015625,1398.5625,1399.0234375,1399.3125,1399.609375,1399.90625,1400.1953125,1400.4765625,1400.7578125,1401.03125,1401.2890625,1401.5390625,1401.7734375,1402.0,1402.2265625,1402.4375,1402.6484375,1402.8515625,1403.0546875,1403.3515625,1403.640625,1403.921875,1404.1953125,1404.46875,1404.7421875,1405.015625,1405.2890625,1405.5625,1405.84375,1406.1328125,1406.4296875,1406.7109375,1407.015625,1407.3125,1408.078125,1408.5,1408.7265625,1408.9375,1409.140625,1409.3359375,1409.578125,1409.8046875,1410.03125,1410.25,1410.46875,1410.6796875,1410.890625,1411.1015625,1411.3046875,1411.515625,1411.71875,1411.9296875,1412.140625,1412.3515625,1412.5703125,1412.796875,1413.0,1413.203125,1413.421875,1413.65625,1413.875,1414.109375,1415.0234375,1415.40625,1415.6171875,1415.8203125,1416.0078125,1416.1953125,1416.4140625,1416.6328125,1416.84375,1417.0546875,1417.265625,1417.4765625,1417.6875,1417.8984375,1418.1640625,1418.4375,1418.71875,1419.015625,1419.2890625,1419.5859375,1419.890625,1420.7578125,1421.03125,1421.28125,1421.5703125,1421.84375,1422.109375,1422.375,1422.6328125,1422.890625,1423.15625,1423.4375,1423.953125,1425.140625,1425.4609375,1425.75,1426.0546875,1426.34375,1426.625,1426.90625,1427.1640625,1427.421875,1427.6953125,1427.9765625,1428.484375,1429.6328125,1429.9296875,1430.1953125,1430.46875,1430.734375,1430.9921875,1431.2421875,1431.5546875,1431.8671875,1432.1875,1432.515625,1432.8046875,1433.125,1433.4296875,1434.15625,1434.53125,1434.7265625,1434.90625,1435.078125,1435.25,1435.4453125,1435.640625,1435.828125,1436.015625,1436.1953125,1436.375,1436.5546875,1436.7265625,1436.9453125,1437.15625,1437.375,1437.59375,1437.8125,1438.03125,1438.2578125,1438.4921875,1438.6875,1438.890625,1439.109375,1439.3359375,1439.5390625,1439.765625,1440.5625,1440.8828125,1441.21875,1441.5234375,1441.6953125,1441.8671875,1442.03125,1442.1953125,1442.359375,1442.515625,1442.671875,1442.828125,1442.984375,1443.1484375,1443.3125,1443.4765625,1443.640625,1443.8046875,1443.9765625,1444.1484375,1444.328125,1444.5078125,1444.6953125,1444.8984375,1445.3125,1446.15625,1446.5234375,1446.9140625,1447.09375,1447.2734375,1447.484375,1447.6953125,1447.8984375,1448.1015625,1448.3046875,1448.5,1448.703125,1448.90625,1449.0703125,1449.234375,1449.3984375,1449.5703125,1449.921875,1450.296875,1450.609375,1450.953125,1452.2421875,1452.8125,1453.1171875,1453.4140625,1453.7109375,1454.015625,1454.4375,1454.90625,1456.5625,1458.0078125,1458.5078125,1458.9765625,1459.390625,1459.765625,1459.9453125,1460.125,1460.296875,1460.46875,1460.6328125,1460.796875,1460.9609375,1461.125,1461.2890625,1461.4453125,1461.6484375,1461.84375,1462.046875,1462.25,1462.453125,1462.65625,1462.8671875,1463.0859375,1463.2734375,1463.4609375,1463.6640625,1463.875,1464.28125,1465.0546875,1465.3671875,1465.6875,1465.984375,1466.3203125,1466.640625,1466.9609375,1467.2734375,1467.5625,1467.8515625,1468.1484375,1468.4609375,1468.75,1469.0625,1470.234375,1470.7265625,1471.0,1471.2578125,1471.5078125,1471.7578125,1472.0078125,1472.2578125,1472.515625,1472.78125,1473.265625,1474.328125,1474.5859375,1474.8203125,1475.0625,1475.2890625,1475.5078125,1475.7265625,1475.953125,1476.171875,1476.390625,1476.6015625,1476.8125,1477.03125,1477.25,1477.4765625,1477.6640625,1477.8515625,1478.046875,1478.2578125,1478.640625,1479.5078125,1479.7265625,1479.921875,1480.125,1480.3125,1480.4921875,1480.6640625,1480.84375,1481.0234375,1481.1953125,1481.3671875,1481.5390625,1481.703125,1481.8671875,1482.03125,1482.140625,1482.2421875,1482.3515625,1482.453125,1482.5546875,1482.6640625,1482.765625,1482.875,1482.9765625,1483.0859375,1483.1953125,1483.3046875,1483.4140625,1483.5234375,1483.6328125,1483.75,1483.9375,1484.1328125,1484.3359375,1484.5546875,1484.7421875,1484.953125,1485.6484375,1485.9140625,1486.171875,1486.40625,1486.65625,1486.890625,1487.0078125,1487.1171875,1487.234375,1487.34375,1487.4609375,1487.578125,1487.6953125,1487.8046875,1487.921875,1488.03125,1488.1484375,1488.2578125,1488.375,1488.484375,1488.59375,1488.7109375,1488.8203125,1488.9375,1489.046875,1489.1640625,1489.296875,1489.4375,1489.578125,1489.71875,1489.859375,1490.0078125,1490.15625,1490.3125,1490.4609375,1490.609375,1490.765625,1490.9375,1491.28125,1491.9765625,1492.2734375,1492.59375,1492.8828125,1493.0546875,1493.21875,1493.3828125,1493.5390625,1493.703125,1493.859375,1494.015625,1494.171875,1494.3203125,1494.4765625,1494.6328125,1494.7890625,1494.9453125,1495.109375,1495.2734375,1495.4453125,1495.734375,1496.0546875,1496.359375,1497.1171875,1497.5234375,1497.7265625,1497.921875,1498.109375,1498.2890625,1498.484375,1498.6796875,1498.875,1499.0625,1499.25,1499.4375,1499.6171875,1499.8046875,1499.96875,1500.1328125,1500.296875,1500.46875,1500.640625,1500.8125,1500.9921875,1501.171875,1501.5234375,1501.90625,1502.3203125,1503.1875,1503.5703125,1503.984375,1504.3671875,1504.59375,1504.8125,1505.03125,1505.2421875,1505.4609375,1505.6796875,1505.8984375,1506.1171875,1506.3984375,1506.6796875,1506.9765625,1507.2734375,1507.578125,1507.8984375,1508.2265625,1508.5546875,1508.890625,1509.234375,1509.5703125,1509.8984375,1510.2265625,1510.546875,1510.859375,1511.171875,1511.5078125,1511.84375,1512.1796875,1512.53125,1512.8671875,1513.234375,1514.5234375,1515.046875,1515.3359375,1515.6015625,1515.859375,1516.1171875,1516.4375,1516.7578125,1517.078125,1517.40625,1517.703125,1518.0234375,1519.078125,1519.4609375,1519.6640625,1519.8515625,1520.03125,1520.203125,1520.421875,1520.625,1520.828125,1521.0234375,1521.2109375,1521.3984375,1521.5859375,1521.765625,1521.8828125,1522.0,1522.1171875,1522.234375,1522.3515625,1522.46875,1522.5859375,1522.703125,1522.8203125,1522.9375,1523.0546875,1523.171875,1523.2890625,1523.4140625,1523.5390625,1523.6640625,1523.875,1524.0859375,1524.3046875,1524.5390625,1524.7421875,1524.96875,1525.71875,1525.9921875,1526.265625,1526.515625,1526.7734375,1527.0234375,1527.2578125,1527.375,1527.4921875,1527.6171875,1527.7421875,1527.8671875,1527.9921875,1528.1171875,1528.234375,1528.3515625,1528.46875,1528.59375,1528.7109375,1528.828125,1528.9453125,1529.0625,1529.1796875,1529.296875,1529.4140625,1529.515625,1529.625,1529.7265625,1529.8359375,1529.9453125,1530.0546875,1530.1640625,1530.2734375,1530.3828125,1530.5,1530.609375,1530.7265625,1530.84375,1530.9609375,1531.203125,1531.3984375,1531.609375,1531.828125,1532.0625,1532.265625,1532.4921875,1533.2734375,1533.5859375,1533.8984375,1534.1796875,1534.4765625,1534.7578125,1535.03125,1535.3046875,1535.5546875,1535.8046875,1536.0546875,1536.3046875,1536.5546875,1536.8046875,1537.0546875,1537.3046875,1537.546875,1537.7890625,1538.0390625,1538.2890625,1538.546875,1538.8046875,1539.0703125,1539.34375,1539.609375,1539.890625,1540.1796875,1540.4921875,1540.78125,1541.09375,1542.2265625,1542.671875,1542.9140625,1543.140625,1543.3515625,1543.5546875,1543.8046875,1544.046875,1544.28125,1544.5078125,1544.734375,1544.953125,1545.171875,1545.390625,1545.59375,1545.7890625,1545.9921875,1546.1953125,1546.3984375,1546.609375,1546.8203125,1547.03125,1547.2265625,1547.4296875,1547.640625,1547.859375,1548.0625,1548.2890625,1549.0859375,1549.40625,1549.7421875,1550.046875,1550.2265625,1550.3984375,1550.5625,1550.7265625,1550.890625,1551.046875,1551.2109375,1551.3671875,1551.546875,1551.7265625,1551.90625,1552.09375,1552.2734375,1552.4609375,1552.6484375,1552.84375,1553.0234375,1553.203125,1553.3984375,1553.6015625,1554.0,1554.75,1555.0625,1555.3828125,1555.6796875,1555.8515625,1556.0234375,1556.1875,1556.3515625,1556.5078125,1556.6640625,1556.8203125,1556.9765625,1557.1328125,1557.296875,1557.453125,1557.6171875,1557.78125,1557.9453125,1558.109375,1558.28125,1558.578125,1558.8984375,1559.203125,1559.921875,1560.28125,1560.4609375,1560.625,1560.78125,1560.9375,1561.1015625,1561.2578125,1561.4140625,1561.5625,1561.7109375,1561.859375,1562.0078125,1562.15625,1562.3515625,1562.5390625,1562.734375,1562.9296875,1563.125,1563.3203125,1563.5234375,1563.7265625,1563.8984375,1564.078125,1564.265625,1564.4609375,1564.6328125,1564.8203125,1565.4375,1565.6640625,1565.8828125,1566.078125,1566.28125,1566.4765625,1566.6640625,1566.84375,1567.0234375,1567.203125,1567.3828125,1567.5546875,1567.7265625,1567.890625,1568.0625,1568.2265625,1568.328125,1568.4296875,1568.53125,1568.640625,1568.7421875,1568.8515625,1568.953125,1569.0625,1569.1640625,1569.2734375,1569.3828125,1569.4921875,1569.6015625,1569.71875,1569.828125,1569.9453125,1570.1328125,1570.328125,1570.53125,1570.75,1570.9453125,1571.15625,1571.875,1572.1484375,1572.421875,1572.671875,1572.8046875,1572.9375,1573.0625,1573.1875,1573.3125,1573.4296875,1573.546875,1573.6640625,1573.78125,1573.8984375,1574.015625,1574.125,1574.234375,1574.3515625,1574.46875,1574.5859375,1574.703125,1574.8203125,1574.9375,1575.0546875,1575.171875,1575.296875,1575.4140625,1575.5390625,1575.7578125,1575.9921875,1576.234375,1576.4921875,1576.7265625,1576.984375,1577.9921875,1578.4453125,1578.6953125,1578.9296875,1579.1640625,1579.3984375,1579.625,1579.8515625,1580.0859375,1580.328125,1580.7734375,1581.8359375,1582.125,1582.390625,1582.6796875,1582.9609375,1583.2265625,1583.4921875,1583.7890625,1584.0859375,1584.390625,1584.7109375,1584.984375,1585.28125,1586.234375,1586.5703125,1586.8984375,1587.203125,1587.3671875,1587.5234375,1587.6796875,1587.8359375,1587.984375,1588.1328125,1588.28125,1588.421875,1588.6015625,1588.78125,1588.9609375,1589.140625,1589.3203125,1589.5078125,1589.6953125,1589.890625,1590.0546875,1590.21875,1590.390625,1590.5703125,1590.90625,1591.703125,1591.90625,1592.09375,1592.2890625,1592.4765625,1592.65625,1592.828125,1593.0078125,1593.1875,1593.3671875,1593.5390625,1593.7109375,1593.875,1594.0390625,1594.203125,1594.3984375,1594.6015625,1594.8046875,1595.0078125,1595.2109375,1595.421875,1595.6328125,1595.8515625,1596.03125,1596.21875,1596.4140625,1596.625,1596.8125,1597.015625,1597.6875,1597.9453125,1598.203125,1598.4296875,1598.671875,1598.90625,1599.125,1599.34375,1599.4609375,1599.5703125,1599.6875,1599.796875,1599.90625,1600.015625,1600.125,1600.234375,1600.34375,1600.453125,1600.5625,1600.6640625,1600.7734375,1600.8828125,1600.9921875,1601.1015625,1601.203125,1601.3125,1601.421875,1601.53125,1601.640625,1601.75,1601.96875,1602.1953125,1602.4296875,1602.6640625,1602.9140625,1603.109375,1603.3203125,1603.5390625,1603.78125,1604.21875,1605.0390625,1605.3828125,1605.7265625,1606.046875,1606.390625,1606.7265625,1607.046875,1607.3671875,1607.671875,1607.96875,1608.265625,1608.5625,1608.859375,1609.15625,1609.4609375,1609.7578125,1609.9296875,1610.1015625,1610.2734375,1610.4453125,1610.6171875,1610.7890625,1610.9609375,1611.1328125,1611.3046875,1611.4765625,1611.640625,1611.8125,1611.9765625,1612.1484375,1612.3203125,1612.4921875,1612.8046875,1613.125,1613.453125,1613.7890625,1614.1015625,1614.4375,1614.765625,1615.5703125,1616.0,1616.2265625,1616.4453125,1616.6484375,1616.84375,1617.0859375,1617.3125,1617.53125,1617.75,1617.96875,1618.1796875,1618.390625,1618.6015625,1618.7734375,1618.9453125,1619.1171875,1619.2890625,1619.4609375,1619.640625,1619.8203125,1620.0078125,1620.1953125,1620.3828125,1620.5859375,1620.796875,1621.0,1621.21875,1622.0546875,1622.40625,1622.7734375,1622.9375,1623.1015625,1623.296875,1623.4921875,1623.6796875,1623.8671875,1624.046875,1624.2265625,1624.40625,1624.5859375,1624.765625,1624.9453125,1625.125,1625.3046875,1625.4921875,1625.6796875,1625.875,1626.0703125,1626.234375,1626.40625,1626.5859375,1626.7734375,1627.125,1627.953125,1628.1796875,1628.3828125,1628.6015625,1628.8046875,1629.0,1629.1875,1629.3828125,1629.578125,1629.7734375,1629.9609375,1630.1484375,1630.3359375,1630.515625,1630.703125,1630.859375,1631.015625,1631.171875,1631.328125,1631.4921875,1631.65625,1631.828125,1632.0,1632.296875,1632.625,1632.9375,1633.671875,1634.046875,1634.2421875,1634.421875,1634.59375,1634.7578125,1634.9375,1635.1171875,1635.2890625,1635.453125,1635.6171875,1635.7734375,1635.9375,1636.09375,1636.2109375,1636.3203125,1636.4296875,1636.5390625,1636.6484375,1636.7578125,1636.8671875,1636.984375,1637.09375,1637.203125,1637.3125,1637.4296875,1637.5390625,1637.65625,1637.765625,1637.8828125,1638.0,1638.125,1638.2421875,1638.3671875,1638.4921875,1638.625,1638.7578125,1638.890625,1639.1484375,1639.4375,1639.7265625,1640.4765625,1640.703125,1640.90625,1641.140625,1641.359375,1641.5703125,1641.765625,1641.890625,1642.015625,1642.1328125,1642.25,1642.3671875,1642.4765625,1642.59375,1642.703125,1642.8125,1642.921875,1643.03125,1643.140625,1643.25,1643.359375,1643.46875,1643.5703125,1643.7109375,1643.84375,1643.984375,1644.1171875,1644.25,1644.390625,1644.53125,1644.671875,1644.8125,1644.953125,1645.09375,1645.234375,1645.375,1645.5234375,1645.671875,1645.8203125,1645.9375,1646.0625,1646.1875,1646.3125,1646.4453125,1646.578125,1646.71875,1646.859375,1647.1015625,1647.375,1647.6328125,1648.2734375,1648.609375,1648.78125,1648.9375,1649.09375,1649.2421875,1649.3984375,1649.5546875,1649.703125,1649.8515625,1650.0,1650.140625,1650.28125,1650.421875,1650.5625,1650.703125,1650.84375,1650.9765625,1651.1171875,1651.25,1651.3828125,1651.515625,1651.6484375,1651.7890625,1651.921875,1652.0625,1652.1953125,1652.3359375,1652.4765625,1652.6171875,1652.765625,1652.9140625,1653.0703125,1653.2265625,1653.3828125,1653.546875,1653.7109375,1653.8828125,1654.0390625,1654.1953125,1654.3671875,1654.546875,1654.90625,1655.6171875,1655.921875,1656.2421875,1656.5390625,1656.7109375,1656.8828125,1657.046875,1657.2109375,1657.375,1657.53125,1657.6875,1657.84375,1658.0,1658.1640625,1658.328125,1658.4921875,1658.65625,1658.828125,1659.0,1659.171875,1659.3359375,1659.5078125,1659.6875,1659.8828125,1660.265625,1661.03125,1661.359375,1661.703125,1662.015625,1662.1953125,1662.375,1662.5546875,1662.7265625,1662.8984375,1663.0703125,1663.2421875,1663.40625,1663.5703125,1663.734375,1663.8984375,1664.0703125,1664.2421875,1664.4140625,1664.59375,1664.78125,1665.09375,1665.4453125,1665.7890625,1666.6640625,1667.15625,1667.4140625,1667.6640625,1667.90625,1668.140625,1668.40625,1668.671875,1668.9375,1669.203125,1669.4765625,1669.75,1670.03125,1670.328125,1670.578125,1670.84375,1671.453125,1674.125,1674.765625,1675.03125,1675.28125,1675.515625,1675.734375,1675.953125,1676.1640625,1676.3671875,1676.5703125,1676.7734375,1676.96875,1677.171875,1677.3671875,1677.5625,1677.765625,1677.96875,1678.1796875,1678.5390625,1678.921875,1679.28125,1680.1171875,1680.5234375,1680.7265625,1680.9140625,1681.09375,1681.2734375,1681.46875,1681.65625,1681.84375,1682.0234375,1682.203125,1682.375,1682.5546875,1682.7265625,1682.921875,1683.1171875,1683.3125,1683.5078125,1683.703125,1683.90625,1684.109375,1684.3203125,1684.4921875,1684.671875,1684.859375,1685.0625,1685.4296875,1686.296875,1686.5234375,1686.734375,1686.953125,1687.15625,1687.3515625,1687.5390625,1687.734375,1687.921875,1688.109375,1688.2890625,1688.46875,1688.6484375,1688.828125,1689.0078125,1689.171875,1689.3359375,1689.5,1689.6640625,1689.8359375,1690.0078125,1690.1875,1690.3671875,1690.515625,1690.671875,1690.8359375,1691.015625,1691.34375,1692.125,1692.3359375,1692.5234375,1692.7265625,1692.9140625,1693.09375,1693.265625,1693.453125,1693.6328125,1693.8125,1693.984375,1694.15625,1694.328125,1694.5,1694.6640625,1694.7734375,1694.8828125,1694.9921875,1695.1015625,1695.2109375,1695.3203125,1695.4296875,1695.546875,1695.65625,1695.7734375,1695.8828125,1696.0,1696.1171875,1696.234375,1696.3515625,1696.4765625,1696.671875,1696.8828125,1697.1015625,1697.328125,1697.53125,1697.75,1698.5078125,1698.8046875,1699.1015625,1699.3671875,1699.65625,1699.9296875,1700.1953125,1700.453125,1700.5859375,1700.7109375,1700.9609375,1701.2109375,1701.4609375,1701.5859375,1701.71875,1701.9765625,1702.2421875,1702.515625,1702.7265625,1702.953125,1703.1875,1703.4375,1703.6875,1703.96875,1705.1875,1705.484375,1705.7578125,1706.078125,1706.3828125,1706.6875,1706.9921875,1707.2890625,1707.59375,1707.90625,1708.234375,1708.53125,1708.8515625,1709.96875,1710.421875,1710.8828125,1711.3125,1711.5546875,1711.796875,1712.03125,1712.265625,1712.5,1712.7265625,1712.953125,1713.1875,1713.421875,1713.65625,1713.890625,1714.1328125,1714.3828125,1714.6328125,1715.15625,1715.671875,1716.234375,1716.8203125,1718.453125,1718.953125,1719.40625,1719.9296875,1720.4296875,1720.90625,1721.375,1721.796875,1722.2265625,1722.65625,1723.109375,1723.5078125,1723.9453125,1725.4296875,1726.015625,1726.328125,1726.6328125,1726.921875,1727.2109375,1727.515625,1727.8203125,1728.125,1728.4453125,1729.03125,1730.3671875,1730.71875,1731.0390625,1731.3984375,1731.7421875,1732.0703125,1732.390625,1732.6484375,1732.90625,1733.1640625,1733.4140625,1733.6640625,1733.921875,1734.1796875,1734.4375,1734.6796875,1734.921875,1735.1796875,1735.453125,1735.703125,1735.9765625,1736.9453125,1737.3359375,1737.7421875,1738.1171875,1738.3359375,1738.546875,1738.75,1738.953125,1739.15625,1739.3515625,1739.546875,1739.7421875,1739.96875,1740.1953125,1740.421875,1740.65625,1740.890625,1741.125,1741.359375,1741.6015625,1741.84375,1742.1015625,1742.3671875,1742.640625,1742.90625,1743.203125,1744.328125,1744.8046875,1745.0625,1745.3125,1745.546875,1745.7734375,1746.046875,1746.3125,1746.578125,1746.8359375,1747.09375,1747.34375,1747.59375,1747.8515625,1748.0390625,1748.234375,1748.4296875,1748.625,1748.8203125,1749.0234375,1749.2265625,1749.4375,1749.6484375,1749.859375,1750.078125,1750.3125,1750.78125,1751.6953125,1752.0703125,1752.46875,1752.828125,1753.0390625,1753.25,1753.453125,1753.6484375,1753.84375,1754.0390625,1754.234375,1754.421875,1754.6171875,1754.8125,1755.0078125,1755.203125,1755.3984375,1755.6015625,1755.8046875,1756.015625,1756.3671875,1756.7578125,1757.125,1757.9921875,1758.421875,1758.6328125,1758.8359375,1759.0234375,1759.2109375,1759.3984375,1759.5859375,1759.7734375,1759.953125,1760.1328125,1760.3125,1760.4921875,1760.6640625,1760.8203125,1760.9765625,1761.1328125,1761.296875,1761.4609375,1761.625,1761.7890625,1761.9609375,1762.2578125,1762.5859375,1762.890625,1763.640625,1764.0234375,1764.21875,1764.40625,1764.578125,1764.75,1764.9453125,1765.1328125,1765.3203125,1765.5,1765.6796875,1765.8515625,1766.0234375,1766.1953125,1766.3984375,1766.59375,1766.7890625,1766.9921875,1767.1953125,1767.3984375,1767.609375,1767.828125,1768.0078125,1768.1875,1768.3828125,1768.5859375,1768.9609375,1769.84375,1770.078125,1770.2890625,1770.5078125,1770.71875,1770.9140625,1771.109375,1771.3046875,1771.4921875,1771.6796875,1771.859375,1772.046875,1772.2265625,1772.40625,1772.5859375,1772.7421875,1772.90625,1773.0703125,1773.234375,1773.3984375,1773.5703125,1773.7421875,1773.921875,1774.0859375,1774.2578125,1774.4375,1774.6328125,1775.0078125,1775.75,1776.0625,1776.390625,1776.6875,1776.859375,1777.03125,1777.1953125,1777.359375,1777.5234375,1777.6796875,1777.84375,1778.0,1778.15625,1778.3203125,1778.4765625,1778.640625,1778.8046875,1778.9765625,1779.1484375,1779.3203125,1779.46875,1779.625,1779.953125,1780.265625,1781.015625,1781.21875,1781.3984375,1781.59375,1781.78125,1781.953125,1782.125,1782.3125,1782.5,1782.6796875,1782.8515625,1783.0234375,1783.1953125,1783.3671875,1783.5390625,1783.71875,1783.8984375,1784.078125,1784.265625,1784.4453125,1784.6328125,1784.828125,1785.0234375,1785.1875,1785.359375,1785.5390625,1785.7265625,1786.0859375,1786.7109375,1786.9453125,1787.1796875,1787.3984375,1787.6328125,1787.859375,1788.0703125,1788.2734375,1788.390625,1788.5078125,1788.625,1788.734375,1788.8515625,1788.9609375,1789.0703125,1789.1796875,1789.2890625,1789.3984375,1789.5078125,1789.6171875,1789.7265625,1789.828125,1789.9375,1790.046875,1790.140625,1790.2421875,1790.34375,1790.4453125,1790.5390625,1790.640625,1790.7421875,1790.84375,1790.9453125,1791.0546875,1791.15625,1791.265625,1791.375,1791.484375,1791.59375,1791.703125,1791.890625,1792.078125,1792.28125,1792.4921875,1792.6796875,1792.8828125,1793.578125,1793.8359375,1794.1015625,1794.3359375,1794.578125,1794.8125,1795.03125,1795.25,1795.453125,1795.65625,1795.859375,1796.0546875,1796.2578125,1796.453125,1796.6484375,1796.8515625,1797.015625,1797.1875,1797.3515625,1797.5234375,1797.6953125,1797.8671875,1798.046875,1798.234375,1798.4140625,1798.6015625,1798.796875,1799.0,1799.203125,1799.421875,1800.265625,1800.6328125,1800.8359375,1801.0234375,1801.203125,1801.375,1801.5859375,1801.7890625,1801.984375,1802.1796875,1802.375,1802.5625,1802.7578125,1802.9453125,1803.1328125,1803.3203125,1803.5078125,1803.703125,1803.8984375,1804.09375,1804.296875,1804.5,1804.7109375,1804.921875,1805.140625,1805.375,1805.6015625,1805.8515625,1806.828125,1807.2421875,1807.46875,1807.6796875,1807.8828125,1808.0859375,1808.3203125,1808.5546875,1808.78125,1809.0078125,1809.234375,1809.453125,1809.6796875,1809.90625,1810.1796875,1810.4609375,1810.75,1811.0546875,1811.3828125,1811.7421875,1812.125,1812.890625,1813.21875,1813.5625,1813.875,1814.0625,1814.2421875,1814.4140625,1814.5859375,1814.7578125,1814.921875,1815.09375,1815.2578125,1815.421875,1815.59375,1815.765625,1815.9375,1816.109375,1816.2890625,1816.46875,1816.6484375,1816.96875,1817.3125,1817.640625,1818.4140625,1818.8125,1819.1953125,1819.375,1819.546875,1819.734375,1819.9140625,1820.09375,1820.265625,1820.4375,1820.609375,1820.78125,1820.953125,1821.1171875,1821.2890625,1821.453125,1821.625,1821.796875,1821.9765625,1822.15625,1822.3359375,1822.65625,1823.0078125,1823.34375,1824.1640625,1824.390625,1824.6015625,1824.8359375,1825.0546875,1825.2578125,1825.4609375,1825.6953125,1825.921875,1826.1484375,1826.3671875,1826.5859375,1826.8046875,1827.0234375,1827.2421875,1827.3828125,1827.53125,1827.6796875,1827.828125,1827.984375,1828.140625,1828.296875,1828.4609375,1828.765625,1829.09375,1829.4375,1830.390625,1830.6875,1830.953125,1831.265625,1831.5625,1831.8515625,1832.140625,1832.4296875,1832.71875,1833.015625,1833.328125,1833.59375,1833.890625,1834.84375,1835.1875,1835.5234375,1835.8359375,1836.0,1836.1640625,1836.328125,1836.484375,1836.640625,1836.7890625,1836.9453125,1837.09375,1837.2578125,1837.421875,1837.5859375,1837.75,1837.9140625,1838.0859375,1838.2578125,1838.4375,1838.7421875,1839.078125,1839.3984375,1840.171875,1840.3828125,1840.578125,1840.7890625,1840.984375,1841.171875,1841.359375,1841.5703125,1841.78125,1841.984375,1842.1796875,1842.375,1842.5625,1842.7578125,1842.9453125,1843.0546875,1843.1640625,1843.2734375,1843.3828125,1843.4921875,1843.6015625,1843.7109375,1843.828125,1843.9375,1844.0546875,1844.171875,1844.2890625,1844.40625,1844.5234375,1844.640625,1844.765625,1844.9609375,1845.171875,1845.390625,1845.6171875,1845.8203125,1846.046875,1846.8203125,1847.1171875,1847.421875,1847.6953125,1847.984375,1848.265625,1848.5390625,1848.8046875,1849.0625,1849.3203125,1849.578125,1849.8359375,1850.1015625,1850.375,1850.6484375,1850.9375,1851.125,1851.3125,1851.5078125,1851.71875,1851.9375,1852.1640625,1852.671875,1853.03125,1853.4453125,1854.4609375,1855.234375,1855.5625,1855.8671875,1856.28125,1856.6796875,1857.0703125,1857.4609375,1857.796875,1858.1640625,1859.2578125,1859.6171875,1859.96875,1860.28125,1860.4609375,1860.640625,1860.8125,1860.9765625,1861.140625,1861.296875,1861.453125,1861.609375,1861.8125,1862.0078125,1862.203125,1862.3984375,1862.59375,1862.796875,1863.0,1863.203125,1863.375,1863.5546875,1863.7421875,1863.9375,1864.296875,1865.125,1865.3359375,1865.53125,1865.7265625,1865.9140625,1866.09375,1866.265625,1866.4453125,1866.6171875,1866.7890625,1866.953125,1867.1171875,1867.28125,1867.4453125,1867.609375,1867.796875,1867.9765625,1868.15625,1868.34375,1868.53125,1868.71875,1868.9140625,1869.109375,1869.2734375,1869.4453125,1869.625,1869.8125,1870.1640625,1870.9765625,1871.1953125,1871.390625,1871.59375,1871.7890625,1871.96875,1872.1484375,1872.3359375,1872.515625,1872.6953125,1872.875,1873.046875,1873.21875,1873.390625,1873.5625,1873.671875,1873.7734375,1873.875,1873.984375,1874.0859375,1874.1953125,1874.3046875,1874.4140625,1874.5234375,1874.6328125,1874.7421875,1874.8515625,1874.9609375,1875.078125,1875.1875,1875.3046875,1875.5,1875.6953125,1875.90625,1876.125,1876.3203125,1876.53125,1877.25,1877.5234375,1877.796875,1878.0390625,1878.171875,1878.296875,1878.421875,1878.546875,1878.671875,1878.7890625,1878.90625,1879.0234375,1879.1484375,1879.265625,1879.3828125,1879.5,1879.6171875,1879.734375,1879.8515625,1879.9609375,1880.0703125,1880.1875,1880.3046875,1880.421875,1880.5390625,1880.65625,1880.7734375,1880.890625,1881.0625,1881.2421875,1881.421875,1881.6015625,1881.7890625,1881.9765625,1882.171875,1882.375,1882.546875,1882.7265625,1882.921875,1883.125,1883.53125,1884.40625,1884.8046875,1885.2265625,1885.6171875,1885.84375,1886.0703125,1886.296875,1886.5234375,1886.75,1886.9765625,1887.2109375,1887.4453125,1887.7421875,1888.0546875,1888.375,1888.7109375,1889.0625,1889.421875,1889.7890625,1890.15625,1890.5078125,1890.84375,1891.171875,1891.484375,1891.7890625,1892.078125,1892.3671875,1892.6484375,1892.890625,1893.125,1893.3671875,1893.6015625,1893.8359375,1894.0703125,1894.3046875,1894.546875,1894.7890625,1895.0390625,1895.296875,1895.5703125,1895.8359375,1896.125,1897.2421875,1897.71875,1897.9765625,1898.2265625,1898.4609375,1898.6953125,1898.9765625,1899.25,1899.5234375,1899.796875,1900.0703125,1900.3515625,1900.640625,1900.9375,1901.328125,1901.75,1902.2109375,1903.2265625,1903.703125,1904.21875,1904.703125,1905.265625,1905.8515625,1906.46875,1907.7734375,1908.3671875,1909.015625,1909.640625,1910.0234375,1910.4140625,1910.828125,1911.2578125,1912.2421875,1913.2421875,1913.671875,1914.0703125,1914.4375,1914.78125,1915.109375,1915.4296875,1915.7421875,1916.0546875,1916.3203125,1916.5859375,1917.1328125,1917.640625,1918.6875,1919.1328125,1919.53125,1919.890625,1920.078125,1920.265625,1920.4453125,1920.625,1920.796875,1920.96875,1921.140625,1921.3046875,1921.53125,1921.75,1921.96875,1922.1953125,1922.421875,1922.6484375,1922.875,1923.109375,1923.3046875,1923.5078125,1923.71875,1923.9375,1924.34375,1925.28125,1925.5234375,1925.7421875,1925.96875,1926.1875,1926.390625,1926.59375,1926.796875,1927.0,1927.1953125,1927.390625,1927.5859375,1927.7734375,1927.96875,1928.15625,1928.3046875,1928.4609375,1928.6171875,1928.7734375,1928.9296875,1929.09375,1929.2578125,1929.4296875,1929.6015625,1929.78125,1929.96875,1930.1640625,1930.359375,1930.5703125,1931.3828125,1931.7265625,1931.9140625,1932.09375,1932.265625,1932.4296875,1932.625,1932.8203125,1933.0078125,1933.1953125,1933.3828125,1933.5625,1933.7421875,1933.921875,1934.09375,1934.265625,1934.4375,1934.609375,1934.78125,1934.9609375,1935.1484375,1935.3359375,1935.5078125,1935.6875,1935.875,1936.078125,1936.484375,1937.296875,1937.6484375,1938.0234375,1938.3671875,1938.5703125,1938.765625,1938.9609375,1939.1484375,1939.34375,1939.53125,1939.7265625,1939.921875,1940.109375,1940.296875,1940.4921875,1940.6875,1940.890625,1941.1015625,1941.328125,1941.5625,1942.078125,1943.5390625,1944.8515625,1945.25,1945.5234375,1945.765625,1945.9921875,1946.2109375,1946.484375,1946.7421875,1946.9921875,1947.234375,1947.4765625,1947.7109375,1947.953125,1948.1875,1948.4453125,1948.703125,1948.96875,1949.2421875,1949.5,1949.78125,1950.0625,1950.765625,1951.1484375,1951.359375,1951.5546875,1951.734375,1951.9140625,1952.1328125,1952.34375,1952.546875,1952.6484375,1952.75,1952.9453125,1953.046875,1953.140625,1953.2421875,1953.3359375,1953.4296875,1953.5234375,1953.65625,1953.78125,1953.9140625,1954.0390625,1954.1640625,1954.2890625,1954.4140625,1954.546875,1954.671875,1954.8046875,1954.9375,1955.0703125,1955.203125,1955.3359375,1955.46875,1955.609375,1955.71875,1955.8359375,1955.953125,1956.0703125,1956.1875,1956.3125,1956.5703125,1956.796875,1957.046875,1957.2890625,1957.8828125,1958.203125,1958.3671875,1958.5234375,1958.671875,1958.8203125,1958.9765625,1959.1328125,1959.28125,1959.4296875,1959.578125,1959.71875,1959.859375,1960.0,1960.140625,1960.28125,1960.421875,1960.5546875,1960.6875,1960.828125,1960.9609375,1961.1015625,1961.2421875,1961.3828125,1961.5234375,1961.6640625,1961.8046875,1961.953125,1962.1015625,1962.2578125,1962.3984375,1962.5390625,1962.6875,1962.8359375,1962.984375,1963.140625,1963.3046875,1963.4765625,1963.796875,1964.15625,1964.5,1965.3671875,1965.8359375,1966.2265625,1966.6171875,1967.0546875,1967.53125,1967.9765625,1969.0859375,1969.6953125,1970.015625,1970.328125,1970.6328125,1970.9375,1971.390625,1971.8671875,1972.3671875,1972.9296875,1973.5859375,1974.5078125,1977.734375,1978.2890625,1978.75,1979.0625,1979.3515625,1979.625,1979.8828125,1980.1328125,1980.3671875,1980.59375,1980.8203125,1980.9609375,1981.09375,1981.234375,1981.3671875,1981.5,1981.6328125,1981.765625,1981.890625,1982.0234375,1982.1484375,1982.28125,1982.40625,1982.53125,1982.6640625,1982.7890625,1982.921875,1983.0625,1983.203125,1983.34375,1983.484375,1983.625,1983.7734375,1983.921875,1984.078125,1984.3671875,1984.6875,1985.0,1985.8203125,1986.0625,1986.28125,1986.5234375,1986.7578125,1986.984375,1987.1953125,1987.328125,1987.4609375,1987.5859375,1987.7109375,1987.8359375,1987.9609375,1988.0859375,1988.203125,1988.328125,1988.4453125,1988.5703125,1988.6875,1988.8125,1988.9296875,1989.046875,1989.1640625,1989.2578125,1989.359375,1989.453125,1989.5546875,1989.6484375,1989.75,1989.8515625,1989.953125,1990.0546875,1990.15625,1990.2578125,1990.359375,1990.4609375,1990.5703125,1990.6796875,1990.7890625,1990.984375,1991.1875,1991.3984375,1991.625,1991.84375,1992.078125,1992.9921875,1993.390625,1993.609375,1993.8125,1994.0078125,1994.203125,1994.4296875,1994.65625,1994.8828125,1995.1015625,1995.3203125,1995.5390625,1995.7578125,1995.984375,1996.203125,1996.421875,1996.6484375,1996.8828125,1997.125,1997.375,1997.6484375,1997.9453125,1998.4453125,1999.859375,2000.328125,2001.40625,2001.71875,2001.9921875,2002.390625,2002.75,2003.09375,2003.421875,2003.609375,2003.7890625,2003.96875,2004.1484375,2004.328125,2004.5078125,2004.6953125,2004.8828125,2005.2421875,2005.6328125,2006.0234375,2007.046875,2007.359375,2007.640625,2007.96875,2008.28125,2008.578125,2008.7265625,2008.875,2009.03125,2009.1875,2009.34375,2009.5,2009.65625,2009.8203125,2009.984375,2010.1484375,2010.4296875,2010.7421875,2011.0390625,2011.734375,2012.0859375,2012.265625,2012.4296875,2012.5859375,2012.734375,2012.8984375,2013.0625,2013.21875,2013.375,2013.5234375,2013.671875,2013.8203125,2013.96875,2014.1640625,2014.359375,2014.546875,2014.7421875,2014.9375,2015.1328125,2015.3359375,2015.5390625,2015.734375,2015.9375,2016.1484375,2016.3671875,2016.578125,2016.8125,2017.6640625,2018.0234375,2018.21875,2018.3984375,2018.5703125,2018.7421875,2018.9453125,2019.140625,2019.3359375,2019.5234375,2019.7109375,2019.8984375,2020.0859375,2020.265625,2020.4296875,2020.6015625,2020.765625,2020.9375,2021.109375,2021.2890625,2021.46875,2021.65625,2021.8125,2021.9765625,2022.1484375,2022.3359375,2022.6875,2023.34375,2023.609375,2023.890625,2024.1484375,2024.4375,2024.7109375,2024.984375,2025.25,2025.5,2025.7578125,2026.0234375,2026.296875,2026.53125,2026.796875,2027.6015625,2027.8671875,2028.125,2028.3515625,2028.5703125,2028.78125,2028.9765625,2029.171875,2029.296875,2029.4140625,2029.5390625,2029.65625,2029.7734375,2029.890625,2030.0078125,2030.125,2030.2421875,2030.359375,2030.46875,2030.5859375,2030.703125,2030.8203125,2030.9375,2031.0546875,2031.1640625,2031.28125,2031.3984375,2031.515625,2031.6328125,2031.7578125,2031.8828125,2032.015625,2032.2578125,2032.5234375,2032.7890625,2033.46875,2033.671875,2033.859375,2034.0703125,2034.265625,2034.453125,2034.6328125,2034.7421875,2034.8515625,2034.9609375,2035.0625,2035.171875,2035.2734375,2035.375,2035.4765625,2035.578125,2035.6796875,2035.78125,2035.8828125,2035.984375,2036.0859375,2036.1796875,2036.28125,2036.4453125,2036.609375,2036.7734375,2036.9453125,2037.1171875,2037.2890625,2037.4609375,2037.640625,2037.8125,2037.9921875,2038.1796875,2038.3828125,2038.578125,2038.7890625,2039.5859375,2039.921875,2040.109375,2040.28125,2040.4453125,2040.6015625,2040.7890625,2040.9765625,2041.15625,2041.3359375,2041.515625,2041.6875,2041.859375,2042.03125,2042.125,2042.2265625,2042.328125,2042.4296875,2042.53125,2042.6328125,2042.734375,2042.8359375,2042.9375,2043.0390625,2043.140625,2043.25,2043.4609375,2043.6796875,2043.859375,2044.046875,2044.2421875,2044.453125,2044.6328125,2044.8359375,2045.5078125,2045.765625,2046.015625,2046.25,2046.4921875,2046.71875,2046.9375,2047.15625,2047.359375,2047.5625,2047.765625,2047.96875,2048.1640625,2048.3671875,2048.5703125,2048.7734375,2048.90625,2049.046875,2049.1875,2049.328125,2049.4765625,2049.625,2049.78125,2049.9375,2050.203125,2050.5,2050.78125,2051.4765625,2051.8359375,2052.1796875,2052.4921875,2052.78125,2053.0625,2053.203125,2053.34375,2053.484375,2053.6171875,2053.7734375,2053.9375,2054.09375,2054.2578125,2054.421875,2054.5859375,2054.7578125,2054.9375,2055.2421875,2055.578125,2055.8984375,2056.671875,2057.0859375,2057.296875,2057.5,2057.6953125,2057.8828125,2058.09375,2058.296875,2058.5,2058.6953125,2058.890625,2059.0859375,2059.28125,2059.46875,2059.65625,2059.8515625,2060.046875,2060.2421875,2060.4453125,2060.6484375,2060.859375,2061.0703125,2061.25,2061.4375,2061.6328125,2061.8359375,2062.21875,2063.1640625,2063.4296875,2063.6640625,2063.921875,2064.1640625,2064.390625,2064.6171875,2064.859375,2065.09375,2065.328125,2065.5625,2065.796875,2066.0234375,2066.25,2066.484375,2066.671875,2066.859375,2067.046875,2067.2421875,2067.4375,2067.640625,2067.84375,2068.0546875,2068.2421875,2068.4296875,2068.6328125,2068.84375,2069.265625,2070.09375,2070.4453125,2070.8125,2071.1484375,2071.34375,2071.53125,2071.71875,2071.90625,2072.09375,2072.2734375,2072.453125,2072.6328125,2072.9375,2073.25,2073.5703125,2073.8984375,2074.2265625,2074.5859375,2074.953125,2075.984375,2076.3046875,2076.59375,2076.9375,2077.2578125,2077.5703125,2077.875,2078.21875,2078.5625,2078.9140625,2079.28125,2079.640625,2080.03125,2080.4375,2081.5703125,2081.921875,2082.2421875,2082.6171875,2082.984375,2083.34375,2083.6953125,2084.0078125,2084.3203125,2084.640625,2084.984375,2085.2734375,2085.6015625,2086.703125,2087.140625,2087.59375,2088.0234375,2088.390625,2088.78125,2090.234375,2090.53125,2090.796875,2091.1171875,2091.421875,2091.7109375,2091.984375,2092.2578125,2092.5234375,2092.7890625,2093.0546875,2093.3046875,2093.5625,2093.828125,2094.1015625,2094.3515625,2094.6328125,2095.5546875,2095.90625,2096.09375,2096.265625,2096.4296875,2096.59375,2096.7890625,2096.9765625,2097.15625,2097.3359375,2097.5078125,2097.6796875,2097.84375,2098.0078125,2098.1171875,2098.21875,2098.3203125,2098.421875,2098.5234375,2098.625,2098.7265625,2098.828125,2098.9296875,2099.03125,2099.1328125,2099.234375,2099.3359375,2099.4453125,2099.546875,2099.65625,2099.765625,2099.8828125,2099.9921875,2100.109375,2100.2265625,2100.34375,2100.59375,2100.8359375,2101.09375,2101.359375,2102.0625,2102.2734375,2102.46875,2102.6875,2102.8984375,2103.09375,2103.28125,2103.3984375,2103.5078125,2103.625,2103.734375,2103.84375,2103.953125,2104.0625,2104.171875,2104.28125,2104.390625,2104.5,2104.6015625,2104.7109375,2104.8125,2104.9140625,2105.0234375,2105.1953125,2105.3671875,2105.5390625,2105.7109375,2105.890625,2106.0703125,2106.2578125,2106.4453125,2106.6171875,2106.796875,2106.984375,2107.1796875,2107.3671875,2107.5703125,2108.34375,2108.6640625,2108.8359375,2109.0,2109.15625,2109.3125,2109.4921875,2109.6640625,2109.8359375,2110.0078125,2110.1796875,2110.34375,2110.5078125,2110.671875,2110.828125,2110.9921875,2111.15625,2111.3203125,2111.484375,2111.65625,2111.828125,2112.0,2112.1640625,2112.328125,2112.5,2112.6875,2113.046875,2113.75,2114.0390625,2114.34375,2114.625,2114.7890625,2114.9453125,2115.1015625,2115.2578125,2115.40625,2115.5546875,2115.703125,2115.8515625,2116.0,2116.1484375,2116.296875,2116.4453125,2116.6015625,2116.7578125,2116.9140625,2117.078125,2117.359375,2117.6640625,2117.953125,2118.6484375,2119.0,2119.1796875,2119.34375,2119.5078125,2119.6640625,2119.828125,2119.9921875,2120.15625,2120.3125,2120.46875,2120.625,2120.78125,2120.9296875,2121.09375,2121.265625,2121.4296875,2121.6015625,2121.7734375,2121.9453125,2122.125,2122.3046875,2122.4765625,2122.6484375,2122.828125,2123.015625,2123.1953125,2123.3984375,2124.1328125,2124.4375,2124.6015625,2124.7578125,2124.90625,2125.046875,2125.21875,2125.3828125,2125.546875,2125.703125,2125.859375,2126.015625,2126.171875,2126.328125,2126.484375,2126.640625,2126.796875,2126.953125,2127.1171875,2127.28125,2127.4453125,2127.6171875,2127.7578125,2127.90625,2128.0625,2128.2265625,2128.53125,2129.25,2129.4453125,2129.625,2129.8125,2129.984375,2130.15625,2130.3203125,2130.4921875,2130.6640625,2130.828125,2130.9921875,2131.15625,2131.3203125,2131.484375,2131.640625,2131.7890625,2131.9453125,2132.09375,2132.25,2132.40625,2132.5625,2132.7265625,2132.890625,2133.03125,2133.1796875,2133.328125,2133.4921875,2133.7890625,2134.5,2134.6953125,2134.8671875,2135.0546875,2135.2265625,2135.390625,2135.5546875,2135.734375,2135.90625,2136.078125,2136.2421875,2136.40625,2136.5703125,2136.734375,2136.890625,2137.0625,2137.234375,2137.40625,2137.578125,2137.75,2137.9296875,2138.109375,2138.2890625,2138.4609375,2138.6328125,2138.8125,2139.0078125,2139.1875,2139.390625,2140.109375,2140.40625,2140.5625,2140.7109375,2140.8515625,2140.9921875,2141.15625,2141.3203125,2141.4765625,2141.625,2141.7734375,2141.921875,2142.0703125,2142.2109375,2142.3046875,2142.390625,2142.484375,2142.5703125,2142.65625,2142.75,2142.8359375,2142.9296875,2143.015625,2143.109375,2143.1953125,2143.2890625,2143.3828125,2143.4765625,2143.6640625,2143.84375,2144.03125,2144.2265625,2144.4296875,2144.625,2144.8359375,2145.046875,2145.6171875,2145.7890625,2145.9453125,2146.1171875,2146.28125,2146.4375,2146.59375,2146.78125,2146.9609375,2147.1328125,2147.3046875,2147.4765625,2147.640625,2147.8046875,2147.96875,2148.1328125,2148.3046875,2148.46875,2148.640625,2148.8125,2148.984375,2149.1640625,2149.3515625,2149.5078125,2149.6640625,2149.828125,2150.0,2150.15625,2150.328125,2150.8828125,2151.09375,2151.296875,2151.484375,2151.6796875,2151.8671875,2152.0390625,2152.2109375,2152.3828125,2152.5546875,2152.7265625,2152.890625,2153.0546875,2153.21875,2153.3046875,2153.3828125,2153.46875,2153.546875,2153.6328125,2153.71875,2153.8046875,2153.8984375,2153.984375,2154.0703125,2154.15625,2154.25,2154.3359375,2154.4296875,2154.5234375,2154.6171875,2154.7109375,2154.8046875,2154.8984375,2155.0,2155.1640625,2155.328125,2155.5,2155.6875,2155.8515625,2156.03125,2156.6328125,2156.859375,2157.0859375,2157.296875,2157.515625,2157.71875,2157.9140625,2158.015625,2158.109375,2158.2109375,2158.3125,2158.4140625,2158.5078125,2158.609375,2158.703125,2158.8046875,2158.8984375,2159.0,2159.09375,2159.1875,2159.28125,2159.375,2159.46875,2159.5625,2159.6640625,2159.8046875,2159.9453125,2160.0859375,2160.234375,2160.3828125,2160.53125,2160.6875,2160.84375,2161.0,2161.1640625,2161.328125,2161.5078125,2161.6796875,2161.875,2162.6171875,2162.9375,2163.1171875,2163.28125,2163.4375,2163.59375,2163.7734375,2163.953125,2164.1328125,2164.3046875,2164.4765625,2164.6484375,2164.8125,2164.984375,2165.1328125,2165.2890625,2165.4453125,2165.6015625,2165.7578125,2165.921875,2166.0859375,2166.2578125,2166.4140625,2166.578125,2166.75,2166.9296875,2167.296875,2168.0390625,2168.359375,2168.6953125,2168.8515625,2169.0078125,2169.1875,2169.3671875,2169.546875,2169.71875,2169.890625,2170.0625,2170.234375,2170.40625,2170.546875,2170.6875,2170.828125,2170.9765625,2171.125,2171.2734375,2171.4296875,2171.59375,2171.8671875,2172.171875,2172.46875,2173.2578125,2173.7109375,2173.953125,2174.1796875,2174.40625,2174.6328125,2174.84375,2175.0546875,2175.2734375,2175.5078125,2175.9296875,2176.8828125,2177.140625,2177.3671875,2177.6171875,2177.859375,2178.0859375,2178.3125,2178.5234375,2178.734375,2178.9375,2179.140625,2179.34375,2179.5546875,2179.765625,2179.9765625,2180.15625,2180.3359375,2180.5234375,2180.7265625,2181.1015625,2181.9453125,2182.1640625,2182.359375,2182.5625,2182.7578125,2182.9375,2183.1171875,2183.3046875,2183.484375,2183.6640625,2183.8359375,2184.0078125,2184.1796875,2184.3515625,2184.5234375,2184.6953125,2184.875,2185.046875,2185.2265625,2185.40625,2185.5859375,2185.7734375,2185.9609375,2186.125,2186.296875,2186.4765625,2186.671875,2187.0390625,2187.734375,2188.015625,2188.3125,2188.578125,2188.734375,2188.8828125,2189.03125,2189.1796875,2189.3203125,2189.4609375,2189.6015625,2189.7421875,2189.8984375,2190.0546875,2190.2109375,2190.3671875,2190.5234375,2190.6875,2190.8515625,2191.015625,2191.171875,2191.3359375,2191.5078125,2191.6875,2192.0390625,2192.7265625,2193.0078125,2193.3046875,2193.578125,2193.734375,2193.890625,2194.046875,2194.1953125,2194.34375,2194.4921875,2194.640625,2194.78125,2194.9296875,2195.078125,2195.2265625,2195.375,2195.5234375,2195.6796875,2195.8359375,2195.9921875,2196.265625,2196.5625,2196.84375,2197.5,2197.828125,2197.9921875,2198.140625,2198.28125,2198.421875,2198.5625,2198.703125,2198.84375,2198.9765625,2199.109375,2199.234375,2199.3671875,2199.4921875,2199.6953125,2199.890625,2200.0859375,2200.28125,2200.4765625,2200.6796875,2200.8828125,2201.09375,2201.265625,2201.4453125,2201.6328125,2201.828125,2202.0,2202.1953125,2202.8203125,2203.046875,2203.265625,2203.46875,2203.6796875,2203.875,2204.0625,2204.25,2204.4296875,2204.609375,2204.78125,2204.953125,2205.125,2205.296875,2205.4609375,2205.6328125,2205.7734375,2205.921875,2206.0703125,2206.21875,2206.3671875,2206.5234375,2206.6875,2206.8515625,2206.9921875,2207.1328125,2207.28125,2207.4375,2207.7265625,2208.4296875,2208.625,2208.796875,2208.984375,2209.15625,2209.3203125,2209.484375,2209.65625,2209.828125,2210.0,2210.1640625,2210.328125,2210.484375,2210.6484375,2210.8046875,2210.8984375,2210.984375,2211.078125,2211.171875,2211.265625,2211.359375,2211.453125,2211.546875,2211.640625,2211.734375,2211.828125,2211.9296875,2212.03125,2212.1328125,2212.234375,2212.3359375,2212.5078125,2212.6796875,2212.859375,2213.0546875,2213.2265625,2213.4140625,2214.046875,2214.28125,2214.515625,2214.7265625,2214.953125,2215.1640625,2215.3671875,2215.5703125,2215.671875,2215.7734375,2215.875,2215.96875,2216.0703125,2216.1640625,2216.2578125,2216.3515625,2216.453125,2216.546875,2216.640625,2216.734375,2216.828125,2216.921875,2217.015625,2217.1171875,2217.265625,2217.421875,2217.578125,2217.734375,2217.890625,2218.0546875,2218.2265625,2218.3984375,2218.546875,2218.6953125,2218.8515625,2219.0234375,2219.34375,2219.9609375,2220.21875,2220.484375,2220.734375,2221.0078125,2221.2734375,2221.53125,2221.7890625,2222.0390625,2222.2890625,2222.546875,2222.8125,2223.0703125,2223.3515625,2223.640625,2224.4375,2224.6796875,2224.90625,2225.1640625,2225.40625,2225.640625,2225.875,2226.1328125,2226.390625,2226.65625,2226.9296875,2227.171875,2227.4375,2228.296875,2228.609375,2228.7734375,2228.9296875,2229.078125,2229.21875,2229.390625,2229.5546875,2229.7109375,2229.8671875,2230.0234375,2230.171875,2230.3203125,2230.4609375,2230.6484375,2230.828125,2231.0078125,2231.1875,2231.3671875,2231.546875,2231.7265625,2231.9140625,2232.109375,2232.3125,2232.515625,2232.734375,2232.9453125,2233.171875,2233.40625,2234.015625,2234.1953125,2234.359375,2234.546875,2234.71875,2234.8828125,2235.0390625,2235.140625,2235.234375,2235.328125,2235.421875,2235.515625,2235.6015625,2235.6953125,2235.78125,2235.8671875,2235.953125,2236.0390625,2236.125,2236.2109375,2236.296875,2236.3828125,2236.4609375,2236.578125,2236.6875,2236.8046875,2236.9140625,2237.0234375,2237.140625,2237.25,2237.3671875,2237.4765625,2237.59375,2237.7109375,2237.828125,2237.9453125,2238.0625,2238.1796875,2238.3046875,2238.40625,2238.5078125,2238.609375,2238.7109375,2238.8203125,2238.9296875,2239.0390625,2239.15625,2239.359375,2239.578125,2239.7890625,2240.3046875,2240.578125,2240.71875,2240.84375,2240.96875,2241.0859375,2241.2109375,2241.3359375,2241.4609375,2241.578125,2241.6953125,2241.8046875,2241.921875,2242.03125,2242.140625,2242.25,2242.359375,2242.4609375,2242.5703125,2242.671875,2242.78125,2242.8828125,2242.9921875,2243.09375,2243.1953125,2243.3046875,2243.40625,2243.515625,2243.6171875,2243.7265625,2243.8046875,2243.8828125,2243.9609375,2244.046875,2244.125,2244.2109375,2244.375,2244.4609375,2244.546875,2244.71875,2244.8984375,2245.0859375,2245.2421875,2245.3984375,2245.5625,2245.7421875,2245.8984375,2246.0703125,2246.671875,2246.90625,2247.140625,2247.3515625,2247.578125,2247.796875,2248.0078125,2248.2109375,2248.4140625,2248.515625,2248.6171875,2248.71875,2248.8203125,2249.015625,2249.2109375,2249.3125,2249.4140625,2249.6171875,2249.71875,2249.828125,2249.9453125,2250.0625,2250.1796875,2250.3046875,2250.4296875,2250.5625,2250.6953125,2250.828125,2251.09375,2251.3828125,2251.6875,2252.3125,2252.5859375,2252.875,2253.1328125,2253.4375,2253.5859375,2253.734375,2253.8828125,2254.0234375,2254.3046875,2254.5859375,2254.8671875,2255.1640625,2255.46875,2255.734375,2256.0234375,2256.984375,2257.34375,2257.703125,2257.8671875,2258.03125,2258.2109375,2258.3828125,2258.5546875,2258.71875,2258.8828125,2259.046875,2259.2109375,2259.3671875,2259.53125,2259.703125,2259.875,2260.046875,2260.21875,2260.3984375,2260.578125,2260.7578125,2261.0859375,2261.4453125,2261.7890625,2262.6640625,2262.9140625,2263.140625,2263.390625,2263.6328125,2263.8671875,2264.0859375,2264.21875,2264.34375,2264.4765625,2264.6015625,2264.7265625,2264.8515625,2264.9765625,2265.1015625,2265.2265625,2265.34375,2265.46875,2265.5859375,2265.7109375,2265.828125,2265.9453125,2266.0625,2266.1796875,2266.3046875,2266.421875,2266.546875,2266.6640625,2266.7890625,2266.90625,2267.03125,2267.15625,2267.28125,2267.40625,2267.53125,2267.6640625,2267.796875,2267.9296875,2268.0625,2268.28125,2268.515625,2268.7578125,2269.015625,2269.234375,2269.484375,2270.296875,2270.59375,2270.8828125,2271.140625,2271.4140625,2271.671875,2271.921875,2272.15625,2272.28125,2272.40625,2272.53125,2272.65625,2272.7734375,2272.890625,2273.0078125,2273.125,2273.2421875,2273.3515625,2273.46875,2273.578125,2273.6953125,2273.8046875,2273.9140625,2274.0234375,2274.1484375,2274.2734375,2274.3984375,2274.515625,2274.640625,2274.765625,2274.890625,2275.015625,2275.140625,2275.265625,2275.390625,2275.515625,2275.640625,2275.7734375,2275.90625,2276.0390625,2276.15625,2276.2734375,2276.390625,2276.515625,2276.640625,2276.765625,2276.8984375,2277.03125,2277.2734375,2277.546875,2277.8125,2278.4921875,2278.6953125,2278.875,2279.078125,2279.2734375,2279.453125,2279.6328125,2279.84375,2280.046875,2280.2421875,2280.4375,2280.5390625,2280.6328125,2280.8203125,2280.9140625,2281.0078125,2281.1015625,2281.1953125,2281.2890625,2281.3828125,2281.4765625,2281.5703125,2281.6640625,2281.7578125,2281.8515625,2281.953125,2282.046875,2282.1484375,2282.34375,2282.4453125,2282.546875,2282.75,2282.9375,2283.1328125,2283.3359375,2283.546875,2283.7421875,2283.9609375,2284.75,2285.078125,2285.25,2285.4140625,2285.5703125,2285.7265625,2285.90625,2286.0859375,2286.2578125,2286.4296875,2286.6015625,2286.765625,2286.9296875,2287.09375,2287.2578125,2287.421875,2287.5859375,2287.75,2287.921875,2288.09375,2288.265625,2288.4453125,2288.59375,2288.75,2288.9140625,2289.0859375,2289.40625,2290.1484375,2290.34375,2290.515625,2290.703125,2290.875,2291.0390625,2291.1953125,2291.359375,2291.515625,2291.671875,2291.828125,2291.9765625,2292.125,2292.2734375,2292.421875,2292.5234375,2292.625,2292.7265625,2292.8203125,2292.9140625,2293.015625,2293.1171875,2293.21875,2293.3203125,2293.421875,2293.5234375,2293.625,2293.7265625,2293.828125,2293.9296875,2294.0390625,2294.140625,2294.25,2294.359375,2294.46875,2294.578125,2294.6953125,2294.8125,2294.9375,2295.171875,2295.421875,2295.6796875,2296.390625,2296.609375,2296.8046875,2297.0234375,2297.234375,2297.4375,2297.6328125,2297.75,2297.8671875,2297.984375,2298.1015625,2298.21875,2298.328125,2298.4375,2298.546875,2298.6640625,2298.7734375,2298.8828125,2298.9921875,2299.1015625,2299.2109375,2299.3203125,2299.4375,2299.59375,2299.7578125,2299.921875,2300.0859375,2300.2578125,2300.4296875,2300.609375,2300.7890625,2300.953125,2301.1171875,2301.2890625,2301.4765625,2301.6484375,2301.8359375,2302.546875,2302.84375,2303.15625,2303.4375,2303.6015625,2303.765625,2303.921875,2304.078125,2304.234375,2304.3828125,2304.5390625,2304.6875,2304.8359375,2304.9921875,2305.1484375,2305.3046875,2305.4609375,2305.625,2305.7890625,2305.9609375,2306.1171875,2306.28125,2306.453125,2306.6328125,2306.9921875,2307.703125,2308.0,2308.3125,2308.59375,2308.7578125,2308.921875,2309.078125,2309.234375,2309.390625,2309.5390625,2309.6953125,2309.84375,2309.9921875,2310.1484375,2310.296875,2310.453125,2310.609375,2310.7734375,2310.9375,2311.1015625,2311.390625,2311.703125,2312.0,2312.6953125,2313.046875,2313.2265625,2313.390625,2313.546875,2313.703125,2313.8671875,2314.0234375,2314.1796875,2314.328125,2314.4765625,2314.625,2314.7734375,2314.9140625,2315.03125,2315.1484375,2315.265625,2315.3828125,2315.4921875,2315.609375,2315.7265625,2315.84375,2315.9609375,2316.078125,2316.1953125,2316.3125,2316.4296875,2316.5546875,2316.6796875,2316.8046875,2317.0078125,2317.21875,2317.4453125,2317.6796875,2317.8828125,2318.109375,2318.8515625,2319.125,2319.3984375,2319.6484375,2319.90625,2320.15625,2320.390625,2320.6171875,2320.734375,2320.8515625,2320.96875,2321.078125,2321.1953125,2321.3046875,2321.4140625,2321.5234375,2321.640625,2321.75,2321.859375,2321.96875,2322.078125,2322.1875,2322.296875,2322.40625,2322.6015625,2322.8046875,2323.0078125,2323.2109375,2323.421875,2323.6328125,2323.8515625,2324.078125,2324.265625,2324.4609375,2324.6640625,2324.8828125,2325.2890625,2326.03125,2326.3203125,2326.6171875,2326.8828125,2327.171875,2327.453125,2327.71875,2327.9765625,2328.1171875,2328.2578125,2328.3984375,2328.53125,2328.671875,2328.8046875,2328.9453125,2329.078125,2329.2109375,2329.3515625,2329.484375,2329.625,2329.765625,2329.90625,2330.046875,2330.1875,2330.375,2330.5625,2330.75,2330.9453125,2331.1484375,2331.3515625,2331.5625,2331.7890625,2332.15625,2332.5703125,2332.984375,2334.171875,2334.5546875,2334.9140625,2335.3203125,2335.7109375,2336.1015625,2336.5,2336.890625,2337.296875,2337.734375,2338.2265625,2338.8515625,2339.7109375,2340.8203125,2341.5390625,2341.9453125,2342.3203125,2342.6640625,2342.9921875,2343.3125,2343.625,2343.9296875,2344.234375,2344.515625,2344.796875,2345.0859375,2345.3828125,2345.9453125,2347.2890625,2347.6640625,2348.0078125,2348.3984375,2348.7734375,2349.1328125,2349.484375,2349.6796875,2349.8671875,2350.0546875,2350.25,2350.4453125,2350.640625,2350.84375,2351.046875,2351.390625,2351.7734375,2352.1328125,2352.9765625,2353.3984375,2353.8046875,2354.1796875,2354.375,2354.5625,2354.75,2354.9296875,2355.109375,2355.2890625,2355.46875,2355.6484375,2355.8203125,2355.9921875,2356.1640625,2356.34375,2356.5234375,2356.703125,2356.890625,2357.0859375,2357.40625,2357.765625,2358.1015625,2358.9140625,2359.328125,2359.7265625,2359.9140625,2360.09375,2360.2734375,2360.453125,2360.6328125,2360.8046875,2360.9765625,2361.1484375,2361.3203125,2361.4921875,2361.796875,2362.1015625,2362.421875,2362.7578125,2363.046875,2363.359375,2364.3828125,2364.75,2365.1171875,2365.4453125,2365.6171875,2365.7890625,2365.953125,2366.1171875,2366.28125,2366.4375,2366.59375,2366.75,2367.015625,2367.2734375,2367.53125,2367.796875,2368.0625,2368.3359375,2368.609375,2368.8984375,2369.140625,2369.3984375,2369.6640625,2369.953125,2370.4765625,2371.7890625,2372.15625,2372.5,2372.8125,2373.1171875,2373.4296875,2373.7421875,2374.234375,2374.78125,2376.734375,2378.28125,2378.765625,2379.2109375,2379.609375,2379.984375,2380.34375,2380.59375,2380.84375,2381.09375,2381.3359375,2381.578125,2381.828125,2382.078125,2382.328125,2382.75,2383.2109375,2383.6484375,2384.71875,2385.2890625,2385.578125,2385.859375,2386.1328125,2386.40625,2386.84375,2387.3125,2387.75,2388.6953125,2389.1171875,2389.5,2389.8515625,2390.0546875,2390.25,2390.4453125,2390.6328125,2390.8203125,2391.0,2391.1796875,2391.359375,2391.5390625,2391.71875,2391.890625,2392.0703125,2392.25,2392.4296875,2392.609375,2392.7890625,2393.078125,2393.3828125,2393.6953125,2394.03125,2394.359375,2394.71875,2395.109375,2396.3671875,2396.7890625,2397.1875,2397.6484375,2398.1015625,2398.5625,2399.0234375,2399.3125,2399.609375,2399.90625,2400.1953125,2400.4765625,2400.7578125,2401.03125,2401.2890625,2401.5390625,2401.7734375,2402.0,2402.2265625,2402.4375,2402.6484375,2402.8515625,2403.0546875,2403.3515625,2403.640625,2403.921875,2404.1953125,2404.46875,2404.7421875,2405.015625,2405.2890625,2405.5625,2405.84375,2406.1328125,2406.4296875,2406.7109375,2407.015625,2407.3125,2408.078125,2408.5,2408.7265625,2408.9375,2409.140625,2409.3359375,2409.5703125,2409.8046875,2410.03125,2410.25,2410.46875,2410.6796875,2410.890625,2411.1015625,2411.3046875,2411.515625,2411.71875,2411.9296875,2412.140625,2412.3515625,2412.5703125,2412.796875,2413.0,2413.203125,2413.421875,2413.65625,2413.875,2414.109375,2415.0234375,2415.40625,2415.6171875,2415.8203125,2416.0078125,2416.1953125,2416.4140625,2416.6328125,2416.84375,2417.0546875,2417.265625,2417.4765625,2417.6875,2417.8984375,2418.1640625,2418.4375,2418.71875,2419.015625,2419.2890625,2419.5859375,2419.890625,2420.7578125,2421.03125,2421.28125,2421.5703125,2421.84375,2422.109375,2422.375,2422.6328125,2422.890625,2423.15625,2423.4375,2423.953125,2425.140625,2425.4609375,2425.75,2426.0546875,2426.34375,2426.625,2426.90625,2427.1640625,2427.421875,2427.6953125,2427.9765625,2428.484375,2429.6328125,2429.9296875,2430.1953125,2430.46875,2430.734375,2430.9921875,2431.2421875,2431.5546875,2431.8671875,2432.1875,2432.515625,2432.8046875,2433.125,2433.4296875,2434.15625,2434.53125,2434.7265625,2434.9140625,2435.0859375,2435.2578125,2435.453125,2435.6484375,2435.8359375,2436.0234375,2436.203125,2436.3828125,2436.5625,2436.734375,2436.953125,2437.1640625,2437.3828125,2437.6015625,2437.8203125,2438.0390625,2438.265625,2438.5,2438.6953125,2438.8984375,2439.109375,2439.3359375,2439.5390625,2439.765625,2440.5625,2440.8828125,2441.21875,2441.5234375,2441.6953125,2441.8671875,2442.03125,2442.1953125,2442.359375,2442.515625,2442.671875,2442.828125,2442.984375,2443.1484375,2443.3125,2443.4765625,2443.640625,2443.8046875,2443.9765625,2444.1484375,2444.328125,2444.5078125,2444.6953125,2444.8984375,2445.3125,2446.15625,2446.5234375,2446.9140625,2447.09375,2447.2734375,2447.484375,2447.6953125,2447.8984375,2448.1015625,2448.3046875,2448.5,2448.703125,2448.90625,2449.0703125,2449.234375,2449.3984375,2449.5703125,2449.921875,2450.296875,2450.609375,2450.953125,2452.2421875,2452.8125,2453.1171875,2453.4140625,2453.7109375,2454.015625,2454.4375,2454.90625,2456.5625,2458.0078125,2458.5078125,2458.9765625,2459.390625,2459.765625,2459.9453125,2460.125,2460.296875,2460.46875,2460.6328125,2460.796875,2460.9609375,2461.125,2461.2890625,2461.4453125,2461.6484375,2461.84375,2462.046875,2462.25,2462.453125,2462.65625,2462.8671875,2463.0859375,2463.2734375,2463.4609375,2463.6640625,2463.875,2464.28125,2465.0546875,2465.3671875,2465.6875,2465.984375,2466.3203125,2466.640625,2466.9609375,2467.2734375,2467.5625,2467.8515625,2468.1484375,2468.4609375,2468.75,2469.0625,2470.234375,2470.7265625,2471.0,2471.2578125,2471.5078125,2471.7578125,2472.0078125,2472.2578125,2472.515625,2472.78125,2473.265625,2474.328125,2474.5859375,2474.8203125,2475.0625,2475.2890625,2475.5078125,2475.7265625,2475.953125,2476.171875,2476.390625,2476.6015625,2476.8125,2477.03125,2477.25,2477.4765625,2477.6640625,2477.8515625,2478.046875,2478.2578125,2478.640625,2479.5078125,2479.7265625,2479.921875,2480.125,2480.3125,2480.4921875,2480.6640625,2480.84375,2481.0234375,2481.1953125,2481.3671875,2481.5390625,2481.703125,2481.8671875,2482.03125,2482.140625,2482.2421875,2482.3515625,2482.453125,2482.5546875,2482.6640625,2482.765625,2482.875,2482.9765625,2483.0859375,2483.1953125,2483.3046875,2483.4140625,2483.5234375,2483.6328125,2483.75,2483.9375,2484.1328125,2484.3359375,2484.5546875,2484.7421875,2484.953125,2485.6484375,2485.9140625,2486.171875,2486.40625,2486.65625,2486.890625,2487.0078125,2487.1171875,2487.234375,2487.34375,2487.4609375,2487.578125,2487.6953125,2487.8046875,2487.921875,2488.03125,2488.1484375,2488.2578125,2488.375,2488.484375,2488.59375,2488.7109375,2488.8203125,2488.9375,2489.046875,2489.1640625,2489.296875,2489.4375,2489.578125,2489.71875,2489.859375,2490.0078125,2490.15625,2490.3125,2490.4609375,2490.609375,2490.765625,2490.9375,2491.28125,2491.9765625,2492.2734375,2492.59375,2492.8828125,2493.0546875,2493.21875,2493.3828125,2493.5390625,2493.703125,2493.859375,2494.015625,2494.171875,2494.3203125,2494.4765625,2494.6328125,2494.7890625,2494.9453125,2495.109375,2495.2734375,2495.4453125,2495.734375,2496.0546875,2496.359375,2497.1171875,2497.5234375,2497.7265625,2497.921875,2498.109375,2498.2890625,2498.484375,2498.6796875,2498.875,2499.0625,2499.25,2499.4375,2499.6171875,2499.8046875,2499.96875,2500.1328125,2500.296875,2500.46875,2500.640625,2500.8125,2500.9921875,2501.171875,2501.5234375,2501.90625,2502.3203125,2503.1875,2503.5703125,2503.984375,2504.3671875,2504.59375,2504.8125,2505.03125,2505.2421875,2505.4609375,2505.6796875,2505.8984375,2506.1171875,2506.3984375,2506.6796875,2506.9765625,2507.2734375,2507.578125,2507.8984375,2508.2265625,2508.5546875,2508.890625,2509.234375,2509.5703125,2509.8984375,2510.2265625,2510.546875,2510.859375,2511.171875,2511.5078125,2511.84375,2512.1796875,2512.53125,2512.8671875,2513.234375,2514.5234375,2515.046875,2515.3359375,2515.6015625,2515.859375,2516.1171875,2516.4375,2516.7578125,2517.078125,2517.40625,2517.703125,2518.0234375,2519.078125,2519.4609375,2519.6640625,2519.8515625,2520.03125,2520.203125,2520.421875,2520.625,2520.828125,2521.0234375,2521.2109375,2521.3984375,2521.5859375,2521.765625,2521.8828125,2522.0,2522.1171875,2522.234375,2522.3515625,2522.46875,2522.5859375,2522.703125,2522.8203125,2522.9375,2523.0546875,2523.171875,2523.2890625,2523.4140625,2523.5390625,2523.6640625,2523.875,2524.0859375,2524.3046875,2524.5390625,2524.7421875,2524.96875,2525.71875,2525.9921875,2526.265625,2526.515625,2526.7734375,2527.0234375,2527.2578125,2527.375,2527.4921875,2527.6171875,2527.7421875,2527.8671875,2527.9921875,2528.1171875,2528.234375,2528.3515625,2528.46875,2528.59375,2528.7109375,2528.828125,2528.9453125,2529.0625,2529.1796875,2529.296875,2529.4140625,2529.515625,2529.625,2529.7265625,2529.8359375,2529.9453125,2530.0546875,2530.1640625,2530.2734375,2530.3828125,2530.5,2530.609375,2530.7265625,2530.84375,2530.9609375,2531.203125,2531.3984375,2531.609375,2531.828125,2532.0625,2532.265625,2532.4921875,2533.2734375,2533.5859375,2533.8984375,2534.1796875,2534.4765625,2534.7578125,2535.03125,2535.3046875,2535.5546875,2535.8046875,2536.0546875,2536.3046875,2536.5546875,2536.8046875,2537.0546875,2537.3046875,2537.546875,2537.7890625,2538.0390625,2538.2890625,2538.546875,2538.8046875,2539.0703125,2539.34375,2539.609375,2539.890625,2540.1796875,2540.4921875,2540.78125,2541.09375,2542.2265625,2542.671875,2542.9140625,2543.140625,2543.3515625,2543.5546875,2543.8046875,2544.046875,2544.28125,2544.5078125,2544.734375,2544.953125,2545.171875,2545.390625,2545.59375,2545.7890625,2545.9921875,2546.1953125,2546.3984375,2546.609375,2546.8203125,2547.03125,2547.2265625,2547.4296875,2547.640625,2547.859375,2548.0625,2548.2890625,2549.0859375,2549.40625,2549.7421875,2550.046875,2550.2265625,2550.3984375,2550.5625,2550.7265625,2550.890625,2551.046875,2551.2109375,2551.3671875,2551.546875,2551.7265625,2551.90625,2552.09375,2552.2734375,2552.4609375,2552.6484375,2552.84375,2553.0234375,2553.203125,2553.3984375,2553.6015625,2554.0,2554.75,2555.0625,2555.3828125,2555.6796875,2555.8515625,2556.0234375,2556.1875,2556.3515625,2556.5078125,2556.6640625,2556.8203125,2556.9765625,2557.1328125,2557.2890625,2557.4453125,2557.609375,2557.7734375,2557.9375,2558.109375,2558.28125,2558.578125,2558.8984375,2559.203125,2559.921875,2560.28125,2560.4609375,2560.625,2560.78125,2560.9375,2561.1015625,2561.2578125,2561.4140625,2561.5625,2561.7109375,2561.859375,2562.0078125,2562.15625,2562.3515625,2562.5390625,2562.734375,2562.9296875,2563.125,2563.3203125,2563.5234375,2563.7265625,2563.8984375,2564.078125,2564.265625,2564.4609375,2564.6328125,2564.8203125,2565.4375,2565.6640625,2565.8828125,2566.078125,2566.28125,2566.4765625,2566.6640625,2566.84375,2567.0234375,2567.203125,2567.3828125,2567.5546875,2567.7265625,2567.890625,2568.0625,2568.2265625,2568.328125,2568.4296875,2568.53125,2568.640625,2568.7421875,2568.8515625,2568.953125,2569.0625,2569.1640625,2569.2734375,2569.3828125,2569.4921875,2569.6015625,2569.71875,2569.828125,2569.9453125,2570.1328125,2570.328125,2570.53125,2570.75,2570.9453125,2571.15625,2571.875,2572.1484375,2572.421875,2572.671875,2572.8046875,2572.9375,2573.0625,2573.1875,2573.3125,2573.4296875,2573.546875,2573.6640625,2573.78125,2573.8984375,2574.015625,2574.125,2574.234375,2574.3515625,2574.46875,2574.5859375,2574.703125,2574.8203125,2574.9375,2575.0546875,2575.171875,2575.296875,2575.4140625,2575.5390625,2575.7578125,2575.9921875,2576.234375,2576.4921875,2576.7265625,2576.984375,2577.9921875,2578.4453125,2578.6953125,2578.9296875,2579.1640625,2579.3984375,2579.625,2579.8515625,2580.0859375,2580.328125,2580.7734375,2581.8359375,2582.125,2582.390625,2582.6796875,2582.9609375,2583.2265625,2583.4921875,2583.7890625,2584.0859375,2584.390625,2584.7109375,2584.984375,2585.28125,2586.234375,2586.5703125,2586.8984375,2587.203125,2587.3671875,2587.5234375,2587.6796875,2587.8359375,2587.984375,2588.1328125,2588.28125,2588.421875,2588.6015625,2588.78125,2588.9609375,2589.140625,2589.3203125,2589.5078125,2589.6953125,2589.8828125,2590.046875,2590.2109375,2590.3828125,2590.5703125,2590.90625,2591.703125,2591.90625,2592.09375,2592.2890625,2592.4765625,2592.65625,2592.828125,2593.0078125,2593.1875,2593.3671875,2593.5390625,2593.7109375,2593.875,2594.0390625,2594.203125,2594.3984375,2594.6015625,2594.8046875,2595.0078125,2595.2109375,2595.421875,2595.6328125,2595.8515625,2596.03125,2596.21875,2596.4140625,2596.625,2596.8125,2597.015625,2597.6875,2597.9453125,2598.203125,2598.4296875,2598.671875,2598.90625,2599.125,2599.34375,2599.4609375,2599.5703125,2599.6875,2599.796875,2599.90625,2600.015625,2600.125,2600.234375,2600.34375,2600.453125,2600.5625,2600.6640625,2600.7734375,2600.8828125,2600.9921875,2601.1015625,2601.203125,2601.3125,2601.421875,2601.53125,2601.640625,2601.75,2601.96875,2602.1953125,2602.4296875,2602.6640625,2602.9140625,2603.109375,2603.3203125,2603.5390625,2603.78125,2604.21875,2605.0390625,2605.3828125,2605.7265625,2606.046875,2606.390625,2606.7265625,2607.046875,2607.3671875,2607.671875,2607.96875,2608.265625,2608.5625,2608.859375,2609.15625,2609.4609375,2609.7578125,2609.9296875,2610.1015625,2610.2734375,2610.4453125,2610.6171875,2610.7890625,2610.9609375,2611.1328125,2611.3046875,2611.4765625,2611.640625,2611.8125,2611.9765625,2612.1484375,2612.3203125,2612.4921875,2612.8046875,2613.125,2613.453125,2613.7890625,2614.1015625,2614.4375,2614.765625,2615.5703125,2616.0,2616.2265625,2616.4453125,2616.6484375,2616.84375,2617.078125,2617.3125,2617.53125,2617.75,2617.96875,2618.1796875,2618.390625,2618.6015625,2618.7734375,2618.9453125,2619.1171875,2619.2890625,2619.4609375,2619.640625,2619.8203125,2620.0078125,2620.1953125,2620.3828125,2620.5859375,2620.796875,2621.0,2621.21875,2622.0546875,2622.40625,2622.7734375,2622.9375,2623.1015625,2623.296875,2623.4921875,2623.6796875,2623.8671875,2624.046875,2624.2265625,2624.40625,2624.5859375,2624.765625,2624.9453125,2625.125,2625.3046875,2625.4921875,2625.6796875,2625.875,2626.0703125,2626.234375,2626.40625,2626.5859375,2626.7734375,2627.125,2627.953125,2628.1796875,2628.3828125,2628.6015625,2628.8046875,2629.0,2629.1875,2629.3828125,2629.578125,2629.7734375,2629.9609375,2630.1484375,2630.3359375,2630.515625,2630.703125,2630.859375,2631.015625,2631.171875,2631.328125,2631.4921875,2631.65625,2631.828125,2632.0,2632.296875,2632.625,2632.9375,2633.671875,2634.046875,2634.2421875,2634.421875,2634.59375,2634.7578125,2634.9375,2635.1171875,2635.2890625,2635.453125,2635.6171875,2635.7734375,2635.9375,2636.09375,2636.2109375,2636.3203125,2636.4296875,2636.5390625,2636.6484375,2636.7578125,2636.8671875,2636.984375,2637.09375,2637.203125,2637.3125,2637.4296875,2637.5390625,2637.65625,2637.765625,2637.8828125,2638.0,2638.125,2638.2421875,2638.3671875,2638.4921875,2638.625,2638.7578125,2638.890625,2639.1484375,2639.4375,2639.7265625,2640.4765625,2640.703125,2640.90625,2641.140625,2641.359375,2641.5703125,2641.765625,2641.890625,2642.015625,2642.1328125,2642.25,2642.3671875,2642.4765625,2642.59375,2642.703125,2642.8125,2642.921875,2643.03125,2643.140625,2643.25,2643.359375,2643.46875,2643.5703125,2643.7109375,2643.84375,2643.984375,2644.1171875,2644.25,2644.390625,2644.53125,2644.671875,2644.8125,2644.953125,2645.09375,2645.234375,2645.375,2645.5234375,2645.671875,2645.8203125,2645.9375,2646.0625,2646.1875,2646.3125,2646.4453125,2646.578125,2646.71875,2646.859375,2647.1015625,2647.375,2647.6328125,2648.2734375,2648.609375,2648.78125,2648.9375,2649.09375,2649.2421875,2649.3984375,2649.5546875,2649.703125,2649.8515625,2650.0,2650.140625,2650.28125,2650.421875,2650.5625,2650.6953125,2650.8359375,2650.96875,2651.109375,2651.2421875,2651.375,2651.5078125,2651.640625,2651.7734375,2651.90625,2652.046875,2652.1796875,2652.3203125,2652.453125,2652.59375,2652.7421875,2652.890625,2653.046875,2653.203125,2653.3671875,2653.53125,2653.703125,2653.875,2654.03125,2654.1875,2654.359375,2654.5390625,2654.8984375,2655.6171875,2655.9296875,2656.25,2656.546875,2656.71875,2656.8828125,2657.046875,2657.2109375,2657.375,2657.53125,2657.6875,2657.84375,2658.0,2658.1640625,2658.328125,2658.4921875,2658.65625,2658.828125,2659.0,2659.171875,2659.3359375,2659.5078125,2659.6875,2659.8828125,2660.265625,2661.03125,2661.359375,2661.703125,2662.015625,2662.1953125,2662.375,2662.5546875,2662.7265625,2662.8984375,2663.0703125,2663.2421875,2663.40625,2663.5703125,2663.734375,2663.8984375,2664.0703125,2664.2421875,2664.4140625,2664.59375,2664.78125,2665.09375,2665.4453125,2665.7890625,2666.6640625,2667.15625,2667.4140625,2667.6640625,2667.90625,2668.140625,2668.40625,2668.671875,2668.9375,2669.203125,2669.4765625,2669.75,2670.03125,2670.328125,2670.578125,2670.84375,2671.453125,2674.125,2674.765625,2675.03125,2675.28125,2675.515625,2675.734375,2675.953125,2676.1640625,2676.3671875,2676.5703125,2676.7734375,2676.96875,2677.171875,2677.3671875,2677.5625,2677.765625,2677.96875,2678.1796875,2678.5390625,2678.921875,2679.28125,2680.1171875,2680.5234375,2680.7265625,2680.9140625,2681.09375,2681.2734375,2681.46875,2681.65625,2681.84375,2682.0234375,2682.203125,2682.375,2682.5546875,2682.7265625,2682.921875,2683.1171875,2683.3125,2683.5078125,2683.703125,2683.90625,2684.109375,2684.3203125,2684.4921875,2684.671875,2684.859375,2685.0625,2685.4296875,2686.296875,2686.5234375,2686.734375,2686.953125,2687.15625,2687.3515625,2687.5390625,2687.734375,2687.921875,2688.109375,2688.2890625,2688.46875,2688.6484375,2688.828125,2689.0078125,2689.171875,2689.3359375,2689.5,2689.6640625,2689.8359375,2690.0078125,2690.1875,2690.3671875,2690.515625,2690.671875,2690.8359375,2691.015625,2691.34375,2692.125,2692.3359375,2692.5234375,2692.7265625,2692.9140625,2693.09375,2693.265625,2693.453125,2693.6328125,2693.8125,2693.984375,2694.15625,2694.328125,2694.5,2694.6640625,2694.7734375,2694.8828125,2694.9921875,2695.1015625,2695.2109375,2695.3203125,2695.4296875,2695.546875,2695.65625,2695.7734375,2695.8828125,2696.0,2696.1171875,2696.234375,2696.3515625,2696.4765625,2696.671875,2696.8828125,2697.1015625,2697.328125,2697.53125,2697.75,2698.5078125,2698.8046875,2699.1015625,2699.3671875,2699.65625,2699.9296875,2700.1953125,2700.453125,2700.5859375,2700.7109375,2700.9609375,2701.2109375,2701.4609375,2701.5859375,2701.71875,2701.9765625,2702.2421875,2702.515625,2702.7265625,2702.953125,2703.1875,2703.4375,2703.6875,2703.96875,2705.1875,2705.484375,2705.7578125,2706.078125,2706.3828125,2706.6875,2706.9921875,2707.2890625,2707.59375,2707.90625,2708.234375,2708.53125,2708.8515625,2709.96875,2710.421875,2710.8828125,2711.3125,2711.5546875,2711.796875,2712.03125,2712.265625,2712.5,2712.7265625,2712.953125,2713.1875,2713.421875,2713.65625,2713.890625,2714.1328125,2714.3828125,2714.6328125,2715.15625,2715.671875,2716.234375,2716.8203125,2718.453125,2718.953125,2719.40625,2719.9296875,2720.4296875,2720.90625,2721.375,2721.796875,2722.2265625,2722.65625,2723.109375,2723.5078125,2723.9453125,2725.4296875,2726.015625,2726.328125,2726.6328125,2726.921875,2727.2109375,2727.515625,2727.8203125,2728.125,2728.4453125,2729.03125,2730.3671875,2730.71875,2731.0390625,2731.3984375,2731.7421875,2732.0703125,2732.390625,2732.6484375,2732.90625,2733.1640625,2733.4140625,2733.6640625,2733.921875,2734.1796875,2734.4375,2734.6796875,2734.921875,2735.1796875,2735.453125,2735.703125,2735.9765625,2736.9453125,2737.3359375,2737.7421875,2738.1171875,2738.3359375,2738.546875,2738.75,2738.953125,2739.15625,2739.3515625,2739.546875,2739.7421875,2739.96875,2740.1953125,2740.421875,2740.65625,2740.890625,2741.125,2741.359375,2741.6015625,2741.84375,2742.1015625,2742.3671875,2742.640625,2742.90625,2743.203125,2744.328125,2744.8046875,2745.0625,2745.3125,2745.546875,2745.7734375,2746.046875,2746.3125,2746.578125,2746.8359375,2747.09375,2747.34375,2747.59375,2747.8515625,2748.0390625,2748.234375,2748.4296875,2748.625,2748.8203125,2749.0234375,2749.2265625,2749.4375,2749.6484375,2749.859375,2750.078125,2750.3125,2750.78125,2751.6953125,2752.0703125,2752.46875,2752.8359375,2753.046875,2753.2578125,2753.4609375,2753.65625,2753.8515625,2754.0390625,2754.234375,2754.421875,2754.6171875,2754.8125,2755.0078125,2755.203125,2755.3984375,2755.6015625,2755.8046875,2756.015625,2756.3671875,2756.7578125,2757.125,2757.9921875,2758.421875,2758.6328125,2758.8359375,2759.0234375,2759.2109375,2759.3984375,2759.5859375,2759.7734375,2759.953125,2760.1328125,2760.3125,2760.4921875,2760.6640625,2760.8203125,2760.9765625,2761.1328125,2761.296875,2761.4609375,2761.625,2761.7890625,2761.9609375,2762.2578125,2762.5859375,2762.8984375,2763.6328125,2764.015625,2764.2109375,2764.3984375,2764.578125,2764.75,2764.9453125,2765.1328125,2765.3203125,2765.5,2765.6796875,2765.8515625,2766.0234375,2766.1953125,2766.3984375,2766.59375,2766.7890625,2766.9921875,2767.1953125,2767.3984375,2767.609375,2767.828125,2768.0078125,2768.1875,2768.3828125,2768.5859375,2768.9609375,2769.84375,2770.078125,2770.2890625,2770.5078125,2770.71875,2770.9140625,2771.109375,2771.3046875,2771.4921875,2771.6796875,2771.859375,2772.046875,2772.2265625,2772.40625,2772.5859375,2772.7421875,2772.90625,2773.0703125,2773.234375,2773.3984375,2773.5703125,2773.7421875,2773.921875,2774.0859375,2774.2578125,2774.4375,2774.6328125,2775.0078125,2775.75,2776.0625,2776.390625,2776.6875,2776.859375,2777.03125,2777.1953125,2777.359375,2777.5234375,2777.6796875,2777.84375,2778.0,2778.15625,2778.3203125,2778.4765625,2778.640625,2778.8046875,2778.9765625,2779.1484375,2779.3203125,2779.46875,2779.625,2779.953125,2780.265625,2781.015625,2781.21875,2781.3984375,2781.59375,2781.78125,2781.953125,2782.125,2782.3125,2782.5,2782.6796875,2782.8515625,2783.0234375,2783.1953125,2783.3671875,2783.5390625,2783.71875,2783.8984375,2784.078125,2784.265625,2784.4453125,2784.6328125,2784.828125,2785.0234375,2785.1875,2785.359375,2785.5390625,2785.7265625,2786.0859375,2786.7109375,2786.9453125,2787.1796875,2787.3984375,2787.6328125,2787.859375,2788.0703125,2788.2734375,2788.390625,2788.5078125,2788.625,2788.734375,2788.8515625,2788.9609375,2789.0703125,2789.1796875,2789.2890625,2789.3984375,2789.5078125,2789.6171875,2789.7265625,2789.828125,2789.9375,2790.046875,2790.140625,2790.2421875,2790.34375,2790.4453125,2790.5390625,2790.640625,2790.7421875,2790.84375,2790.9453125,2791.0546875,2791.15625,2791.265625,2791.375,2791.484375,2791.59375,2791.703125,2791.890625,2792.078125,2792.28125,2792.4921875,2792.6796875,2792.8828125,2793.578125,2793.8359375,2794.1015625,2794.3359375,2794.578125,2794.8125,2795.03125,2795.25,2795.453125,2795.65625,2795.859375,2796.0546875,2796.2578125,2796.453125,2796.6484375,2796.8515625,2797.015625,2797.1875,2797.3515625,2797.5234375,2797.6953125,2797.8671875,2798.046875,2798.234375,2798.4140625,2798.6015625,2798.796875,2799.0,2799.203125,2799.421875,2800.265625,2800.6328125,2800.8359375,2801.0234375,2801.203125,2801.375,2801.5859375,2801.7890625,2801.984375,2802.1796875,2802.375,2802.5625,2802.7578125,2802.9453125,2803.1328125,2803.3203125,2803.5078125,2803.703125,2803.8984375,2804.09375,2804.296875,2804.5,2804.7109375,2804.921875,2805.140625,2805.375,2805.6015625,2805.8515625,2806.828125,2807.2421875,2807.46875,2807.6796875,2807.8828125,2808.0859375,2808.3203125,2808.5546875,2808.78125,2809.0078125,2809.234375,2809.453125,2809.6796875,2809.90625,2810.1796875,2810.4609375,2810.75,2811.0546875,2811.3828125,2811.7421875,2812.125,2812.890625,2813.21875,2813.5625,2813.875,2814.0625,2814.2421875,2814.4140625,2814.5859375,2814.7578125,2814.921875,2815.09375,2815.2578125,2815.421875,2815.59375,2815.765625,2815.9375,2816.109375,2816.2890625,2816.46875,2816.6484375,2816.96875,2817.3125,2817.640625,2818.4140625,2818.8125,2819.1953125,2819.375,2819.546875,2819.734375,2819.9140625,2820.09375,2820.265625,2820.4375,2820.609375,2820.78125,2820.953125,2821.1171875,2821.2890625,2821.453125,2821.625,2821.796875,2821.9765625,2822.15625,2822.3359375,2822.65625,2823.0078125,2823.34375,2824.1640625,2824.390625,2824.6015625,2824.8359375,2825.0546875,2825.2578125,2825.4609375,2825.6953125,2825.921875,2826.1484375,2826.3671875,2826.5859375,2826.8046875,2827.0234375,2827.2421875,2827.3828125,2827.53125,2827.6796875,2827.828125,2827.984375,2828.140625,2828.296875,2828.4609375,2828.765625,2829.09375,2829.4375,2830.390625,2830.6875,2830.953125,2831.265625,2831.5625,2831.8515625,2832.140625,2832.4296875,2832.71875,2833.015625,2833.328125,2833.59375,2833.890625,2834.84375,2835.1875,2835.5234375,2835.8359375,2836.0,2836.1640625,2836.328125,2836.484375,2836.640625,2836.7890625,2836.9453125,2837.09375,2837.2578125,2837.421875,2837.5859375,2837.75,2837.9140625,2838.0859375,2838.2578125,2838.4375,2838.7421875,2839.078125,2839.3984375,2840.171875,2840.3828125,2840.578125,2840.7890625,2840.984375,2841.171875,2841.359375,2841.5703125,2841.78125,2841.984375,2842.1796875,2842.375,2842.5625,2842.7578125,2842.9453125,2843.0546875,2843.1640625,2843.2734375,2843.3828125,2843.4921875,2843.6015625,2843.7109375,2843.828125,2843.9375,2844.0546875,2844.171875,2844.2890625,2844.40625,2844.5234375,2844.640625,2844.765625,2844.9609375,2845.171875,2845.390625,2845.6171875,2845.8203125,2846.046875,2846.8203125,2847.1171875,2847.421875,2847.6953125,2847.984375,2848.265625,2848.5390625,2848.8046875,2849.0625,2849.3203125,2849.578125,2849.8359375,2850.1015625,2850.375,2850.6484375,2850.9375,2851.125,2851.3125,2851.5078125,2851.71875,2851.9375,2852.1640625,2852.671875,2853.03125,2853.4453125,2854.4609375,2855.234375,2855.5625,2855.8671875,2856.28125,2856.6796875,2857.0703125,2857.4609375,2857.796875,2858.1640625,2859.2578125,2859.6171875,2859.96875,2860.28125,2860.4609375,2860.640625,2860.8125,2860.9765625,2861.140625,2861.296875,2861.453125,2861.609375,2861.8125,2862.0078125,2862.203125,2862.3984375,2862.59375,2862.796875,2863.0,2863.203125,2863.375,2863.5546875,2863.7421875,2863.9375,2864.296875,2865.125,2865.3359375,2865.53125,2865.7265625,2865.9140625,2866.09375,2866.265625,2866.4453125,2866.6171875,2866.7890625,2866.953125,2867.1171875,2867.28125,2867.4453125,2867.609375,2867.7890625,2867.9765625,2868.15625,2868.34375,2868.53125,2868.71875,2868.9140625,2869.109375,2869.2734375,2869.4453125,2869.625,2869.8125,2870.1640625,2870.9765625,2871.1953125,2871.390625,2871.59375,2871.7890625,2871.96875,2872.1484375,2872.3359375,2872.515625,2872.6953125,2872.875,2873.046875,2873.21875,2873.390625,2873.5625,2873.671875,2873.7734375,2873.875,2873.984375,2874.0859375,2874.1953125,2874.3046875,2874.4140625,2874.5234375,2874.6328125,2874.7421875,2874.8515625,2874.9609375,2875.078125,2875.1875,2875.3046875,2875.5,2875.6953125,2875.90625,2876.125,2876.3203125,2876.53125,2877.25,2877.5234375,2877.796875,2878.0390625,2878.171875,2878.296875,2878.421875,2878.546875,2878.671875,2878.7890625,2878.90625,2879.0234375,2879.1484375,2879.265625,2879.3828125,2879.5,2879.6171875,2879.734375,2879.8515625,2879.9609375,2880.0703125,2880.1875,2880.3046875,2880.421875,2880.5390625,2880.65625,2880.7734375,2880.890625,2881.0625,2881.2421875,2881.421875,2881.6015625,2881.7890625,2881.9765625,2882.171875,2882.375,2882.546875,2882.7265625,2882.921875,2883.125,2883.53125,2884.40625,2884.8046875,2885.2265625,2885.6171875,2885.84375,2886.0703125,2886.296875,2886.5234375,2886.75,2886.9765625,2887.2109375,2887.4453125,2887.7421875,2888.0546875,2888.375,2888.7109375,2889.0625,2889.421875,2889.7890625,2890.15625,2890.5078125,2890.84375,2891.171875,2891.484375,2891.7890625,2892.078125,2892.3671875,2892.6484375,2892.890625,2893.125,2893.3671875,2893.6015625,2893.8359375,2894.0703125,2894.3046875,2894.546875,2894.7890625,2895.0390625,2895.296875,2895.5703125,2895.8359375,2896.125,2897.2421875,2897.71875,2897.9765625,2898.2265625,2898.4609375,2898.6953125,2898.9765625,2899.25,2899.5234375,2899.796875,2900.0703125,2900.3515625,2900.640625,2900.9375,2901.328125,2901.75,2902.2109375,2903.2265625,2903.703125,2904.21875,2904.703125,2905.265625,2905.8515625,2906.46875,2907.7734375,2908.3671875,2909.015625,2909.640625,2910.0234375,2910.4140625,2910.828125,2911.2578125,2912.2421875,2913.2421875,2913.671875,2914.0703125,2914.4375,2914.78125,2915.109375,2915.4296875,2915.7421875,2916.0546875,2916.3203125,2916.5859375,2917.1328125,2917.640625,2918.6875,2919.1328125,2919.53125,2919.890625,2920.078125,2920.265625,2920.4453125,2920.625,2920.796875,2920.96875,2921.140625,2921.3046875,2921.53125,2921.75,2921.96875,2922.1953125,2922.421875,2922.6484375,2922.875,2923.109375,2923.3046875,2923.5078125,2923.71875,2923.9375,2924.34375,2925.28125,2925.5234375,2925.7421875,2925.96875,2926.1875,2926.390625,2926.59375,2926.796875,2927.0,2927.1953125,2927.390625,2927.5859375,2927.7734375,2927.96875,2928.15625,2928.3046875,2928.4609375,2928.6171875,2928.7734375,2928.9296875,2929.09375,2929.2578125,2929.4296875,2929.6015625,2929.78125,2929.96875,2930.1640625,2930.359375,2930.5703125,2931.3828125,2931.7265625,2931.9140625,2932.09375,2932.265625,2932.4296875,2932.625,2932.8203125,2933.0078125,2933.1953125,2933.3828125,2933.5625,2933.7421875,2933.921875,2934.09375,2934.265625,2934.4375,2934.609375,2934.78125,2934.9609375,2935.1484375,2935.3359375,2935.5078125,2935.6875,2935.875,2936.078125,2936.484375,2937.296875,2937.6484375,2938.0234375,2938.3671875,2938.5703125,2938.765625,2938.9609375,2939.1484375,2939.34375,2939.53125,2939.7265625,2939.921875,2940.109375,2940.296875,2940.4921875,2940.6875,2940.890625,2941.1015625,2941.328125,2941.5625,2942.078125,2943.5390625,2944.8515625,2945.25,2945.5234375,2945.765625,2945.9921875,2946.2109375,2946.484375,2946.7421875,2946.9921875,2947.234375,2947.4765625,2947.7109375,2947.953125,2948.1875,2948.4453125,2948.703125,2948.96875,2949.2421875,2949.5,2949.78125,2950.0625,2950.765625,2951.1484375,2951.359375,2951.5546875,2951.734375,2951.9140625,2952.1328125,2952.34375,2952.546875,2952.6484375,2952.75,2952.9453125,2953.046875,2953.140625,2953.2421875,2953.3359375,2953.4296875,2953.5234375,2953.65625,2953.78125,2953.9140625,2954.0390625,2954.1640625,2954.2890625,2954.4140625,2954.546875,2954.671875,2954.8046875,2954.9375,2955.0703125,2955.203125,2955.3359375,2955.46875,2955.609375,2955.71875,2955.8359375,2955.953125,2956.0703125,2956.1875,2956.3125,2956.5703125,2956.796875,2957.046875,2957.2890625,2957.8828125,2958.203125,2958.3671875,2958.5234375,2958.671875,2958.8203125,2958.9765625,2959.1328125,2959.28125,2959.4296875,2959.578125,2959.71875,2959.859375,2960.0,2960.140625,2960.28125,2960.421875,2960.5546875,2960.6875,2960.828125,2960.9609375,2961.1015625,2961.2421875,2961.3828125,2961.5234375,2961.6640625,2961.8046875,2961.953125,2962.1015625,2962.2578125,2962.3984375,2962.5390625,2962.6875,2962.8359375,2962.984375,2963.140625,2963.3046875,2963.4765625,2963.796875,2964.15625,2964.5,2965.3671875,2965.8359375,2966.2265625,2966.6171875,2967.0546875,2967.53125,2967.9765625,2969.0859375,2969.6953125,2970.015625,2970.328125,2970.6328125,2970.9375,2971.390625,2971.8671875,2972.3671875,2972.9296875,2973.5859375,2974.5078125,2977.734375,2978.2890625,2978.75,2979.0625,2979.3515625,2979.625,2979.8828125,2980.1328125,2980.3671875,2980.59375,2980.8203125,2980.9609375,2981.09375,2981.234375,2981.3671875,2981.5,2981.6328125,2981.765625,2981.890625,2982.0234375,2982.1484375,2982.28125,2982.40625,2982.53125,2982.6640625,2982.7890625,2982.921875,2983.0625,2983.203125,2983.34375,2983.484375,2983.625,2983.7734375,2983.921875,2984.078125,2984.3671875,2984.6875,2985.0,2985.8203125,2986.0625,2986.28125,2986.5234375,2986.7578125,2986.984375,2987.1953125,2987.328125,2987.4609375,2987.5859375,2987.7109375,2987.8359375,2987.9609375,2988.0859375,2988.203125,2988.328125,2988.4453125,2988.5703125,2988.6875,2988.8125,2988.9296875,2989.046875,2989.1640625,2989.2578125,2989.359375,2989.453125,2989.5546875,2989.6484375,2989.75,2989.8515625,2989.953125,2990.0546875,2990.15625,2990.2578125,2990.359375,2990.4609375,2990.5703125,2990.6796875,2990.7890625,2990.984375,2991.1875,2991.3984375,2991.625,2991.84375,2992.078125,2992.9921875,2993.390625,2993.609375,2993.8125,2994.0078125,2994.203125,2994.4296875,2994.65625,2994.8828125,2995.1015625,2995.3203125,2995.5390625,2995.7578125,2995.984375,2996.203125,2996.421875,2996.6484375,2996.8828125,2997.125,2997.375,2997.6484375,2997.9453125,2998.4453125,2999.859375,3000.328125,3001.40625,3001.71875,3001.9921875,3002.390625,3002.75,3003.09375,3003.421875,3003.609375,3003.7890625,3003.96875,3004.1484375,3004.328125,3004.5078125,3004.6953125,3004.8828125,3005.2421875,3005.6328125,3006.0234375,3007.046875,3007.359375,3007.640625,3007.96875,3008.28125,3008.578125,3008.7265625,3008.875,3009.03125,3009.1875,3009.34375,3009.5,3009.65625,3009.8203125,3009.984375,3010.1484375,3010.4296875,3010.7421875,3011.0390625,3011.734375,3012.0859375,3012.265625,3012.4296875,3012.5859375,3012.734375,3012.8984375,3013.0625,3013.21875,3013.375,3013.5234375,3013.671875,3013.8203125,3013.96875,3014.1640625,3014.359375,3014.546875,3014.7421875,3014.9375,3015.1328125,3015.3359375,3015.5390625,3015.734375,3015.9375,3016.1484375,3016.3671875,3016.578125,3016.8125,3017.6640625,3018.0234375,3018.21875,3018.3984375,3018.5703125,3018.7421875,3018.9453125,3019.140625,3019.3359375,3019.5234375,3019.7109375,3019.8984375,3020.0859375,3020.265625,3020.4296875,3020.6015625,3020.765625,3020.9375,3021.109375,3021.2890625,3021.46875,3021.65625,3021.8125,3021.9765625,3022.1484375,3022.3359375,3022.6875,3023.34375,3023.609375,3023.890625,3024.1484375,3024.4375,3024.7109375,3024.984375,3025.25,3025.5,3025.7578125,3026.0234375,3026.296875,3026.53125,3026.796875,3027.6015625,3027.8671875,3028.125,3028.3515625,3028.5703125,3028.78125,3028.9765625,3029.171875,3029.296875,3029.4140625,3029.5390625,3029.65625,3029.7734375,3029.890625,3030.0078125,3030.125,3030.2421875,3030.359375,3030.46875,3030.5859375,3030.703125,3030.8203125,3030.9375,3031.0546875,3031.1640625,3031.28125,3031.3984375,3031.515625,3031.6328125,3031.7578125,3031.8828125,3032.015625,3032.2578125,3032.5234375,3032.7890625,3033.46875,3033.671875,3033.859375,3034.0703125,3034.265625,3034.453125,3034.6328125,3034.7421875,3034.8515625,3034.9609375,3035.0625,3035.171875,3035.2734375,3035.375,3035.4765625,3035.578125,3035.6796875,3035.78125,3035.8828125,3035.984375,3036.0859375,3036.1796875,3036.28125,3036.4453125,3036.609375,3036.7734375,3036.9453125,3037.1171875,3037.2890625,3037.4609375,3037.640625,3037.8125,3037.9921875,3038.1796875,3038.3828125,3038.578125,3038.7890625,3039.5859375,3039.921875,3040.109375,3040.28125,3040.4453125,3040.6015625,3040.7890625,3040.9765625,3041.15625,3041.3359375,3041.515625,3041.6875,3041.859375,3042.03125,3042.125,3042.2265625,3042.328125,3042.4296875,3042.53125,3042.6328125,3042.734375,3042.8359375,3042.9375,3043.0390625,3043.140625,3043.25,3043.4609375,3043.6796875,3043.859375,3044.046875,3044.2421875,3044.453125,3044.6328125,3044.8359375,3045.5078125,3045.765625,3046.015625,3046.25,3046.4921875,3046.71875,3046.9375,3047.15625,3047.359375,3047.5625,3047.765625,3047.96875,3048.1640625,3048.3671875,3048.5703125,3048.7734375,3048.90625,3049.046875,3049.1875,3049.328125,3049.4765625,3049.625,3049.78125,3049.9375,3050.203125,3050.5,3050.78125,3051.4765625,3051.8359375,3052.1796875,3052.4921875,3052.78125,3053.0625,3053.203125,3053.34375,3053.484375,3053.6171875,3053.7734375,3053.9375,3054.09375,3054.2578125,3054.421875,3054.5859375,3054.7578125,3054.9375,3055.2421875,3055.578125,3055.8984375,3056.671875,3057.0859375,3057.296875,3057.5,3057.6953125,3057.8828125,3058.09375,3058.296875,3058.5,3058.6953125,3058.890625,3059.0859375,3059.28125,3059.46875,3059.65625,3059.8515625,3060.046875,3060.2421875,3060.4453125,3060.6484375,3060.859375,3061.0703125,3061.25,3061.4375,3061.6328125,3061.8359375,3062.21875,3063.1640625,3063.4296875,3063.6640625,3063.921875,3064.1640625,3064.390625,3064.6171875,3064.859375,3065.09375,3065.328125,3065.5625,3065.796875,3066.0234375,3066.25,3066.484375,3066.671875,3066.859375,3067.046875,3067.2421875,3067.4375,3067.640625,3067.84375,3068.0546875,3068.2421875,3068.4296875,3068.6328125,3068.84375,3069.265625,3070.09375,3070.4453125,3070.8125,3071.1484375,3071.34375,3071.53125,3071.71875,3071.90625,3072.09375,3072.2734375,3072.453125,3072.6328125,3072.9375,3073.25,3073.5703125,3073.8984375,3074.2265625,3074.5859375,3074.953125,3075.984375,3076.3046875,3076.59375,3076.9375,3077.2578125,3077.5703125,3077.875,3078.21875,3078.5625,3078.9140625,3079.28125,3079.640625,3080.03125,3080.4375,3081.5703125,3081.921875,3082.2421875,3082.6171875,3082.984375,3083.34375,3083.6953125,3084.0078125,3084.3203125,3084.640625,3084.984375,3085.2734375,3085.6015625,3086.703125,3087.140625,3087.59375,3088.0234375,3088.390625,3088.78125,3090.234375,3090.53125,3090.796875,3091.1171875,3091.421875,3091.7109375,3091.984375,3092.2578125,3092.5234375,3092.7890625,3093.0546875,3093.3046875,3093.5625,3093.828125,3094.1015625,3094.3515625,3094.6328125,3095.5546875,3095.90625,3096.09375,3096.265625,3096.4296875,3096.59375,3096.7890625,3096.9765625,3097.15625,3097.3359375,3097.5078125,3097.6796875,3097.84375,3098.0078125,3098.1171875,3098.21875,3098.3203125,3098.421875,3098.5234375,3098.625,3098.7265625,3098.828125,3098.9296875,3099.03125,3099.1328125,3099.234375,3099.3359375,3099.4453125,3099.546875,3099.65625,3099.765625,3099.8828125,3099.9921875,3100.109375,3100.2265625,3100.34375,3100.59375,3100.8359375,3101.09375,3101.359375,3102.0625,3102.2734375,3102.46875,3102.6875,3102.8984375,3103.09375,3103.28125,3103.3984375,3103.5078125,3103.625,3103.734375,3103.84375,3103.953125,3104.0625,3104.171875,3104.28125,3104.390625,3104.5,3104.6015625,3104.7109375,3104.8125,3104.9140625,3105.0234375,3105.1953125,3105.3671875,3105.5390625,3105.7109375,3105.890625,3106.0703125,3106.2578125,3106.4453125,3106.6171875,3106.796875,3106.984375,3107.1796875,3107.3671875,3107.5703125,3108.34375,3108.6640625,3108.8359375,3109.0,3109.15625,3109.3125,3109.4921875,3109.6640625,3109.8359375,3110.0078125,3110.1796875,3110.34375,3110.5078125,3110.671875,3110.828125,3110.9921875,3111.15625,3111.3203125,3111.484375,3111.65625,3111.828125,3112.0,3112.1640625,3112.328125,3112.5,3112.6875,3113.046875,3113.75,3114.0390625,3114.34375,3114.625,3114.7890625,3114.9453125,3115.1015625,3115.2578125,3115.40625,3115.5546875,3115.703125,3115.8515625,3116.0,3116.1484375,3116.296875,3116.4453125,3116.6015625,3116.7578125,3116.9140625,3117.078125,3117.359375,3117.6640625,3117.953125,3118.6484375,3119.0,3119.1796875,3119.34375,3119.5078125,3119.6640625,3119.828125,3119.9921875,3120.15625,3120.3125,3120.46875,3120.625,3120.78125,3120.9296875,3121.09375,3121.265625,3121.4296875,3121.6015625,3121.7734375,3121.9453125,3122.125,3122.3046875,3122.4765625,3122.6484375,3122.828125,3123.015625,3123.1953125,3123.3984375,3124.1328125,3124.4375,3124.6015625,3124.7578125,3124.90625,3125.046875,3125.21875,3125.3828125,3125.546875,3125.703125,3125.859375,3126.015625,3126.171875,3126.328125,3126.484375,3126.640625,3126.796875,3126.953125,3127.1171875,3127.28125,3127.4453125,3127.6171875,3127.7578125,3127.90625,3128.0625,3128.2265625,3128.53125,3129.25,3129.4453125,3129.625,3129.8125,3129.984375,3130.15625,3130.3203125,3130.4921875,3130.6640625,3130.828125,3130.9921875,3131.15625,3131.3203125,3131.484375,3131.640625,3131.7890625,3131.9453125,3132.09375,3132.25,3132.40625,3132.5625,3132.7265625,3132.890625,3133.03125,3133.1796875,3133.328125,3133.4921875,3133.7890625,3134.5,3134.6953125,3134.8671875,3135.0546875,3135.2265625,3135.390625,3135.5546875,3135.734375,3135.90625,3136.078125,3136.2421875,3136.40625,3136.5703125,3136.734375,3136.890625,3137.0625,3137.234375,3137.40625,3137.578125,3137.75,3137.9296875,3138.109375,3138.2890625,3138.4609375,3138.6328125,3138.8125,3139.0078125,3139.1875,3139.390625,3140.109375,3140.40625,3140.5625,3140.7109375,3140.8515625,3140.9921875,3141.15625,3141.3203125,3141.4765625,3141.625,3141.7734375,3141.921875,3142.0703125,3142.2109375,3142.3046875,3142.390625,3142.484375,3142.5703125,3142.65625,3142.75,3142.8359375,3142.9296875,3143.015625,3143.109375,3143.1953125,3143.2890625,3143.3828125,3143.4765625,3143.6640625,3143.84375,3144.03125,3144.2265625,3144.4296875,3144.625,3144.8359375,3145.046875,3145.6171875,3145.7890625,3145.9453125,3146.1171875,3146.28125,3146.4375,3146.59375,3146.78125,3146.9609375,3147.1328125,3147.3046875,3147.4765625,3147.640625,3147.8046875,3147.96875,3148.1328125,3148.3046875,3148.46875,3148.640625,3148.8125,3148.984375,3149.1640625,3149.3515625,3149.5078125,3149.6640625,3149.828125,3150.0,3150.1484375,3150.3203125,3150.890625,3151.09375,3151.296875,3151.484375,3151.6796875,3151.8671875,3152.0390625,3152.2109375,3152.3828125,3152.5546875,3152.7265625,3152.890625,3153.0546875,3153.21875,3153.3046875,3153.3828125,3153.46875,3153.546875,3153.6328125,3153.71875,3153.8046875,3153.8984375,3153.984375,3154.0703125,3154.15625,3154.25,3154.3359375,3154.4296875,3154.5234375,3154.6171875,3154.7109375,3154.8046875,3154.8984375,3155.0,3155.1640625,3155.328125,3155.5,3155.6875,3155.8515625,3156.03125,3156.6328125,3156.859375,3157.0859375,3157.296875,3157.515625,3157.71875,3157.9140625,3158.015625,3158.109375,3158.2109375,3158.3125,3158.4140625,3158.5078125,3158.609375,3158.703125,3158.8046875,3158.8984375,3159.0,3159.09375,3159.1875,3159.28125,3159.375,3159.46875,3159.5625,3159.6640625,3159.8046875,3159.9453125,3160.0859375,3160.234375,3160.3828125,3160.53125,3160.6875,3160.84375,3161.0,3161.1640625,3161.328125,3161.5078125,3161.6796875,3161.875,3162.6171875,3162.9375,3163.1171875,3163.28125,3163.4375,3163.59375,3163.7734375,3163.953125,3164.1328125,3164.3046875,3164.4765625,3164.6484375,3164.8125,3164.984375,3165.1328125,3165.2890625,3165.4453125,3165.6015625,3165.7578125,3165.921875,3166.0859375,3166.2578125,3166.4140625,3166.578125,3166.75,3166.9296875,3167.296875,3168.0390625,3168.359375,3168.6953125,3168.8515625,3169.0078125,3169.1875,3169.3671875,3169.546875,3169.71875,3169.890625,3170.0625,3170.234375,3170.40625,3170.546875,3170.6875,3170.828125,3170.9765625,3171.125,3171.2734375,3171.4296875,3171.59375,3171.8671875,3172.171875,3172.46875,3173.2578125,3173.7109375,3173.953125,3174.1796875,3174.40625,3174.6328125,3174.84375,3175.0546875,3175.2734375,3175.5078125,3175.9296875,3176.8828125,3177.140625,3177.3671875,3177.6171875,3177.859375,3178.0859375,3178.3125,3178.5234375,3178.734375,3178.9375,3179.140625,3179.34375,3179.5546875,3179.765625,3179.9765625,3180.15625,3180.3359375,3180.5234375,3180.7265625,3181.1015625,3181.9453125,3182.1640625,3182.359375,3182.5625,3182.7578125,3182.9375,3183.1171875,3183.3046875,3183.484375,3183.6640625,3183.8359375,3184.0078125,3184.1796875,3184.3515625,3184.5234375,3184.6953125,3184.875,3185.046875,3185.2265625,3185.40625,3185.5859375,3185.7734375,3185.9609375,3186.125,3186.296875,3186.4765625,3186.671875,3187.0390625,3187.734375,3188.015625,3188.3125,3188.578125,3188.734375,3188.8828125,3189.03125,3189.1796875,3189.3203125,3189.4609375,3189.6015625,3189.7421875,3189.8984375,3190.0546875,3190.2109375,3190.3671875,3190.5234375,3190.6875,3190.8515625,3191.015625,3191.171875,3191.3359375,3191.5078125,3191.6875,3192.0390625,3192.7265625,3193.0078125,3193.3046875,3193.578125,3193.734375,3193.890625,3194.046875,3194.1953125,3194.34375,3194.4921875,3194.640625,3194.78125,3194.9296875,3195.078125,3195.2265625,3195.375,3195.5234375,3195.6796875,3195.8359375,3195.9921875,3196.265625,3196.5625,3196.84375,3197.5,3197.828125,3197.9921875,3198.140625,3198.28125,3198.421875,3198.5625,3198.703125,3198.84375,3198.9765625,3199.109375,3199.234375,3199.3671875,3199.4921875,3199.6953125,3199.890625,3200.0859375,3200.28125,3200.4765625,3200.6796875,3200.8828125,3201.09375,3201.265625,3201.4453125,3201.6328125,3201.828125,3202.0,3202.1953125,3202.8203125,3203.046875,3203.265625,3203.46875,3203.6796875,3203.875,3204.0625,3204.25,3204.4296875,3204.609375,3204.78125,3204.953125,3205.125,3205.296875,3205.4609375,3205.6328125,3205.7734375,3205.921875,3206.0703125,3206.21875,3206.3671875,3206.5234375,3206.6875,3206.8515625,3206.9921875,3207.1328125,3207.28125,3207.4375,3207.7265625,3208.4296875,3208.625,3208.796875,3208.984375,3209.15625,3209.3203125,3209.484375,3209.65625,3209.828125,3210.0,3210.1640625,3210.328125,3210.484375,3210.6484375,3210.8046875,3210.8984375,3210.984375,3211.078125,3211.171875,3211.265625,3211.359375,3211.453125,3211.546875,3211.640625,3211.734375,3211.828125,3211.9296875,3212.03125,3212.1328125,3212.234375,3212.3359375,3212.5078125,3212.6796875,3212.859375,3213.0546875,3213.2265625,3213.4140625,3214.046875,3214.28125,3214.515625,3214.7265625,3214.953125,3215.1640625,3215.3671875,3215.5703125,3215.671875,3215.7734375,3215.875,3215.96875,3216.0703125,3216.1640625,3216.2578125,3216.3515625,3216.453125,3216.546875,3216.640625,3216.734375,3216.828125,3216.921875,3217.015625,3217.1171875,3217.265625,3217.4140625,3217.5703125,3217.7265625,3217.8828125,3218.046875,3218.21875,3218.390625,3218.5390625,3218.6875,3218.84375,3219.015625,3219.34375,3219.9609375,3220.21875,3220.484375,3220.734375,3221.0078125,3221.2734375,3221.53125,3221.7890625,3222.0390625,3222.2890625,3222.546875,3222.8125,3223.0703125,3223.3515625,3223.640625,3224.4375,3224.6796875,3224.90625,3225.1640625,3225.40625,3225.640625,3225.875,3226.1328125,3226.390625,3226.65625,3226.9296875,3227.171875,3227.4375,3228.296875,3228.609375,3228.7734375,3228.9296875,3229.078125,3229.21875,3229.390625,3229.5546875,3229.7109375,3229.8671875,3230.0234375,3230.171875,3230.3203125,3230.4609375,3230.6484375,3230.828125,3231.0078125,3231.1875,3231.3671875,3231.546875,3231.7265625,3231.9140625,3232.109375,3232.3125,3232.515625,3232.734375,3232.9453125,3233.171875,3233.40625,3234.015625,3234.1953125,3234.359375,3234.546875,3234.71875,3234.8828125,3235.0390625,3235.140625,3235.234375,3235.328125,3235.421875,3235.515625,3235.6015625,3235.6953125,3235.78125,3235.8671875,3235.953125,3236.0390625,3236.125,3236.2109375,3236.296875,3236.3828125,3236.4609375,3236.578125,3236.6875,3236.8046875,3236.9140625,3237.0234375,3237.140625,3237.25,3237.3671875,3237.4765625,3237.59375,3237.7109375,3237.828125,3237.9453125,3238.0625,3238.1796875,3238.3046875,3238.40625,3238.5078125,3238.609375,3238.7109375,3238.8203125,3238.9296875,3239.0390625,3239.15625,3239.359375,3239.578125,3239.7890625,3240.3046875,3240.578125,3240.71875,3240.84375,3240.96875,3241.0859375,3241.2109375,3241.3359375,3241.4609375,3241.578125,3241.6953125,3241.8046875,3241.921875,3242.03125,3242.140625,3242.25,3242.359375,3242.4609375,3242.5703125,3242.671875,3242.78125,3242.8828125,3242.9921875,3243.09375,3243.1953125,3243.3046875,3243.40625,3243.515625,3243.6171875,3243.7265625,3243.8046875,3243.8828125,3243.9609375,3244.046875,3244.125,3244.2109375,3244.375,3244.4609375,3244.546875,3244.71875,3244.8984375,3245.0859375,3245.2421875,3245.3984375,3245.5625,3245.7421875,3245.8984375,3246.0703125,3246.671875,3246.90625,3247.140625,3247.3515625,3247.578125,3247.796875,3248.0078125,3248.2109375,3248.4140625,3248.515625,3248.6171875,3248.71875,3248.8203125,3249.015625,3249.2109375,3249.3125,3249.4140625,3249.6171875,3249.71875,3249.828125,3249.9453125,3250.0625,3250.1796875,3250.3046875,3250.4296875,3250.5625,3250.6953125,3250.828125,3251.09375,3251.3828125,3251.6875,3252.3125,3252.5859375,3252.875,3253.1328125,3253.4375,3253.5859375,3253.734375,3253.8828125,3254.0234375,3254.3046875,3254.5859375,3254.8671875,3255.1640625,3255.46875,3255.734375,3256.0234375,3256.984375,3257.34375,3257.703125,3257.8671875,3258.03125,3258.2109375,3258.3828125,3258.5546875,3258.71875,3258.8828125,3259.046875,3259.2109375,3259.3671875,3259.53125,3259.703125,3259.875,3260.046875,3260.21875,3260.3984375,3260.578125,3260.7578125,3261.0859375,3261.4453125,3261.7890625,3262.6640625,3262.9140625,3263.140625,3263.390625,3263.6328125,3263.8671875,3264.0859375,3264.21875,3264.34375,3264.4765625,3264.6015625,3264.7265625,3264.8515625,3264.9765625,3265.1015625,3265.2265625,3265.34375,3265.46875,3265.5859375,3265.7109375,3265.828125,3265.9453125,3266.0625,3266.1796875,3266.3046875,3266.421875,3266.546875,3266.6640625,3266.7890625,3266.90625,3267.03125,3267.15625,3267.28125,3267.40625,3267.53125,3267.6640625,3267.796875,3267.9296875,3268.0625,3268.28125,3268.515625,3268.7578125,3269.015625,3269.234375,3269.484375,3270.296875,3270.59375,3270.8828125,3271.140625,3271.4140625,3271.671875,3271.921875,3272.15625,3272.28125,3272.40625,3272.53125,3272.65625,3272.7734375,3272.890625,3273.0078125,3273.125,3273.2421875,3273.3515625,3273.46875,3273.578125,3273.6953125,3273.8046875,3273.9140625,3274.0234375,3274.1484375,3274.2734375,3274.3984375,3274.515625,3274.640625,3274.765625,3274.890625,3275.015625,3275.140625,3275.265625,3275.390625,3275.515625,3275.640625,3275.7734375,3275.90625,3276.0390625,3276.15625,3276.2734375,3276.390625,3276.515625,3276.640625,3276.765625,3276.8984375,3277.03125,3277.2734375,3277.546875,3277.8125,3278.4921875,3278.6953125,3278.875,3279.078125,3279.2734375,3279.453125,3279.6328125,3279.84375,3280.046875,3280.2421875,3280.4375,3280.5390625,3280.6328125,3280.8203125,3280.9140625,3281.0078125,3281.1015625,3281.1953125,3281.2890625,3281.3828125,3281.4765625,3281.5703125,3281.6640625,3281.7578125,3281.8515625,3281.953125,3282.046875,3282.1484375,3282.34375,3282.4453125,3282.546875,3282.75,3282.9375,3283.1328125,3283.3359375,3283.546875,3283.7421875,3283.9609375,3284.75,3285.078125,3285.25,3285.4140625,3285.5703125,3285.7265625,3285.90625,3286.0859375,3286.2578125,3286.4296875,3286.6015625,3286.765625,3286.9296875,3287.09375,3287.2578125,3287.421875,3287.5859375,3287.75,3287.921875,3288.09375,3288.265625,3288.4453125,3288.59375,3288.75,3288.9140625,3289.0859375,3289.40625,3290.1484375,3290.34375,3290.515625,3290.703125,3290.875,3291.0390625,3291.1953125,3291.359375,3291.515625,3291.671875,3291.8203125,3291.96875,3292.1171875,3292.265625,3292.40625,3292.5078125,3292.609375,3292.7109375,3292.8125,3292.90625,3293.0078125,3293.109375,3293.2109375,3293.3125,3293.4140625,3293.515625,3293.6171875,3293.71875,3293.828125,3293.9296875,3294.0390625,3294.140625,3294.25,3294.359375,3294.46875,3294.578125,3294.6953125,3294.8125,3294.9375,3295.171875,3295.421875,3295.6796875,3296.390625,3296.609375,3296.8046875,3297.0234375,3297.234375,3297.4375,3297.6328125,3297.75,3297.8671875,3297.984375,3298.1015625,3298.21875,3298.328125,3298.4375,3298.546875,3298.6640625,3298.7734375,3298.8828125,3298.9921875,3299.1015625,3299.2109375,3299.3203125,3299.4375,3299.59375,3299.7578125,3299.921875,3300.0859375,3300.2578125,3300.4296875,3300.609375,3300.7890625,3300.953125,3301.1171875,3301.2890625,3301.4765625,3301.6484375,3301.8359375,3302.546875,3302.84375,3303.15625,3303.4375,3303.6015625,3303.765625,3303.921875,3304.078125,3304.234375,3304.3828125,3304.5390625,3304.6875,3304.8359375,3304.9921875,3305.1484375,3305.3046875,3305.4609375,3305.625,3305.7890625,3305.9609375,3306.1171875,3306.28125,3306.453125,3306.6328125,3306.9921875,3307.703125,3308.0,3308.3125,3308.59375,3308.7578125,3308.921875,3309.078125,3309.234375,3309.390625,3309.5390625,3309.6953125,3309.84375,3309.9921875,3310.1484375,3310.296875,3310.453125,3310.609375,3310.7734375,3310.9375,3311.1015625,3311.390625,3311.703125,3312.0,3312.6953125,3313.046875,3313.2265625,3313.390625,3313.546875,3313.703125,3313.8671875,3314.0234375,3314.1796875,3314.328125,3314.4765625,3314.625,3314.7734375,3314.9140625,3315.03125,3315.1484375,3315.265625,3315.3828125,3315.4921875,3315.609375,3315.7265625,3315.84375,3315.9609375,3316.078125,3316.1953125,3316.3125,3316.4296875,3316.5546875,3316.6796875,3316.8046875,3317.0078125,3317.21875,3317.4453125,3317.6796875,3317.8828125,3318.109375,3318.8515625,3319.125,3319.3984375,3319.6484375,3319.90625,3320.15625,3320.390625,3320.6171875,3320.734375,3320.8515625,3320.96875,3321.078125,3321.1953125,3321.3046875,3321.4140625,3321.5234375,3321.640625,3321.75,3321.859375,3321.96875,3322.078125,3322.1875,3322.296875,3322.40625,3322.6015625,3322.8046875,3323.0078125,3323.2109375,3323.421875,3323.6328125,3323.8515625,3324.078125,3324.265625,3324.4609375,3324.6640625,3324.8828125,3325.2890625,3326.03125,3326.3203125,3326.6171875,3326.8828125,3327.171875,3327.453125,3327.71875,3327.9765625,3328.1171875,3328.2578125,3328.3984375,3328.53125,3328.671875,3328.8046875,3328.9453125,3329.078125,3329.2109375,3329.3515625,3329.484375,3329.625,3329.765625,3329.90625,3330.046875,3330.1875,3330.375,3330.5625,3330.75,3330.9453125,3331.1484375,3331.3515625,3331.5625,3331.7890625,3332.15625,3332.5703125,3332.984375,3334.171875,3334.5546875,3334.9140625,3335.3203125,3335.7109375,3336.1015625,3336.5,3336.890625,3337.3046875,3337.7421875,3338.2265625,3338.8515625,3339.7109375,3340.8203125,3341.5390625,3341.9453125,3342.3203125,3342.6640625,3342.9921875,3343.3125,3343.625,3343.9296875,3344.234375,3344.515625,3344.796875,3345.0859375,3345.3828125,3345.9453125,3347.2890625,3347.6640625,3348.0078125,3348.3984375,3348.7734375,3349.1328125,3349.484375,3349.6796875,3349.8671875,3350.0546875,3350.25,3350.4453125,3350.640625,3350.84375,3351.046875,3351.390625,3351.7734375,3352.1328125,3352.9765625,3353.3984375,3353.8046875,3354.1796875,3354.375,3354.5625,3354.75,3354.9296875,3355.109375,3355.2890625,3355.46875,3355.6484375,3355.8203125,3355.9921875,3356.1640625,3356.34375,3356.5234375,3356.703125,3356.890625,3357.0859375,3357.40625,3357.765625,3358.1015625,3358.9140625,3359.328125,3359.7265625,3359.9140625,3360.09375,3360.2734375,3360.453125,3360.6328125,3360.8046875,3360.9765625,3361.1484375,3361.3203125,3361.4921875,3361.796875,3362.1015625,3362.421875,3362.7578125,3363.046875,3363.359375,3364.3828125,3364.75,3365.1171875,3365.4453125,3365.6171875,3365.7890625,3365.953125,3366.1171875,3366.28125,3366.4375,3366.59375,3366.75,3367.015625,3367.2734375,3367.53125,3367.796875,3368.0625,3368.3359375,3368.609375,3368.8984375,3369.140625,3369.3984375,3369.6640625,3369.953125,3370.4765625,3371.7890625,3372.15625,3372.5,3372.8125,3373.1171875,3373.4296875,3373.7421875,3374.234375,3374.78125,3376.734375,3378.28125,3378.765625,3379.2109375,3379.609375,3379.984375,3380.34375,3380.59375,3380.84375,3381.09375,3381.3359375,3381.578125,3381.828125,3382.078125,3382.328125,3382.75,3383.2109375,3383.6484375,3384.71875,3385.2890625,3385.578125,3385.859375,3386.1328125,3386.40625,3386.84375,3387.3125,3387.75,3388.6953125,3389.1171875,3389.5,3389.8515625,3390.0546875,3390.25,3390.4453125,3390.6328125,3390.8203125,3391.0,3391.1796875,3391.359375,3391.5390625,3391.71875,3391.890625,3392.0703125,3392.25,3392.4296875,3392.609375,3392.7890625,3393.078125,3393.3828125,3393.6953125,3394.03125,3394.359375,3394.71875,3395.109375,3396.3671875,3396.7890625,3397.1875,3397.6484375,3398.1015625,3398.5625,3399.0234375,3399.3125,3399.609375,3399.90625,3400.1953125,3400.4765625,3400.7578125,3401.03125,3401.2890625,3401.5390625,3401.7734375,3402.0,3402.2265625,3402.4375,3402.6484375,3402.8515625,3403.0546875,3403.3515625,3403.640625,3403.921875,3404.1953125,3404.46875,3404.7421875,3405.015625,3405.2890625,3405.5625,3405.84375,3406.1328125,3406.4296875,3406.7109375,3407.015625,3407.3125,3408.078125,3408.5,3408.7265625,3408.9375,3409.140625,3409.3359375,3409.578125,3409.8046875,3410.03125,3410.25,3410.46875,3410.6796875,3410.890625,3411.1015625,3411.3046875,3411.515625,3411.71875,3411.9296875,3412.140625,3412.3515625,3412.5703125,3412.796875,3413.0,3413.203125,3413.421875,3413.65625,3413.875,3414.109375,3415.0234375,3415.40625,3415.6171875,3415.8203125,3416.0078125,3416.1953125,3416.4140625,3416.6328125,3416.84375,3417.0546875,3417.265625,3417.4765625,3417.6875,3417.8984375,3418.1640625,3418.4375,3418.71875,3419.015625,3419.2890625,3419.5859375,3419.890625,3420.7578125,3421.03125,3421.28125,3421.5703125,3421.84375,3422.109375,3422.375,3422.6328125,3422.890625,3423.15625,3423.4375,3423.953125,3425.140625,3425.4609375,3425.75,3426.0546875,3426.34375,3426.625,3426.90625,3427.1640625,3427.421875,3427.6953125,3427.9765625,3428.484375,3429.6328125,3429.9296875,3430.1953125,3430.46875,3430.734375,3430.9921875,3431.2421875,3431.5546875,3431.875,3432.1953125,3432.5234375,3432.8125,3433.1328125,3433.4375,3434.15625,3434.53125,3434.7265625,3434.90625,3435.078125,3435.25,3435.4453125,3435.640625,3435.828125,3436.015625,3436.1953125,3436.375,3436.5546875,3436.7265625,3436.9453125,3437.15625,3437.375,3437.59375,3437.8125,3438.03125,3438.2578125,3438.4921875,3438.6875,3438.890625,3439.109375,3439.3359375,3439.5390625,3439.765625,3440.5625,3440.8828125,3441.21875,3441.5234375,3441.6953125,3441.8671875,3442.03125,3442.1953125,3442.359375,3442.515625,3442.671875,3442.828125,3442.984375,3443.1484375,3443.3125,3443.4765625,3443.640625,3443.8046875,3443.9765625,3444.1484375,3444.328125,3444.5078125,3444.6953125,3444.8984375,3445.3125,3446.15625,3446.5234375,3446.9140625,3447.09375,3447.2734375,3447.484375,3447.6953125,3447.8984375,3448.1015625,3448.3046875,3448.5,3448.703125,3448.90625,3449.0703125,3449.234375,3449.3984375,3449.5703125,3449.921875,3450.296875,3450.609375,3450.953125,3452.2421875,3452.8125,3453.1171875,3453.4140625,3453.7109375,3454.015625,3454.4375,3454.90625,3456.5625,3458.0078125,3458.5078125,3458.9765625,3459.390625,3459.765625,3459.9453125,3460.125,3460.296875,3460.46875,3460.6328125,3460.796875,3460.9609375,3461.125,3461.2890625,3461.4453125,3461.6484375,3461.84375,3462.046875,3462.25,3462.453125,3462.65625,3462.8671875,3463.0859375,3463.2734375,3463.4609375,3463.6640625,3463.875,3464.28125,3465.0546875,3465.3671875,3465.6875,3465.984375,3466.3203125,3466.640625,3466.9609375,3467.2734375,3467.5625,3467.8515625,3468.1484375,3468.4609375,3468.75,3469.0625,3470.234375,3470.7265625,3471.0,3471.2578125,3471.5078125,3471.7578125,3472.0078125,3472.2578125,3472.515625,3472.78125,3473.265625,3474.328125,3474.5859375,3474.8203125,3475.0625,3475.2890625,3475.5078125,3475.7265625,3475.953125,3476.171875,3476.390625,3476.6015625,3476.8125,3477.03125,3477.25,3477.4765625,3477.6640625,3477.8515625,3478.046875,3478.2578125,3478.640625,3479.5078125,3479.7265625,3479.921875,3480.125,3480.3125,3480.4921875,3480.6640625,3480.84375,3481.0234375,3481.1953125,3481.3671875,3481.5390625,3481.703125,3481.8671875,3482.03125,3482.140625,3482.2421875,3482.3515625,3482.453125,3482.5546875,3482.6640625,3482.765625,3482.875,3482.9765625,3483.0859375,3483.1953125,3483.3046875,3483.4140625,3483.5234375,3483.6328125,3483.75,3483.9375,3484.1328125,3484.3359375,3484.5546875,3484.7421875,3484.953125,3485.6484375,3485.9140625,3486.171875,3486.40625,3486.65625,3486.890625,3487.0078125,3487.1171875,3487.234375,3487.34375,3487.4609375,3487.578125,3487.6953125,3487.8046875,3487.921875,3488.03125,3488.1484375,3488.2578125,3488.375,3488.484375,3488.59375,3488.7109375,3488.8203125,3488.9375,3489.046875,3489.1640625,3489.296875,3489.4375,3489.578125,3489.71875,3489.859375,3490.0078125,3490.15625,3490.3125,3490.4609375,3490.609375,3490.765625,3490.9375,3491.28125,3491.9765625,3492.2734375,3492.59375,3492.8828125,3493.0546875,3493.21875,3493.3828125,3493.5390625,3493.703125,3493.859375,3494.015625,3494.171875,3494.3203125,3494.4765625,3494.6328125,3494.7890625,3494.9453125,3495.109375,3495.2734375,3495.4453125,3495.734375,3496.0546875,3496.359375,3497.1171875,3497.5234375,3497.7265625,3497.921875,3498.109375,3498.2890625,3498.484375,3498.6796875,3498.875,3499.0625,3499.25,3499.4375,3499.6171875,3499.8046875,3499.96875,3500.1328125,3500.296875,3500.46875,3500.640625,3500.8125,3500.9921875,3501.171875,3501.5234375,3501.90625,3502.3203125,3503.1875,3503.5703125,3503.984375,3504.3671875,3504.59375,3504.8125,3505.03125,3505.2421875,3505.4609375,3505.6796875,3505.8984375,3506.1171875,3506.3984375,3506.6796875,3506.9765625,3507.2734375,3507.578125,3507.8984375,3508.2265625,3508.5546875,3508.890625,3509.234375,3509.5703125,3509.8984375,3510.2265625,3510.546875,3510.859375,3511.171875,3511.5078125,3511.84375,3512.1796875,3512.53125,3512.8671875,3513.234375,3514.5234375,3515.046875,3515.3359375,3515.6015625,3515.859375,3516.1171875,3516.4375,3516.7578125,3517.078125,3517.40625,3517.703125,3518.0234375,3519.078125,3519.4609375,3519.6640625,3519.8515625,3520.03125,3520.203125,3520.421875,3520.625,3520.828125,3521.0234375,3521.2109375,3521.3984375,3521.5859375,3521.765625,3521.8828125,3522.0,3522.1171875,3522.234375,3522.3515625,3522.46875,3522.5859375,3522.703125,3522.8203125,3522.9375,3523.0546875,3523.171875,3523.2890625,3523.4140625,3523.5390625,3523.6640625,3523.875,3524.0859375,3524.3046875,3524.5390625,3524.7421875,3524.96875,3525.71875,3525.9921875,3526.265625,3526.515625,3526.7734375,3527.0234375,3527.1484375,3527.265625,3527.3828125,3527.4921875,3527.6171875,3527.7421875,3527.8671875,3527.9921875,3528.1171875,3528.234375,3528.3515625,3528.46875,3528.59375,3528.7109375,3528.828125,3528.9453125,3529.0625,3529.1796875,3529.296875,3529.4140625,3529.515625,3529.625,3529.7265625,3529.8359375,3529.9453125,3530.0546875,3530.1640625,3530.2734375,3530.3828125,3530.5,3530.609375,3530.7265625,3530.84375,3530.9609375,3531.203125,3531.3984375,3531.609375,3531.828125,3532.0625,3532.265625,3532.4921875,3533.2734375,3533.5859375,3533.8984375,3534.1796875,3534.4765625,3534.7578125,3535.03125,3535.3046875,3535.5546875,3535.8046875,3536.0546875,3536.3046875,3536.5546875,3536.8046875,3537.0546875,3537.3046875,3537.546875,3537.7890625,3538.0390625,3538.2890625,3538.546875,3538.8046875,3539.0703125,3539.34375,3539.609375,3539.890625,3540.1796875,3540.4921875,3540.78125,3541.09375,3542.2265625,3542.671875,3542.9140625,3543.140625,3543.3515625,3543.5546875,3543.8046875,3544.046875,3544.28125,3544.5078125,3544.734375,3544.953125,3545.171875,3545.390625,3545.59375,3545.7890625,3545.9921875,3546.1953125,3546.3984375,3546.609375,3546.8203125,3547.03125,3547.2265625,3547.4296875,3547.640625,3547.859375,3548.0625,3548.2890625,3549.0859375,3549.40625,3549.7421875,3550.046875,3550.2265625,3550.3984375,3550.5625,3550.7265625,3550.890625,3551.046875,3551.2109375,3551.3671875,3551.546875,3551.7265625,3551.90625,3552.09375,3552.2734375,3552.4609375,3552.6484375,3552.84375,3553.0234375,3553.203125,3553.3984375,3553.6015625,3554.0,3554.75,3555.0625,3555.3828125,3555.6796875,3555.8515625,3556.0234375,3556.1875,3556.3515625,3556.5078125,3556.6640625,3556.8203125,3556.9765625,3557.1328125,3557.296875,3557.453125,3557.6171875,3557.78125,3557.9453125,3558.109375,3558.28125,3558.578125,3558.8984375,3559.203125,3559.921875,3560.28125,3560.4609375,3560.625,3560.78125,3560.9375,3561.1015625,3561.2578125,3561.4140625,3561.5625,3561.7109375,3561.859375,3562.0078125,3562.15625,3562.3515625,3562.5390625,3562.734375,3562.9296875,3563.125,3563.3203125,3563.5234375,3563.7265625,3563.8984375,3564.078125,3564.265625,3564.4609375,3564.6328125,3564.8203125,3565.4375,3565.6640625,3565.8828125,3566.078125,3566.28125,3566.4765625,3566.6640625,3566.84375,3567.0234375,3567.203125,3567.3828125,3567.5546875,3567.7265625,3567.890625,3568.0625,3568.2265625,3568.328125,3568.4296875,3568.53125,3568.640625,3568.7421875,3568.8515625,3568.953125,3569.0625,3569.1640625,3569.2734375,3569.3828125,3569.4921875,3569.6015625,3569.71875,3569.828125,3569.9453125,3570.1328125,3570.328125,3570.53125,3570.75,3570.9453125,3571.15625,3571.875,3572.1484375,3572.421875,3572.671875,3572.8046875,3572.9375,3573.0625,3573.1875,3573.3125,3573.4296875,3573.546875,3573.6640625,3573.78125,3573.8984375,3574.015625,3574.125,3574.234375,3574.3515625,3574.46875,3574.5859375,3574.703125,3574.8203125,3574.9375,3575.0546875,3575.171875,3575.296875,3575.4140625,3575.5390625,3575.7578125,3575.9921875,3576.234375,3576.4921875,3576.7265625,3576.984375,3577.9921875,3578.4453125,3578.6953125,3578.9296875,3579.1640625,3579.3984375,3579.625,3579.8515625,3580.0859375,3580.328125,3580.7734375,3581.8359375,3582.125,3582.390625,3582.6796875,3582.9609375,3583.2265625,3583.4921875,3583.7890625,3584.0859375,3584.390625,3584.7109375,3584.984375,3585.28125,3586.234375,3586.5703125,3586.8984375,3587.203125,3587.3671875,3587.5234375,3587.6796875,3587.8359375,3587.984375,3588.1328125,3588.28125,3588.421875,3588.6015625,3588.78125,3588.9609375,3589.140625,3589.3203125,3589.5078125,3589.6953125,3589.8828125,3590.046875,3590.2109375,3590.3828125,3590.5703125,3590.90625,3591.703125,3591.90625,3592.09375,3592.2890625,3592.4765625,3592.65625,3592.828125,3593.0078125,3593.1875,3593.3671875,3593.5390625,3593.7109375,3593.875,3594.0390625,3594.203125,3594.3984375,3594.6015625,3594.8046875,3595.0078125,3595.2109375,3595.421875,3595.6328125,3595.8515625,3596.03125,3596.21875,3596.4140625,3596.625,3596.8125,3597.015625,3597.6875,3597.9453125,3598.203125,3598.4296875,3598.671875,3598.90625,3599.125,3599.34375,3599.4609375,3599.5703125,3599.6875,3599.796875,3599.90625,3600.015625,3600.125,3600.234375,3600.34375,3600.453125,3600.5625,3600.6640625,3600.7734375,3600.8828125,3600.9921875,3601.1015625,3601.203125,3601.3125,3601.421875,3601.53125,3601.640625,3601.75,3601.96875,3602.1953125,3602.4296875,3602.6640625,3602.9140625,3603.109375,3603.3203125,3603.5390625,3603.78125,3604.21875,3605.0390625,3605.3828125,3605.7265625,3606.046875,3606.390625,3606.7265625,3607.046875,3607.3671875,3607.671875,3607.96875,3608.265625,3608.5625,3608.859375,3609.15625,3609.4609375,3609.7578125,3609.9296875,3610.1015625,3610.2734375,3610.4453125,3610.6171875,3610.7890625,3610.9609375,3611.1328125,3611.3046875,3611.4765625,3611.640625,3611.8125,3611.9765625,3612.1484375,3612.3203125,3612.4921875,3612.8046875,3613.125,3613.453125,3613.7890625,3614.1015625,3614.4375,3614.765625,3615.5703125,3616.0,3616.2265625,3616.4453125,3616.6484375,3616.84375,3617.0859375,3617.3125,3617.53125,3617.75,3617.96875,3618.1796875,3618.390625,3618.6015625,3618.7734375,3618.9453125,3619.1171875,3619.2890625,3619.4609375,3619.640625,3619.8203125,3620.0078125,3620.1953125,3620.3828125,3620.5859375,3620.796875,3621.0,3621.21875,3622.0546875,3622.40625,3622.7734375,3622.9375,3623.1015625,3623.296875,3623.4921875,3623.6796875,3623.8671875,3624.046875,3624.2265625,3624.40625,3624.5859375,3624.765625,3624.9453125,3625.125,3625.3046875,3625.4921875,3625.6796875,3625.875,3626.0703125,3626.234375,3626.40625,3626.5859375,3626.7734375,3627.125,3627.953125,3628.1796875,3628.3828125,3628.6015625,3628.8046875,3629.0,3629.1875,3629.3828125,3629.578125,3629.7734375,3629.9609375,3630.1484375,3630.3359375,3630.515625,3630.703125,3630.859375,3631.015625,3631.171875,3631.328125,3631.4921875,3631.65625,3631.828125,3632.0,3632.296875,3632.625,3632.9375,3633.671875,3634.046875,3634.2421875,3634.421875,3634.59375,3634.7578125,3634.9375,3635.1171875,3635.2890625,3635.453125,3635.6171875,3635.7734375,3635.9375,3636.09375,3636.2109375,3636.3203125,3636.4296875,3636.5390625,3636.6484375,3636.7578125,3636.8671875,3636.984375,3637.09375,3637.203125,3637.3125,3637.4296875,3637.5390625,3637.65625,3637.765625,3637.8828125,3638.0,3638.125,3638.2421875,3638.3671875,3638.4921875,3638.625,3638.7578125,3638.890625,3639.1484375,3639.4375,3639.7265625,3640.4765625,3640.703125,3640.90625,3641.140625,3641.359375,3641.5703125,3641.765625,3641.890625,3642.015625,3642.1328125,3642.25,3642.3671875,3642.4765625,3642.59375,3642.703125,3642.8125,3642.921875,3643.03125,3643.140625,3643.25,3643.359375,3643.46875,3643.5703125,3643.7109375,3643.84375,3643.984375,3644.1171875,3644.25,3644.390625,3644.53125,3644.671875,3644.8125,3644.953125,3645.09375,3645.234375,3645.375,3645.5234375,3645.671875,3645.8203125,3645.9375,3646.0625,3646.1875,3646.3125,3646.4453125,3646.578125,3646.71875,3646.859375,3647.1015625,3647.375,3647.6328125,3648.2734375,3648.609375,3648.78125,3648.9375,3649.09375,3649.2421875,3649.3984375,3649.5546875,3649.703125,3649.8515625,3650.0,3650.140625,3650.28125,3650.421875,3650.5625,3650.703125,3650.84375,3650.9765625,3651.1171875,3651.25,3651.3828125,3651.515625,3651.6484375,3651.78125,3651.9140625,3652.0546875,3652.1875,3652.328125,3652.46875,3652.609375,3652.7578125,3652.90625,3653.0625,3653.21875,3653.375,3653.5390625,3653.703125,3653.875,3654.03125,3654.1875,3654.359375,3654.5390625,3654.8984375,3655.6171875,3655.9296875,3656.25,3656.546875,3656.71875,3656.8828125,3657.046875,3657.2109375,3657.375,3657.53125,3657.6875,3657.84375,3658.0,3658.1640625,3658.328125,3658.4921875,3658.65625,3658.828125,3659.0,3659.171875,3659.3359375,3659.5078125,3659.6875,3659.8828125,3660.265625,3661.03125,3661.359375,3661.703125,3662.015625,3662.1953125,3662.375,3662.5546875,3662.7265625,3662.8984375,3663.0703125,3663.2421875,3663.40625,3663.5703125,3663.734375,3663.8984375,3664.0703125,3664.2421875,3664.4140625,3664.59375,3664.78125,3665.09375,3665.4453125,3665.7890625,3666.6640625,3667.15625,3667.4140625,3667.6640625,3667.90625,3668.140625,3668.40625,3668.671875,3668.9375,3669.203125,3669.4765625,3669.75,3670.03125,3670.328125,3670.578125,3670.84375,3671.453125,3674.125,3674.765625,3675.03125,3675.28125,3675.515625,3675.734375,3675.953125,3676.1640625,3676.3671875,3676.5703125,3676.7734375,3676.96875,3677.171875,3677.3671875,3677.5625,3677.765625,3677.96875,3678.1796875,3678.5390625,3678.921875,3679.28125,3680.1171875,3680.5234375,3680.7265625,3680.9140625,3681.09375,3681.2734375,3681.46875,3681.65625,3681.84375,3682.0234375,3682.203125,3682.375,3682.5546875,3682.7265625,3682.921875,3683.1171875,3683.3125,3683.5078125,3683.703125,3683.90625,3684.109375,3684.3203125,3684.4921875,3684.671875,3684.859375,3685.0625,3685.4296875,3686.296875,3686.5234375,3686.734375,3686.953125,3687.15625,3687.3515625,3687.5390625,3687.734375,3687.921875,3688.109375,3688.2890625,3688.46875,3688.6484375,3688.828125,3689.0078125,3689.171875,3689.3359375,3689.5,3689.6640625,3689.8359375,3690.0078125,3690.1875,3690.3671875,3690.515625,3690.671875,3690.8359375,3691.015625,3691.34375,3692.125,3692.3359375,3692.5234375,3692.7265625,3692.9140625,3693.09375,3693.265625,3693.453125,3693.6328125,3693.8125,3693.984375,3694.15625,3694.328125,3694.5,3694.6640625,3694.7734375,3694.8828125,3694.9921875,3695.1015625,3695.2109375,3695.3203125,3695.4296875,3695.546875,3695.65625,3695.7734375,3695.8828125,3696.0,3696.1171875,3696.234375,3696.3515625,3696.4765625,3696.671875,3696.8828125,3697.1015625,3697.328125,3697.53125,3697.75,3698.5078125,3698.8046875,3699.1015625,3699.3671875,3699.65625,3699.9296875,3700.1953125,3700.453125,3700.5859375,3700.7109375,3700.9609375,3701.2109375,3701.4609375,3701.5859375,3701.71875,3701.9765625,3702.2421875,3702.515625,3702.7265625,3702.953125,3703.1875,3703.4375,3703.6875,3703.96875,3705.1875,3705.484375,3705.7578125,3706.078125,3706.3828125,3706.6875,3706.9921875,3707.2890625,3707.59375,3707.90625,3708.234375,3708.53125,3708.8515625,3709.96875,3710.421875,3710.8828125,3711.3125,3711.5546875,3711.796875,3712.03125,3712.265625,3712.5,3712.7265625,3712.953125,3713.1875,3713.421875,3713.65625,3713.890625,3714.1328125,3714.3828125,3714.6328125,3715.15625,3715.671875,3716.234375,3716.8203125,3718.453125,3718.953125,3719.40625,3719.9296875,3720.4296875,3720.90625,3721.375,3721.796875,3722.2265625,3722.65625,3723.109375,3723.5078125,3723.9453125,3725.4296875,3726.015625,3726.328125,3726.6328125,3726.921875,3727.2109375,3727.515625,3727.8203125,3728.125,3728.4453125,3729.03125,3730.3671875,3730.71875,3731.0390625,3731.3984375,3731.7421875,3732.0703125,3732.390625,3732.6484375,3732.90625,3733.1640625,3733.4140625,3733.6640625,3733.921875,3734.1796875,3734.4375,3734.6796875,3734.921875,3735.1796875,3735.453125,3735.703125,3735.9765625,3736.9453125,3737.3359375,3737.7421875,3738.1171875,3738.3359375,3738.546875,3738.75,3738.953125,3739.15625,3739.3515625,3739.546875,3739.7421875,3739.96875,3740.1953125,3740.421875,3740.65625,3740.890625,3741.125,3741.359375,3741.6015625,3741.84375,3742.1015625,3742.3671875,3742.640625,3742.90625,3743.203125,3744.328125,3744.8046875,3745.0625,3745.3125,3745.546875,3745.7734375,3746.046875,3746.3125,3746.578125,3746.8359375,3747.09375,3747.34375,3747.59375,3747.8515625,3748.0390625,3748.234375,3748.4296875,3748.625,3748.8203125,3749.0234375,3749.2265625,3749.4375,3749.6484375,3749.859375,3750.078125,3750.3125,3750.78125,3751.6953125,3752.0703125,3752.46875,3752.828125,3753.0390625,3753.25,3753.453125,3753.6484375,3753.84375,3754.0390625,3754.234375,3754.421875,3754.6171875,3754.8125,3755.0078125,3755.203125,3755.3984375,3755.6015625,3755.8046875,3756.015625,3756.3671875,3756.7578125,3757.125,3757.9921875,3758.421875,3758.6328125,3758.8359375,3759.0234375,3759.2109375,3759.3984375,3759.5859375,3759.7734375,3759.953125,3760.1328125,3760.3125,3760.4921875,3760.6640625,3760.8203125,3760.9765625,3761.1328125,3761.296875,3761.4609375,3761.625,3761.7890625,3761.9609375,3762.2578125,3762.5859375,3762.8984375,3763.6328125,3764.015625,3764.2109375,3764.3984375,3764.578125,3764.75,3764.9453125,3765.1328125,3765.3203125,3765.5,3765.6796875,3765.8515625,3766.0234375,3766.1953125,3766.3984375,3766.59375,3766.7890625,3766.9921875,3767.1953125,3767.3984375,3767.609375,3767.828125,3768.0078125,3768.1875,3768.3828125,3768.5859375,3768.9609375,3769.84375,3770.078125,3770.2890625,3770.5078125,3770.71875,3770.9140625,3771.109375,3771.3046875,3771.4921875,3771.6796875,3771.859375,3772.046875,3772.2265625,3772.40625,3772.5859375,3772.7421875,3772.90625,3773.0703125,3773.234375,3773.3984375,3773.5703125,3773.7421875,3773.921875,3774.0859375,3774.2578125,3774.4375,3774.6328125,3775.0078125,3775.75,3776.0625,3776.390625,3776.6875,3776.859375,3777.03125,3777.1953125,3777.359375,3777.5234375,3777.6796875,3777.84375,3778.0,3778.15625,3778.3203125,3778.4765625,3778.640625,3778.8046875,3778.9765625,3779.1484375,3779.3203125,3779.46875,3779.625,3779.953125,3780.265625,3781.015625,3781.21875,3781.3984375,3781.59375,3781.78125,3781.953125,3782.125,3782.3125,3782.5,3782.6796875,3782.859375,3783.03125,3783.203125,3783.375,3783.546875,3783.7265625,3783.90625,3784.0859375,3784.265625,3784.4453125,3784.6328125,3784.828125,3785.0234375,3785.1875,3785.359375,3785.5390625,3785.734375,3786.0859375,3786.7109375,3786.9453125,3787.1796875,3787.390625,3787.625,3787.84375,3788.0546875,3788.2578125,3788.375,3788.484375,3788.6015625,3788.7109375,3788.8203125,3788.9296875,3789.0390625,3789.1484375,3789.2578125,3789.3671875,3789.4765625,3789.578125,3789.6875,3789.7890625,3789.890625,3790.0,3790.1796875,3790.359375,3790.5390625,3790.71875,3790.8984375,3791.0859375,3791.2734375,3791.46875,3791.6640625,3791.8671875,3792.078125,3792.3046875,3792.5234375,3792.765625,3793.015625,3793.7109375,3793.921875,3794.1171875,3794.3359375,3794.546875,3794.75,3794.9453125,3795.0625,3795.1796875,3795.296875,3795.40625,3795.5234375,3795.6328125,3795.7421875,3795.8515625,3795.9609375,3796.0703125,3796.1796875,3796.2890625,3796.3984375,3796.5078125,3796.6171875,3796.7265625,3796.8984375,3797.078125,3797.2578125,3797.4375,3797.6171875,3797.8046875,3798.0,3798.1953125,3798.3828125,3798.5703125,3798.7734375,3798.984375,3799.1875,3799.4140625,3800.265625,3800.6328125,3800.8359375,3801.0234375,3801.203125,3801.375,3801.5859375,3801.7890625,3801.984375,3802.1796875,3802.375,3802.5625,3802.75,3802.9375,3803.125,3803.3203125,3803.5078125,3803.703125,3803.8984375,3804.09375,3804.296875,3804.5,3804.7109375,3804.921875,3805.140625,3805.375,3805.6015625,3805.8515625,3806.828125,3807.2421875,3807.46875,3807.6796875,3807.8828125,3808.0859375,3808.328125,3808.5625,3808.7890625,3809.015625,3809.2421875,3809.4609375,3809.6875,3809.9140625,3810.0703125,3810.234375,3810.3984375,3810.5625,3810.7265625,3810.8984375,3811.078125,3811.2578125,3811.5625,3811.90625,3812.2265625,3812.984375,3813.3671875,3813.734375,3814.0703125,3814.3828125,3814.6796875,3814.96875,3815.2578125,3815.421875,3815.59375,3815.765625,3815.9375,3816.109375,3816.2890625,3816.46875,3816.6484375,3816.96875,3817.3125,3817.640625,3818.4140625,3818.8125,3819.015625,3819.203125,3819.3828125,3819.5546875,3819.7421875,3819.921875,3820.1015625,3820.28125,3820.4609375,3820.6328125,3820.8046875,3820.9765625,3821.140625,3821.3125,3821.4765625,3821.6484375,3821.8203125,3821.9921875,3822.171875,3822.359375,3822.671875,3823.0234375,3823.3515625,3824.140625,3824.546875,3824.7578125,3824.953125,3825.140625,3825.328125,3825.53125,3825.7265625,3825.921875,3826.109375,3826.296875,3826.484375,3826.671875,3826.859375,3827.03125,3827.2109375,3827.390625,3827.5703125,3827.75,3827.9375,3828.125,3828.3203125,3828.4921875,3828.6640625,3828.84375,3829.0390625,3829.4140625,3830.1171875,3830.40625,3830.7109375,3830.984375,3831.296875,3831.59375,3831.890625,3832.1796875,3832.4609375,3832.7421875,3833.0390625,3833.34375,3833.609375,3833.8984375,3834.84375,3835.1796875,3835.515625,3835.828125,3835.9921875,3836.15625,3836.3125,3836.46875,3836.625,3836.7734375,3836.9296875,3837.078125,3837.2421875,3837.40625,3837.5703125,3837.7421875,3837.9140625,3838.0859375,3838.2578125,3838.4375,3838.7421875,3839.078125,3839.3984375,3840.1640625,3840.546875,3840.7421875,3840.9296875,3841.109375,3841.28125,3841.4765625,3841.6640625,3841.8515625,3842.03125,3842.2109375,3842.3828125,3842.5546875,3842.7265625,3842.84375,3842.9609375,3843.078125,3843.1953125,3843.3125,3843.4296875,3843.546875,3843.671875,3843.7890625,3843.9140625,3844.0390625,3844.1640625,3844.2890625,3844.4140625,3844.5390625,3844.671875,3844.8828125,3845.1015625,3845.328125,3845.5703125,3845.78125,3846.0234375,3846.8359375,3847.15625,3847.4765625,3847.7734375,3847.9296875,3848.0859375,3848.234375,3848.3828125,3848.53125,3848.6796875,3848.828125,3848.96875,3849.109375,3849.25,3849.390625,3849.53125,3849.671875,3849.8125,3849.953125,3850.1015625,3850.25,3850.3984375,3850.546875,3850.703125,3851.015625,3851.3515625,3851.71875,3852.125,3852.578125,3853.1171875,3853.96875,3854.8359375,3855.4765625,3856.0390625,3856.421875,3856.7890625,3857.15625,3857.5234375,3857.84375,3858.1875,3859.25,3859.6015625,3859.9453125,3860.2578125,3860.4375,3860.6171875,3860.7890625,3860.9609375,3861.125,3861.2890625,3861.4453125,3861.6015625,3861.8046875,3862.0,3862.1953125,3862.390625,3862.5859375,3862.7890625,3862.9921875,3863.203125,3863.375,3863.5546875,3863.7421875,3863.9375,3864.296875,3865.125,3865.3359375,3865.53125,3865.734375,3865.921875,3866.1015625,3866.2734375,3866.453125,3866.625,3866.796875,3866.96875,3867.1328125,3867.296875,3867.4609375,3867.625,3867.8046875,3867.984375,3868.1640625,3868.3515625,3868.5390625,3868.7265625,3868.921875,3869.1171875,3869.28125,3869.453125,3869.6328125,3869.8203125,3870.1640625,3870.9765625,3871.1875,3871.3828125,3871.5859375,3871.7734375,3871.953125,3872.125,3872.3046875,3872.484375,3872.6640625,3872.8359375,3873.0078125,3873.171875,3873.3359375,3873.5,3873.609375,3873.71875,3873.8203125,3873.9296875,3874.0390625,3874.1484375,3874.2578125,3874.3671875,3874.4765625,3874.5859375,3874.6953125,3874.8125,3874.9296875,3875.046875,3875.1640625,3875.28125,3875.4765625,3875.6796875,3875.890625,3876.1171875,3876.3125,3876.53125,3877.25,3877.5234375,3877.7890625,3878.03125,3878.28125,3878.40625,3878.5234375,3878.640625,3878.75,3878.8671875,3878.9765625,3879.0859375,3879.1953125,3879.3046875,3879.40625,3879.515625,3879.6171875,3879.71875,3879.8203125,3879.9296875,3880.03125,3880.1328125,3880.234375,3880.3359375,3880.4453125,3880.546875,3880.65625,3880.8515625,3881.046875,3881.2421875,3881.4453125,3881.65625,3881.8671875,3882.0859375,3882.3125,3882.4921875,3882.6875,3882.890625,3883.109375,3883.53125,3884.3984375,3884.78125,3885.1875,3885.5703125,3885.7890625,3886.0,3886.21875,3886.4296875,3886.640625,3886.859375,3887.078125,3887.296875,3887.5546875,3887.8203125,3888.0859375,3888.3671875,3888.65625,3888.953125,3889.265625,3889.578125,3889.8984375,3890.2109375,3890.5234375,3890.828125,3891.125,3891.40625,3891.6796875,3891.9453125,3892.265625,3892.5703125,3892.875,3893.171875,3893.46875,3893.765625,3894.0625,3894.359375,3894.6328125,3894.90625,3895.1953125,3895.5,3895.78125,3896.09375,3897.25,3897.734375,3898.0,3898.25,3898.484375,3898.71875,3899.0,3899.2734375,3899.546875,3899.8203125,3900.09375,3900.375,3900.6640625,3900.9609375,3901.34375,3901.7578125,3902.2109375,3903.2265625,3903.703125,3904.21875,3904.703125,3905.265625,3905.8515625,3906.46875,3907.78125,3908.375,3909.0234375,3909.6484375,3910.03125,3910.421875,3910.828125,3911.265625,3911.75,3912.2578125,3913.2578125,3913.6875,3914.078125,3914.4453125,3914.7890625,3915.1171875,3915.4375,3915.75,3916.0625,3916.3203125,3916.5859375,3917.1328125,3917.640625,3918.6875,3919.1328125,3919.5234375,3919.8828125,3920.0703125,3920.2578125,3920.4375,3920.6171875,3920.7890625,3920.9609375,3921.125,3921.2890625,3921.515625,3921.7421875,3921.9609375,3922.1875,3922.4140625,3922.640625,3922.8671875,3923.1015625,3923.296875,3923.5,3923.7109375,3923.9296875,3924.3359375,3925.28125,3925.53125,3925.75,3925.9765625,3926.1953125,3926.3984375,3926.6015625,3926.8046875,3927.0078125,3927.203125,3927.3984375,3927.59375,3927.78125,3927.96875,3928.1640625,3928.3125,3928.46875,3928.625,3928.78125,3928.9375,3929.1015625,3929.265625,3929.4296875,3929.6015625,3929.78125,3929.96875,3930.1640625,3930.359375,3930.5703125,3931.3828125,3931.7265625,3931.9140625,3932.09375,3932.265625,3932.4296875,3932.625,3932.8203125,3933.0078125,3933.1953125,3933.3828125,3933.5625,3933.7421875,3933.921875,3934.09375,3934.265625,3934.4375,3934.609375,3934.78125,3934.9609375,3935.1484375,3935.3359375,3935.5078125,3935.6875,3935.875,3936.078125,3936.484375,3937.296875,3937.6484375,3938.0234375,3938.3671875,3938.5703125,3938.765625,3938.9609375,3939.1484375,3939.34375,3939.53125,3939.7265625,3939.921875,3940.1015625,3940.2890625,3940.484375,3940.6796875,3940.8828125,3941.09375,3941.3203125,3941.5546875,3942.078125,3943.546875,3944.84375,3945.2421875,3945.515625,3945.7578125,3945.984375,3946.203125,3946.515625,3946.8125,3947.09375,3947.375,3947.6484375,3947.921875,3948.1953125,3948.46875,3948.6953125,3948.9296875,3949.171875,3949.4296875,3949.6484375,3949.890625,3950.6484375,3950.90625,3951.15625,3951.375,3951.59375,3951.8046875,3952.0,3952.1953125,3952.390625,3952.578125,3952.765625,3952.9453125,3953.125,3953.3046875,3953.484375,3953.65625,3953.765625,3953.875,3953.984375,3954.0859375,3954.1875,3954.296875,3954.40625,3954.515625,3954.625,3954.734375,3954.84375,3954.953125,3955.0625,3955.1796875,3955.2890625,3955.40625,3955.5234375,3955.640625,3955.7578125,3955.875,3956.0,3956.125,3956.25,3956.3828125,3956.640625,3956.921875,3957.2109375,3958.03125,3958.2890625,3958.515625,3958.78125,3959.03125,3959.265625,3959.3828125,3959.5,3959.640625,3959.78125,3959.921875,3960.0546875,3960.1953125,3960.328125,3960.46875,3960.6015625,3960.734375,3960.875,3961.0078125,3961.1484375,3961.28125,3961.421875,3961.5625,3961.703125,3961.890625,3962.078125,3962.2734375,3962.46875,3962.671875,3962.8828125,3963.1015625,3963.328125,3963.6484375,3964.015625,3964.390625,3965.28125,3965.7109375,3966.1796875,3966.640625,3967.078125,3967.546875,3967.984375,3969.0546875,3969.6171875,3970.171875,3970.703125,3971.1953125,3971.6953125,3972.2265625,3972.8203125,3973.4765625,3974.375,3977.7578125,3978.3125,3978.7734375,3979.0859375,3979.375,3979.640625,3979.8984375,3980.1484375,3980.3828125,3980.609375,3980.8359375,3980.9765625,3981.1171875,3981.2578125,3981.3984375,3981.5390625,3981.671875,3981.8125,3981.9453125,3982.078125,3982.2109375,3982.34375,3982.4765625,3982.609375,3982.7421875,3982.875,3983.015625,3983.1484375,3983.2890625,3983.421875,3983.5625,3983.703125,3983.84375,3983.9921875,3984.140625,3984.4140625,3984.71875,3985.0234375,3985.7890625,3986.0078125,3986.2109375,3986.4375,3986.65625,3986.859375,3987.0546875,3987.1796875,3987.296875,3987.4140625,3987.53125,3987.6484375,3987.7578125,3987.8671875,3987.9765625,3988.0859375,3988.1953125,3988.3046875,3988.4140625,3988.5234375,3988.6328125,3988.7421875,3988.84375,3988.9609375,3989.0703125,3989.1875,3989.3046875,3989.4140625,3989.53125,3989.6484375,3989.765625,3989.8828125,3990.0,3990.1171875,3990.2421875,3990.359375,3990.484375,3990.609375,3990.734375,3990.9453125,3991.1640625,3991.390625,3991.6328125,3991.8515625,3992.09375,3992.9609375,3993.328125,3993.5234375,3993.703125,3993.8828125,3994.0546875,3994.25,3994.4453125,3994.6328125,3994.8203125,3995.0078125,3995.1953125,3995.3828125,3995.5703125,3995.7578125,3995.953125,3996.1484375,3996.34375,3996.546875,3996.7578125,3996.96875,3997.1953125,3997.3984375,3997.609375,3997.8359375,3998.078125,3998.4765625,3999.4609375,3999.9921875,4000.0,4000.0078125,4250.0
0.0,0.0,0.035019,0.03406,0.033777,0.033484,0.033272,0.033179,0.033106,0.033054,0.033019,0.033003,0.033008,0.033031,0.033073,0.033195,0.03338,0.033631,0.033946,0.034266,0.034647,0.035956,0.03641,0.036804,0.037115,0.037252,0.037373,0.037473,0.037555,0.037621,0.037668,0.037698,0.037709,0.037687,0.03761,0.037478,0.037292,0.037088,0.036835,0.035903,0.035586,0.035311,0.035209,0.035128,0.035055,0.035009,0.034991,0.035001,0.035039,0.035104,0.035198,0.035316,0.035531,0.035805,0.036136,0.036526,0.036973,0.037475,0.038051,0.038704,0.039284,0.039923,0.04062,0.041375,0.042068,0.042835,0.045487,0.046499,0.047455,0.048291,0.049139,0.049909,0.050577,0.051189,0.0515,0.051776,0.052034,0.052274,0.052497,0.052702,0.052889,0.053058,0.053208,0.053341,0.053457,0.05356,0.05364,0.053706,0.053752,0.053784,0.053798,0.053761,0.053677,0.053536,0.053386,0.053194,0.052502,0.05226,0.052058,0.0519,0.051795,0.051723,0.051691,0.051695,0.051751,0.051866,0.052045,0.052285,0.052542,0.052859,0.053192,0.054023,0.054426,0.054615,0.054777,0.05491,0.055017,0.055113,0.05517,0.055189,0.055172,0.055115,0.055022,0.05489,0.054719,0.054461,0.054158,0.053802,0.053373,0.052888,0.052348,0.051756,0.051089,0.050486,0.049852,0.049128,0.048343,0.047632,0.046839,0.044143,0.043176,0.042265,0.041448,0.040637,0.039899,0.039236,0.038649,0.038094,0.037829,0.0376,0.037188,0.037006,0.036841,0.036691,0.036559,0.036354,0.036272,0.036208,0.036161,0.036134,0.036122,0.036125,0.036146,0.036184,0.036239,0.036312,0.036401,0.036506,0.036764,0.036917,0.037098,0.037494,0.037966,0.03841,0.038889,0.039424,0.040038,0.040602,0.041236,0.043433,0.044233,0.045007,0.045695,0.046362,0.046934,0.047432,0.047874,0.048254,0.04842,0.04857,0.048702,0.048808,0.048906,0.048981,0.049044,0.049086,0.049123,0.049119,0.049096,0.049059,0.049001,0.048877,0.048713,0.048508,0.048252,0.047956,0.047606,0.047216,0.046772,0.046379,0.045942,0.045462,0.044939,0.043897,0.041246,0.040534,0.039895,0.039244,0.038656,0.038152,0.037691,0.037248,0.036865,0.036553,0.036301,0.036108,0.035975,0.035901,0.035885,0.035902,0.035938,0.035992,0.036069,0.036164,0.036278,0.036408,0.036563,0.036929,0.037397,0.037938,0.039129,0.03963,0.040122,0.040531,0.040744,0.040937,0.0411,0.041243,0.041363,0.041457,0.04153,0.041581,0.041612,0.041621,0.041609,0.041574,0.041518,0.041441,0.041341,0.041215,0.040958,0.040624,0.040271,0.039381,0.038945,0.03875,0.038584,0.038449,0.038344,0.038259,0.038212,0.038203,0.038229,0.038293,0.038396,0.038539,0.038713,0.038934,0.039194,0.039494,0.039831,0.04022,0.040646,0.041126,0.04164,0.042103,0.042608,0.043155,0.043743,0.04489,0.04779,0.048581,0.049257,0.04997,0.050604,0.051163,0.051683,0.052193,0.052639,0.053034,0.053377,0.053667,0.053896,0.054074,0.054205,0.054273,0.054307,0.054309,0.054279,0.054217,0.054121,0.053995,0.053835,0.053671,0.053487,0.05327,0.053027,0.052501,0.051408,0.050958,0.050518,0.050154,0.049962,0.049794,0.049642,0.049508,0.049391,0.049296,0.049218,0.049157,0.049091,0.049073,0.049102,0.049176,0.049289,0.049449,0.049639,0.050211,0.050367,0.050487,0.050598,0.050665,0.050691,0.050676,0.050611,0.050494,0.050323,0.050092,0.049822,0.049487,0.049108,0.048006,0.04769,0.047426,0.047153,0.046931,0.04676,0.04664,0.046572,0.046538,0.046537,0.046569,0.046617,0.04669,0.046992,0.047099,0.047181,0.047227,0.047239,0.047227,0.047098,0.047096,0.047115,0.04717,0.047263,0.047393,0.047566,0.04778,0.048042,0.048356,0.048709,0.04911,0.049558,0.050066,0.050649,0.05122,0.051874,0.054195,0.055042,0.055479,0.055878,0.056221,0.056526,0.056869,0.05717,0.057404,0.057595,0.057733,0.057825,0.057869,0.057864,0.057801,0.057676,0.057488,0.057236,0.056921,0.056544,0.056106,0.055589,0.055286,0.054966,0.054278,0.053504,0.052615,0.051705,0.050659,0.049579,0.046658,0.045784,0.04503,0.044184,0.043439,0.042793,0.042193,0.041843,0.041536,0.041247,0.040978,0.04073,0.040519,0.040313,0.040141,0.039979,0.039849,0.039739,0.039651,0.039579,0.039534,0.03951,0.039508,0.039552,0.039596,0.039662,0.039738,0.039837,0.040075,0.040373,0.040747,0.0412,0.041713,0.042234,0.042796,0.04345,0.04417,0.044865,0.045672,0.048724,0.049958,0.050597,0.051186,0.051726,0.052241,0.052802,0.053324,0.053785,0.054206,0.054585,0.054907,0.055189,0.05543,0.055621,0.055784,0.055901,0.055986,0.056034,0.056046,0.05602,0.05596,0.055873,0.05576,0.055617,0.055436,0.055034,0.054164,0.053825,0.053509,0.05327,0.053161,0.053078,0.05302,0.052987,0.05298,0.052997,0.05304,0.053108,0.053201,0.05332,0.053464,0.053633,0.053837,0.054065,0.054317,0.054605,0.055149,0.055796,0.056448,0.058061,0.058851,0.05922,0.05955,0.059842,0.060096,0.060346,0.060552,0.060724,0.060861,0.060957,0.061018,0.061044,0.061033,0.060981,0.060889,0.060757,0.060585,0.060375,0.060114,0.059815,0.059463,0.059092,0.05869,0.05824,0.057744,0.057246,0.056686,0.054513,0.053635,0.053181,0.052764,0.052385,0.052044,0.051652,0.051306,0.050992,0.050722,0.050483,0.050276,0.050101,0.04996,0.049852,0.049778,0.049737,0.049727,0.049751,0.049808,0.049896,0.050018,0.05014,0.050287,0.050461,0.05066,0.051066,0.05208,0.052337,0.052555,0.052758,0.052919,0.053051,0.053146,0.05321,0.053236,0.053222,0.053167,0.053072,0.052933,0.052752,0.052538,0.052297,0.052006,0.051693,0.051327,0.050925,0.050488,0.049993,0.049465,0.048989,0.048464,0.047919,0.047297,0.046132,0.043278,0.042516,0.041866,0.041184,0.040591,0.040057,0.039559,0.039059,0.03863,0.038252,0.037942,0.037684,0.03748,0.037331,0.037243,0.037205,0.037229,0.037317,0.037465,0.037673,0.037952,0.038291,0.038686,0.039113,0.039582,0.040115,0.040735,0.041336,0.042044,0.044644,0.045688,0.046213,0.046693,0.047125,0.047534,0.047978,0.048381,0.048725,0.049012,0.049259,0.049463,0.049624,0.049734,0.049785,0.049815,0.04983,0.049827,0.049809,0.049771,0.04972,0.049646,0.049563,0.049454,0.049339,0.049197,0.049037,0.048862,0.048462,0.048022,0.047509,0.046923,0.046264,0.045591,0.044831,0.044046,0.041895,0.041263,0.040703,0.040111,0.039573,0.039089,0.038638,0.038144,0.037724,0.037376,0.037083,0.036848,0.036679,0.036567,0.036512,0.036515,0.036579,0.036697,0.036881,0.037123,0.037421,0.037789,0.03823,0.038637,0.039078,0.039572,0.040118,0.040636,0.041223,0.04317,0.043899,0.044578,0.045175,0.045758,0.046273,0.0467,0.047078,0.047403,0.047671,0.047878,0.048016,0.048093,0.048107,0.048089,0.048058,0.048007,0.047945,0.047859,0.047756,0.047636,0.047484,0.047327,0.047153,0.046962,0.046734,0.046508,0.046244,0.045961,0.04566,0.045341,0.045006,0.044655,0.044257,0.043578,0.04286,0.04207,0.04117,0.040357,0.039445,0.036327,0.035167,0.034038,0.033027,0.032032,0.031558,0.031133,0.030363,0.029989,0.029659,0.029321,0.029004,0.028707,0.028432,0.028178,0.027964,0.027754,0.027581,0.027416,0.027285,0.027173,0.027082,0.027011,0.026957,0.026928,0.026918,0.026943,0.027011,0.027121,0.027272,0.027461,0.0277,0.027978,0.02831,0.028679,0.029101,0.029556,0.030085,0.030618,0.031245,0.033718,0.034752,0.035305,0.035787,0.036223,0.036633,0.03707,0.037466,0.037817,0.03811,0.03836,0.038564,0.038716,0.03883,0.038892,0.038921,0.038914,0.03887,0.038793,0.038677,0.038527,0.038337,0.038136,0.037901,0.037629,0.037323,0.036642,0.035174,0.034563,0.033971,0.033718,0.033482,0.033235,0.033014,0.032822,0.032667,0.032539,0.032441,0.032371,0.032329,0.032316,0.032321,0.032344,0.032386,0.032447,0.032524,0.032622,0.032742,0.032975,0.033274,0.033592,0.034468,0.034929,0.035149,0.035333,0.035495,0.035633,0.035741,0.035828,0.0359,0.035956,0.036015,0.036085,0.036126,0.036182,0.036274,0.036397,0.03655,0.036741,0.036959,0.037216,0.037502,0.037828,0.038192,0.038612,0.039073,0.039572,0.040027,0.040505,0.041027,0.041616,0.042752,0.045382,0.046043,0.046612,0.047179,0.047694,0.048138,0.048549,0.048939,0.049274,0.049566,0.049805,0.050002,0.050156,0.050266,0.05033,0.05035,0.050323,0.050253,0.050133,0.049967,0.049758,0.049496,0.049193,0.048897,0.048559,0.048178,0.047737,0.046851,0.045091,0.044396,0.043701,0.043125,0.042811,0.042533,0.042276,0.04204,0.041839,0.041658,0.041501,0.041365,0.041242,0.041147,0.041081,0.041042,0.04103,0.041047,0.04109,0.04116,0.041248,0.041363,0.041503,0.04167,0.04204,0.042834,0.043144,0.043435,0.043659,0.043763,0.043846,0.043909,0.043946,0.043962,0.043956,0.043926,0.043876,0.0438,0.0437,0.043576,0.04343,0.043261,0.04306,0.042837,0.042593,0.042121,0.041557,0.040988,0.039621,0.038971,0.038667,0.038407,0.038178,0.037966,0.037775,0.037605,0.037458,0.037342,0.03725,0.037185,0.037141,0.037124,0.037146,0.037228,0.037369,0.037571,0.037831,0.038163,0.038553,0.039018,0.039437,0.039911,0.040439,0.041022,0.041557,0.042184,0.044249,0.044986,0.045674,0.046285,0.04688,0.04739,0.047836,0.048235,0.048568,0.04885,0.04907,0.049238,0.049354,0.049416,0.049425,0.049381,0.049305,0.049187,0.049031,0.048837,0.048608,0.04833,0.048001,0.047637,0.047299,0.04694,0.046541,0.046102,0.045252,0.04312,0.042551,0.04207,0.041575,0.041152,0.040782,0.040448,0.040141,0.039881,0.039673,0.039526,0.03943,0.039388,0.039398,0.039459,0.03952,0.039593,0.039689,0.039804,0.039937,0.040088,0.040257,0.040444,0.040648,0.040869,0.041106,0.041381,0.041675,0.041986,0.042314,0.042658,0.043274,0.04393,0.044653,0.045475,0.046224,0.047061,0.049953,0.05101,0.052038,0.052928,0.053835,0.054626,0.055332,0.055976,0.056274,0.056555,0.056819,0.057046,0.057274,0.057469,0.057647,0.05781,0.057956,0.058086,0.058199,0.058303,0.058382,0.058445,0.058492,0.058525,0.058541,0.058516,0.058451,0.058347,0.058206,0.058022,0.057791,0.057526,0.057272,0.056998,0.05669,0.056332,0.055626,0.054207,0.053626,0.053053,0.052546,0.052038,0.051596,0.051221,0.050902,0.050646,0.050441,0.050281,0.050164,0.050091,0.050049,0.050033,0.050026,0.050004,0.049963,0.049885,0.049777,0.049635,0.049453,0.049205,0.048908,0.048551,0.048133,0.047727,0.047248,0.0456,0.045023,0.044739,0.044485,0.044261,0.044067,0.043857,0.043687,0.043558,0.043461,0.043401,0.043378,0.043391,0.043438,0.043555,0.043727,0.043958,0.044249,0.0446,0.045011,0.045479,0.046028,0.046661,0.047382,0.048161,0.049057,0.049969,0.050989,0.052075,0.05494,0.055766,0.056499,0.057308,0.058013,0.058648,0.059214,0.059559,0.059861,0.060145,0.060411,0.060657,0.060866,0.061074,0.061245,0.061399,0.061533,0.061648,0.061743,0.061818,0.061872,0.061905,0.061917,0.061902,0.061851,0.061758,0.061633,0.061473,0.061262,0.061028,0.060739,0.060432,0.060066,0.059661,0.059218,0.058738,0.058222,0.057673,0.05705,0.056517,0.055962,0.055386,0.054789,0.054125,0.053441,0.052738,0.051966,0.050588,0.04906,0.047557,0.043847,0.041915,0.040944,0.040098,0.039271,0.038515,0.037732,0.036976,0.036248,0.035593,0.034968,0.034411,0.033846,0.033347,0.032879,0.032442,0.032036,0.031687,0.031344,0.031055,0.030776,0.030548,0.030335,0.030168,0.03003,0.029915,0.029839,0.029789,0.029772,0.029786,0.029816,0.029862,0.029924,0.030011,0.030105,0.030227,0.030508,0.030679,0.030867,0.03129,0.031793,0.032378,0.032909,0.033473,0.034098,0.034813,0.035456,0.036181,0.038773,0.039769,0.040736,0.041572,0.042424,0.043192,0.043877,0.044478,0.04502,0.045267,0.045498,0.045713,0.045911,0.046246,0.04652,0.046638,0.046741,0.046897,0.046952,0.046995,0.047022,0.04703,0.04702,0.04699,0.046942,0.046872,0.046784,0.046679,0.046427,0.046099,0.045712,0.044869,0.044513,0.044164,0.043886,0.043609,0.043497,0.043401,0.043321,0.043262,0.043191,0.043182,0.043235,0.043352,0.043531,0.043728,0.043975,0.044905,0.045229,0.045505,0.045609,0.045697,0.045772,0.045822,0.045849,0.045853,0.045833,0.045789,0.045721,0.045633,0.045517,0.04537,0.045195,0.044995,0.044769,0.044508,0.044222,0.043913,0.043296,0.042557,0.041806,0.039842,0.039303,0.038836,0.03835,0.037917,0.037539,0.037228,0.03706,0.036918,0.036784,0.036675,0.036582,0.036508,0.036451,0.036412,0.036392,0.036391,0.036409,0.036443,0.036498,0.036568,0.036655,0.03676,0.036882,0.037032,0.03719,0.037378,0.037572,0.037797,0.038025,0.038286,0.038566,0.038863,0.039178,0.039509,0.039879,0.040267,0.040672,0.041093,0.04182,0.042641,0.043529,0.044513,0.045373,0.046378,0.049712,0.050916,0.05206,0.053045,0.054044,0.05493,0.055731,0.056422,0.056764,0.057086,0.057389,0.05767,0.057913,0.058136,0.058339,0.05852,0.058679,0.058807,0.058922,0.059009,0.059078,0.059121,0.059142,0.059142,0.059115,0.059059,0.058974,0.058869,0.058728,0.058557,0.058358,0.058131,0.057874,0.05759,0.057278,0.056938,0.056572,0.056155,0.055709,0.055236,0.054796,0.054337,0.053859,0.053329,0.05278,0.052213,0.051592,0.050954,0.049752,0.048347,0.046948,0.043328,0.042265,0.041342,0.040325,0.03938,0.038544,0.037745,0.036858,0.036062,0.035355,0.03471,0.034399,0.034128,0.033633,0.03341,0.033202,0.03301,0.032835,0.032676,0.032534,0.032407,0.032298,0.032204,0.032126,0.032065,0.032016,0.031987,0.031973,0.031994,0.03203,0.032082,0.032232,0.032422,0.032666,0.032966,0.033319,0.033678,0.034107,0.035751,0.036404,0.036722,0.037005,0.037253,0.037477,0.037701,0.037886,0.038024,0.038121,0.038174,0.038184,0.038151,0.038077,0.037959,0.037799,0.037598,0.037355,0.037058,0.036719,0.03634,0.035906,0.035519,0.035087,0.034611,0.034089,0.033071,0.030641,0.030023,0.029499,0.028955,0.028487,0.028072,0.027709,0.027365,0.027077,0.026831,0.026628,0.026478,0.026372,0.026311,0.026295,0.026312,0.026352,0.026414,0.026491,0.026588,0.026715,0.026864,0.027037,0.027232,0.027449,0.027688,0.027949,0.028231,0.028534,0.028858,0.029228,0.029591,0.030004,0.030436,0.030888,0.031358,0.031881,0.032422,0.033018,0.03418,0.035472,0.036844,0.040679,0.041831,0.042831,0.04391,0.044901,0.045802,0.046611,0.047067,0.047501,0.047911,0.048296,0.048655,0.048967,0.049255,0.04952,0.049777,0.049992,0.050182,0.050347,0.050488,0.050605,0.050697,0.050769,0.050822,0.050828,0.050782,0.050688,0.05054,0.050344,0.050091,0.049794,0.049488,0.049151,0.04877,0.048327,0.0479,0.047417,0.045522,0.044751,0.043985,0.043352,0.043013,0.042698,0.042423,0.042174,0.041951,0.041765,0.041596,0.041461,0.041353,0.041266,0.041207,0.041175,0.04117,0.041191,0.041238,0.041315,0.041405,0.041521,0.041661,0.041826,0.042198,0.043002,0.043323,0.043625,0.043854,0.043964,0.044055,0.044122,0.044169,0.044195,0.044199,0.044182,0.044144,0.044086,0.044003,0.043904,0.043777,0.04363,0.043454,0.043256,0.043039,0.042615,0.042108,0.041593,0.040352,0.039757,0.039474,0.039232,0.039019,0.038824,0.038643,0.038494,0.038371,0.038278,0.03821,0.03817,0.038157,0.03817,0.038202,0.038252,0.038321,0.038409,0.038516,0.038633,0.038776,0.038939,0.03912,0.03932,0.039537,0.039773,0.040026,0.040314,0.040621,0.040945,0.041508,0.042136,0.042853,0.043635,0.04434,0.045149,0.047866,0.048853,0.04981,0.050646,0.051459,0.05219,0.052815,0.053359,0.053615,0.053853,0.054073,0.054261,0.054443,0.054595,0.054729,0.054845,0.054949,0.055028,0.055088,0.055129,0.055152,0.055157,0.055143,0.05511,0.055007,0.05484,0.054614,0.05433,0.053978,0.05357,0.053094,0.052547,0.052058,0.051518,0.050926,0.05026,0.048966,0.046523,0.045585,0.044651,0.04385,0.043026,0.042281,0.041637,0.041071,0.040789,0.040526,0.040283,0.040073,0.03987,0.039697,0.039534,0.0394,0.039284,0.039182,0.039105,0.039043,0.039001,0.038979,0.038977,0.038993,0.039044,0.039126,0.039238,0.039384,0.039566,0.039777,0.040023,0.040314,0.040838,0.041488,0.04218,0.044214,0.044841,0.045403,0.046,0.046533,0.047023,0.047482,0.047893,0.048284,0.048672,0.049075,0.049554,0.050183,0.050976,0.051469,0.05173,0.051954,0.05214,0.052297,0.052429,0.052534,0.052614,0.052671,0.052702,0.052713,0.052705,0.052679,0.052587,0.052295,0.052242,0.052223,0.052246,0.052321,0.05245,0.052635,0.052763,0.052905,0.053064,0.053248,0.05345,0.053671,0.053918,0.054182,0.054665,0.055244,0.055818,0.057196,0.057857,0.058446,0.058933,0.059159,0.059358,0.059536,0.059687,0.059817,0.059927,0.060015,0.060082,0.060126,0.06015,0.060155,0.06014,0.060106,0.060052,0.059978,0.059881,0.059686,0.059423,0.059148,0.058449,0.058123,0.05786,0.057758,0.057677,0.057613,0.057567,0.05754,0.057533,0.057545,0.057577,0.057628,0.057698,0.057871,0.058102,0.058404,0.058778,0.059138,0.05956,0.061041,0.061553,0.062024,0.062395,0.062567,0.062721,0.062851,0.062962,0.063053,0.063122,0.063172,0.063202,0.063208,0.063159,0.063054,0.06289,0.06267,0.062388,0.062052,0.061645,0.061267,0.06083,0.06035,0.059797,0.058742,0.056006,0.055268,0.054599,0.054013,0.053463,0.05292,0.052398,0.051613,0.050784,0.047945,0.045646,0.044937,0.044309,0.043775,0.043305,0.04289,0.042623,0.042377,0.042151,0.041953,0.041775,0.041611,0.041468,0.041345,0.041175,0.041036,0.040936,0.040727,0.040581,0.040485,0.040376,0.040253,0.040112,0.039851,0.039527,0.039194,0.038439,0.038126,0.037875,0.037686,0.037599,0.037532,0.037484,0.037456,0.037448,0.037459,0.037489,0.037539,0.037609,0.0377,0.037806,0.037937,0.038088,0.038259,0.038451,0.038661,0.039037,0.039482,0.039983,0.040567,0.041174,0.041871,0.042655,0.045219,0.04605,0.046808,0.047646,0.048425,0.049173,0.049876,0.050295,0.050709,0.051105,0.051474,0.051817,0.052142,0.05244,0.052703,0.05294,0.053143,0.053321,0.053478,0.053604,0.053708,0.053787,0.053843,0.053879,0.053859,0.053784,0.053654,0.053467,0.05322,0.052914,0.052549,0.052126,0.051632,0.051068,0.050436,0.049793,0.04906,0.048318,0.046373,0.045345,0.044825,0.044368,0.043957,0.043594,0.043192,0.042869,0.042603,0.042404,0.042266,0.042191,0.042177,0.042223,0.042327,0.042495,0.042715,0.043003,0.043348,0.04375,0.044223,0.044769,0.045302,0.045874,0.046528,0.047265,0.047982,0.048774,0.051949,0.053248,0.053939,0.054584,0.055157,0.055707,0.056317,0.056889,0.057404,0.057882,0.058321,0.058722,0.059085,0.059411,0.059771,0.060088,0.060361,0.060601,0.060784,0.060952,0.061101,0.061495,0.061637,0.061783,0.061976,0.062187,0.062421,0.062684,0.062967,0.063277,0.063623,0.064015,0.064786,0.066649,0.067124,0.06753,0.067927,0.06827,0.068571,0.068837,0.069049,0.069234,0.0694,0.069544,0.069747,0.070117,0.070238,0.07037,0.070534,0.070726,0.070948,0.071198,0.071562,0.071983,0.072474,0.073034,0.07357,0.0742,0.074826,0.076349,0.077104,0.077477,0.077803,0.078097,0.078371,0.078655,0.078907,0.079115,0.079288,0.079419,0.079513,0.07957,0.079589,0.079561,0.079477,0.079333,0.07913,0.078869,0.078553,0.078171,0.07772,0.077304,0.076838,0.076301,0.075712,0.075162,0.074528,0.072235,0.071332,0.070425,0.069654,0.069245,0.068857,0.068509,0.068182,0.067879,0.067612,0.067367,0.067145,0.066945,0.06676,0.066599,0.066462,0.066349,0.066258,0.066186,0.066136,0.066106,0.066097,0.066106,0.066136,0.066244,0.066546,0.066657,0.066728,0.066739,0.066735,0.066706,0.066652,0.066573,0.066467,0.066333,0.066178,0.06599,0.065774,0.06558,0.065369,0.065142,0.064888,0.064319,0.06365,0.063053,0.062367,0.059686,0.058531,0.057937,0.057374,0.056829,0.056287,0.055563,0.054787,0.05213,0.049764,0.048964,0.048253,0.047677,0.047213,0.047014,0.046833,0.046677,0.046539,0.046425,0.046329,0.046253,0.046196,0.046159,0.046144,0.046151,0.046189,0.046259,0.046361,0.046493,0.046655,0.046852,0.047087,0.04731,0.047552,0.047832,0.04814,0.048772,0.050032,0.05053,0.051016,0.051437,0.051868,0.052227,0.052532,0.052773,0.052947,0.053074,0.053161,0.053207,0.053216,0.053197,0.053016,0.052975,0.052982,0.053012,0.053065,0.053144,0.05325,0.053382,0.053545,0.053737,0.054141,0.055112,0.055326,0.055501,0.055655,0.055771,0.055853,0.055901,0.055912,0.055884,0.055814,0.055707,0.05556,0.055366,0.055131,0.054845,0.054578,0.054285,0.053956,0.053576,0.052838,0.051088,0.050669,0.050314,0.049971,0.049683,0.049436,0.049232,0.049054,0.048916,0.048825,0.048776,0.048771,0.04881,0.048892,0.049018,0.049128,0.049248,0.049397,0.049554,0.049728,0.049935,0.050146,0.050392,0.050639,0.050923,0.051226,0.051547,0.051887,0.052244,0.052619,0.053037,0.053744,0.054523,0.055376,0.056335,0.057184,0.058162,0.061458,0.062701,0.063875,0.064901,0.065942,0.066857,0.06729,0.067677,0.068074,0.068427,0.068786,0.069123,0.069439,0.069714,0.069987,0.07022,0.070448,0.07064,0.070823,0.070972,0.0711,0.071216,0.071302,0.071373,0.071418,0.071445,0.07145,0.071425,0.071372,0.07129,0.071182,0.071041,0.070874,0.070673,0.07046,0.070227,0.069964,0.069656,0.068997,0.067594,0.067012,0.066423,0.065941,0.065681,0.065454,0.065249,0.065075,0.064916,0.064787,0.064681,0.064598,0.06454,0.0645,0.064483,0.064487,0.064511,0.064557,0.064623,0.064712,0.064901,0.065157,0.065432,0.066154,0.066502,0.066653,0.066777,0.066876,0.06695,0.067004,0.067028,0.067022,0.066986,0.06692,0.066823,0.066701,0.066543,0.066379,0.066193,0.065985,0.065743,0.065479,0.065193,0.064874,0.064534,0.063817,0.062975,0.062013,0.059937,0.059037,0.0581,0.05728,0.056819,0.056393,0.055987,0.055614,0.055246,0.054899,0.054571,0.054263,0.053894,0.053554,0.053226,0.052925,0.052645,0.052377,0.052129,0.051907,0.051705,0.051524,0.051372,0.05125,0.051153,0.051084,0.051043,0.051029,0.051044,0.05109,0.051167,0.051278,0.051411,0.05158,0.052261,0.05251,0.052623,0.052707,0.052767,0.052803,0.052814,0.052784,0.052713,0.0526,0.052467,0.052294,0.051633,0.051416,0.051319,0.051246,0.051192,0.051159,0.051146,0.051167,0.051224,0.051315,0.051439,0.0516,0.051802,0.052033,0.052206,0.052395,0.052601,0.052825,0.053066,0.053325,0.053601,0.053895,0.054206,0.054534,0.054879,0.055241,0.055619,0.05604,0.056478,0.056932,0.057736,0.058581,0.059497,0.060516,0.061426,0.062463,0.065965,0.067227,0.068458,0.069544,0.070614,0.071591,0.072445,0.072848,0.073233,0.073623,0.073992,0.074338,0.074661,0.07496,0.075219,0.075455,0.075669,0.075873,0.07604,0.076184,0.076305,0.076403,0.076479,0.076531,0.07656,0.076567,0.076556,0.076528,0.076481,0.076414,0.076329,0.076226,0.076106,0.075969,0.075804,0.075633,0.075434,0.075217,0.074985,0.074457,0.073989,0.073447,0.072849,0.072175,0.071568,0.070873,0.068419,0.067452,0.066515,0.065709,0.064904,0.064193,0.063557,0.062978,0.062503,0.062082,0.061715,0.061405,0.061151,0.060954,0.060813,0.060727,0.060695,0.060712,0.060781,0.060898,0.061068,0.061286,0.061557,0.061882,0.06224,0.062659,0.063128,0.063675,0.064209,0.064813,0.067088,0.067956,0.068405,0.068806,0.069159,0.069477,0.069837,0.070147,0.070407,0.070618,0.070787,0.070908,0.070987,0.07102,0.071011,0.070965,0.070878,0.070752,0.070588,0.070379,0.070131,0.069846,0.069553,0.06922,0.068847,0.068435,0.068033,0.067568,0.065875,0.065212,0.064554,0.064007,0.063712,0.063452,0.063226,0.063022,0.062843,0.062696,0.062568,0.062471,0.06239,0.062343,0.06233,0.062351,0.062406,0.062497,0.062621,0.062783,0.062961,0.063163,0.063408,0.063686,0.064285,0.065494,0.06598,0.066439,0.066814,0.067003,0.067169,0.067304,0.067415,0.067496,0.067553,0.067585,0.067591,0.067572,0.067524,0.067452,0.067349,0.06722,0.067064,0.066885,0.066672,0.066252,0.065738,0.065209,0.063912,0.063304,0.063025,0.06279,0.062587,0.062406,0.062243,0.062116,0.062017,0.061953,0.061918,0.061914,0.061942,0.062002,0.062133,0.062313,0.062559,0.062862,0.063223,0.063639,0.064127,0.064669,0.065165,0.065718,0.066328,0.066993,0.067599,0.068278,0.070565,0.071394,0.072171,0.072839,0.073499,0.074094,0.074622,0.075083,0.075497,0.075859,0.076167,0.076406,0.076589,0.076711,0.076782,0.076793,0.076772,0.076731,0.076668,0.076577,0.076471,0.076334,0.076185,0.076003,0.075812,0.075586,0.075338,0.075069,0.074779,0.074447,0.074117,0.073743,0.073106,0.072394,0.071608,0.070718,0.069893,0.068977,0.065779,0.06458,0.063418,0.062401,0.061883,0.061381,0.060925,0.060487,0.060067,0.05969,0.05933,0.058989,0.058665,0.05836,0.058074,0.057824,0.05759,0.057359,0.057147,0.056954,0.056779,0.056623,0.056486,0.056366,0.056263,0.056172,0.056104,0.056048,0.055991,0.055981,0.056019,0.056107,0.05622,0.056371,0.057067,0.057343,0.057466,0.057559,0.057629,0.057673,0.057692,0.057689,0.057663,0.057615,0.057483,0.057095,0.057016,0.056967,0.056948,0.05697,0.057032,0.057137,0.057307,0.057532,0.057819,0.058177,0.058521,0.058926,0.060329,0.060805,0.061229,0.061573,0.061734,0.061868,0.061983,0.062077,0.062146,0.062194,0.062221,0.062227,0.062204,0.062148,0.062059,0.061937,0.061783,0.061588,0.061361,0.061093,0.060844,0.060576,0.060277,0.059947,0.059294,0.057686,0.057294,0.056949,0.056611,0.056313,0.056054,0.055836,0.055641,0.055482,0.055363,0.055289,0.055256,0.055262,0.055308,0.055394,0.05555,0.055772,0.056057,0.056403,0.056807,0.057288,0.057826,0.058441,0.058985,0.059587,0.060247,0.060992,0.061677,0.062437,0.065005,0.065978,0.066924,0.067723,0.068534,0.069268,0.069901,0.070479,0.070764,0.071014,0.071264,0.07148,0.071679,0.07186,0.072024,0.072169,0.072297,0.072407,0.072498,0.072566,0.072621,0.072659,0.072677,0.072678,0.072663,0.072629,0.072578,0.07251,0.072424,0.072323,0.072071,0.071747,0.071348,0.07089,0.070342,0.069877,0.069343,0.068758,0.068081,0.066801,0.064324,0.0633,0.062305,0.061415,0.060508,0.059676,0.058938,0.058257,0.057665,0.057139,0.056667,0.056247,0.055879,0.055564,0.055295,0.055086,0.054989,0.054909,0.054847,0.054804,0.054777,0.054769,0.054779,0.054808,0.054854,0.054919,0.054997,0.055098,0.055211,0.055346,0.0555,0.055672,0.056028,0.05645,0.056937,0.057489,0.058042,0.058673,0.059313,0.060913,0.061734,0.062143,0.062517,0.062842,0.063131,0.063455,0.063718,0.063932,0.064105,0.064233,0.064314,0.064351,0.064342,0.064302,0.064232,0.064132,0.064003,0.063845,0.063651,0.063427,0.063165,0.062876,0.062561,0.062194,0.061789,0.061379,0.060921,0.059106,0.058365,0.057642,0.057341,0.057057,0.056744,0.05646,0.056218,0.056007,0.055836,0.055696,0.055589,0.055515,0.055473,0.055465,0.055489,0.055545,0.055636,0.055759,0.05592,0.05611,0.056292,0.056501,0.056738,0.057002,0.057531,0.058833,0.059171,0.059457,0.059742,0.05998,0.060182,0.060348,0.060488,0.060593,0.060661,0.060688,0.060679,0.060632,0.06055,0.060427,0.060296,0.060138,0.059955,0.059748,0.059504,0.059236,0.05893,0.058601,0.057984,0.057243,0.056499,0.054707,0.053833,0.053404,0.053032,0.052698,0.052403,0.052109,0.051849,0.051635,0.051464,0.051328,0.051232,0.051168,0.051143,0.051148,0.051172,0.051214,0.051274,0.051353,0.05145,0.051566,0.051711,0.051866,0.052039,0.05223,0.052455,0.052683,0.052947,0.053211,0.053512,0.053832,0.054193,0.054548,0.054946,0.055362,0.055821,0.056298,0.056792,0.05779,0.05896,0.060169,0.063352,0.064289,0.065106,0.066013,0.066816,0.067542,0.068167,0.068541,0.068892,0.069201,0.069487,0.069751,0.069977,0.070194,0.070375,0.070534,0.070669,0.070781,0.070869,0.070932,0.070971,0.070984,0.070974,0.070923,0.070836,0.070701,0.070535,0.070329,0.07007,0.069767,0.069423,0.069036,0.068608,0.068139,0.067631,0.067084,0.066467,0.06581,0.065115,0.06454,0.063903,0.063243,0.06256,0.061813,0.061043,0.060207,0.059351,0.057835,0.056074,0.054382,0.050139,0.047953,0.046859,0.045883,0.044929,0.044045,0.043141,0.042266,0.041465,0.040694,0.039957,0.039291,0.038657,0.038057,0.037491,0.036962,0.036469,0.036037,0.035617,0.035256,0.034929,0.034636,0.034378,0.034142,0.033954,0.033791,0.033672,0.033581,0.033526,0.033505,0.03352,0.033571,0.033662,0.033789,0.03395,0.034154,0.03439,0.03467,0.034949,0.03525,0.035603,0.035992,0.036817,0.038522,0.039236,0.039948,0.040559,0.040886,0.041192,0.041463,0.041711,0.041935,0.042127,0.042296,0.042443,0.042567,0.042674,0.042756,0.042814,0.042849,0.042862,0.042853,0.042821,0.042773,0.042705,0.042617,0.042505,0.042245,0.041664,0.04143,0.041218,0.041069,0.041006,0.040961,0.040936,0.040932,0.040947,0.040984,0.041041,0.041115,0.041209,0.041321,0.041453,0.041609,0.041785,0.041979,0.042199,0.042448,0.042897,0.043446,0.044013,0.045493,0.046281,0.046665,0.047013,0.047325,0.0476,0.047879,0.048121,0.048327,0.048495,0.048632,0.048733,0.048803,0.048843,0.048854,0.048846,0.048772,0.048252,0.048098,0.048012,0.047915,0.047805,0.047685,0.047544,0.047387,0.047215,0.04702,0.046802,0.046569,0.046303,0.046023,0.04572,0.045381,0.045018,0.044617,0.043882,0.043039,0.042207,0.040227,0.039304,0.038867,0.038483,0.038135,0.037809,0.037483,0.037201,0.036952,0.036746,0.036573,0.03644,0.036337,0.036273,0.036242,0.036255,0.036313,0.036415,0.03656,0.036754,0.03699,0.037276,0.037538,0.037837,0.038173,0.038561,0.039308,0.041148,0.041605,0.04201,0.0424,0.042731,0.043015,0.043254,0.043464,0.043625,0.043744,0.043818,0.043849,0.043838,0.043784,0.043687,0.043561,0.043399,0.043203,0.042973,0.042699,0.04239,0.042034,0.041646,0.041304,0.040925,0.040509,0.040034,0.03913,0.036919,0.036342,0.035847,0.035335,0.03489,0.034493,0.034142,0.033796,0.033503,0.033251,0.03305,0.03289,0.032772,0.032698,0.032668,0.032671,0.032692,0.032731,0.032788,0.032863,0.032956,0.033067,0.033205,0.033351,0.033526,0.033707,0.033917,0.034146,0.034391,0.034652,0.034948,0.035443,0.036018,0.036653,0.037347,0.037993,0.038709,0.041251,0.042232,0.043181,0.043992,0.044823,0.045551,0.046197,0.046763,0.047029,0.047264,0.047687,0.048048,0.048345,0.048471,0.048588,0.048768,0.048892,0.048958,0.048971,0.048951,0.048898,0.04881,0.048696,0.048543,0.047773,0.047603,0.047463,0.047326,0.047227,0.04716,0.047126,0.047126,0.047157,0.04722,0.047315,0.047423,0.047557,0.048084,0.048281,0.048448,0.04856,0.0486,0.048624,0.048628,0.048615,0.048583,0.048534,0.048468,0.048381,0.048275,0.048152,0.048011,0.047847,0.047661,0.047458,0.046982,0.046457,0.045835,0.04515,0.043189,0.042617,0.042126,0.041602,0.041152,0.040777,0.040464,0.040231,0.040041,0.039898,0.039793,0.039735,0.0397,0.039678,0.039644,0.039605,0.03955,0.03948,0.039391,0.039277,0.03914,0.038983,0.038796,0.038409,0.037451,0.037225,0.037045,0.03688,0.03677,0.036714,0.036712,0.036751,0.036829,0.036947,0.037101,0.037292,0.03753,0.037807,0.038121,0.038449,0.038806,0.039214,0.039676,0.040119,0.040621,0.042462,0.043186,0.043898,0.044501,0.044823,0.04511,0.045363,0.04559,0.045791,0.045958,0.046098,0.046212,0.046308,0.046368,0.046389,0.046372,0.046316,0.046222,0.046092,0.045922,0.045717,0.045466,0.045173,0.044841,0.044495,0.044086,0.042453,0.041792,0.041458,0.041155,0.040893,0.040662,0.040417,0.040217,0.040058,0.039943,0.039871,0.039841,0.039852,0.039907,0.039974,0.040068,0.040186,0.040328,0.040493,0.040687,0.040904,0.041151,0.041419,0.041707,0.042023,0.042379,0.043133,0.044669,0.045284,0.045904,0.046418,0.046696,0.046954,0.04718,0.047377,0.047553,0.047705,0.047834,0.047936,0.048018,0.048075,0.048109,0.048118,0.048105,0.048067,0.048006,0.047921,0.047733,0.047469,0.047184,0.04647,0.046152,0.046017,0.045904,0.045818,0.045752,0.045706,0.045683,0.045684,0.045709,0.045758,0.045833,0.045933,0.046053,0.046182,0.046331,0.046498,0.046694,0.046909,0.047144,0.047396,0.047677,0.048202,0.048827,0.049437,0.050975,0.051725,0.052084,0.052411,0.05269,0.052949,0.053213,0.053436,0.053625,0.053772,0.053885,0.053958,0.053997,0.054001,0.053959,0.053871,0.053737,0.053549,0.053312,0.053028,0.052687,0.052286,0.051924,0.051535,0.051086,0.050593,0.049633,0.047289,0.046692,0.046179,0.045676,0.045227,0.044846,0.044504,0.044204,0.043958,0.043757,0.043606,0.043496,0.043436,0.043422,0.043452,0.043516,0.043619,0.043759,0.043934,0.044144,0.044399,0.044688,0.045025,0.045359,0.045736,0.046155,0.046635,0.047612,0.049633,0.050463,0.05129,0.05198,0.052349,0.052692,0.052994,0.053269,0.053516,0.053724,0.053913,0.054065,0.05419,0.054291,0.054359,0.054402,0.054417,0.054403,0.05436,0.054292,0.054214,0.054114,0.053856,0.053565,0.052818,0.052633,0.052485,0.052347,0.05224,0.052169,0.052126,0.052115,0.052145,0.052215,0.052323,0.052471,0.052662,0.052897,0.053176,0.053516,0.053905,0.054342,0.054848,0.055381,0.055984,0.05666,0.057382,0.058021,0.058719,0.059476,0.060292,0.061912,0.064804,0.065877,0.066926,0.067873,0.068844,0.06973,0.070499,0.071184,0.071552,0.071898,0.072223,0.072505,0.072784,0.073023,0.07324,0.073435,0.073607,0.073757,0.073883,0.073986,0.074065,0.074118,0.074152,0.074162,0.074152,0.074122,0.074072,0.074003,0.073921,0.073814,0.073689,0.073545,0.073383,0.073189,0.072991,0.072759,0.072509,0.072242,0.071957,0.071657,0.071107,0.070518,0.069841,0.069102,0.06842,0.067661,0.065,0.064027,0.063054,0.062231,0.061425,0.060697,0.060069,0.059496,0.059017,0.058593,0.058225,0.057925,0.057672,0.057485,0.057353,0.057273,0.057252,0.057268,0.057321,0.057414,0.057542,0.057706,0.057911,0.05816,0.058429,0.058739,0.059089,0.059479,0.059889,0.06035,0.062193,0.06297,0.063379,0.063738,0.064065,0.064357,0.064688,0.064974,0.065218,0.065428,0.065603,0.065737,0.065841,0.065906,0.065937,0.065934,0.065897,0.065823,0.065715,0.065573,0.065392,0.065178,0.064925,0.064643,0.064322,0.063952,0.063573,0.063135,0.061349,0.060619,0.060242,0.059909,0.059608,0.059329,0.059037,0.05878,0.058566,0.058389,0.058248,0.058149,0.058084,0.058057,0.058074,0.058145,0.058272,0.058458,0.05871,0.059038,0.059428,0.060256,0.060599,0.06093,0.061196,0.061335,0.061453,0.06155,0.06163,0.061693,0.061736,0.061762,0.06177,0.061761,0.061733,0.061685,0.06162,0.061536,0.06143,0.061306,0.061166,0.06088,0.06053,0.060168,0.059282,0.058856,0.058498,0.058353,0.05823,0.058117,0.058031,0.057967,0.057929,0.057914,0.057922,0.057955,0.058012,0.05809,0.058195,0.058319,0.058472,0.058647,0.058855,0.059085,0.059336,0.059831,0.06043,0.061041,0.062577,0.062985,0.063348,0.063728,0.064053,0.064328,0.064572,0.064811,0.064995,0.065131,0.065214,0.065248,0.065232,0.065166,0.065051,0.064952,0.064825,0.064678,0.06451,0.064313,0.064095,0.063859,0.063591,0.06305,0.062414,0.061706,0.059691,0.059094,0.058588,0.058037,0.057565,0.057159,0.056808,0.056514,0.056275,0.056084,0.055938,0.05585,0.055783,0.055668,0.055607,0.055508,0.055364,0.055265,0.055147,0.055009,0.054857,0.054685,0.054502,0.054288,0.054063,0.053792,0.053496,0.053175,0.052829,0.05246,0.052049,0.051614,0.051135,0.050274,0.049264,0.048261,0.04579,0.045134,0.044542,0.043928,0.043386,0.042895,0.042436,0.041962,0.041539,0.041183,0.040891,0.040651,0.040472,0.04034,0.040267,0.040249,0.040248,0.040266,0.040302,0.040355,0.040427,0.040515,0.040629,0.040753,0.040904,0.041073,0.041261,0.041465,0.041686,0.041923,0.042192,0.042645,0.043174,0.04376,0.044402,0.045002,0.045691,0.048107,0.049019,0.049923,0.050696,0.051463,0.052153,0.052764,0.053297,0.053756,0.054155,0.054494,0.054775,0.055006,0.055184,0.055306,0.05538,0.0554,0.055401,0.055382,0.055344,0.055285,0.055207,0.054986,0.054801,0.05457,0.053958,0.053448,0.053211,0.052976,0.052627,0.052253,0.051848,0.051404,0.050992,0.050515,0.049012,0.048532,0.048092,0.047737,0.047553,0.047385,0.047242,0.047122,0.04702,0.046941,0.046879,0.046837,0.04681,0.046815,0.046852,0.046921,0.04702,0.047156,0.047323,0.04752,0.047708,0.047925,0.04817,0.048442,0.04898,0.050276,0.05059,0.050865,0.05112,0.051342,0.05153,0.051686,0.051819,0.051915,0.05198,0.052011,0.052009,0.051973,0.051903,0.051798,0.051634,0.051433,0.051189,0.05089,0.050545,0.050158,0.049711,0.049223,0.048784,0.048298,0.047764,0.047184,0.046048,0.043346,0.042643,0.042037,0.041438,0.040895,0.040431,0.040005,0.039605,0.039267,0.038978,0.038741,0.038565,0.038439,0.038367,0.038348,0.038365,0.0384,0.038454,0.038534,0.038627,0.038749,0.038893,0.039058,0.039244,0.039451,0.039678,0.039925,0.04019,0.040495,0.040798,0.041141,0.041752,0.04241,0.043166,0.043992,0.044759,0.045612,0.048591,0.049707,0.050787,0.051701,0.052181,0.052617,0.053037,0.053438,0.053822,0.054163,0.054486,0.05479,0.055092,0.055355,0.055597,0.055818,0.056018,0.056195,0.056351,0.056476,0.056581,0.056673,0.056742,0.056789,0.056814,0.056818,0.0568,0.05676,0.056666,0.056522,0.056332,0.056101,0.055817,0.055492,0.055115,0.054684,0.054292,0.053859,0.053364,0.052828,0.051706,0.049205,0.048089,0.046956,0.045968,0.045425,0.044905,0.044411,0.04394,0.043494,0.043073,0.04266,0.042272,0.041811,0.041362,0.040935,0.04052,0.040118,0.039739,0.039381,0.039052,0.038767,0.038523,0.038314,0.038145,0.038013,0.037919,0.037859,0.037837,0.037846,0.037883,0.03795,0.038042,0.038163,0.038312,0.038489,0.038699,0.038936,0.039207,0.039512,0.039861,0.040221,0.04063,0.042284,0.042963,0.04331,0.043628,0.043908,0.044167,0.04445,0.044693,0.044904,0.045082,0.045228,0.045345,0.045432,0.04549,0.045524,0.045517,0.045472,0.045324,0.04527,0.045244,0.045259,0.045328,0.045455,0.045637,0.046085,0.04627,0.046433,0.046542,0.046584,0.046608,0.046616,0.046606,0.046533,0.046398,0.046318,0.046227,0.046125,0.046011,0.045883,0.045737,0.045572,0.045385,0.045207,0.045014,0.044566,0.044102,0.043096,0.042698,0.042389,0.042164,0.042072,0.042,0.041952,0.041926,0.041922,0.041941,0.041984,0.042047,0.042172,0.042336,0.042542,0.042801,0.043105,0.043453,0.043845,0.044292,0.044695,0.045142,0.045632,0.046164,0.047201,0.049673,0.050289,0.050823,0.051349,0.051824,0.052232,0.052605,0.052938,0.053229,0.053467,0.05366,0.053809,0.053908,0.053965,0.053975,0.053952,0.0539,0.053817,0.053707,0.053568,0.053394,0.053192,0.052953,0.052686,0.052382,0.052039,0.051658,0.051257,0.050806,0.049004,0.048266,0.047883,0.047533,0.047216,0.046933,0.046623,0.046345,0.046111,0.045911,0.045745,0.045622,0.045532,0.045477,0.045456,0.045467,0.045508,0.04558,0.04568,0.045815,0.045985,0.046185,0.046391,0.046628,0.046895,0.047206,0.047874,0.049287,0.049879,0.050469,0.050956,0.051216,0.051443,0.051647,0.05182,0.051977,0.052105,0.052214,0.052299,0.052359,0.052399,0.052419,0.052421,0.052403,0.052367,0.05231,0.052234,0.052027,0.051361,0.050845,0.050674,0.050539,0.050402,0.050254,0.05009,0.04985,0.049583,0.049282,0.048947,0.048567,0.048153,0.047678,0.04717,0.046559,0.045894,0.045156,0.044346,0.043541,0.042626,0.041684,0.039296,0.038039,0.037378,0.036795,0.036287,0.035811,0.035279,0.034823,0.034442,0.034274,0.034123,0.033878,0.033776,0.033698,0.033631,0.033586,0.033557,0.033545,0.033555,0.033596,0.033673,0.033776,0.03391,0.034075,0.03427,0.03451,0.034767,0.035072,0.03541,0.03578,0.03618,0.03661,0.03707,0.037586,0.038008,0.038479,0.038969,0.039476,0.039999,0.040573,0.041807,0.042935,0.044217,0.045484,0.048616,0.050276,0.051107,0.051882,0.052601,0.053302,0.054017,0.054707,0.055338,0.055943,0.05652,0.057041,0.057536,0.058003,0.058442,0.058853,0.059235,0.05957,0.059879,0.060177,0.060433,0.060677,0.060892,0.061079,0.06124,0.061375,0.061484,0.061573,0.061635,0.061675,0.061687,0.06168,0.061652,0.061605,0.06154,0.061454,0.061345,0.061214,0.060931,0.060568,0.060191,0.05921,0.058706,0.058315,0.057955,0.057589,0.057228,0.056916,0.056172,0.055729,0.055476,0.055212,0.054937,0.054644,0.054177,0.053647,0.053054,0.052353,0.051506,0.050289,0.045978,0.045266,0.044713,0.04437,0.044081,0.043842,0.04365,0.043501,0.0434,0.04334,0.043321,0.043332,0.043359,0.043405,0.043467,0.043546,0.043644,0.04376,0.043887,0.044041,0.044203,0.044396,0.044594,0.044811,0.045061,0.045314,0.045601,0.045927,0.046274,0.046642,0.04703,0.047438,0.047888,0.048357,0.048871,0.049869,0.051033,0.052212,0.055359,0.056262,0.057051,0.057887,0.058647,0.05933,0.059911,0.060248,0.060561,0.060832,0.061079,0.061302,0.0615,0.061671,0.061807,0.061926,0.062013,0.062077,0.062112,0.06212,0.062102,0.062058,0.061989,0.061915,0.061817,0.061709,0.061574,0.061434,0.061263,0.061075,0.06087,0.060646,0.060406,0.06015,0.059877,0.059589,0.059262,0.058918,0.058559,0.057879,0.057127,0.056301,0.055372,0.054441,0.053414,0.049305,0.047553,0.046623,0.045786,0.045008,0.04426,0.043434,0.042654,0.041924,0.041266,0.040657,0.040096,0.039581,0.039097,0.038673,0.038292,0.037937,0.037609,0.037309,0.037034,0.036767,0.03651,0.036128,0.03513,0.034774,0.033928,0.033698,0.033514,0.033284,0.033128,0.033034,0.033003,0.033013,0.033042,0.03309,0.033159,0.033247,0.033354,0.033486,0.033638,0.033978,0.034411,0.034891,0.036211,0.036582,0.036884,0.037189,0.03742,0.03758,0.037637,0.037678,0.037703,0.037709,0.037698,0.037668,0.037622,0.037554,0.037469,0.037368,0.03716,0.036886,0.036597,0.035888,0.035559,0.03541,0.035289,0.03519,0.035113,0.035047,0.035006,0.034991,0.035001,0.035036,0.035096,0.035182,0.035295,0.035487,0.035728,0.036007,0.036346,0.036734,0.037171,0.037674,0.038226,0.038798,0.039434,0.040134,0.040897,0.041662,0.042538,0.045817,0.047169,0.047877,0.048508,0.049088,0.049642,0.050261,0.050816,0.051327,0.051776,0.05218,0.052539,0.052853,0.05311,0.053308,0.053478,0.053605,0.053703,0.053766,0.053797,0.053794,0.053757,0.053704,0.053627,0.053526,0.053397,0.053115,0.052529,0.052304,0.05209,0.051926,0.051789,0.05171,0.051688,0.051723,0.051806,0.051943,0.052136,0.052382,0.052626,0.052933,0.053946,0.054267,0.054551,0.05477,0.054945,0.055073,0.055152,0.055188,0.055186,0.055166,0.055125,0.055067,0.054989,0.05489,0.054772,0.054633,0.054472,0.054291,0.054103,0.053881,0.053637,0.053373,0.053089,0.052785,0.052483,0.052141,0.051781,0.051403,0.051008,0.05057,0.050115,0.049614,0.048661,0.047567,0.046438,0.043507,0.042652,0.041884,0.041052,0.040319,0.039655,0.03906,0.03872,0.038398,0.038094,0.037829,0.037563,0.037335,0.037126,0.036935,0.036764,0.036612,0.036481,0.036369,0.036278,0.036208,0.036161,0.036131,0.036125,0.036173,0.036273,0.036434,0.036649,0.036917,0.037234,0.037615,0.038025,0.038495,0.039026,0.039642,0.040267,0.04097,0.043729,0.044855,0.045454,0.045977,0.04645,0.046873,0.04734,0.047761,0.048116,0.04842,0.048673,0.048863,0.049002,0.049089,0.049114,0.049124,0.049115,0.049088,0.049043,0.04898,0.048899,0.0488,0.048685,0.048552,0.048404,0.048226,0.047833,0.047362,0.046931,0.046442,0.045897,0.045274,0.044719,0.044073,0.041877,0.041047,0.04027,0.039576,0.038903,0.038321,0.03781,0.037354,0.036982,0.036662,0.036396,0.036186,0.036036,0.035935,0.035888,0.035893,0.035925,0.03598,0.036059,0.036158,0.036285,0.036432,0.036608,0.036804,0.037173,0.037631,0.038094,0.039273,0.039851,0.040354,0.040753,0.041063,0.041303,0.041398,0.041477,0.041539,0.041581,0.041612,0.041621,0.041609,0.041574,0.041518,0.041441,0.041341,0.041215,0.040958,0.040624,0.040271,0.039381,0.038945,0.03875,0.038584,0.038449,0.038344,0.038259,0.038212,0.038203,0.038231,0.038297,0.038401,0.038545,0.038721,0.038934,0.039194,0.039494,0.039831,0.04022,0.040646,0.041126,0.04164,0.042103,0.042608,0.043155,0.043743,0.04489,0.04779,0.048581,0.049257,0.04997,0.050604,0.051163,0.051683,0.052193,0.052639,0.053034,0.053377,0.053667,0.053896,0.054074,0.054205,0.054273,0.054307,0.054309,0.054279,0.054217,0.054121,0.053995,0.053835,0.053671,0.053487,0.05327,0.053027,0.052501,0.051408,0.050958,0.050518,0.050154,0.049962,0.049794,0.049642,0.049508,0.049391,0.049296,0.049218,0.049157,0.049091,0.049073,0.049102,0.049176,0.049289,0.049449,0.049639,0.050211,0.050367,0.050487,0.050598,0.050665,0.050691,0.050676,0.050611,0.050494,0.050323,0.050092,0.049822,0.049487,0.049108,0.048006,0.04769,0.047426,0.047153,0.046931,0.04676,0.04664,0.046572,0.046538,0.046537,0.046569,0.046617,0.04669,0.046992,0.047099,0.047181,0.047227,0.047239,0.047227,0.047098,0.047096,0.047115,0.047172,0.047269,0.047406,0.047583,0.047808,0.048076,0.048396,0.048767,0.049162,0.049616,0.050129,0.0507,0.051256,0.051911,0.054157,0.054989,0.055411,0.05578,0.056114,0.056427,0.056768,0.05706,0.057302,0.057505,0.05766,0.057775,0.057844,0.057872,0.057868,0.057846,0.057809,0.057754,0.057682,0.057594,0.057488,0.057365,0.057225,0.057067,0.056893,0.056702,0.056495,0.056253,0.056012,0.055735,0.05544,0.055105,0.054776,0.054405,0.054018,0.053614,0.052704,0.051767,0.050723,0.049612,0.046625,0.045752,0.044968,0.044125,0.043356,0.04269,0.042098,0.041754,0.041451,0.041149,0.040887,0.040647,0.040428,0.040231,0.040057,0.039906,0.039779,0.039676,0.039602,0.039545,0.039515,0.039506,0.03952,0.039592,0.039723,0.039913,0.040159,0.040476,0.04085,0.041298,0.0418,0.042305,0.042873,0.043504,0.044199,0.044894,0.045672,0.048724,0.049958,0.050597,0.051186,0.051726,0.052241,0.052802,0.053302,0.053765,0.054188,0.054569,0.054893,0.055176,0.055419,0.055613,0.055777,0.055901,0.055986,0.056034,0.056046,0.05602,0.05596,0.055873,0.05576,0.055617,0.055436,0.055034,0.054164,0.053825,0.053509,0.05327,0.053161,0.053078,0.05302,0.052987,0.05298,0.052997,0.05304,0.053108,0.053201,0.05332,0.053464,0.053633,0.053837,0.054065,0.054317,0.054605,0.055149,0.055796,0.056448,0.058061,0.058835,0.059204,0.059521,0.059816,0.060072,0.060314,0.060524,0.060702,0.060838,0.060941,0.061009,0.061042,0.061039,0.060997,0.06091,0.060785,0.060612,0.060396,0.06014,0.059829,0.059479,0.059109,0.058709,0.05826,0.057765,0.057268,0.056686,0.054513,0.053635,0.053181,0.052764,0.052385,0.052044,0.051652,0.051306,0.050992,0.050722,0.050483,0.050276,0.050101,0.04996,0.049852,0.049778,0.049737,0.049727,0.049751,0.049808,0.049896,0.050018,0.05014,0.050287,0.050461,0.05066,0.051066,0.05208,0.052337,0.052555,0.052758,0.052919,0.053051,0.053146,0.05321,0.053236,0.053222,0.053167,0.053072,0.052933,0.052752,0.052538,0.052297,0.052006,0.051693,0.051327,0.050925,0.050488,0.049993,0.049465,0.048989,0.048464,0.047919,0.047297,0.046132,0.043278,0.042516,0.041866,0.041184,0.040591,0.040057,0.039559,0.039059,0.03863,0.038252,0.037942,0.037684,0.03748,0.037331,0.037243,0.037205,0.037229,0.037317,0.037465,0.037673,0.037952,0.038291,0.038686,0.039113,0.039582,0.040115,0.040735,0.041336,0.042044,0.044644,0.045688,0.046213,0.046693,0.047125,0.047534,0.047978,0.048381,0.048725,0.049012,0.049259,0.049463,0.049624,0.049734,0.049785,0.049815,0.04983,0.049827,0.049809,0.049771,0.04972,0.049646,0.049563,0.049454,0.049339,0.049197,0.049037,0.048862,0.048462,0.048022,0.047509,0.046923,0.046264,0.045591,0.044831,0.044046,0.041895,0.041263,0.040703,0.040111,0.039573,0.039089,0.038638,0.038144,0.037724,0.037376,0.037083,0.036848,0.036679,0.036567,0.036512,0.036515,0.036579,0.036697,0.036881,0.037123,0.037421,0.037789,0.03823,0.038637,0.039078,0.039572,0.040118,0.040636,0.041223,0.04317,0.043899,0.044578,0.045175,0.045758,0.046273,0.0467,0.047078,0.047403,0.047671,0.047878,0.048016,0.048093,0.048107,0.048089,0.048058,0.048007,0.047945,0.047859,0.047756,0.047636,0.047484,0.047327,0.047153,0.046962,0.046734,0.046508,0.046244,0.045961,0.04566,0.045341,0.045006,0.044655,0.044257,0.043578,0.04286,0.04207,0.04117,0.040357,0.039445,0.036327,0.035167,0.034038,0.033027,0.032032,0.031165,0.030393,0.030017,0.029686,0.029347,0.029027,0.028729,0.028473,0.028216,0.027999,0.027785,0.027609,0.02744,0.027305,0.02719,0.027096,0.027022,0.026967,0.026933,0.026919,0.026936,0.026997,0.0271,0.027253,0.027449,0.027687,0.027978,0.02831,0.028679,0.029101,0.029556,0.030085,0.030618,0.031245,0.033718,0.034752,0.035305,0.035787,0.036223,0.036633,0.03707,0.037466,0.037817,0.03811,0.03836,0.038564,0.038716,0.03883,0.038892,0.038921,0.038914,0.03887,0.038793,0.038677,0.038527,0.038337,0.038136,0.037901,0.037629,0.037323,0.036642,0.035174,0.034563,0.033971,0.033718,0.033482,0.033235,0.033014,0.032822,0.032667,0.032539,0.032441,0.032371,0.032329,0.032316,0.032321,0.032344,0.032386,0.032447,0.032524,0.032622,0.032742,0.032975,0.033274,0.033592,0.034468,0.034929,0.035149,0.035333,0.035495,0.035633,0.035741,0.035828,0.0359,0.035956,0.036015,0.036085,0.036126,0.036182,0.036274,0.036397,0.03655,0.036741,0.036959,0.037216,0.037502,0.037828,0.038192,0.038612,0.039073,0.039572,0.040027,0.040505,0.041027,0.041616,0.042752,0.045382,0.046043,0.046612,0.047179,0.047694,0.048138,0.048549,0.048939,0.049274,0.049566,0.049805,0.050002,0.050156,0.050266,0.05033,0.05035,0.050323,0.050253,0.050133,0.049967,0.049758,0.049496,0.049193,0.048897,0.048559,0.048178,0.047737,0.046851,0.045091,0.044396,0.043701,0.043125,0.042811,0.042533,0.042276,0.04204,0.041839,0.041658,0.041501,0.041365,0.041242,0.041147,0.041081,0.041042,0.04103,0.041047,0.04109,0.04116,0.041248,0.041363,0.041503,0.04167,0.04204,0.042834,0.043144,0.043435,0.043659,0.043763,0.043846,0.043909,0.043946,0.043962,0.043956,0.043926,0.043876,0.0438,0.0437,0.043576,0.04343,0.043261,0.04306,0.042837,0.042593,0.042121,0.041557,0.040988,0.039621,0.038971,0.038667,0.038407,0.038178,0.037966,0.037775,0.037605,0.037458,0.037342,0.03725,0.037185,0.037141,0.037124,0.037146,0.037228,0.037369,0.037571,0.037831,0.038163,0.038553,0.039018,0.039437,0.039911,0.040439,0.041022,0.041557,0.042184,0.044249,0.044986,0.045674,0.046285,0.04688,0.04739,0.047836,0.048235,0.048568,0.04885,0.04907,0.049238,0.049354,0.049416,0.049425,0.049381,0.049305,0.049187,0.049031,0.048837,0.048608,0.04833,0.048001,0.047637,0.047299,0.04694,0.046541,0.046102,0.045252,0.04312,0.042551,0.04207,0.041575,0.041152,0.040782,0.040448,0.040141,0.039881,0.039673,0.039526,0.03943,0.039388,0.039398,0.039459,0.03952,0.039593,0.039689,0.039804,0.039937,0.040088,0.040257,0.040444,0.040648,0.040869,0.041106,0.041381,0.041675,0.041986,0.042314,0.042658,0.043274,0.04393,0.044653,0.045475,0.046224,0.047061,0.049953,0.05101,0.052038,0.052928,0.053835,0.054626,0.055332,0.055976,0.056274,0.056555,0.056819,0.057046,0.057274,0.057469,0.057648,0.05781,0.057967,0.058096,0.058208,0.058303,0.058382,0.058445,0.058492,0.058525,0.058541,0.058516,0.058451,0.058347,0.058206,0.058022,0.057791,0.057526,0.057272,0.056998,0.05669,0.056332,0.055626,0.054207,0.053626,0.053053,0.052546,0.052038,0.051596,0.051221,0.050902,0.050646,0.050441,0.050281,0.050164,0.050091,0.050049,0.050033,0.050026,0.050004,0.049963,0.049885,0.049777,0.049635,0.049453,0.049205,0.048908,0.048551,0.048133,0.047727,0.047248,0.0456,0.045023,0.044739,0.044485,0.044261,0.044067,0.043857,0.043687,0.043558,0.043461,0.043401,0.043378,0.043391,0.043438,0.043555,0.043727,0.043958,0.044249,0.0446,0.045011,0.045479,0.046028,0.046661,0.047382,0.048161,0.049057,0.049969,0.050989,0.052075,0.05494,0.055766,0.056499,0.057308,0.058013,0.058648,0.059214,0.059559,0.059861,0.060145,0.060411,0.060657,0.060866,0.061074,0.061245,0.061399,0.061533,0.061648,0.061743,0.061818,0.061872,0.061905,0.061917,0.061902,0.061851,0.061757,0.061633,0.061473,0.061262,0.061028,0.060739,0.060432,0.060066,0.059661,0.059218,0.058738,0.058222,0.057673,0.05705,0.056517,0.055962,0.055386,0.054789,0.054125,0.053441,0.052738,0.051966,0.050588,0.04906,0.047557,0.043847,0.041915,0.040944,0.040098,0.039271,0.038515,0.037732,0.036976,0.036248,0.035593,0.034968,0.034411,0.033846,0.033347,0.032879,0.032442,0.032036,0.031687,0.031344,0.031055,0.030776,0.030548,0.030335,0.030168,0.03003,0.029915,0.029839,0.029789,0.029772,0.029786,0.029816,0.029862,0.029924,0.030011,0.030105,0.030227,0.030508,0.030679,0.030867,0.03129,0.031793,0.032378,0.032909,0.033473,0.034098,0.034813,0.035456,0.036181,0.038773,0.039769,0.040736,0.041572,0.042424,0.043192,0.043877,0.044478,0.04502,0.045267,0.045498,0.045713,0.045911,0.046246,0.04652,0.046638,0.046741,0.046897,0.046952,0.046995,0.047022,0.04703,0.04702,0.04699,0.046942,0.046872,0.046784,0.046679,0.046427,0.046099,0.045712,0.044869,0.044513,0.044164,0.043886,0.043609,0.043497,0.043401,0.043321,0.043262,0.043191,0.043182,0.043235,0.043352,0.043531,0.043728,0.043975,0.044905,0.045229,0.045505,0.045609,0.045697,0.045772,0.045822,0.045849,0.045853,0.045833,0.045789,0.045721,0.045633,0.045517,0.04537,0.045195,0.044995,0.044769,0.044508,0.044222,0.043913,0.043296,0.042557,0.041806,0.039842,0.039303,0.038836,0.03835,0.037917,0.037539,0.037228,0.03706,0.036918,0.036784,0.036675,0.036582,0.036508,0.036451,0.036412,0.036392,0.036391,0.036409,0.036443,0.036498,0.036568,0.036655,0.03676,0.036882,0.037032,0.03719,0.037378,0.037572,0.037797,0.038025,0.038286,0.038566,0.038863,0.039178,0.039509,0.039879,0.040267,0.040672,0.041093,0.04182,0.042641,0.043529,0.044513,0.045373,0.046378,0.049712,0.050916,0.05206,0.053045,0.054044,0.05493,0.055731,0.056422,0.056764,0.057086,0.057389,0.05767,0.057913,0.058136,0.058339,0.05852,0.058679,0.058807,0.058922,0.059009,0.059078,0.059121,0.059142,0.059142,0.059115,0.059059,0.058974,0.058869,0.058728,0.058557,0.058358,0.058131,0.057874,0.05759,0.057278,0.056938,0.056572,0.056155,0.055709,0.055236,0.054796,0.054337,0.053859,0.053329,0.05278,0.052213,0.051592,0.050954,0.049752,0.048347,0.046948,0.043328,0.042265,0.041342,0.040325,0.03938,0.038544,0.037745,0.036858,0.036062,0.035355,0.03471,0.034399,0.034128,0.033633,0.03341,0.033202,0.03301,0.032835,0.032676,0.032534,0.032407,0.032298,0.032204,0.032126,0.032065,0.032016,0.031987,0.031973,0.031994,0.03203,0.032082,0.032232,0.032422,0.032666,0.032966,0.033319,0.033678,0.034107,0.035751,0.036404,0.036722,0.037005,0.037253,0.037477,0.037701,0.037886,0.038024,0.038121,0.038174,0.038184,0.038151,0.038077,0.037959,0.037799,0.037598,0.037355,0.037058,0.036719,0.03634,0.035906,0.035519,0.035087,0.034611,0.034089,0.033071,0.030641,0.030023,0.029499,0.028955,0.028487,0.028072,0.027709,0.027365,0.027077,0.026831,0.026628,0.026478,0.026372,0.026311,0.026295,0.026312,0.026352,0.026414,0.026491,0.026588,0.026715,0.026864,0.027037,0.027232,0.027449,0.027688,0.027949,0.028231,0.028534,0.028858,0.029228,0.029591,0.030004,0.030436,0.030888,0.031358,0.031881,0.032422,0.033018,0.03418,0.035472,0.036844,0.040679,0.041831,0.042831,0.04391,0.044901,0.045802,0.046611,0.047067,0.047501,0.047911,0.048296,0.048655,0.048967,0.049255,0.04952,0.049777,0.049992,0.050182,0.050347,0.050488,0.050605,0.050697,0.050769,0.050822,0.050828,0.050782,0.050688,0.05054,0.050344,0.050091,0.049794,0.049488,0.049151,0.04877,0.048327,0.0479,0.047417,0.045522,0.044751,0.043985,0.043352,0.043013,0.042698,0.042423,0.042174,0.041951,0.041765,0.041596,0.041461,0.041353,0.041266,0.041207,0.041175,0.04117,0.041191,0.041238,0.041315,0.041405,0.041521,0.041661,0.041826,0.042198,0.043002,0.043323,0.043625,0.043854,0.043964,0.044055,0.044122,0.044169,0.044195,0.044199,0.044182,0.044144,0.044086,0.044003,0.043904,0.043777,0.04363,0.043454,0.043256,0.043039,0.042615,0.042108,0.041593,0.040352,0.039757,0.039474,0.039232,0.039019,0.038824,0.038643,0.038494,0.038371,0.038278,0.03821,0.03817,0.038157,0.03817,0.038202,0.038252,0.038321,0.038409,0.038508,0.038633,0.038776,0.038939,0.03912,0.03932,0.039537,0.039773,0.040026,0.040314,0.040621,0.040945,0.041508,0.042136,0.042853,0.043635,0.04434,0.045149,0.047866,0.048853,0.04981,0.050646,0.051459,0.05219,0.052815,0.053359,0.053615,0.053853,0.054073,0.054261,0.054443,0.054595,0.054729,0.054845,0.054949,0.055028,0.055088,0.055129,0.055152,0.055157,0.055143,0.05511,0.055007,0.05484,0.054614,0.05433,0.053978,0.05357,0.053094,0.052547,0.052058,0.051518,0.050926,0.05026,0.048966,0.046523,0.045585,0.044651,0.04385,0.043026,0.042281,0.041637,0.041071,0.040789,0.040526,0.040283,0.040073,0.03987,0.039697,0.039534,0.0394,0.039284,0.039182,0.039105,0.039043,0.039001,0.038979,0.038977,0.038993,0.039044,0.039126,0.039238,0.039384,0.039566,0.039777,0.040023,0.040314,0.040838,0.041488,0.04218,0.044214,0.044841,0.045403,0.046,0.046533,0.047023,0.047482,0.047893,0.048284,0.048672,0.049075,0.049554,0.050183,0.050976,0.051469,0.05173,0.051954,0.05214,0.052297,0.052429,0.052534,0.052614,0.052671,0.052702,0.052713,0.052705,0.052679,0.052587,0.052295,0.052242,0.052223,0.052246,0.052321,0.05245,0.052635,0.052763,0.052905,0.053064,0.053248,0.05345,0.053671,0.053918,0.054182,0.054665,0.055244,0.055818,0.057196,0.057857,0.058446,0.058933,0.059159,0.059358,0.059536,0.059687,0.059817,0.059927,0.060015,0.060082,0.060126,0.06015,0.060155,0.06014,0.060106,0.060052,0.059978,0.059881,0.059686,0.059423,0.059148,0.058449,0.058123,0.05786,0.057758,0.057677,0.057613,0.057567,0.05754,0.057533,0.057545,0.057577,0.057628,0.057698,0.057871,0.058102,0.058404,0.058777,0.059138,0.05956,0.061041,0.061553,0.062024,0.062395,0.062567,0.062721,0.062851,0.062962,0.063053,0.063122,0.063172,0.063202,0.063208,0.063159,0.063054,0.06289,0.06267,0.062388,0.062052,0.061645,0.061267,0.06083,0.06035,0.059797,0.058742,0.056006,0.055268,0.054599,0.054013,0.053463,0.05292,0.052398,0.051613,0.050784,0.047945,0.045646,0.044937,0.044309,0.043775,0.043305,0.04289,0.042623,0.042377,0.042151,0.041953,0.041775,0.041611,0.041468,0.041345,0.041175,0.041036,0.040936,0.040727,0.040581,0.040485,0.040376,0.040253,0.040112,0.039851,0.039527,0.039194,0.038439,0.038126,0.037875,0.037686,0.037599,0.037532,0.037484,0.037456,0.037448,0.037459,0.037489,0.037539,0.037609,0.0377,0.037806,0.037937,0.038088,0.038259,0.038451,0.038661,0.039037,0.039482,0.039983,0.040567,0.041174,0.041871,0.042655,0.045219,0.04605,0.046808,0.047646,0.048425,0.049173,0.049876,0.050295,0.050709,0.051105,0.051474,0.051817,0.052142,0.05244,0.052703,0.05294,0.053143,0.053321,0.053478,0.053604,0.053708,0.053787,0.053843,0.053879,0.053859,0.053784,0.053654,0.053467,0.05322,0.052914,0.052549,0.052126,0.051632,0.051068,0.050436,0.049793,0.04906,0.048318,0.046373,0.045345,0.044825,0.044368,0.043957,0.043594,0.043204,0.042869,0.042603,0.042404,0.042266,0.042191,0.042177,0.042223,0.042327,0.042495,0.042715,0.043002,0.043348,0.04375,0.044223,0.044769,0.045302,0.045874,0.046528,0.047265,0.047982,0.048774,0.051949,0.053248,0.053939,0.054584,0.055157,0.055707,0.056317,0.056889,0.057404,0.057882,0.058321,0.058722,0.059085,0.059411,0.059771,0.060088,0.060361,0.060601,0.060784,0.060952,0.061101,0.061495,0.061637,0.061783,0.061976,0.062187,0.062421,0.062684,0.062967,0.063277,0.063623,0.064015,0.064786,0.066649,0.067124,0.06753,0.067927,0.06827,0.068571,0.068837,0.069049,0.069234,0.0694,0.069544,0.069747,0.070117,0.070238,0.07037,0.070534,0.070726,0.070948,0.071198,0.071562,0.071983,0.072474,0.073034,0.07357,0.0742,0.074826,0.076349,0.077104,0.077477,0.077817,0.07811,0.078383,0.078666,0.078916,0.079123,0.079294,0.079423,0.079517,0.079572,0.079589,0.079559,0.079473,0.079327,0.079121,0.078859,0.078541,0.078157,0.077704,0.077287,0.076819,0.076301,0.075712,0.075162,0.074528,0.072235,0.071332,0.070425,0.069654,0.069245,0.068857,0.068509,0.068182,0.067879,0.067612,0.067367,0.067145,0.066945,0.06676,0.066599,0.066462,0.066349,0.066258,0.066186,0.066136,0.066106,0.066097,0.066106,0.066136,0.066244,0.066546,0.066657,0.066728,0.066739,0.066735,0.066706,0.066652,0.066573,0.066467,0.066333,0.066178,0.06599,0.065774,0.06558,0.065369,0.065142,0.064888,0.064319,0.06365,0.063053,0.062367,0.059686,0.058531,0.057937,0.057374,0.056829,0.056287,0.055563,0.054787,0.05213,0.049764,0.048964,0.048253,0.047677,0.047213,0.047014,0.046833,0.046677,0.046539,0.046425,0.046329,0.046253,0.046196,0.046159,0.046144,0.046151,0.046189,0.046259,0.046361,0.046493,0.046655,0.046852,0.047087,0.04731,0.047552,0.047832,0.04814,0.048772,0.050032,0.05053,0.051016,0.051437,0.051868,0.052227,0.052532,0.052773,0.052947,0.053074,0.053161,0.053207,0.053216,0.053197,0.053016,0.052975,0.052982,0.053012,0.053065,0.053144,0.05325,0.053382,0.053545,0.053737,0.054141,0.055112,0.055326,0.055501,0.055655,0.055771,0.055853,0.055901,0.055912,0.055884,0.055814,0.055707,0.05556,0.055366,0.055131,0.054845,0.054578,0.054285,0.053956,0.053576,0.052838,0.051088,0.050669,0.050314,0.049971,0.049683,0.049436,0.049232,0.049054,0.048916,0.048825,0.048776,0.048771,0.04881,0.048892,0.049018,0.049128,0.049248,0.049397,0.049554,0.049728,0.049935,0.050146,0.050392,0.050639,0.050923,0.051226,0.051547,0.051887,0.052244,0.052619,0.053037,0.053744,0.054523,0.055376,0.056335,0.057184,0.058162,0.061458,0.062701,0.063875,0.064901,0.065942,0.066857,0.06729,0.067677,0.068074,0.068427,0.068786,0.069123,0.069439,0.069714,0.069987,0.07022,0.070448,0.07064,0.070823,0.070972,0.0711,0.071216,0.071302,0.071373,0.071418,0.071445,0.07145,0.071425,0.071372,0.07129,0.071182,0.071041,0.070874,0.070673,0.07046,0.070227,0.069964,0.069656,0.068997,0.067594,0.067012,0.066423,0.065941,0.065681,0.065454,0.065249,0.065075,0.064916,0.064787,0.064681,0.064598,0.06454,0.0645,0.064483,0.064487,0.064511,0.064557,0.064623,0.064712,0.064901,0.065157,0.065432,0.066154,0.066502,0.066653,0.066777,0.066876,0.06695,0.067004,0.067028,0.067022,0.066986,0.06692,0.066823,0.066701,0.066543,0.066379,0.066193,0.065985,0.065743,0.065479,0.065193,0.064874,0.064534,0.063817,0.062975,0.062013,0.059937,0.059037,0.0581,0.05728,0.056819,0.056393,0.055987,0.055614,0.055246,0.054899,0.054571,0.054263,0.053894,0.053554,0.053226,0.052925,0.052645,0.052377,0.052129,0.051907,0.051705,0.051524,0.051372,0.05125,0.051153,0.051084,0.051043,0.051029,0.051044,0.05109,0.051167,0.051278,0.051411,0.05158,0.052261,0.05251,0.052623,0.052707,0.052767,0.052803,0.052814,0.052784,0.052713,0.0526,0.052467,0.052294,0.051633,0.051416,0.051319,0.051246,0.051192,0.051159,0.051146,0.051167,0.051224,0.051315,0.051439,0.0516,0.051802,0.052033,0.052206,0.052395,0.052601,0.052825,0.053066,0.053325,0.053601,0.053895,0.054206,0.054534,0.054879,0.055241,0.055619,0.05604,0.056478,0.056932,0.057736,0.058581,0.059497,0.060516,0.061426,0.062463,0.065965,0.067227,0.068458,0.069544,0.070614,0.071591,0.072445,0.072848,0.073233,0.073623,0.073992,0.074338,0.074661,0.07496,0.075219,0.075455,0.075669,0.075873,0.07604,0.076184,0.076305,0.076403,0.076479,0.076531,0.07656,0.076567,0.076556,0.076528,0.076481,0.076414,0.076329,0.076226,0.076106,0.075969,0.075804,0.075633,0.075434,0.075217,0.074985,0.074457,0.073989,0.073447,0.072849,0.072175,0.071568,0.070873,0.068419,0.067452,0.066515,0.065709,0.064904,0.064193,0.063557,0.062978,0.062503,0.062082,0.061715,0.061405,0.061151,0.060954,0.060813,0.060727,0.060695,0.060712,0.060781,0.060898,0.061068,0.061286,0.061557,0.061882,0.06224,0.062659,0.063128,0.063675,0.064209,0.064813,0.067088,0.067956,0.068405,0.068806,0.069159,0.069477,0.069837,0.070147,0.070407,0.070618,0.070787,0.070908,0.070987,0.07102,0.071011,0.070965,0.070878,0.070752,0.070588,0.070379,0.070131,0.069846,0.069553,0.06922,0.068847,0.068435,0.068033,0.067568,0.065875,0.065212,0.064554,0.064007,0.063712,0.063452,0.063226,0.063022,0.062843,0.062696,0.062568,0.062471,0.06239,0.062343,0.06233,0.062351,0.062406,0.062497,0.062621,0.062783,0.062961,0.063163,0.063408,0.063686,0.064285,0.065494,0.06598,0.066439,0.066814,0.067003,0.067169,0.067304,0.067415,0.067496,0.067553,0.067585,0.067591,0.067572,0.067527,0.067456,0.067355,0.067226,0.067072,0.066885,0.066672,0.066252,0.065738,0.065209,0.063912,0.063304,0.063025,0.06279,0.062587,0.062406,0.062243,0.062116,0.062017,0.061953,0.061918,0.061914,0.061942,0.062002,0.062133,0.062313,0.062559,0.062862,0.063223,0.063639,0.064127,0.064669,0.065165,0.065718,0.066328,0.066993,0.067599,0.068278,0.070565,0.071394,0.072171,0.072839,0.073499,0.074094,0.074622,0.075083,0.075497,0.075859,0.076167,0.076406,0.076589,0.076711,0.076782,0.076793,0.076772,0.076731,0.076668,0.076577,0.076471,0.076334,0.076185,0.076003,0.075812,0.075586,0.075338,0.075069,0.074779,0.074447,0.074117,0.073743,0.073106,0.072394,0.071608,0.070718,0.069893,0.068977,0.065779,0.06458,0.063418,0.062401,0.061883,0.061381,0.060925,0.060487,0.060067,0.05969,0.05933,0.058989,0.058665,0.05836,0.058074,0.057824,0.05759,0.057359,0.057147,0.056954,0.056779,0.056623,0.056486,0.056366,0.056263,0.056172,0.056104,0.056048,0.055991,0.055981,0.056019,0.056107,0.05622,0.056371,0.057067,0.057343,0.057466,0.057559,0.057629,0.057673,0.057692,0.057689,0.057663,0.057615,0.057483,0.057095,0.057016,0.056967,0.056948,0.05697,0.057032,0.057137,0.057307,0.057532,0.057819,0.058177,0.058521,0.058926,0.060329,0.060805,0.061229,0.061573,0.061734,0.061868,0.061983,0.062077,0.062146,0.062194,0.062221,0.062227,0.062204,0.062148,0.062059,0.061937,0.061783,0.061588,0.061361,0.061104,0.060857,0.060589,0.060291,0.059947,0.059294,0.057686,0.057294,0.056949,0.056611,0.056313,0.056054,0.055836,0.055641,0.055482,0.055363,0.055289,0.055256,0.055262,0.055308,0.055394,0.05555,0.055772,0.056057,0.056403,0.056807,0.057288,0.057826,0.058441,0.058985,0.059587,0.060247,0.060992,0.061677,0.062437,0.065005,0.065978,0.066924,0.067723,0.068534,0.069268,0.069901,0.070479,0.070764,0.071014,0.071264,0.07148,0.071679,0.07186,0.072024,0.072169,0.072297,0.072407,0.072498,0.072566,0.072621,0.072659,0.072677,0.072678,0.072663,0.072629,0.072578,0.07251,0.072424,0.072323,0.072071,0.071747,0.071348,0.07089,0.070342,0.069877,0.069343,0.068758,0.068081,0.066801,0.064324,0.0633,0.062305,0.061415,0.060508,0.059676,0.058938,0.058257,0.057665,0.057139,0.056667,0.056247,0.055879,0.055564,0.055295,0.055086,0.054989,0.054909,0.054847,0.054804,0.054777,0.054769,0.054779,0.054808,0.054854,0.054919,0.054997,0.055098,0.055211,0.055346,0.0555,0.055672,0.056028,0.05645,0.056937,0.057489,0.058042,0.058673,0.059313,0.060913,0.061734,0.062143,0.062517,0.062842,0.063131,0.063445,0.063718,0.063932,0.064105,0.064233,0.064314,0.064351,0.064342,0.064302,0.064232,0.064132,0.064003,0.063845,0.063651,0.063427,0.063165,0.062876,0.062561,0.062194,0.061789,0.061379,0.060921,0.059106,0.058365,0.057642,0.057341,0.057057,0.056744,0.05646,0.056218,0.056007,0.055836,0.055696,0.055589,0.055515,0.055473,0.055465,0.055489,0.055545,0.055636,0.055759,0.05592,0.05611,0.056292,0.056501,0.056738,0.057002,0.057531,0.058833,0.059171,0.059457,0.059742,0.05998,0.060182,0.060348,0.060488,0.060593,0.060661,0.060689,0.060679,0.060632,0.06055,0.060427,0.060296,0.060138,0.059955,0.059748,0.059504,0.059236,0.05893,0.058601,0.057984,0.057243,0.056499,0.054707,0.053833,0.053404,0.053032,0.052698,0.052403,0.052109,0.051849,0.051635,0.051464,0.051328,0.051232,0.051168,0.051143,0.051148,0.051172,0.051214,0.051274,0.051353,0.05145,0.051566,0.051711,0.051866,0.052039,0.05223,0.052455,0.052683,0.052947,0.053211,0.053512,0.053832,0.054193,0.054548,0.054946,0.055362,0.055821,0.056298,0.056792,0.05779,0.05896,0.060169,0.063352,0.064289,0.065106,0.066013,0.066816,0.067542,0.068167,0.068541,0.068892,0.069201,0.069487,0.069751,0.069976,0.070194,0.070375,0.070534,0.070669,0.070781,0.070869,0.070932,0.070971,0.070984,0.070974,0.070923,0.070836,0.070701,0.070535,0.070329,0.07007,0.069767,0.069423,0.069036,0.068608,0.068139,0.067631,0.067084,0.066467,0.06581,0.065115,0.06454,0.063903,0.063243,0.06256,0.061813,0.061043,0.060207,0.059351,0.057835,0.056074,0.054382,0.050139,0.047953,0.046859,0.045883,0.044929,0.044045,0.043141,0.042266,0.041465,0.040694,0.039957,0.039291,0.038657,0.038057,0.037491,0.03699,0.036495,0.036062,0.03564,0.035276,0.034947,0.034652,0.034392,0.034166,0.033974,0.033807,0.033684,0.033589,0.033533,0.033506,0.033515,0.033561,0.033646,0.033768,0.033933,0.034133,0.034378,0.034656,0.034935,0.035234,0.035586,0.035975,0.036799,0.038522,0.039254,0.039965,0.040574,0.040901,0.041192,0.041463,0.041711,0.041935,0.042127,0.042296,0.042443,0.042567,0.042674,0.042756,0.042814,0.042849,0.042862,0.042853,0.042821,0.042773,0.042705,0.042617,0.042505,0.042245,0.041664,0.04143,0.041218,0.041069,0.041006,0.040961,0.040936,0.040932,0.040947,0.040984,0.041041,0.041115,0.041209,0.041321,0.041453,0.041609,0.041785,0.041979,0.042199,0.042448,0.042897,0.043446,0.044013,0.045493,0.046281,0.046665,0.047013,0.047325,0.0476,0.047879,0.048121,0.048327,0.048495,0.048632,0.048733,0.048803,0.048843,0.048854,0.048846,0.048772,0.048252,0.048098,0.048012,0.047915,0.047805,0.047685,0.047544,0.047387,0.047215,0.04702,0.046802,0.046569,0.046303,0.046023,0.04572,0.045381,0.045018,0.044617,0.043882,0.043039,0.042207,0.040227,0.039304,0.038867,0.038483,0.038135,0.037809,0.037483,0.037201,0.036952,0.036746,0.036573,0.03644,0.036337,0.036273,0.036242,0.036255,0.036313,0.036415,0.03656,0.036754,0.03699,0.037276,0.037538,0.037837,0.038173,0.038561,0.039308,0.041148,0.041605,0.04201,0.0424,0.042731,0.043015,0.043254,0.043464,0.043625,0.043744,0.043818,0.043849,0.043838,0.043784,0.043687,0.043561,0.043399,0.043203,0.042973,0.042699,0.04239,0.042034,0.041646,0.041304,0.040925,0.040509,0.040034,0.03913,0.036919,0.036342,0.035847,0.035335,0.03489,0.034493,0.034142,0.033796,0.033503,0.033251,0.03305,0.03289,0.032772,0.032698,0.032668,0.032671,0.032692,0.032731,0.032788,0.032863,0.032956,0.033067,0.033205,0.033351,0.033526,0.033707,0.033917,0.034146,0.034391,0.034652,0.034948,0.035443,0.036018,0.036653,0.037347,0.037993,0.038709,0.041251,0.042232,0.043181,0.043992,0.044823,0.045551,0.046197,0.046763,0.047029,0.047264,0.047687,0.048048,0.048345,0.048471,0.048588,0.048768,0.048892,0.048958,0.048971,0.048951,0.048898,0.04881,0.048696,0.048543,0.047773,0.047603,0.047463,0.047326,0.047227,0.04716,0.047126,0.047126,0.047157,0.04722,0.047315,0.047423,0.047557,0.048084,0.048281,0.048448,0.04856,0.0486,0.048624,0.048628,0.048615,0.048583,0.048534,0.048468,0.048381,0.048275,0.048152,0.048011,0.047847,0.047661,0.047458,0.046982,0.046457,0.045835,0.04515,0.043189,0.042617,0.042126,0.041602,0.041152,0.040777,0.040464,0.040231,0.040041,0.039898,0.039793,0.039735,0.0397,0.039678,0.039644,0.039605,0.03955,0.03948,0.039391,0.039277,0.03914,0.038983,0.038796,0.038409,0.037451,0.037225,0.037045,0.03688,0.03677,0.036714,0.036712,0.036751,0.036829,0.036947,0.037101,0.037292,0.03753,0.037807,0.038121,0.038449,0.038806,0.039214,0.039676,0.040119,0.040621,0.042462,0.043186,0.043898,0.044501,0.044823,0.04511,0.045363,0.04559,0.045791,0.045958,0.046098,0.046212,0.046308,0.046368,0.046389,0.046372,0.046316,0.046222,0.046092,0.045922,0.045717,0.045466,0.045173,0.044841,0.044495,0.044086,0.042453,0.041792,0.041458,0.041155,0.040893,0.040662,0.040417,0.040217,0.040058,0.039943,0.039871,0.039841,0.039852,0.039907,0.039974,0.040068,0.040186,0.040328,0.040493,0.040687,0.040904,0.041151,0.041419,0.041707,0.042023,0.042379,0.043133,0.044669,0.045284,0.045904,0.046429,0.046706,0.046963,0.047189,0.047385,0.047559,0.047705,0.047834,0.047936,0.048018,0.048075,0.048109,0.048118,0.048105,0.048067,0.048006,0.047921,0.047733,0.047469,0.047184,0.04647,0.046152,0.046017,0.045904,0.045818,0.045752,0.045706,0.045683,0.045684,0.045709,0.045758,0.045833,0.045933,0.046053,0.046182,0.046331,0.046498,0.046694,0.046909,0.047144,0.047396,0.047677,0.048202,0.048827,0.049453,0.050959,0.05171,0.05207,0.052398,0.05269,0.052949,0.053213,0.053436,0.053625,0.053772,0.053885,0.053958,0.053997,0.054001,0.053959,0.053871,0.053737,0.053549,0.053312,0.053028,0.052687,0.052286,0.051924,0.051535,0.051086,0.050593,0.049633,0.047289,0.046692,0.046179,0.045676,0.045227,0.044846,0.044504,0.044204,0.043958,0.043757,0.043606,0.043496,0.043436,0.043422,0.043452,0.043516,0.043619,0.043759,0.043934,0.044144,0.044399,0.044688,0.045025,0.045359,0.045736,0.046155,0.046635,0.047612,0.049633,0.050463,0.05129,0.05198,0.052349,0.052692,0.052994,0.053269,0.053516,0.053724,0.053913,0.054065,0.05419,0.054291,0.054359,0.054402,0.054417,0.054403,0.05436,0.054292,0.054214,0.054114,0.053856,0.053565,0.052818,0.052633,0.052485,0.052347,0.05224,0.052169,0.052126,0.052115,0.052145,0.052215,0.052323,0.052471,0.052662,0.052897,0.053176,0.053516,0.053905,0.054342,0.054848,0.055381,0.055984,0.05666,0.057382,0.058021,0.058719,0.059476,0.060292,0.061912,0.064804,0.065877,0.066926,0.067873,0.068844,0.06973,0.070499,0.071184,0.071552,0.071898,0.072223,0.072505,0.072784,0.073023,0.07324,0.073435,0.073607,0.073757,0.073883,0.073986,0.074065,0.074118,0.074152,0.074162,0.074152,0.074122,0.074072,0.074003,0.073921,0.073814,0.073689,0.073545,0.073383,0.073189,0.072991,0.072759,0.072509,0.072242,0.071957,0.071657,0.071107,0.070518,0.069841,0.069102,0.06842,0.067661,0.065,0.064027,0.063054,0.062231,0.061425,0.060697,0.060069,0.059496,0.059017,0.058593,0.058225,0.057925,0.057672,0.057485,0.057353,0.057273,0.057252,0.057268,0.057321,0.057414,0.057542,0.057706,0.057911,0.05816,0.058429,0.058739,0.059089,0.059479,0.059889,0.06035,0.062193,0.06297,0.063379,0.063738,0.064065,0.064357,0.064688,0.064974,0.065218,0.065428,0.065603,0.065737,0.065841,0.065906,0.065937,0.065934,0.065897,0.065823,0.065715,0.065573,0.065392,0.065178,0.064925,0.064643,0.064322,0.063952,0.063573,0.063135,0.061349,0.060619,0.060242,0.059909,0.059608,0.059329,0.059037,0.05878,0.058566,0.058389,0.058248,0.058149,0.058084,0.058057,0.058074,0.058145,0.058272,0.058458,0.05871,0.059038,0.059428,0.060256,0.060599,0.06093,0.061196,0.061335,0.061453,0.06155,0.06163,0.061693,0.061736,0.061762,0.06177,0.061761,0.061733,0.061685,0.06162,0.061536,0.06143,0.061306,0.061166,0.06088,0.06053,0.060168,0.059282,0.058856,0.058498,0.058353,0.05823,0.058117,0.058031,0.057967,0.057929,0.057914,0.057922,0.057955,0.058012,0.05809,0.058195,0.058319,0.058472,0.058647,0.058855,0.059085,0.059336,0.059831,0.06043,0.061041,0.062577,0.062985,0.063348,0.063728,0.064053,0.064328,0.064572,0.064811,0.064995,0.065131,0.065214,0.065248,0.065232,0.065166,0.065051,0.064952,0.064825,0.064678,0.06451,0.064313,0.064095,0.063859,0.063591,0.06305,0.062414,0.061706,0.059691,0.059094,0.058588,0.058037,0.057565,0.057159,0.056808,0.056514,0.056275,0.056084,0.055938,0.05585,0.055783,0.055668,0.055607,0.055508,0.055364,0.055265,0.055147,0.055009,0.054857,0.054685,0.054502,0.054288,0.054063,0.053792,0.053496,0.053175,0.052829,0.05246,0.052049,0.051614,0.051135,0.050274,0.049264,0.048261,0.04579,0.045134,0.044542,0.043928,0.043386,0.042895,0.042436,0.041962,0.041539,0.041183,0.040891,0.040651,0.040472,0.04034,0.040267,0.040249,0.040248,0.040266,0.040302,0.040355,0.040427,0.040515,0.040629,0.040753,0.040904,0.041073,0.041261,0.041465,0.041686,0.041923,0.042192,0.042645,0.043174,0.04376,0.044402,0.045002,0.045691,0.048107,0.049019,0.049923,0.050696,0.051463,0.052153,0.052764,0.053297,0.053756,0.054155,0.054494,0.054775,0.055006,0.055184,0.055306,0.05538,0.0554,0.055401,0.055382,0.055344,0.055285,0.055207,0.054986,0.054801,0.05457,0.053958,0.053448,0.053211,0.052976,0.052627,0.052253,0.051848,0.051404,0.050992,0.050515,0.049012,0.048532,0.048092,0.047737,0.047553,0.047385,0.047242,0.047122,0.04702,0.046941,0.046879,0.046837,0.04681,0.046815,0.046852,0.046921,0.04702,0.047156,0.047323,0.04752,0.047708,0.047925,0.04817,0.048442,0.04898,0.050276,0.05059,0.050865,0.05112,0.051342,0.05153,0.051686,0.051819,0.051915,0.05198,0.052011,0.052009,0.051973,0.051903,0.051798,0.051642,0.051433,0.051189,0.05089,0.050545,0.050158,0.049711,0.049223,0.048784,0.048298,0.047764,0.047184,0.046048,0.043346,0.042643,0.042037,0.041438,0.040895,0.040431,0.040005,0.039605,0.039267,0.038978,0.038741,0.038565,0.038439,0.038367,0.038348,0.038365,0.0384,0.038454,0.038534,0.038627,0.038749,0.038893,0.039058,0.039244,0.039451,0.039678,0.039925,0.04019,0.040495,0.040798,0.041141,0.041752,0.04241,0.043166,0.043992,0.044759,0.045612,0.048591,0.049707,0.050787,0.051701,0.052181,0.052617,0.053037,0.053438,0.053822,0.054163,0.054486,0.05479,0.055092,0.055355,0.055597,0.055818,0.056018,0.056195,0.056351,0.056476,0.056581,0.056673,0.056742,0.056789,0.056814,0.056818,0.0568,0.05676,0.056666,0.056522,0.056332,0.056101,0.055817,0.055492,0.055115,0.054684,0.054292,0.053859,0.053364,0.052828,0.051706,0.049205,0.048089,0.046956,0.045968,0.045425,0.044905,0.044411,0.04394,0.043494,0.043073,0.04266,0.042272,0.041811,0.041362,0.040935,0.04052,0.040118,0.039739,0.039381,0.039052,0.038767,0.038523,0.038314,0.038145,0.038013,0.037919,0.037859,0.037837,0.037846,0.037883,0.03795,0.038042,0.038163,0.038312,0.038489,0.038699,0.038936,0.039207,0.039512,0.039861,0.040221,0.04063,0.042284,0.042963,0.04331,0.043628,0.043908,0.044167,0.04445,0.044693,0.044904,0.045082,0.045228,0.045345,0.045432,0.04549,0.045524,0.045517,0.045472,0.045324,0.04527,0.045244,0.045259,0.045328,0.045455,0.045637,0.046085,0.04627,0.046433,0.046542,0.046584,0.046608,0.046616,0.046606,0.046533,0.046398,0.046318,0.046227,0.046125,0.046011,0.045883,0.045737,0.045572,0.045385,0.045207,0.045014,0.044566,0.044102,0.043096,0.042698,0.042389,0.042164,0.042072,0.042,0.041952,0.041926,0.041922,0.041941,0.041984,0.042047,0.042172,0.042336,0.042542,0.042801,0.043105,0.043453,0.043845,0.044292,0.044695,0.045142,0.045632,0.046164,0.047201,0.049673,0.050289,0.050823,0.051349,0.051824,0.052232,0.052605,0.052938,0.053229,0.053467,0.05366,0.053809,0.053908,0.053965,0.053975,0.053952,0.0539,0.053817,0.053707,0.053568,0.053394,0.053192,0.052953,0.052686,0.052382,0.052039,0.051658,0.051257,0.050806,0.049004,0.048266,0.047883,0.047533,0.047216,0.046933,0.046623,0.046345,0.046111,0.045911,0.045745,0.045622,0.045532,0.045477,0.045456,0.045467,0.045508,0.04558,0.04568,0.045815,0.045985,0.046185,0.046391,0.046628,0.046895,0.047206,0.047874,0.049287,0.049879,0.050469,0.050956,0.051216,0.051443,0.051647,0.05182,0.051977,0.052105,0.052214,0.052299,0.052359,0.052399,0.052419,0.052421,0.052403,0.052367,0.05231,0.052234,0.052027,0.051361,0.050845,0.050674,0.050539,0.050402,0.050254,0.05009,0.04985,0.049583,0.049282,0.048947,0.048567,0.048153,0.047678,0.04717,0.046559,0.045894,0.045156,0.044346,0.043541,0.042626,0.041684,0.039296,0.038039,0.037378,0.036795,0.036287,0.035811,0.035279,0.034823,0.034442,0.034274,0.034123,0.033878,0.033776,0.033698,0.033631,0.033586,0.033557,0.033545,0.033555,0.033596,0.033673,0.033776,0.03391,0.034075,0.03427,0.03451,0.034767,0.035072,0.03541,0.03578,0.03618,0.03661,0.03707,0.037586,0.038008,0.038479,0.038969,0.039476,0.039999,0.040573,0.041807,0.042935,0.044217,0.045484,0.048616,0.050276,0.051107,0.051882,0.052601,0.053302,0.054017,0.054707,0.055338,0.055943,0.05652,0.057041,0.057536,0.058003,0.058442,0.058853,0.059235,0.05957,0.059879,0.060177,0.060433,0.060677,0.060892,0.061079,0.06124,0.061375,0.061484,0.061573,0.061635,0.061675,0.061687,0.06168,0.061652,0.061605,0.06154,0.061454,0.061345,0.061214,0.060931,0.060568,0.060191,0.05921,0.058706,0.058315,0.057955,0.057589,0.057228,0.056916,0.056172,0.055729,0.055476,0.055212,0.054937,0.054644,0.054177,0.053647,0.053054,0.052353,0.051506,0.050289,0.045978,0.045266,0.044713,0.04437,0.044081,0.043842,0.04365,0.043501,0.0434,0.04334,0.043321,0.043332,0.043359,0.043405,0.043467,0.043546,0.043644,0.04376,0.043887,0.044041,0.044203,0.044396,0.044594,0.044811,0.045061,0.045314,0.045601,0.045927,0.046274,0.046642,0.04703,0.047438,0.047888,0.048357,0.048871,0.049869,0.051033,0.052212,0.055359,0.056262,0.057051,0.057887,0.058647,0.05933,0.059911,0.060248,0.060561,0.060832,0.061079,0.061302,0.0615,0.061671,0.061807,0.061926,0.062013,0.062077,0.062112,0.06212,0.062102,0.062058,0.061989,0.061915,0.061817,0.061709,0.061574,0.061434,0.061263,0.061075,0.06087,0.060646,0.060406,0.06015,0.059877,0.059589,0.059262,0.058918,0.058559,0.057879,0.057127,0.056301,0.055372,0.054441,0.053414,0.049305,0.047553,0.046623,0.045786,0.045008,0.04426,0.043434,0.042654,0.041924,0.041266,0.040657,0.040096,0.039581,0.039097,0.038673,0.038292,0.037937,0.037609,0.037309,0.037034,0.036767,0.03651,0.036128,0.03513,0.034774,0.033928,0.033698,0.033514,0.033284,0.033128,0.033034,0.033003,0.033013,0.033042,0.03309,0.033159,0.033247,0.033354,0.033486,0.033638,0.033978,0.034411,0.034891,0.036211,0.036582,0.036884,0.037189,0.03742,0.03758,0.037637,0.037678,0.037703,0.037709,0.037698,0.037668,0.037622,0.037554,0.037469,0.037368,0.03716,0.036886,0.036597,0.035888,0.035559,0.03541,0.035289,0.03519,0.035113,0.035047,0.035006,0.034991,0.035001,0.035036,0.035096,0.035182,0.035295,0.035487,0.035728,0.036007,0.036346,0.036734,0.037171,0.037674,0.038226,0.038798,0.039434,0.040134,0.040897,0.041662,0.042538,0.045817,0.047169,0.047877,0.048508,0.049088,0.049642,0.050261,0.050816,0.051327,0.051776,0.05218,0.052539,0.052853,0.05311,0.053308,0.053478,0.053605,0.053703,0.053766,0.053797,0.053794,0.053757,0.053704,0.053627,0.053526,0.053397,0.053115,0.052529,0.052304,0.05209,0.051926,0.051789,0.05171,0.051688,0.051723,0.051806,0.051943,0.052136,0.052382,0.052626,0.052933,0.053946,0.054267,0.054551,0.05477,0.054945,0.055073,0.055152,0.055188,0.055186,0.055166,0.055125,0.055067,0.054989,0.05489,0.054772,0.054633,0.054472,0.054291,0.054103,0.053881,0.053637,0.053373,0.053089,0.052785,0.052483,0.052141,0.051781,0.051403,0.051008,0.05057,0.050115,0.049614,0.048661,0.047567,0.046438,0.043507,0.042652,0.041884,0.041052,0.040319,0.039655,0.03906,0.03872,0.038398,0.038094,0.037829,0.037563,0.037335,0.037126,0.036935,0.036764,0.036612,0.036481,0.036369,0.036278,0.036208,0.036161,0.036131,0.036125,0.036173,0.036273,0.036434,0.036649,0.036917,0.037234,0.037615,0.038025,0.038495,0.039026,0.039642,0.040267,0.04097,0.043729,0.044855,0.045454,0.045977,0.04645,0.046873,0.04734,0.047761,0.048116,0.04842,0.048673,0.048863,0.049002,0.049089,0.049114,0.049124,0.049115,0.049088,0.049043,0.04898,0.048899,0.0488,0.048685,0.048552,0.048404,0.048226,0.047833,0.047362,0.046931,0.046442,0.045897,0.045274,0.044719,0.044073,0.041877,0.041047,0.04027,0.039576,0.038903,0.038321,0.03781,0.037354,0.036982,0.036662,0.036396,0.036186,0.036036,0.035935,0.035888,0.035893,0.035925,0.03598,0.036059,0.036158,0.036285,0.036432,0.036608,0.036804,0.037173,0.037631,0.038094,0.039273,0.039851,0.040354,0.040753,0.041063,0.041303,0.041398,0.041477,0.041539,0.041581,0.041612,0.041621,0.041609,0.041574,0.041518,0.041441,0.041341,0.041215,0.040958,0.040624,0.040271,0.039381,0.038945,0.03875,0.038584,0.038449,0.038344,0.038259,0.038212,0.038203,0.038231,0.038297,0.038401,0.038545,0.038721,0.038934,0.039194,0.039494,0.039831,0.04022,0.040646,0.041126,0.04164,0.042103,0.042608,0.043155,0.043743,0.04489,0.04779,0.048581,0.049257,0.04997,0.050604,0.051163,0.051683,0.052193,0.052639,0.053034,0.053377,0.053667,0.053896,0.054074,0.054205,0.054273,0.054307,0.054309,0.054279,0.054217,0.054121,0.053995,0.053835,0.053671,0.053487,0.05327,0.053027,0.052501,0.051408,0.050958,0.050518,0.050154,0.049962,0.049794,0.049642,0.049508,0.049391,0.049296,0.049218,0.049157,0.049091,0.049073,0.049102,0.049176,0.049289,0.049449,0.049639,0.050211,0.050367,0.050487,0.050598,0.050665,0.050691,0.050676,0.050611,0.050494,0.050323,0.050092,0.049822,0.049487,0.049108,0.048006,0.04769,0.047426,0.047153,0.046931,0.04676,0.04664,0.046572,0.046538,0.046537,0.046569,0.046617,0.04669,0.046992,0.047099,0.047181,0.047227,0.047239,0.047227,0.047098,0.047096,0.047115,0.047172,0.047269,0.047406,0.047583,0.047808,0.048076,0.048396,0.048767,0.049162,0.049616,0.050129,0.0507,0.051256,0.051911,0.054157,0.054989,0.055411,0.05578,0.056114,0.056427,0.056768,0.05706,0.057302,0.057505,0.05766,0.057775,0.057844,0.057872,0.057868,0.057846,0.057809,0.057754,0.057682,0.057594,0.057488,0.057365,0.057225,0.057067,0.056893,0.056702,0.056495,0.056253,0.056012,0.055735,0.05544,0.055105,0.054776,0.054405,0.054018,0.053614,0.052704,0.051767,0.050723,0.049612,0.046625,0.045752,0.044968,0.044125,0.043356,0.04269,0.042098,0.041754,0.041451,0.041149,0.040887,0.040647,0.040428,0.040231,0.040057,0.039906,0.039779,0.039676,0.039602,0.039545,0.039515,0.039506,0.03952,0.039592,0.039723,0.039913,0.040159,0.040476,0.04085,0.041298,0.0418,0.042305,0.042873,0.043504,0.044199,0.044894,0.045672,0.048724,0.049958,0.050597,0.051186,0.051726,0.052241,0.052802,0.053302,0.053765,0.054188,0.054569,0.054893,0.055176,0.055419,0.055613,0.055777,0.055901,0.055986,0.056034,0.056046,0.05602,0.05596,0.055873,0.05576,0.055617,0.055436,0.055034,0.054164,0.053825,0.053509,0.05327,0.053161,0.053078,0.05302,0.052987,0.05298,0.052997,0.05304,0.053108,0.053201,0.05332,0.053465,0.053633,0.053837,0.054065,0.054317,0.054605,0.055149,0.055796,0.056448,0.058061,0.058835,0.059204,0.059521,0.059816,0.060072,0.060314,0.060524,0.060702,0.060838,0.060941,0.061009,0.061042,0.061039,0.060997,0.06091,0.060785,0.060612,0.060396,0.06014,0.059829,0.059479,0.059109,0.058709,0.05826,0.057765,0.057268,0.056686,0.054513,0.053635,0.053181,0.052764,0.052385,0.052044,0.051652,0.051306,0.050992,0.050722,0.050483,0.050276,0.050101,0.04996,0.049852,0.049778,0.049737,0.049727,0.049751,0.049808,0.049896,0.050018,0.05014,0.050287,0.050461,0.05066,0.051066,0.05208,0.052337,0.052555,0.052758,0.052919,0.053051,0.053146,0.05321,0.053236,0.053222,0.053167,0.053072,0.052933,0.052752,0.052538,0.052297,0.052006,0.051693,0.051327,0.050925,0.050488,0.049993,0.049465,0.048989,0.048464,0.047919,0.047297,0.046132,0.043278,0.042516,0.041866,0.041184,0.040591,0.040057,0.039559,0.039059,0.03863,0.038252,0.037942,0.037684,0.03748,0.037331,0.037243,0.037205,0.037229,0.037317,0.037465,0.037673,0.037952,0.038291,0.038686,0.039113,0.039582,0.040115,0.040735,0.041336,0.042044,0.044644,0.045688,0.046213,0.046693,0.047125,0.047534,0.047978,0.048381,0.048725,0.049012,0.049259,0.049463,0.049624,0.049734,0.049785,0.049815,0.04983,0.049827,0.049809,0.049771,0.04972,0.049646,0.049563,0.049454,0.049339,0.049197,0.049037,0.048862,0.048462,0.048022,0.047509,0.046923,0.046264,0.045591,0.044831,0.044046,0.041895,0.041263,0.040703,0.040111,0.039573,0.039089,0.038638,0.038144,0.037724,0.037376,0.037083,0.036848,0.036679,0.036567,0.036512,0.036515,0.036579,0.036697,0.036881,0.037123,0.037421,0.037789,0.03823,0.038637,0.039078,0.039572,0.040118,0.04061,0.041196,0.043198,0.043899,0.044578,0.045175,0.045758,0.046273,0.0467,0.047078,0.047403,0.047671,0.047878,0.048016,0.048093,0.048107,0.048089,0.048058,0.048007,0.047945,0.047859,0.047756,0.047636,0.047484,0.047327,0.047153,0.046962,0.046734,0.046508,0.046244,0.045961,0.04566,0.045341,0.045006,0.044655,0.044257,0.043578,0.04286,0.04207,0.04117,0.040357,0.039445,0.036327,0.035167,0.034038,0.033027,0.032032,0.031165,0.030393,0.030017,0.029686,0.029347,0.029027,0.028729,0.028473,0.028216,0.027999,0.027785,0.027609,0.02744,0.027305,0.02719,0.027096,0.027022,0.026967,0.026933,0.026919,0.026936,0.026997,0.0271,0.027253,0.027449,0.027687,0.027978,0.02831,0.028679,0.029101,0.029556,0.030085,0.030618,0.031245,0.033718,0.034752,0.035305,0.035787,0.036223,0.036633,0.03707,0.037466,0.037817,0.03811,0.03836,0.038564,0.038716,0.03883,0.038892,0.038921,0.038914,0.03887,0.038793,0.038677,0.038527,0.038337,0.038136,0.037901,0.037629,0.037323,0.036642,0.035174,0.034563,0.033971,0.033718,0.033482,0.033235,0.033014,0.032822,0.032667,0.032539,0.032441,0.032371,0.032329,0.032316,0.032321,0.032344,0.032386,0.032447,0.032524,0.032622,0.032742,0.032975,0.033274,0.033592,0.034468,0.034929,0.035149,0.035333,0.035495,0.035633,0.035741,0.035828,0.0359,0.035956,0.036015,0.036085,0.036126,0.036182,0.036274,0.036397,0.03655,0.036741,0.036959,0.037216,0.037502,0.037828,0.038192,0.038612,0.039073,0.039572,0.040027,0.040505,0.041027,0.041616,0.042752,0.045382,0.046043,0.046612,0.047179,0.047694,0.048138,0.048549,0.048939,0.049274,0.049566,0.049805,0.050002,0.050156,0.050266,0.05033,0.05035,0.050323,0.050253,0.050133,0.049967,0.049758,0.049496,0.049193,0.048897,0.048559,0.048178,0.047737,0.046851,0.045091,0.044396,0.043701,0.043125,0.042811,0.042533,0.042276,0.04204,0.041839,0.041658,0.041501,0.041365,0.041242,0.041147,0.041081,0.041042,0.04103,0.041047,0.04109,0.04116,0.041248,0.041363,0.041503,0.04167,0.04204,0.042834,0.043144,0.043435,0.043659,0.043763,0.043846,0.043909,0.043946,0.043962,0.043956,0.043926,0.043876,0.0438,0.0437,0.043576,0.04343,0.043261,0.04306,0.042837,0.042593,0.042121,0.041557,0.040988,0.039621,0.038971,0.038667,0.038407,0.038178,0.037966,0.037775,0.037605,0.037458,0.037342,0.03725,0.037185,0.037141,0.037124,0.037146,0.037228,0.037369,0.037571,0.037831,0.038163,0.038553,0.039018,0.039437,0.039911,0.040439,0.041022,0.041557,0.042184,0.044249,0.044986,0.045674,0.046285,0.04688,0.04739,0.047836,0.048235,0.048568,0.04885,0.04907,0.049238,0.049354,0.049416,0.049425,0.049381,0.049305,0.049187,0.049031,0.048837,0.048608,0.04833,0.048001,0.047637,0.047299,0.04694,0.046541,0.046102,0.045252,0.04312,0.042551,0.04207,0.041575,0.041152,0.040782,0.040448,0.040141,0.039881,0.039673,0.039526,0.03943,0.039388,0.039398,0.039459,0.03952,0.039593,0.039689,0.039804,0.039937,0.040088,0.040257,0.040444,0.040648,0.040869,0.041106,0.041381,0.041675,0.041986,0.042314,0.042658,0.043274,0.04393,0.044653,0.045475,0.046224,0.047061,0.049953,0.05101,0.052038,0.052928,0.053835,0.054626,0.055332,0.055976,0.056274,0.056555,0.056819,0.057046,0.057274,0.057469,0.057647,0.05781,0.057967,0.058096,0.058208,0.058303,0.058382,0.058445,0.058492,0.058525,0.058541,0.058518,0.058455,0.058353,0.058214,0.058032,0.057803,0.057539,0.057286,0.057013,0.056706,0.056349,0.055626,0.054207,0.053626,0.053053,0.052546,0.052038,0.051596,0.051221,0.050902,0.050646,0.050441,0.050281,0.050164,0.050091,0.050049,0.050033,0.050026,0.050004,0.049963,0.049885,0.049777,0.049635,0.049453,0.049205,0.048908,0.048551,0.048133,0.047727,0.047248,0.0456,0.045023,0.044739,0.044485,0.044261,0.044067,0.043857,0.043687,0.043558,0.043461,0.043401,0.043378,0.043391,0.043438,0.043555,0.043727,0.043958,0.044249,0.0446,0.045011,0.045479,0.046028,0.046661,0.047382,0.048161,0.049057,0.049969,0.050989,0.052075,0.05494,0.055766,0.056499,0.057308,0.058013,0.058648,0.059214,0.059559,0.059861,0.060145,0.060411,0.060657,0.060866,0.061074,0.061245,0.061399,0.061533,0.061648,0.061743,0.061818,0.061872,0.061905,0.061917,0.061902,0.061851,0.061757,0.061633,0.061473,0.061262,0.061028,0.060739,0.060432,0.060066,0.059661,0.059218,0.058738,0.058222,0.057673,0.05705,0.056517,0.055962,0.055386,0.054789,0.054125,0.053441,0.052738,0.051966,0.050588,0.04906,0.047557,0.043847,0.041915,0.040944,0.040098,0.039271,0.038515,0.037732,0.036976,0.036248,0.035593,0.034968,0.034411,0.033846,0.033347,0.032879,0.032442,0.032036,0.031687,0.031344,0.031055,0.030776,0.030548,0.030335,0.030168,0.03003,0.029915,0.029839,0.029789,0.029772,0.029786,0.029816,0.029862,0.029924,0.030011,0.030105,0.030227,0.030508,0.030679,0.030867,0.03129,0.031793,0.032378,0.032909,0.033473,0.034098,0.034813,0.035456,0.036181,0.038773,0.039769,0.040736,0.041572,0.042424,0.043192,0.043877,0.044478,0.04502,0.045267,0.045498,0.045713,0.045911,0.046246,0.04652,0.046638,0.046741,0.046897,0.046952,0.046995,0.047022,0.04703,0.04702,0.04699,0.046942,0.046872,0.046784,0.046679,0.046427,0.046099,0.045712,0.044869,0.044513,0.044164,0.043886,0.043609,0.043497,0.043401,0.043321,0.043262,0.043191,0.043182,0.043235,0.043352,0.043531,0.043728,0.043975,0.044905,0.045229,0.045505,0.045609,0.045697,0.045772,0.045822,0.045849,0.045853,0.045833,0.045789,0.045721,0.045633,0.045517,0.04537,0.045195,0.044995,0.044769,0.044508,0.044222,0.043913,0.043296,0.042557,0.041806,0.039842,0.039303,0.038836,0.03835,0.037917,0.037539,0.037228,0.03706,0.036918,0.036784,0.036675,0.036582,0.036507,0.036451,0.036412,0.036392,0.036391,0.036409,0.036443,0.036498,0.036568,0.036655,0.03676,0.036882,0.037032,0.03719,0.037378,0.037572,0.037797,0.038025,0.038286,0.038566,0.038863,0.039178,0.039509,0.039879,0.040267,0.040672,0.041093,0.04182,0.042641,0.043529,0.044513,0.045373,0.046378,0.049712,0.050916,0.05206,0.053045,0.054044,0.05493,0.055731,0.056422,0.056764,0.057086,0.057389,0.05767,0.057913,0.058136,0.058339,0.05852,0.058679,0.058807,0.058922,0.059008,0.059078,0.059121,0.059142,0.059142,0.059115,0.059059,0.058974,0.058869,0.058728,0.058557,0.058358,0.058131,0.057874,0.05759,0.057278,0.056938,0.056572,0.056155,0.055709,0.055235,0.054796,0.054337,0.053859,0.053329,0.05278,0.052213,0.051592,0.050954,0.049752,0.048347,0.046948,0.043328,0.042265,0.041342,0.040325,0.03938,0.038544,0.037745,0.036858,0.036062,0.035355,0.03471,0.034399,0.034128,0.033633,0.03341,0.033202,0.03301,0.032835,0.032676,0.032534,0.032407,0.032297,0.032204,0.032126,0.032065,0.032016,0.031987,0.031973,0.031994,0.03203,0.032082,0.032232,0.032422,0.032666,0.032966,0.033319,0.033678,0.034107,0.035751,0.036404,0.036722,0.037005,0.037253,0.037477,0.037701,0.037886,0.038024,0.038121,0.038174,0.038184,0.038151,0.038077,0.037959,0.037799,0.037598,0.037355,0.037058,0.036719,0.03634,0.035906,0.035519,0.035087,0.034611,0.034089,0.033071,0.030641,0.030023,0.029499,0.028955,0.028487,0.028072,0.027709,0.027365,0.027077,0.026831,0.026637,0.026485,0.026376,0.026313,0.026295,0.026308,0.026344,0.026403,0.026484,0.026579,0.026704,0.026852,0.027023,0.027216,0.027431,0.027669,0.027928,0.028209,0.028534,0.028858,0.029228,0.029591,0.030004,0.030436,0.030888,0.031358,0.031881,0.032422,0.033018,0.03418,0.035472,0.036844,0.040679,0.041831,0.042831,0.04391,0.044901,0.045802,0.046611,0.047067,0.047501,0.047911,0.048296,0.048655,0.048967,0.049255,0.04952,0.049777,0.049992,0.050182,0.050347,0.050488,0.050605,0.050697,0.050769,0.050822,0.050828,0.050782,0.050688,0.05054,0.050344,0.050092,0.049794,0.049488,0.049151,0.04877,0.048327,0.0479,0.047417,0.045522,0.044751,0.043985,0.043352,0.043013,0.042698,0.042423,0.042174,0.041951,0.041765,0.041596,0.041461,0.041353,0.041266,0.041207,0.041175,0.04117,0.041191,0.041238,0.041315,0.041405,0.041521,0.041661,0.041826,0.042198,0.043002,0.043323,0.043625,0.043854,0.043964,0.044055,0.044122,0.044169,0.044195,0.044199,0.044182,0.044144,0.044086,0.044003,0.043904,0.043777,0.04363,0.043454,0.043256,0.043039,0.042615,0.042108,0.041593,0.040352,0.039757,0.039474,0.039232,0.039019,0.038824,0.038643,0.038494,0.038371,0.038278,0.03821,0.03817,0.038157,0.03817,0.038202,0.038252,0.038321,0.038409,0.038508,0.038633,0.038776,0.038939,0.03912,0.03932,0.039537,0.039773,0.040026,0.040314,0.040621,0.040945,0.041508,0.042136,0.042853,0.043635,0.04434,0.045149,0.047866,0.048853,0.04981,0.050646,0.051459,0.05219,0.052815,0.053359,0.053615,0.053853,0.054073,0.054261,0.054443,0.054595,0.054729,0.054845,0.054949,0.055028,0.055088,0.055129,0.055152,0.055157,0.055143,0.05511,0.055007,0.05484,0.054614,0.05433,0.053978,0.05357,0.053094,0.052547,0.052058,0.051518,0.050926,0.05026,0.048966,0.046523,0.045585,0.044651,0.04385,0.043026,0.042281,0.041637,0.041071,0.040789,0.040526,0.040283,0.040073,0.03987,0.039697,0.039534,0.0394,0.039284,0.039182,0.039105,0.039043,0.039001,0.038979,0.038977,0.038993,0.039044,0.039126,0.039238,0.039384,0.039566,0.039777,0.040023,0.040314,0.040838,0.041488,0.04218,0.044214,0.044841,0.045403,0.046,0.046533,0.047023,0.047482,0.047893,0.048292,0.048679,0.049075,0.049554,0.050183,0.050976,0.051469,0.05173,0.051954,0.05214,0.052297,0.052429,0.052534,0.052614,0.052671,0.052702,0.052713,0.052705,0.052679,0.052587,0.052295,0.052242,0.052223,0.052246,0.052321,0.05245,0.052635,0.052763,0.052905,0.053064,0.053248,0.05345,0.053671,0.053918,0.054182,0.054665,0.055244,0.055818,0.057196,0.057857,0.058446,0.058933,0.059159,0.059358,0.059536,0.059687,0.059817,0.059927,0.060015,0.060082,0.060126,0.06015,0.060155,0.06014,0.060106,0.060052,0.059978,0.059881,0.059686,0.059423,0.059148,0.058449,0.058123,0.05786,0.057758,0.057677,0.057613,0.057567,0.05754,0.057533,0.057545,0.057577,0.057628,0.057698,0.057871,0.058102,0.058404,0.058777,0.059138,0.05956,0.061041,0.061553,0.062024,0.062395,0.062567,0.062721,0.062851,0.062962,0.063053,0.063122,0.063172,0.063202,0.063208,0.063159,0.063054,0.06289,0.06267,0.062388,0.062052,0.061645,0.061267,0.06083,0.06035,0.059797,0.058742,0.056006,0.055268,0.054599,0.054013,0.053463,0.05292,0.052398,0.051613,0.050784,0.047945,0.045646,0.044937,0.044309,0.043775,0.043305,0.04289,0.042623,0.042377,0.042151,0.041953,0.041775,0.041611,0.041468,0.041345,0.041175,0.041036,0.040936,0.040727,0.040581,0.040485,0.040376,0.040253,0.040112,0.039851,0.039527,0.039194,0.038439,0.038126,0.037875,0.037686,0.037599,0.037532,0.037484,0.037456,0.037448,0.037459,0.037489,0.037539,0.037609,0.0377,0.037806,0.037937,0.038088,0.038259,0.038451,0.038661,0.039037,0.039482,0.039983,0.040567,0.041174,0.041871,0.042655,0.045219,0.04605,0.046808,0.047646,0.048425,0.049173,0.049876,0.050295,0.050709,0.051105,0.051474,0.051817,0.052142,0.05244,0.052703,0.05294,0.053143,0.053321,0.053478,0.053604,0.053708,0.053787,0.053843,0.053879,0.053859,0.053784,0.053654,0.053467,0.05322,0.052914,0.052549,0.052126,0.051632,0.051068,0.050436,0.049793,0.04906,0.048318,0.046373,0.045345,0.044825,0.044368,0.043957,0.043594,0.043192,0.042869,0.042603,0.042404,0.042266,0.042191,0.042177,0.042223,0.042327,0.042495,0.042715,0.043003,0.043348,0.04375,0.044223,0.044769,0.045302,0.045874,0.046528,0.047265,0.047982,0.048774,0.051949,0.053248,0.053939,0.054584,0.055157,0.055707,0.056317,0.056889,0.057404,0.057882,0.058321,0.058722,0.059085,0.059411,0.059771,0.060088,0.060361,0.060601,0.060784,0.060952,0.061101,0.061495,0.061637,0.061783,0.061976,0.062187,0.062421,0.062684,0.062967,0.063277,0.063623,0.064015,0.064786,0.066649,0.067124,0.06753,0.067927,0.06827,0.068571,0.068837,0.069049,0.069234,0.0694,0.069544,0.069747,0.070117,0.070238,0.07037,0.070534,0.070726,0.070948,0.071198,0.071562,0.071995,0.072487,0.073048,0.073585,0.074216,0.074843,0.076349,0.077104,0.077477,0.077803,0.078097,0.078371,0.078655,0.078907,0.079115,0.079288,0.079419,0.079513,0.07957,0.079589,0.079561,0.079477,0.079333,0.07913,0.078869,0.078553,0.078171,0.07772,0.077304,0.076838,0.076301,0.075712,0.075162,0.074528,0.072235,0.071332,0.070425,0.069654,0.069245,0.068857,0.068509,0.068182,0.067879,0.067612,0.067367,0.067145,0.066945,0.06676,0.066599,0.066462,0.066349,0.066258,0.066186,0.066136,0.066106,0.066097,0.066106,0.066136,0.066244,0.066546,0.066657,0.066728,0.066739,0.066735,0.066706,0.066652,0.066573,0.066467,0.066333,0.066178,0.06599,0.065774,0.06558,0.065369,0.065142,0.064888,0.064319,0.06365,0.063053,0.062367,0.059686,0.058531,0.057937,0.057374,0.056829,0.056287,0.055563,0.054787,0.05213,0.049764,0.048964,0.048253,0.047677,0.047213,0.047014,0.046833,0.046677,0.046539,0.046425,0.046329,0.046253,0.046196,0.046159,0.046144,0.046151,0.046189,0.046259,0.046361,0.046493,0.046655,0.046852,0.047087,0.04731,0.047552,0.047832,0.04814,0.048772,0.050032,0.05053,0.051016,0.051437,0.051868,0.052227,0.052532,0.052773,0.052947,0.053074,0.053161,0.053207,0.053216,0.053197,0.053016,0.052975,0.052982,0.053012,0.053065,0.053144,0.05325,0.053382,0.053545,0.053737,0.054141,0.055112,0.055326,0.055501,0.055655,0.055771,0.055853,0.055901,0.055912,0.055884,0.055814,0.055707,0.05556,0.055366,0.055131,0.054845,0.054578,0.054285,0.053956,0.053576,0.052838,0.051088,0.050669,0.050314,0.049971,0.049683,0.049436,0.049232,0.049054,0.048916,0.048825,0.048776,0.048771,0.04881,0.048892,0.049018,0.049128,0.049248,0.049397,0.049554,0.049728,0.049935,0.050146,0.050392,0.050639,0.050923,0.051226,0.051547,0.051887,0.052244,0.052619,0.053037,0.053744,0.054523,0.055376,0.056335,0.057184,0.058162,0.061458,0.062701,0.063875,0.064901,0.065942,0.066857,0.06729,0.067677,0.068074,0.068427,0.068786,0.069123,0.069439,0.069714,0.069987,0.07022,0.070448,0.07064,0.070823,0.070972,0.0711,0.071216,0.071302,0.071373,0.071418,0.071445,0.07145,0.071425,0.071372,0.07129,0.071182,0.071041,0.070874,0.070673,0.07046,0.070227,0.069964,0.069656,0.068997,0.067594,0.067012,0.066423,0.065941,0.065681,0.065454,0.065249,0.065075,0.064916,0.064787,0.064681,0.064598,0.06454,0.0645,0.064483,0.064487,0.064511,0.064557,0.064623,0.064712,0.064901,0.065157,0.065432,0.066154,0.066502,0.066653,0.066777,0.066876,0.06695,0.067004,0.067028,0.067022,0.066986,0.06692,0.066823,0.066701,0.066543,0.066379,0.066193,0.065985,0.065743,0.065479,0.065193,0.064874,0.064534,0.063817,0.062975,0.062013,0.059937,0.059037,0.0581,0.05728,0.056819,0.056393,0.055987,0.055614,0.055246,0.054899,0.054571,0.054263,0.053894,0.053554,0.053226,0.052925,0.052645,0.052377,0.052129,0.051907,0.051705,0.051524,0.051372,0.05125,0.051153,0.051084,0.051043,0.051029,0.051044,0.05109,0.051167,0.051278,0.051411,0.05158,0.052261,0.05251,0.052623,0.052707,0.052767,0.052803,0.052814,0.052784,0.052713,0.0526,0.052467,0.052294,0.051633,0.051416,0.051319,0.051246,0.051192,0.051159,0.051146,0.051167,0.051224,0.051315,0.051439,0.0516,0.051802,0.052033,0.052206,0.052395,0.052601,0.052825,0.053066,0.053325,0.053601,0.053895,0.054206,0.054534,0.054879,0.055241,0.055619,0.05604,0.056478,0.056932,0.057736,0.058581,0.059497,0.060516,0.061426,0.062463,0.065965,0.067227,0.068458,0.069544,0.070614,0.071591,0.072055,0.072473,0.072874,0.073233,0.073623,0.073992,0.074338,0.074661,0.07496,0.075219,0.075455,0.075669,0.075873,0.07604,0.076184,0.076305,0.076403,0.076479,0.076531,0.07656,0.076567,0.076556,0.076528,0.076481,0.076414,0.076329,0.076226,0.076106,0.075969,0.075804,0.075633,0.075434,0.075217,0.074985,0.074457,0.073989,0.073447,0.072849,0.072175,0.071568,0.070873,0.068419,0.067452,0.066515,0.065709,0.064904,0.064193,0.063557,0.062978,0.062503,0.062082,0.061715,0.061405,0.061151,0.060954,0.060813,0.060727,0.060695,0.060712,0.060781,0.060898,0.061068,0.061286,0.061557,0.061882,0.06224,0.062659,0.063128,0.063675,0.064209,0.064813,0.067088,0.067956,0.068405,0.068806,0.069159,0.069477,0.069837,0.070147,0.070407,0.070618,0.070787,0.070908,0.070987,0.07102,0.071011,0.070965,0.070878,0.070752,0.070588,0.070379,0.070131,0.069846,0.069553,0.06922,0.068847,0.068435,0.068033,0.067568,0.065875,0.065212,0.064554,0.064007,0.063712,0.063452,0.063226,0.063022,0.062843,0.062696,0.062568,0.062471,0.06239,0.062343,0.06233,0.062351,0.062406,0.062497,0.062621,0.062783,0.062961,0.063163,0.063408,0.063686,0.064285,0.065494,0.06598,0.066439,0.066814,0.067003,0.067169,0.067304,0.067415,0.067496,0.067553,0.067585,0.067591,0.067572,0.067524,0.067452,0.067349,0.06722,0.067064,0.066885,0.066672,0.066252,0.065738,0.065209,0.063912,0.063304,0.063025,0.06279,0.062587,0.062406,0.062243,0.062116,0.062017,0.061953,0.061918,0.061914,0.061942,0.062002,0.062133,0.062313,0.062559,0.062862,0.063223,0.063639,0.064127,0.064669,0.065165,0.065718,0.066328,0.066993,0.067599,0.068278,0.070565,0.071394,0.072171,0.072839,0.073499,0.074094,0.074622,0.075083,0.075497,0.075859,0.076167,0.076406,0.076589,0.076711,0.076782,0.076793,0.076772,0.076731,0.076668,0.076577,0.076471,0.076334,0.076185,0.076003,0.075812,0.075586,0.075338,0.075069,0.074779,0.074447,0.074117,0.073743,0.073106,0.072394,0.071608,0.070718,0.069893,0.068977,0.065779,0.06458,0.063418,0.062401,0.061883,0.061381,0.060925,0.060487,0.060067,0.05969,0.05933,0.058989,0.058665,0.05836,0.058074,0.057824,0.05759,0.057359,0.057147,0.056954,0.056779,0.056623,0.056486,0.056366,0.056263,0.056172,0.056104,0.056048,0.055991,0.055981,0.056019,0.056107,0.05622,0.056371,0.057067,0.057343,0.057466,0.057559,0.057629,0.057673,0.057692,0.057689,0.057663,0.057615,0.057483,0.057095,0.057016,0.056967,0.056948,0.05697,0.057032,0.057137,0.057307,0.057532,0.057819,0.058177,0.058521,0.058926,0.060329,0.060805,0.061229,0.061573,0.061734,0.061868,0.061983,0.062077,0.062146,0.062194,0.062221,0.062227,0.062204,0.062148,0.062059,0.061937,0.061783,0.061588,0.061361,0.061104,0.060857,0.060589,0.060291,0.059947,0.059294,0.057686,0.057294,0.056949,0.056611,0.056313,0.056054,0.055836,0.055641,0.055482,0.055364,0.055289,0.055256,0.055262,0.055308,0.055394,0.05555,0.055772,0.056057,0.056403,0.056807,0.057288,0.057826,0.058441,0.058985,0.059587,0.060247,0.060992,0.061677,0.062437,0.065005,0.065978,0.066924,0.067723,0.068534,0.069268,0.069901,0.070479,0.070764,0.071014,0.071264,0.07148,0.071679,0.07186,0.072024,0.072169,0.072297,0.072407,0.072498,0.072566,0.072621,0.072659,0.072677,0.072678,0.072663,0.072629,0.072578,0.07251,0.072424,0.072323,0.072071,0.071747,0.071348,0.07089,0.070342,0.069877,0.069343,0.068758,0.068081,0.066801,0.064324,0.0633,0.062305,0.061415,0.060508,0.059676,0.058938,0.058257,0.057665,0.057139,0.056667,0.056247,0.055879,0.055564,0.055295,0.055086,0.054989,0.054909,0.054847,0.054804,0.054777,0.054769,0.054779,0.054808,0.054854,0.054919,0.054997,0.055098,0.055211,0.055346,0.0555,0.055672,0.056028,0.05645,0.056937,0.057489,0.058042,0.058673,0.059313,0.060913,0.061734,0.062143,0.062517,0.062842,0.063131,0.063455,0.063718,0.063932,0.064105,0.064233,0.064314,0.064351,0.064342,0.064302,0.064232,0.064132,0.064003,0.063845,0.063651,0.063427,0.063165,0.062876,0.062561,0.062194,0.061789,0.061379,0.060921,0.059106,0.058365,0.057642,0.057341,0.057057,0.056744,0.05646,0.056218,0.056007,0.055836,0.055696,0.055589,0.055515,0.055473,0.055465,0.055489,0.055545,0.055636,0.055759,0.05592,0.05611,0.056292,0.056501,0.056738,0.057002,0.057531,0.058833,0.059171,0.059457,0.059742,0.05998,0.060182,0.060348,0.060488,0.060593,0.060661,0.060689,0.060679,0.060632,0.06055,0.060427,0.060296,0.060138,0.059955,0.059748,0.059504,0.059236,0.05893,0.058601,0.057984,0.057243,0.056499,0.054707,0.053833,0.053404,0.053032,0.052698,0.052403,0.052109,0.051849,0.051635,0.051464,0.051328,0.051232,0.051168,0.051143,0.051148,0.051172,0.051214,0.051274,0.051353,0.05145,0.051566,0.051711,0.051866,0.052039,0.05223,0.052455,0.052683,0.052947,0.053211,0.053512,0.053832,0.054193,0.054548,0.054946,0.055362,0.055821,0.056298,0.056792,0.05779,0.05896,0.060169,0.063352,0.064289,0.065106,0.066013,0.066816,0.067542,0.068167,0.068541,0.068892,0.069201,0.069487,0.069751,0.069976,0.070194,0.070375,0.070534,0.070669,0.070781,0.070869,0.070932,0.070971,0.070984,0.070974,0.070923,0.070836,0.070701,0.070535,0.070329,0.07007,0.069767,0.069422,0.069036,0.068608,0.068139,0.067631,0.067084,0.066467,0.06581,0.065115,0.06454,0.063903,0.063243,0.06256,0.061813,0.061043,0.060207,0.059351,0.057835,0.056074,0.054382,0.050139,0.047953,0.046859,0.045883,0.044929,0.044045,0.043141,0.042266,0.041465,0.040694,0.039957,0.039291,0.038657,0.038057,0.037491,0.036962,0.036469,0.036037,0.035617,0.035256,0.034929,0.034636,0.034378,0.034154,0.033964,0.033799,0.033678,0.033585,0.033528,0.033506,0.033519,0.033568,0.033657,0.033782,0.033942,0.034144,0.034378,0.034656,0.034935,0.035234,0.035586,0.035975,0.036799,0.038522,0.039254,0.039965,0.040574,0.040901,0.041192,0.041463,0.041711,0.041935,0.042127,0.042296,0.042443,0.042567,0.042674,0.042756,0.042814,0.042849,0.042862,0.042853,0.042821,0.042773,0.042705,0.042617,0.042505,0.042245,0.041664,0.04143,0.041218,0.041069,0.041006,0.040961,0.040936,0.040932,0.040947,0.040984,0.041041,0.041115,0.041209,0.041321,0.041453,0.041609,0.041785,0.041979,0.042199,0.042448,0.042897,0.043446,0.044013,0.045493,0.046281,0.046665,0.047013,0.047325,0.0476,0.047879,0.048121,0.048327,0.048495,0.048632,0.048733,0.048803,0.048843,0.048854,0.048846,0.048772,0.048252,0.048098,0.048012,0.047915,0.047805,0.047685,0.047544,0.047387,0.047215,0.04702,0.046802,0.046569,0.046303,0.046023,0.04572,0.045381,0.045018,0.044617,0.043882,0.043039,0.042207,0.040227,0.039304,0.038867,0.038483,0.038135,0.037809,0.037483,0.037201,0.036952,0.036746,0.036573,0.03644,0.036337,0.036273,0.036242,0.036255,0.036313,0.036415,0.03656,0.036754,0.03699,0.037276,0.037538,0.037837,0.038173,0.038561,0.039308,0.041148,0.041605,0.04201,0.0424,0.042731,0.043015,0.043254,0.043464,0.043625,0.043744,0.043818,0.043849,0.043838,0.043784,0.043687,0.043561,0.043399,0.043203,0.042974,0.042699,0.04239,0.042034,0.041646,0.041304,0.040925,0.040509,0.040034,0.03913,0.036919,0.036342,0.035847,0.035335,0.03489,0.034493,0.034142,0.033796,0.033503,0.033251,0.03305,0.03289,0.032772,0.032698,0.032668,0.032671,0.032692,0.032731,0.032788,0.032863,0.032956,0.033067,0.033205,0.033351,0.033526,0.033707,0.033917,0.034146,0.034391,0.034652,0.034948,0.035443,0.036018,0.036653,0.037347,0.037993,0.038709,0.041251,0.042232,0.043181,0.043992,0.044823,0.045551,0.046197,0.046763,0.047029,0.047264,0.047687,0.048048,0.048345,0.048471,0.048588,0.048768,0.048892,0.048958,0.048971,0.048951,0.048898,0.04881,0.048696,0.048543,0.047773,0.047603,0.047463,0.047326,0.047227,0.04716,0.047126,0.047126,0.047157,0.04722,0.047315,0.047423,0.047557,0.048084,0.048281,0.048448,0.04856,0.0486,0.048624,0.048628,0.048615,0.048583,0.048534,0.048468,0.048381,0.048275,0.048152,0.048011,0.047847,0.047661,0.047458,0.046982,0.046457,0.045835,0.04515,0.043189,0.042617,0.042126,0.041602,0.041152,0.040777,0.040464,0.040231,0.040041,0.039898,0.039793,0.039735,0.0397,0.039678,0.039644,0.039605,0.03955,0.03948,0.039391,0.039277,0.03914,0.038983,0.038796,0.038409,0.037451,0.037225,0.037045,0.03688,0.03677,0.036714,0.036712,0.036751,0.036829,0.036947,0.037101,0.037292,0.03753,0.037807,0.038121,0.038449,0.038806,0.039214,0.039676,0.040119,0.040621,0.042462,0.043186,0.043898,0.044501,0.044823,0.04511,0.045363,0.04559,0.045791,0.045958,0.046098,0.046212,0.046308,0.046368,0.046389,0.046372,0.046316,0.046222,0.046092,0.045922,0.045717,0.045466,0.045173,0.044841,0.044495,0.044086,0.042453,0.041792,0.041458,0.041155,0.040893,0.040662,0.040417,0.040217,0.040058,0.039943,0.039871,0.039841,0.039852,0.039907,0.039974,0.040068,0.040186,0.040328,0.040493,0.040687,0.040904,0.041151,0.041419,0.041707,0.042023,0.042379,0.043133,0.044669,0.045284,0.045904,0.046418,0.046696,0.046954,0.04718,0.047377,0.047553,0.047705,0.047834,0.047936,0.048018,0.048075,0.048109,0.048118,0.048105,0.048067,0.048006,0.047921,0.047733,0.047469,0.047184,0.04647,0.046152,0.046017,0.045904,0.045818,0.045752,0.045706,0.045683,0.045684,0.045709,0.045758,0.045833,0.045933,0.046053,0.046182,0.046331,0.046498,0.046694,0.046909,0.047144,0.047396,0.047677,0.048202,0.048827,0.049453,0.050959,0.05171,0.05207,0.052398,0.05269,0.052949,0.053213,0.053436,0.053625,0.053772,0.053885,0.053958,0.053997,0.054001,0.053959,0.053871,0.053737,0.053549,0.053312,0.053028,0.052687,0.052286,0.051924,0.051535,0.051086,0.050593,0.049633,0.047289,0.046692,0.046179,0.045676,0.045227,0.044846,0.044504,0.044204,0.043958,0.043757,0.043606,0.043496,0.043436,0.043422,0.043452,0.043516,0.043619,0.043759,0.043934,0.044144,0.044399,0.044688,0.045025,0.045359,0.045736,0.046155,0.046635,0.047612,0.049633,0.050463,0.05129,0.05198,0.052349,0.052692,0.052994,0.053269,0.053516,0.053724,0.053913,0.054065,0.05419,0.054291,0.054359,0.054402,0.054417,0.054403,0.05436,0.054292,0.054214,0.054114,0.053856,0.053565,0.052818,0.052633,0.052485,0.052347,0.05224,0.052169,0.052126,0.052115,0.052145,0.052215,0.052328,0.052479,0.052672,0.052909,0.05319,0.053532,0.053923,0.054362,0.054848,0.055381,0.055984,0.05666,0.057382,0.058021,0.058719,0.059476,0.060327,0.061912,0.064804,0.065877,0.066926,0.06784,0.068813,0.06967,0.070444,0.071134,0.071504,0.071831,0.07216,0.072446,0.072712,0.072957,0.07318,0.073381,0.07356,0.073716,0.073849,0.073952,0.074039,0.0741,0.07414,0.07416,0.074143,0.074063,0.073921,0.073719,0.07346,0.073129,0.072742,0.072281,0.071766,0.071178,0.070518,0.069761,0.06899,0.068101,0.067157,0.064496,0.063708,0.062998,0.062231,0.061526,0.060886,0.060309,0.059984,0.059674,0.059381,0.059123,0.058864,0.058639,0.05843,0.058238,0.058062,0.057904,0.057763,0.057639,0.057532,0.057442,0.05737,0.057315,0.057263,0.057253,0.057287,0.057363,0.057479,0.057642,0.057854,0.058105,0.05838,0.058686,0.059046,0.059448,0.059857,0.060333,0.062193,0.06297,0.063379,0.063738,0.064065,0.064357,0.064688,0.064974,0.065218,0.065428,0.065603,0.065737,0.065838,0.065904,0.065937,0.065934,0.065897,0.065823,0.065715,0.065573,0.065392,0.065178,0.064925,0.064643,0.064322,0.063952,0.063573,0.063135,0.061349,0.060619,0.060242,0.059909,0.059608,0.059329,0.059028,0.058772,0.058559,0.058383,0.058244,0.058147,0.058083,0.058057,0.058061,0.058084,0.058125,0.058184,0.058259,0.058356,0.058474,0.058608,0.058868,0.059201,0.059536,0.060356,0.060746,0.061081,0.061341,0.061533,0.061666,0.061745,0.06177,0.061761,0.061733,0.061685,0.06162,0.061536,0.06143,0.061306,0.061166,0.06088,0.06053,0.060168,0.059282,0.058856,0.058658,0.058491,0.058347,0.058225,0.058113,0.058028,0.057965,0.057927,0.057913,0.057925,0.057961,0.058022,0.058103,0.058212,0.058338,0.058494,0.058673,0.058874,0.059106,0.05937,0.059856,0.060458,0.061056,0.062535,0.063256,0.063604,0.063906,0.064173,0.064416,0.064648,0.064839,0.064995,0.065111,0.065193,0.065238,0.065248,0.06522,0.065163,0.065071,0.064945,0.064788,0.064601,0.064374,0.064118,0.063822,0.063538,0.063236,0.062903,0.062523,0.061756,0.060262,0.059659,0.059048,0.058531,0.057985,0.057519,0.057108,0.056765,0.056485,0.056258,0.056072,0.055932,0.055846,0.055782,0.055668,0.055609,0.055511,0.055369,0.05527,0.055153,0.055023,0.054873,0.054703,0.054522,0.05431,0.054088,0.053819,0.053525,0.053206,0.052846,0.05246,0.052049,0.051614,0.051135,0.050274,0.049264,0.048261,0.045815,0.044636,0.044062,0.043535,0.043055,0.042623,0.042167,0.041768,0.04141,0.041108,0.040849,0.040643,0.040478,0.040357,0.0403,0.040263,0.040247,0.040252,0.040277,0.040323,0.040389,0.040482,0.040589,0.040725,0.040883,0.041062,0.041261,0.041479,0.041717,0.041989,0.042459,0.042993,0.043589,0.044267,0.044885,0.045619,0.048155,0.049137,0.050081,0.050908,0.051322,0.051719,0.052079,0.052422,0.052747,0.053054,0.053341,0.053596,0.053833,0.054052,0.054253,0.054437,0.054603,0.054752,0.054884,0.055006,0.05511,0.055197,0.055267,0.055324,0.055391,0.055398,0.055344,0.055222,0.055031,0.054754,0.054261,0.053718,0.053275,0.052835,0.052499,0.052144,0.051754,0.051329,0.050933,0.050484,0.049023,0.048552,0.04812,0.047762,0.047576,0.047406,0.04726,0.047133,0.047029,0.046944,0.046882,0.046838,0.04681,0.046815,0.04685,0.046917,0.047016,0.04715,0.047316,0.04752,0.047708,0.047925,0.04817,0.048442,0.04898,0.050276,0.05059,0.050865,0.051129,0.051351,0.051538,0.051692,0.051824,0.051919,0.051982,0.052012,0.052007,0.051968,0.051895,0.051786,0.051626,0.051423,0.051177,0.050876,0.05053,0.050141,0.049693,0.049203,0.048762,0.048275,0.047741,0.04716,0.046048,0.043346,0.042667,0.042061,0.04146,0.040937,0.04047,0.040058,0.039668,0.039323,0.039025,0.038788,0.0386,0.038468,0.038384,0.038349,0.038353,0.038378,0.038422,0.038491,0.038582,0.038694,0.038829,0.038985,0.039162,0.03936,0.039578,0.039834,0.040112,0.040412,0.040731,0.04107,0.041677,0.042356,0.043109,0.043962,0.044728,0.045612,0.048591,0.049707,0.050757,0.051672,0.052563,0.052985,0.053365,0.053728,0.054051,0.05438,0.054671,0.054944,0.0552,0.055438,0.055643,0.055846,0.056018,0.056173,0.056311,0.056442,0.056546,0.056633,0.056703,0.056757,0.056796,0.056815,0.056818,0.056776,0.056676,0.056522,0.056304,0.056022,0.055686,0.055286,0.054821,0.05442,0.053955,0.053445,0.05287,0.051706,0.049227,0.048153,0.047058,0.046083,0.045553,0.045064,0.044578,0.044132,0.043707,0.043288,0.042891,0.042515,0.042098,0.041695,0.041318,0.040945,0.040585,0.04024,0.0399,0.039583,0.03928,0.039006,0.038755,0.038533,0.038342,0.038184,0.038056,0.037958,0.037876,0.037839,0.037845,0.037894,0.037986,0.038124,0.038307,0.038534,0.03878,0.03906,0.039389,0.039769,0.040145,0.040585,0.042295,0.042984,0.04334,0.043657,0.043934,0.044192,0.044472,0.044713,0.044921,0.045096,0.045239,0.045353,0.045438,0.045494,0.045525,0.045516,0.045472,0.045324,0.04527,0.045244,0.045259,0.045328,0.045455,0.045637,0.046087,0.046272,0.046435,0.046543,0.046585,0.046609,0.046616,0.046606,0.046578,0.046532,0.046395,0.046315,0.046225,0.046123,0.046008,0.04588,0.045733,0.045568,0.04538,0.045207,0.045014,0.044566,0.044102,0.043096,0.042698,0.042394,0.042168,0.042076,0.042003,0.041954,0.041927,0.041922,0.04194,0.041979,0.04204,0.042162,0.042329,0.042534,0.042791,0.043094,0.043441,0.043831,0.044276,0.044679,0.045124,0.045613,0.046144,0.047181,0.049673,0.050308,0.050841,0.051366,0.05184,0.052247,0.052618,0.05295,0.05324,0.053475,0.053667,0.053814,0.053911,0.053965,0.053975,0.05395,0.053896,0.053812,0.0537,0.05356,0.053385,0.053182,0.052953,0.052686,0.052382,0.052039,0.051658,0.051257,0.050806,0.049004,0.048266,0.047883,0.047533,0.047216,0.046933,0.046623,0.046345,0.046111,0.045911,0.045745,0.045622,0.045532,0.045477,0.045456,0.045467,0.045508,0.04558,0.04568,0.045815,0.045985,0.046185,0.046391,0.046628,0.046895,0.047206,0.047874,0.049287,0.049879,0.050469,0.050956,0.051216,0.051443,0.051647,0.05182,0.051977,0.052105,0.052214,0.052299,0.052357,0.052397,0.052419,0.052421,0.052404,0.052368,0.052312,0.052237,0.052027,0.051358,0.050848,0.050678,0.050543,0.050406,0.050259,0.050096,0.049819,0.049503,0.049147,0.048732,0.048268,0.047742,0.047153,0.046501,0.045915,0.045268,0.044559,0.043764,0.043062,0.042262,0.039691,0.038827,0.038014,0.037331,0.036682,0.036097,0.035595,0.035138,0.03473,0.034389,0.034101,0.033878,0.03371,0.033599,0.033548,0.033555,0.033589,0.033647,0.033727,0.033823,0.033939,0.034086,0.034257,0.034451,0.034667,0.034907,0.035168,0.035452,0.035757,0.036107,0.036455,0.03685,0.037267,0.037705,0.038163,0.03864,0.039169,0.039718,0.040284,0.040904,0.042153,0.043572,0.045073,0.04939,0.050713,0.051843,0.053119,0.054262,0.055273,0.055755,0.05622,0.056755,0.057264,0.057747,0.058177,0.058605,0.058984,0.059356,0.059682,0.059981,0.060271,0.060518,0.060751,0.060947,0.061127,0.06128,0.061408,0.061539,0.061627,0.061677,0.061686,0.061656,0.061586,0.061477,0.061328,0.061068,0.060714,0.060313,0.059306,0.058837,0.058361,0.057935,0.05757,0.057216,0.056911,0.056193,0.055789,0.055346,0.054871,0.054383,0.053842,0.053224,0.052492,0.051649,0.050466,0.045947,0.045237,0.044687,0.044345,0.04406,0.043829,0.04364,0.043494,0.043394,0.043337,0.043322,0.043334,0.043365,0.043415,0.043484,0.043573,0.043676,0.043806,0.043948,0.04411,0.044291,0.044493,0.044714,0.044955,0.045217,0.045498,0.045816,0.046137,0.046497,0.046856,0.047254,0.047672,0.048108,0.048586,0.049082,0.050036,0.051149,0.052301,0.055241,0.05606,0.056801,0.057595,0.058324,0.05896,0.059529,0.05987,0.060171,0.060453,0.060716,0.060958,0.061166,0.061354,0.061522,0.061671,0.061799,0.061906,0.061992,0.062056,0.062099,0.062119,0.062118,0.062093,0.062047,0.061972,0.061872,0.061756,0.061607,0.061434,0.061236,0.061014,0.060769,0.060501,0.06019,0.059877,0.05952,0.059141,0.05874,0.058019,0.057216,0.056333,0.055339,0.054407,0.053345,0.049445,0.047824,0.046985,0.046233,0.045503,0.044826,0.044086,0.043378,0.042732,0.04212,0.041542,0.040999,0.040492,0.040019,0.039581,0.039161,0.038775,0.038423,0.038091,0.037779,0.037498,0.037228,0.03701,0.036803,0.036601,0.036403,0.036106,0.035419,0.035031,0.023661,0.0,0.0
