-72.89,-72.747,-72.617,-72.492,-72.371,-72.252,-72.135,-72.02,-71.906,-71.794,-71.683,-71.573,-71.464,-71.357,-71.25,-71.145,-71.04,-70.936,-70.834,-70.732,-70.632,-70.532,-70.433,-70.335,-70.239,-70.143,-70.047,-69.953,-69.86,-69.768,-69.676,-69.585,-69.496,-69.407,-69.319,-69.232,-69.146,-69.06,-68.976,-68.892,-68.809,-68.728,-68.647,-68.566,-68.487,-68.409,-68.331,-68.254,-68.178,-68.103,-68.029,-67.956,-67.883,-67.812,-67.741,-67.671,-67.602,-67.533,-67.465,-67.399,-67.333,-67.267,-67.203,-67.139,-67.077,-67.015,-66.953,-66.893,-66.833,-66.774,-66.716,-66.659,-66.602,-66.546,-66.491,-66.437,-66.383,-66.33,-66.278,-66.227,-66.176,-66.126,-66.077,-66.028,-65.981,-65.933,-65.887,-65.842,-65.796,-65.752,-65.708,-65.665,-65.623,-65.581,-65.54,-65.499,-65.46,-65.42,-65.382,-65.344,-65.306,-65.269,-65.233,-65.198,-65.163,-65.128,-65.095,-65.061,-65.029,-64.997,-64.965,-64.934,-64.903,-64.874,-64.844,-64.815,-64.787,-64.759,-64.732,-64.705,-64.679,-64.653,-64.628,-64.603,-64.578,-64.554,-64.531,-64.508,-64.485,-64.463,-64.441,-64.42,-64.399,-64.379,-64.359,-64.339,-64.32,-64.301,-64.283,-64.265,-64.247,-64.23,-64.213,-64.197,-64.181,-64.165,-64.15,-64.134,-64.12,-64.105,-64.091,-64.078,-64.064,-64.051,-64.039,-64.026,-64.014,-64.002,-63.991,-63.979,-63.968,-63.958,-63.947,-63.937,-63.927,-63.918,-63.908,-63.899,-63.89,-63.882,-63.873,-63.865,-63.858,-63.85,-63.842,-63.835,-63.828,-63.822,-63.815,-63.809,-63.802,-63.797,-63.791,-63.785,-63.78,-63.775,-63.77,-63.765,-63.76,-63.756,-63.752,-63.747,-63.744,-63.74,-63.736,-63.733,-63.729,-63.726,-63.723,-63.72,-63.717,-63.715,-63.712,-63.71,-63.708,-63.706,-63.704,-63.702,-63.7,-63.698,-63.697,-63.695,-63.694,-63.693,-63.692,-63.691,-63.69,-63.689,-63.688,-63.688,-63.687,-63.686,-63.686,-63.686,-63.686,-63.685,-63.685,-63.685,-63.685,-63.686,-63.686,-63.686,-63.686,-63.687,-63.687,-63.688,-63.689,-63.689,-63.69,-63.691,-63.692,-63.692,-63.693,-63.694,-63.695,-63.696,-63.698,-63.699,-63.7,-63.701,-63.702,-63.704,-63.705,-63.706,-63.708,-63.709,-63.711,-63.712,-63.714,-63.715,-63.717,-63.718,-63.72,-63.722,-63.723,-63.725,-63.727,-63.729,-63.73,-63.732,-63.734,-63.736,-63.738,-63.74,-63.741,-63.743,-63.745,-63.747,-63.749,-63.751,-63.753,-63.755,-63.757,-63.759,-63.761,-63.763,-63.765,-63.767,-63.769,-63.771,-63.773,-63.775,-63.777,-63.779,-63.781,-63.783,-63.785,-63.787,-63.789,-63.791,-63.793,-63.795,-63.797,-63.799,-63.801,-63.803,-63.805,-63.807,-63.809,-63.811,-63.813,-63.815,-63.817,-63.819,-63.821,-63.823,-63.825,-63.827,-63.829,-63.831,-63.833,-63.835,-63.837,-63.838,-63.84,-63.842,-63.844,-63.846,-63.848,-63.85,-63.852,-63.854,-63.855,-63.857,-63.859,-63.861,-63.863,-63.865,-63.866,-63.868,-63.87,-63.872,-63.873,-63.875,-63.877,-63.879,-63.88,-63.882,-63.884,-63.885,-63.887,-63.889,-63.89,-63.892,-63.894,-63.895,-63.897,-63.899,-63.9,-63.902,-63.903,-63.905,-63.906,-63.908,-63.909,-63.911,-63.912,-63.914,-63.915,-63.917,-63.918,-63.92,-63.921,-63.923,-63.924,-63.926,-63.927,-63.928,-63.93,-63.931,-63.932,-63.934,-63.935,-63.936,-63.938,-63.939,-63.94,-63.942,-63.943,-63.944,-63.945,-63.947,-63.948,-63.949,-63.95,-63.951,-63.953,-63.954,-63.955,-63.956,-63.957,-63.958,-63.959,-63.961,-63.962,-63.963,-63.964,-63.965,-63.966,-63.967,-63.968,-63.969,-63.97,-63.971,-63.972,-63.973,-63.974,-63.975,-63.976,-63.977,-63.978,-63.979,-63.98,-63.981,-63.982,-63.983,-63.984,-63.985,-63.985,-63.986,-63.987,-63.988,-63.989,-63.99,-63.991,-63.991,-63.992,-63.993,-63.994,-63.995,-63.995,-63.996,-63.997,-63.998,-63.998,-63.999,-64.0,-64.001,-64.001,-64.002,-64.003,-64.004,-64.004,-64.005,-64.006,-64.006,-64.007,-64.008,-64.008,-64.009,-64.01,-64.01,-64.011,-64.012,-64.012,-64.013,-64.013,-64.014,-64.015,-64.015,-64.016,-64.016,-64.017,-64.017,-64.018,-64.019,-64.019,-64.02,-64.02,-64.021,-64.021,-64.022,-64.022,-64.023,-64.023,-64.024,-64.024,-64.025,-64.025,-64.026,-64.026,-64.027,-64.027,-64.028,-64.028,-64.029,-64.029,-64.029,-64.03,-64.03,-64.031,-64.031,-64.032,-64.032,-64.032,-64.033,-64.033,-64.034,-64.034,-64.034,-64.035,-64.035,-64.036,-64.036,-64.036,-64.037,-64.037,-64.037,-64.038,-64.038,-64.039,-64.039,-64.039,-64.04,-64.04,-64.04,-64.041,-64.041,-64.041,-64.041,-64.042,-64.042,-64.042,-64.043,-64.043,-64.043,-64.044,-64.044,-64.044,-64.044,-64.045,-64.045,-64.045,-64.046,-64.046,-64.046,-64.046,-64.047,-64.047,-64.047,-64.047,-64.048,-64.048,-64.048,-64.048,-64.049,-64.049,-64.049,-64.049,-64.05,-64.05,-64.05,-64.05,-64.05,-64.051,-64.051,-64.051,-64.051,-64.052,-64.052,-64.052,-64.052,-64.052,-64.053,-64.053,-64.053,-64.053,-64.053,-64.054,-64.054,-64.054,-64.054,-64.054,-64.054,-64.055,-64.055,-64.055,-64.055,-64.055,-64.055,-64.056,-64.056,-64.056,-64.056,-64.056,-64.056,-64.057,-64.057,-64.057,-64.057,-64.057,-64.057,-64.058,-64.058,-64.058,-64.058,-64.058,-64.058,-64.058,-64.058,-64.059,-64.059,-64.059,-64.059,-64.059,-64.059,-64.059,-64.059,-64.06,-64.06,-64.06,-64.06,-64.06,-64.06,-64.06,-64.06,-64.061,-64.061,-64.061,-64.061,-64.061,-64.061,-64.061,-64.061,-64.061,-64.061,-64.062,-64.062,-64.062,-64.062,-64.062,-64.062,-64.062,-64.062,-64.062,-64.062,-64.063,-64.063,-64.063,-64.063,-64.063,-64.063,-64.063,-64.063,-64.063,-64.063,-64.063,-64.063,-64.064,-64.064,-64.064,-64.064,-64.064,-64.064,-64.064,-64.064,-64.064,-64.064,-64.064,-64.064,-64.064,-64.064,-64.064,-64.065,-64.065,-64.065,-64.065,-64.065,-64.065,-64.065,-64.065,-64.065,-64.065,-64.065,-64.065,-64.065,-64.065,-64.065,-64.065,-64.065,-64.066,-64.066,-64.066,-64.066,-64.066,-64.066,-64.066,-64.066,-64.066,-64.066,-64.066,-64.066,-64.066,-64.066,-64.066,-64.066,-64.066,-64.066,-64.066,-64.066,-64.066,-64.066,-64.066,-64.066,-64.067,-64.067,-64.067,-64.067,-64.067,-64.067,-64.067,-64.067,-64.067,-64.067,-64.067,-64.067,-64.067,-64.067,-64.067,-64.067,-64.067,-64.067,-64.067,-64.067,-64.067,-64.067,-64.067,-64.067,-64.067,-64.067,-64.067,-64.067,-64.067,-64.067,-64.067,-64.067,-64.067,-64.067,-64.067,-64.067,-64.067,-64.068,-64.068,-64.068,-64.068,-64.068,-64.068,-64.068,-64.068,-64.068,-64.068,-64.068,-64.068,-64.068,-64.068,-64.068,-64.068,-64.068,-64.068,-64.068,-64.068,-64.068,-64.068,-64.068,-64.068,-64.068,-64.068,-64.068,-64.068,-64.068,-64.068,-64.068,-64.068,-64.068,-64.068,-64.068,-64.068,-64.068,-64.068,-64.068,-64.068,-64.068,-64.068,-64.068,-64.068,-64.068,-64.068,-64.068,-64.068,-64.068,-64.068,-64.068,-64.068,-64.068,-64.068,-64.068,-64.068,-64.068,-64.068,-64.068,-64.068,-64.068,-64.068,-64.068,-64.068,-64.068,-64.068,-64.068,-64.068,-64.068,-64.068,-64.068,-64.068,-64.068,-64.068,-64.068,-64.068,-64.068,-64.068,-64.068,-64.068,-64.068,-64.068,-64.068,-64.068,-64.068,-64.068,-64.068,-64.068,-64.068,-64.068,-64.068,-64.068,-64.068,-64.068,-64.068,-64.068,-64.068,-64.068,-64.068,-64.068,-64.068,-64.068,-64.068,-64.068,-64.068,-64.068,-64.068,-64.068,-64.068,-64.068,-64.067,-64.067,-64.067,-64.067,-64.067,-64.067,-64.067,-64.067,-64.067,-64.067,-64.067,-64.067,-64.067,-64.067,-64.067,-64.067,-64.067,-64.067,-64.067,-64.067,-64.067,-64.067,-64.067,-64.067,-64.067,-64.067,-64.067,-64.067,-64.067,-64.067,-64.067,-64.067,-64.067,-64.067,-64.067,-64.067,-64.067,-64.067,-64.067,-64.067,-64.067,-64.067,-64.067,-64.067,-64.067,-64.067,-64.067,-64.067,-64.067,-64.067,-64.067,-64.067,-64.067,-64.067,-64.067,-64.067,-64.067,-64.066,-64.066,-64.066,-64.066,-64.066,-64.066,-64.066,-64.066,-64.066,-64.066,-64.066,-64.066,-64.066,-64.066,-64.066,-64.066,-64.066,-64.066,-64.066,-64.066,-64.066,-64.066,-64.066,-64.066,-64.066,-64.066,-64.066,-64.066,-64.066,-64.066,-64.066,-64.066,-64.066,-64.066,-64.066,-64.066,-64.066,-64.066,-64.066,-64.066,-64.066,-64.066,-64.066,-64.065,-64.065,-64.065,-64.065,-64.065,-64.065,-64.065,-64.065,-64.065,-64.065,-64.065,-64.065,-64.065,-64.065,-64.065,-64.065,-64.065,-64.065,-64.065,-64.065,-64.065,-64.065,-64.065,-64.065,-64.065,-64.065,-64.065,-64.065,-64.065,-64.065,-64.065,-64.065,-64.065,-64.065,-64.065,-64.065,-64.065,-64.064,-64.064,-64.064,-64.064,-64.064,-64.064,-64.064,-64.064,-64.064,-64.064,-64.064,-64.064,-64.064,-64.064,-64.064,-64.064,-64.064,-64.064,-64.064,-64.064,-64.064,-64.064,-64.064,-64.064,-64.064,-64.064,-64.064,-64.064,-64.064,-64.064,-64.064,-64.064,-64.064,-64.064,-64.064,-64.064,-64.063,-64.063,-64.063,-64.063,-64.063,-64.063,-64.063,-64.063,-64.063,-64.063,-64.063,-64.063,-64.063,-64.063,-64.063,-64.063,-64.063,-64.063,-64.063,-64.063,-64.063,-64.063,-64.063,-64.063,-64.063,-64.063,-64.063,-64.063,-64.063,-64.063,-64.063,-64.063,-64.063,-64.063,-64.062,-64.062,-64.062,-64.062,-64.062,-64.062,-64.062,-64.062,-64.062,-64.062,-64.062,-64.062,-64.062,-64.062,-64.062,-64.062,-64.062,-64.062,-64.062,-64.062,-64.062,-64.062,-64.062,-64.062,-64.062,-64.062,-64.062,-64.062,-64.062,-64.062,-64.062,-64.062,-64.062,-64.061,-64.061,-64.061,-64.061,-64.061,-64.061,-64.061,-64.061,-64.061,-64.061,-64.061,-64.061,-64.061,-64.061,-64.061,-64.061,-64.061,-64.061,-64.061,-64.061,-64.061,-64.061,-64.061,-64.061,-64.061,-64.061,-64.061,-64.061,-64.061,-64.061,-64.061,-64.061,-64.061,-64.06,-64.06,-64.06,-64.06,-64.06,-64.06,-64.06,-64.06,-64.06,-64.06,-64.06,-64.06,-64.06,-64.06,-64.06,-64.06,-64.06,-64.06,-64.06,-64.06,-64.06,-64.06,-64.06,-64.06,-64.06,-64.06,-64.06,-64.06,-64.06,-64.06,-64.06,-64.06,-64.06,-64.059,-64.059,-64.059,-64.059,-64.059,-64.059,-64.059,-64.059,-64.059,-64.059,-64.059,-64.059,-64.059,-64.059,-64.059,-64.059,-64.059,-64.059,-64.059,-64.059,-64.059,-64.059,-64.059,-64.059,-64.059,-64.059,-64.059,-64.059,-64.059,-64.059,-64.059,-64.059,-64.059,-64.058,-64.058,-64.058,-64.058,-64.058,-64.058,-64.058,-64.058,-64.058,-64.058,-64.058,-64.058,-64.058,-64.058,-64.058,-64.058,-64.058,-64.058,-64.058,-64.058,-64.058,-64.058,-64.058,-64.058,-64.058,-64.058,-64.058,-64.058,-64.058,-64.058,-64.058,-64.058,-64.058,-64.058,-64.057,-64.057,-64.057,-64.057,-64.057,-64.057,-64.057,-64.057,-64.057,-64.057,-64.057,-64.057,-64.057,-64.057,-64.057,-64.057,-64.057,-64.057,-64.057,-64.057,-64.057,-64.057,-64.057,-64.057,-64.057,-64.057,-64.057,-64.057,-64.057,-64.057,-64.057,-64.057,-64.057,-64.057,-64.056,-64.056,-64.056,-64.056,-64.056,-64.056,-64.056,-64.056,-64.056,-64.056,-64.056,-64.056,-64.056,-64.056,-64.056,-64.056,-64.056,-64.056,-64.056,-64.056,-64.056,-64.056,-64.056,-64.056,-64.056,-64.056,-64.056,-64.056,-64.056,-64.056,-64.056,-64.056,-64.056,-64.056,-64.056,-64.055,-64.055,-64.055,-64.055,-64.055,-64.055,-64.055,-64.055,-64.055,-64.055,-64.055,-64.055,-64.055,-64.055,-64.055,-64.055,-64.055,-64.055,-64.055,-64.055,-64.055,-64.055,-64.055,-64.055,-64.055,-64.055,-64.055,-64.055,-64.055,-64.055,-64.055,-64.055,-64.055,-64.055,-64.055,-64.055,-64.055,-64.054,-64.054,-64.054,-64.054,-64.054,-64.054,-64.054,-64.054,-64.054,-64.054,-64.054,-64.054,-64.054,-64.054,-64.054,-64.054,-64.054,-64.054,-64.054,-64.054,-64.054,-64.054,-64.054,-64.054,-64.054,-64.054,-64.054,-64.054,-64.054,-64.054,-64.054,-64.054,-64.054,-64.054,-64.054,-64.054,-64.054,-64.053,-64.053,-64.053,-64.053,-64.053,-64.053,-64.053,-64.053,-64.053,-64.053,-64.053,-64.053,-64.053,-64.053,-64.053,-64.053,-64.053,-64.053,-64.053,-64.053,-64.053,-64.053,-64.053,-64.053,-64.053,-64.053,-64.053,-64.053,-64.053,-64.053,-64.053,-64.053,-64.053,-64.053,-64.053,-64.053,-64.053,-64.053,-64.053,-64.052,-64.052,-64.052,-64.052,-64.052,-64.052,-64.052,-64.052,-64.052,-64.052,-64.052,-64.052,-64.052,-64.052,-64.052,-64.052,-64.052,-64.052,-64.052,-64.052,-64.052,-64.052,-64.052,-64.052,-64.052,-64.052,-64.052,-64.052,-64.052,-64.052,-64.052,-64.052,-64.052,-64.052,-64.052,-64.052,-64.052,-64.052,-64.052,-64.052,-64.052,-64.051,-64.051,-64.051,-64.051,-64.051,-64.051,-64.051,-64.051,-64.051,-64.051,-64.051,-64.051,-64.051,-64.051,-64.051,-64.051,-64.051,-64.051,-64.051,-64.051,-64.051,-64.051,-64.051,-64.051,-64.051,-64.051,-64.051,-64.051,-64.051,-64.051,-64.051,-64.051,-64.051,-64.051,-64.051,-64.051,-64.051,-64.051,-64.051,-64.051,-64.051,-64.051,-64.051,-64.05,-64.05,-64.05,-64.05,-64.05,-64.05,-64.05,-64.05,-64.05,-64.05,-64.05,-64.05,-64.05,-64.05,-64.05,-64.05,-64.05,-64.05,-64.05,-64.05,-64.05,-64.05,-64.05,-64.05,-64.05,-64.05,-64.05,-64.05,-64.05,-64.05,-64.05,-64.05,-64.05,-64.05,-64.05,-64.05,-64.05,-64.05,-64.05,-64.05,-64.05,-64.05,-64.05,-64.05,-64.05,-64.049,-64.049,-64.049,-64.049,-64.049,-64.049,-64.049,-64.049,-64.049,-64.049,-64.049,-64.049,-64.049,-64.049,-64.049,-64.049,-64.049,-64.049,-64.049,-64.049,-64.049,-64.049,-64.049,-64.049,-64.049,-64.049,-64.049,-64.049,-64.049,-64.049,-64.049,-64.049,-64.049,-64.049,-64.049,-64.049,-64.049,-64.049,-64.049,-64.049,-64.049,-64.049,-64.049,-64.049,-64.049,-64.049,-64.049,-64.049,-64.048,-64.048,-64.048,-64.048,-64.048,-64.048,-64.048,-64.048,-64.048,-64.048,-64.048,-64.048,-64.048,-64.048,-64.048,-64.048,-64.048,-64.048,-64.048,-64.048,-64.048,-64.048,-64.048,-64.048,-64.048,-64.048,-64.048,-64.048,-64.048,-64.048,-64.048,-64.048,-64.048,-64.048,-64.048,-64.048,-64.048,-64.048,-64.048,-64.048,-64.048,-64.048,-64.048,-64.048,-64.048,-64.048,-64.048,-64.048,-64.048,-64.048,-64.048,-64.047,-64.047,-64.047,-64.047,-64.047,-64.047,-64.047,-64.047,-64.047,-64.047,-64.047,-64.047,-64.047,-64.047,-64.047,-64.047,-64.047,-64.047,-64.047,-64.047,-64.047,-64.047,-64.047,-64.047,-64.047,-64.047,-64.047,-64.047,-64.047,-64.047,-64.047,-64.047,-64.047,-64.047,-64.047,-64.047,-64.047,-64.047,-64.047,-64.047,-64.047,-64.047,-64.047,-64.047,-64.047,-64.047,-64.047,-64.047,-64.047,-64.047,-64.047,-64.047,-64.047,-64.047,-64.047,-64.046,-64.046,-64.046,-64.046,-64.046,-64.046,-64.046,-64.046,-64.046,-64.046,-64.046,-64.046,-64.046,-64.046,-64.046,-64.046,-64.046,-64.046,-64.046,-64.046,-64.046,-64.046,-64.046,-64.046,-64.046,-64.046,-64.046,-64.046,-64.046,-64.046,-64.046,-64.046,-64.046,-64.046,-64.046,-64.046,-64.046,-64.046,-64.046,-64.046,-64.046,-64.046,-64.046,-64.046,-64.046,-64.046,-64.046,-64.046,-64.046,-64.046,-64.046,-64.046,-64.046,-64.046,-64.046,-64.046,-64.046,-64.046,-64.046,-64.046,-64.045,-64.045,-64.045,-64.045,-64.045,-64.045,-64.045,-64.045,-64.045,-64.045,-64.045,-64.045,-64.045,-64.045,-64.045,-64.045,-64.045,-64.045,-64.045,-64.045,-64.045,-64.045,-64.045,-64.045,-64.045,-64.045,-64.045,-64.045,-64.045,-64.045,-64.045,-64.045,-64.045,-64.045,-64.045,-64.045,-64.045,-64.045,-64.045,-64.045,-64.045,-64.045,-64.045,-64.045,-64.045,-64.045,-64.045,-64.045,-64.045,-64.045,-64.045,-64.045,-64.045,-64.045,-64.045,-64.045,-64.045,-64.045,-64.045,-64.045,-64.045,-64.045,-64.045,-64.045,-64.045,-64.045,-64.045,-64.044,-64.044,-64.044,-64.044,-64.044,-64.044,-64.044,-64.044,-64.044,-64.044,-64.044,-64.044,-64.044,-64.044,-64.044,-64.044,-64.044,-64.044,-64.044,-64.044,-64.044,-64.044,-64.044,-64.044,-64.044,-64.044,-64.044,-64.044,-64.044,-64.044,-64.044,-64.044,-64.044,-64.044,-64.044,-64.044,-64.044,-64.044,-64.044,-64.044,-64.044,-64.044,-64.044,-64.044,-64.044,-64.044,-64.044,-64.044,-64.044,-64.044,-64.044,-64.044,-64.044,-64.044,-64.044,-64.044,-64.044,-64.044,-64.044,-64.044,-64.044,-64.044,-64.044,-64.044,-64.044,-64.044,-64.044,-64.044,-64.044,-64.044,-64.044,-64.044,-64.044,-64.044,-64.043,-64.043,-64.043,-64.043,-64.043,-64.043,-64.043,-64.043,-64.043,-64.043,-64.043,-64.043,-64.043,-64.043,-64.043,-64.043,-64.043,-64.043,-64.043,-64.043,-64.043,-64.043,-64.043,-64.043,-64.043,-64.043,-64.043,-64.043,-64.043,-64.043,-64.043,-64.043,-64.043,-64.043,-64.043,-64.043,-64.043,-64.043,-64.043,-64.043,-64.043,-64.043,-64.043,-64.043,-64.043,-64.043,-64.043,-64.043,-64.043,-64.043,-64.043,-64.043,-64.043,-64.043,-64.043,-64.043,-64.043,-64.043,-64.043,-64.043,-64.043,-64.043,-64.043,-64.043,-64.043,-64.043,-64.043,-64.043,-64.043,-64.043,-64.043,-64.043,-64.043,-64.043,-64.043,-64.043,-64.043,-64.043,-64.043,-64.043,-64.043,-64.043,-64.043,-64.043,-64.043,-64.043,-64.043,-64.042,-64.042,-64.042,-64.042,-64.042,-64.042,-64.042,-64.042,-64.042,-64.042,-64.042,-64.042,-64.042,-64.042,-64.042,-64.042,-64.042,-64.042,-64.042,-64.042,-64.042,-64.042,-64.042,-64.042,-64.042,-64.042,-64.042,-64.042,-64.042,-64.042,-64.042,-64.042,-64.042,-64.042,-64.042,-64.042,-64.042,-64.042,-64.042,-64.042,-64.042,-64.042,-64.042,-64.042,-64.042,-64.042,-64.042,-64.042,-64.042,-64.042,-64.042,-64.042,-64.042,-64.042,-64.042,-64.042,-64.042,-64.042,-64.042,-64.042,-64.042,-64.042,-64.042,-64.042,-64.042,-64.042,-64.042,-64.042,-64.042,-64.042,-64.042,-64.042,-64.042,-64.042,-64.042,-64.042,-64.042,-64.042,-64.042,-64.042,-64.042,-64.042,-64.042,-64.042,-64.042,-64.042,-64.042,-64.042,-64.042,-64.042,-64.042,-64.042,-64.042,-64.042,-64.042,-64.042,-64.042,-64.042,-64.042,-64.042,-64.042,-64.042,-64.042,-64.042,-64.042,-64.041,-64.041,-64.041,-64.041,-64.041,-64.041,-64.041,-64.041,-64.041,-64.041,-64.041,-64.041,-64.041,-64.041,-64.041,-64.041,-64.041,-64.041,-64.041,-64.041,-64.041,-64.041,-64.041,-64.041,-64.041,-64.041,-64.041,-64.041,-64.041,-64.041,-64.041,-64.041,-64.041,-64.041,-64.041,-64.041,-64.041,-64.041,-64.041,-64.041,-64.041,-64.041,-64.041,-64.041,-64.041,-64.041,-64.041,-64.041,-64.041,-64.041,-64.041,-64.041,-64.041,-64.041,-64.041,-64.041,-64.041,-64.041,-64.041,-64.041,-64.041,-64.041,-64.041,-64.041,-64.041,-64.041,-64.041,-64.041,-64.041,-64.041,-64.041,-64.041,-64.041,-64.041,-64.041,-64.041,-64.041,-64.041,-64.041,-64.041,-64.041,-64.041,-64.041,-64.041,-64.041,-64.041,-64.041,-64.041,-64.041,-64.041,-64.041,-64.041,-64.041,-64.041,-64.041,-64.041,-64.041,-64.041,-64.041,-64.041,-64.041,-64.041,-64.041,-64.041,-64.041,-64.041,-64.041,-64.041,-64.041,-64.041,-64.041,-64.041,-64.041,-64.041,-64.041,-64.041,-64.041,-64.041,-64.041,-64.041,-64.041,-64.041,-64.041,-64.041,-64.041,-64.041,-64.041,-64.041,-64.041,-64.041,-64.041,-64.041,-64.041,-64.041,-64.041,-64.041,-64.041,-64.041,-64.041,-64.04,-64.04,-64.04,-64.04,-64.04,-64.04,-64.04,-64.04,-64.04,-64.04,-64.04,-64.04,-64.04,-64.04,-64.04,-64.04,-64.04,-64.04,-64.04,-64.04,-64.04,-64.04,-64.04,-64.04,-64.04,-64.04,-64.04,-64.04,-64.04,-64.04,-64.04,-64.04,-64.04,-64.04,-64.04,-64.04,-64.04,-64.04,-64.04,-64.04,-64.04,-64.04,-64.04,-64.04,-64.04,-64.04,-64.04,-64.04,-64.04,-64.04,-64.04,-64.04,-64.04,-64.04,-64.04,-64.04,-64.04,-64.04,-64.04,-64.04,-64.04,-64.04,-64.04,-64.04,-64.04,-64.04,-64.04,-64.04,-64.04,-64.04,-64.04,-64.04,-64.04,-64.04,-64.04,-64.04,-64.04,-64.04,-64.04,-64.04,-64.04,-64.04,-64.04,-64.04,-64.04,-64.04,-64.04,-64.04,-64.04,-64.04,-64.04,-64.04,-64.04,-64.04,-64.04,-64.04,-64.04,-64.04,-64.04,-64.04,-64.04,-64.04,-64.04,-64.04,-64.04,-64.04,-64.04,-64.04,-64.04,-64.04,-64.04,-64.04,-64.04,-64.04,-64.04,-64.04,-64.04,-64.04,-64.04,-64.04,-64.04,-64.04,-64.04,-64.04,-64.04,-64.04,-64.04,-64.04,-64.04,-64.04,-64.04,-64.04,-64.04,-64.04,-64.04,-64.04,-64.04,-64.04,-64.04,-64.04,-64.04,-64.04,-64.04,-64.04,-64.04,-64.04,-64.04,-64.04,-64.04,-64.04,-64.04,-64.04,-64.04,-64.04,-64.04,-64.04,-64.04,-64.04,-64.04,-64.04,-64.04,-64.04,-64.04,-64.04,-64.04,-64.04,-64.04,-64.04,-64.04,-64.04,-64.04,-64.04,-64.04,-64.04,-64.04,-64.04,-64.04,-64.04,-64.04,-64.04,-64.04,-64.04,-64.04,-64.04,-64.04,-64.04,-64.04,-64.04,-64.04,-64.04,-64.04,-64.04,-64.04,-64.04,-64.04,-64.04,-64.04,-64.04,-64.04,-64.04,-64.04,-64.04,-64.04,-64.04,-64.04,-64.04,-64.04,-64.04,-64.04,-64.04,-64.04,-64.04,-64.04,-64.04,-64.04,-64.04,-64.04,-64.04,-64.04,-64.04,-64.04,-64.04,-64.04,-64.04,-64.04,-64.04,-64.04,-64.04,-64.04,-64.04,-64.04,-64.04,-64.04,-64.04,-64.04,-64.04,-64.04,-64.04,-64.04,-64.04,-64.04,-64.04,-64.04,-64.04,-64.04,-64.04,-64.04,-64.04,-64.04,-64.04,-64.039,-64.039,-64.039,-64.039,-64.039,-64.039,-64.039,-64.039,-64.039,-64.039,-64.039,-64.039,-64.039,-64.039,-64.039,-64.039,-64.039,-64.039,-64.039,-64.039,-64.039,-64.039,-64.039,-64.039,-64.039,-64.039,-64.039,-64.039,-64.039,-64.039,-64.039,-64.039,-64.039,-64.039,-64.039,-64.039,-64.039,-64.039,-64.039,-64.039,-64.039,-64.039,-64.039,-64.039,-64.039,-64.039,-64.039,-64.039,-64.039,-64.039,-64.039,-64.039,-64.039,-64.039,-64.039,-64.039,-64.039,-64.039,-64.039,-64.039,-64.039,-64.039,-64.039,-64.039,-64.039,-64.039,-64.039,-64.039,-64.039,-64.039,-64.039,-64.039,-64.039,-64.039,-64.039,-64.039,-64.039,-64.039,-64.039,-64.039,-64.039,-64.039,-64.039,-64.039,-64.039,-64.039,-64.039,-64.039,-64.039,-64.039,-64.039,-64.039,-64.039,-64.039,-64.039,-64.039,-64.039,-64.039,-64.039,-64.039,-64.039,-64.039,-64.039,-64.039,-64.039,-64.039,-64.039,-64.039,-64.039,-64.039,-64.039,-64.039,-64.039,-64.039,-64.039,-64.039,-64.039,-64.039,-64.039,-64.039,-64.039,-64.039,-64.039,-64.039,-64.039,-64.039,-64.039,-64.039,-64.039,-64.039,-64.039,-64.039,-64.039,-64.039,-64.039,-64.039,-64.039,-64.039,-64.039,-64.039,-64.039,-64.039,-64.039,-64.039,-64.039,-64.039,-64.039,-64.039,-64.039,-64.039,-64.039,-64.039,-64.039,-64.039,-64.039,-64.039,-64.039,-64.039,-64.039,-64.039,-64.039,-64.039,-64.039,-64.039,-64.039,-64.039,-64.039,-64.039,-64.039,-64.039,-64.039,-64.039,-64.039,-64.039,-64.039,-64.039,-64.039,-64.039,-64.039,-64.039,-64.039,-64.039,-64.039,-64.039,-64.039,-64.039,-64.039,-64.039,-64.039,-64.039,-64.039,-64.039,-64.039,-64.039,-64.039,-64.039,-64.039,-64.039,-64.039,-64.039,-64.039,-64.039,-64.039,-64.039,-64.039,-64.039,-64.039,-64.039,-64.039,-64.039,-64.039,-64.039,-64.039,-64.039,-64.039,-64.039,-64.039,-64.039,-64.039,-64.039,-64.039,-64.039,-64.039,-64.039,-64.039,-64.039,-64.039,-64.039,-64.039,-64.039,-64.039,-64.039,-64.039,-64.039,-64.039,-64.039,-64.039,-64.039,-64.039,-64.039,-64.039,-64.039,-64.039,-64.039,-64.039,-64.039,-64.039,-64.039,-64.039,-64.039,-64.039,-64.039,-64.039,-64.039,-64.039,-64.039,-64.039,-64.039,-64.039,-64.039,-64.039,-64.039,-64.039,-64.039,-64.039,-64.039,-64.039,-64.039,-64.039,-64.039,-64.039,-64.039,-64.039,-64.039,-64.039,-64.039,-64.039,-64.039,-64.039,-64.039,-64.039,-64.039,-64.039,-64.039,-64.039,-64.039,-64.039,-64.039,-64.039,-64.039,-64.039,-64.039,-64.039,-64.039,-64.039,-64.039,-64.039,-64.039,-64.039,-64.039,-64.039,-64.039,-64.039,-64.039,-64.039,-64.039,-64.039,-64.039,-64.039,-64.039,-64.039,-64.039,-64.039,-64.039,-64.039,-64.039,-64.039,-64.039,-64.039,-64.039,-64.039,-64.039,-64.039,-64.039,-64.039,-64.039,-64.039,-64.039,-64.039,-64.039,-64.039,-64.039,-64.039,-64.039,-64.039,-64.039,-64.039,-64.039,-64.039,-64.039,-64.039,-64.039,-64.039,-64.039,-64.039,-64.039,-64.039,-64.039,-64.039,-64.039,-64.039,-64.039,-64.039,-64.039,-64.039,-64.039,-64.039,-64.039,-64.039,-64.039,-64.04,-64.04,-64.04,-64.04,-64.04,-64.04,-64.04,-64.04,-64.04,-64.04,-64.04,-64.04,-64.04,-64.04,-64.04,-64.04,-64.04,-64.04,-64.04,-64.04,-64.04,-64.04,-64.04,-64.04,-64.04,-64.04,-64.04,-64.04,-64.04,-64.04,-64.04,-64.04,-64.04,-64.04,-64.04,-64.04,-64.04,-64.04,-64.04,-64.04,-64.04,-64.04,-64.04,-64.04,-64.04,-64.04,-64.04,-64.04,-64.04,-64.04,-64.04,-64.04,-64.04,-64.04,-64.04,-64.04,-64.04,-64.04,-64.04,-64.04,-64.04,-64.04,-64.04,-64.04,-64.04,-64.04,-64.04,-64.04,-64.04,-64.04,-64.04,-64.04,-64.04,-64.04,-64.04,-64.04,-64.04,-64.04,-64.04,-64.04,-64.04,-64.04,-64.04,-64.04,-64.04,-64.04,-64.04,-64.04,-64.04,-64.04,-64.04,-64.04,-64.04,-64.04,-64.04,-64.04,-64.04,-64.04,-64.04,-64.04,-64.04,-64.04,-64.04,-64.04,-64.04,-64.04,-64.04,-64.04,-64.04,-64.04,-64.04,-64.04,-64.04,-64.04,-64.04,-64.04,-64.04,-64.04,-64.04,-64.04,-64.04,-64.04,-64.04,-64.04,-64.04,-64.04,-64.04,-64.04,-64.04,-64.04,-64.04,-64.04,-64.04,-64.04,-64.04,-64.04,-64.04,-64.04,-64.04,-64.04,-64.04,-64.04,-64.04,-64.04,-64.04,-64.04,-64.04,-64.04,-64.04,-64.04,-64.04,-64.04,-64.04,-64.04,-64.04,-64.04,-64.04,-64.04,-64.04,-64.04,-64.04,-64.04,-64.04,-64.04,-64.04,-64.04,-64.04,-64.04,-64.04,-64.04,-64.04,-64.04,-64.04,-64.04,-64.04,-64.04,-64.04,-64.04,-64.04,-64.04,-64.04,-64.04,-64.04,-64.04,-64.04,-64.04,-64.04,-64.04,-64.04,-64.04,-64.04,-64.04,-64.04,-64.04,-64.04,-64.04,-64.04,-64.04,-64.04,-64.04,-64.04,-64.04,-64.04,-64.04,-64.04,-64.04,-64.04,-64.04,-64.04,-64.04,-64.04,-64.04,-64.04,-64.04,-64.04,-64.04,-64.04,-64.04,-64.04,-64.04,-64.04,-64.04,-64.04,-64.04,-64.04,-64.04,-64.04,-64.04,-64.04,-64.04,-64.04,-64.04,-64.04,-64.04,-64.04,-64.04,-64.04,-64.04,-64.04,-64.04,-64.04,-64.04,-64.04,-64.04,-64.04,-64.04,-64.04,-64.04,-64.04,-64.04,-64.04,-64.04,-64.04,-64.04,-64.04,-64.04,-64.04,-64.04,-64.04,-64.04,-64.04,-64.04,-64.04,-64.04,-64.04,-64.04,-64.04,-64.04,-64.04,-64.04,-64.04,-64.04,-64.04,-64.04,-64.04,-64.04,-64.04,-64.04,-64.04,-64.04,-64.04,-64.04,-64.04,-64.04,-64.04,-64.04,-64.04,-64.04,-64.04,-64.04,-64.04,-64.04,-64.04,-64.04,-64.04,-64.04,-64.04,-64.04,-64.04,-64.04,-64.04,-64.04,-64.04,-64.04,-64.04,-64.04,-64.04,-64.04,-64.04,-64.04,-64.04,-64.041,-64.041,-64.041,-64.041,-64.041,-64.041,-64.041,-64.041,-64.041,-64.041,-64.041,-64.041,-64.041,-64.041,-64.041,-64.041,-64.041,-64.041,-64.041,-64.041,-64.041,-64.041,-64.041,-64.041,-64.041,-64.041,-64.041,-64.041,-64.041,-64.041,-64.041,-64.041,-64.041,-64.041,-64.041,-64.041,-64.041,-64.041,-64.041,-64.041,-64.041,-64.041,-64.041,-64.041,-64.041,-64.041,-64.041,-64.041,-64.041,-64.041,-64.041,-64.041,-64.041,-64.041,-64.041,-64.041,-64.041,-64.041,-64.041,-64.041,-64.041,-64.041,-64.041,-64.041,-64.041,-64.041,-64.041,-64.041,-64.041,-64.041,-64.041,-64.041,-64.041,-64.041,-64.041,-64.041,-64.041,-64.041,-64.041,-64.041,-64.041,-64.041,-64.041,-64.041,-64.041,-64.041,-64.041,-64.041,-64.041,-64.041,-64.041,-64.041,-64.041,-64.041,-64.041,-64.041,-64.041,-64.041,-64.041,-64.041,-64.041,-64.041,-64.041,-64.041,-64.041,-64.041,-64.041,-64.041,-64.041,-64.041,-64.041,-64.041,-64.041,-64.041,-64.041,-64.041,-64.041,-64.041,-64.041,-64.041,-64.041,-64.041,-64.041,-64.041,-64.041,-64.041,-64.041,-64.041,-64.041,-64.041,-64.041,-64.041,-64.041,-64.041,-64.041,-64.041,-64.041,-64.041,-64.041,-64.041,-64.041,-64.041,-64.041,-64.041,-64.041,-64.041,-64.041,-64.041,-64.041,-64.041,-64.041,-64.041,-64.041,-64.041,-64.041,-64.041,-64.041,-64.041,-64.041,-64.041,-64.041,-64.041,-64.041,-64.041,-64.041,-64.041,-64.041,-64.041,-64.041,-64.041,-64.041,-64.041,-64.041,-64.041,-64.041,-64.041,-64.041,-64.041,-64.041,-64.041,-64.041,-64.041,-64.041,-64.041,-64.041,-64.041,-64.041,-64.041,-64.041,-64.041,-64.041,-64.041,-64.041,-64.041,-64.041,-64.041,-64.041,-64.041,-64.041,-64.041,-64.042,-64.042,-64.042,-64.042,-64.042,-64.042,-64.042,-64.042,-64.042,-64.042,-64.042,-64.042,-64.042,-64.042,-64.042,-64.042,-64.042,-64.042,-64.042,-64.042,-64.042,-64.042,-64.042,-64.042,-64.042,-64.042,-64.042,-64.042,-64.042,-64.042,-64.042,-64.042,-64.042,-64.042,-64.042,-64.042,-64.042,-64.042,-64.042,-64.042,-64.042,-64.042,-64.042,-64.042,-64.042,-64.042,-64.042,-64.042,-64.042,-64.042,-64.042,-64.042,-64.042,-64.042,-64.042,-64.042,-64.042,-64.042,-64.042,-64.042,-64.042,-64.042,-64.042,-64.042,-64.042,-64.042,-64.042,-64.042,-64.042,-64.042,-64.042,-64.042,-64.042,-64.042,-64.042,-64.042,-64.042,-64.042,-64.042,-64.042,-64.042,-64.042,-64.042,-64.042,-64.042,-64.042,-64.042,-64.042,-64.042,-64.042,-64.042,-64.042,-64.042,-64.042,-64.042,-64.042,-64.042,-64.042,-64.042,-64.042,-64.042,-64.042,-64.042,-64.042,-64.042,-64.042,-64.042,-64.042,-64.042,-64.042,-64.042,-64.042,-64.042,-64.042,-64.042,-64.042,-64.042,-64.042,-64.042,-64.042,-64.042,-64.042,-64.042,-64.042,-64.042,-64.042,-64.042,-64.042,-64.042,-64.042,-64.042,-64.042,-64.042,-64.042,-64.042,-64.042,-64.042,-64.042,-64.042,-64.042,-64.042,-64.042,-64.042,-64.042,-64.042,-64.042,-64.042,-64.042,-64.042,-64.042,-64.042,-64.042,-64.042,-64.042,-64.042,-64.042,-64.042,-64.042,-64.042,-64.042,-64.042,-64.042,-64.042,-64.042,-64.042,-64.042,-64.042,-64.042,-64.043,-64.043,-64.043,-64.043,-64.043,-64.043,-64.043,-64.043,-64.043,-64.043,-64.043,-64.043,-64.043,-64.043,-64.043,-64.043,-64.043,-64.043,-64.043,-64.043,-64.043,-64.043,-64.043,-64.043,-64.043,-64.043,-64.043,-64.043,-64.043,-64.043,-64.043,-64.043,-64.043,-64.043,-64.043,-64.043,-64.043,-64.043,-64.043,-64.043,-64.043,-64.043,-64.043,-64.043,-64.043,-64.043,-64.043,-64.043,-64.043,-64.043,-64.043,-64.043,-64.043,-64.043,-64.043,-64.043,-64.043,-64.043,-64.043,-64.043,-64.043,-64.043,-64.043,-64.043,-64.043,-64.043,-64.043,-64.043,-64.043,-64.043,-64.043,-64.043,-64.043,-64.043,-64.043,-64.043,-64.043,-64.043,-64.043,-64.043,-64.043,-64.043,-64.043,-64.043,-64.043,-64.043,-64.043,-64.043,-64.043,-64.043,-64.043,-64.043,-64.043,-64.043,-64.043,-64.043,-64.043,-64.043,-64.043,-64.043,-64.043,-64.043,-64.043,-64.043,-64.043,-64.043,-64.043,-64.043,-64.043,-64.043,-64.043,-64.043,-64.043,-64.043,-64.043,-64.043,-64.043,-64.043,-64.043,-64.043,-64.043,-64.043,-64.043,-64.043,-64.043,-64.043,-64.043,-64.043,-64.043,-64.043,-64.043,-64.043,-64.043,-64.043,-64.043,-64.043,-64.043,-64.043,-64.043,-64.043,-64.043,-64.043,-64.043,-64.043,-64.043,-64.043,-64.043,-64.043,-64.043,-64.043,-64.043,-64.044,-64.044,-64.044,-64.044,-64.044,-64.044,-64.044,-64.044,-64.044,-64.044,-64.044,-64.044,-64.044,-64.044,-64.044,-64.044,-64.044,-64.044,-64.044,-64.044,-64.044,-64.044,-64.044,-64.044,-64.044,-64.044,-64.044,-64.044,-64.044,-64.044,-64.044,-64.044,-64.044,-64.044,-64.044,-64.044,-64.044,-64.044,-64.044,-64.044,-64.044,-64.044,-64.044,-64.044,-64.044,-64.044,-64.044,-64.044,-64.044,-64.044,-64.044,-64.044,-64.044,-64.044,-64.044,-64.044,-64.044,-64.044,-64.044,-64.044,-64.044,-64.044,-64.044,-64.044,-64.044,-64.044,-64.044,-64.044,-64.044,-64.044,-64.044,-64.044,-64.044,-64.044,-64.044,-64.044,-64.044,-64.044,-64.044,-64.044,-64.044,-64.044,-64.044,-64.044,-64.044,-64.044,-64.044,-64.044,-64.044,-64.044,-64.044,-64.044,-64.044,-64.044,-64.044,-64.044,-64.044,-64.044,-64.044,-64.044,-64.044,-64.044,-64.044,-64.044,-64.044,-64.044,-64.044,-64.044,-64.044,-64.044,-64.044,-64.044,-64.044,-64.044,-64.044,-64.044,-64.044,-64.044,-64.044,-64.044,-64.044,-64.044,-64.044,-64.044,-64.044,-64.044,-64.044,-64.044,-64.044,-64.044,-64.044,-64.044,-64.044,-64.044,-64.044,-64.044,-64.044,-64.044,-64.044,-64.044,-64.044,-64.045,-64.045,-64.045,-64.045,-64.045,-64.045,-64.045,-64.045,-64.045,-64.045,-64.045,-64.045,-64.045,-64.045,-64.045,-64.045,-64.045,-64.045,-64.045,-64.045,-64.045,-64.045,-64.045,-64.045,-64.045,-64.045,-64.045,-64.045,-64.045,-64.045,-64.045,-64.045,-64.045,-64.045,-64.045,-64.045,-64.045,-64.045,-64.045,-64.045,-64.045,-64.045,-64.045,-64.045,-64.045,-64.045,-64.045,-64.045,-64.045,-64.045,-64.045,-64.045,-64.045,-64.045,-64.045,-64.045,-64.045,-64.045,-64.045,-64.045,-64.045,-64.045,-64.045,-64.045,-64.045,-64.045,-64.045,-64.045,-64.045,-64.045,-64.045,-64.045,-64.045,-64.045,-64.045,-64.045,-64.045,-64.045,-64.045,-64.045,-64.045,-64.045,-64.045,-64.045,-64.045,-64.045,-64.045,-64.045,-64.045,-64.045,-64.045,-64.045,-64.045,-64.045,-64.045,-64.045,-64.045,-64.045,-64.045,-64.045,-64.045,-64.045,-64.045,-64.045,-64.045,-64.045,-64.045,-64.045,-64.045,-64.045,-64.045,-64.045,-64.045,-64.045,-64.045,-64.045,-64.045,-64.045,-64.045,-64.045,-64.045,-64.045,-64.045,-64.045,-64.045,-64.045,-64.045,-64.045,-64.045,-64.045,-64.045,-64.045,-64.045,-64.045,-64.046,-64.046,-64.046,-64.046,-64.046,-64.046,-64.046,-64.046,-64.046,-64.046,-64.046,-64.046,-64.046,-64.046,-64.046,-64.046,-64.046,-64.046,-64.046,-64.046,-64.046,-64.046,-64.046,-64.046,-64.046,-64.046,-64.046,-64.046,-64.046,-64.046,-64.046,-64.046,-64.046,-64.046,-64.046,-64.046,-64.046,-64.046,-64.046,-64.046,-64.046,-64.046,-64.046,-64.046,-64.046,-64.046,-64.046,-64.046,-64.046,-64.046,-64.046,-64.046,-64.046,-64.046,-64.294,-64.437,-64.565,-64.688,-64.806,-64.922,-65.035,-65.146,-65.255,-65.362,-65.467,-65.57,-65.671,-65.771,-65.869,-65.966,-66.062,-66.156,-66.248,-66.339,-66.429,-66.518,-66.606,-66.692,-66.777,-66.861,-66.944,-67.025,-67.106,-67.185,-67.263,-67.341,-67.417,-67.492,-67.567,-67.64,-67.713,-67.784,-67.855,-67.925,-67.994,-68.061,-68.129,-68.195,-68.26,-68.325,-68.389,-68.452,-68.514,-68.576,-68.637,-68.697,-68.756,-68.815,-68.872,-68.93,-68.986,-69.042,-69.097,-69.152,-69.205,-69.259,-69.311,-69.363,-69.414,-69.465,-69.515,-69.565,-69.614,-69.662,-69.71,-69.757,-69.804,-69.85,-69.896,-69.941,-69.985,-70.029,-70.073,-70.116,-70.158,-70.201,-70.242,-70.283,-70.324,-70.364,-70.404,-70.443,-70.482,-70.52,-70.558,-70.596,-70.633,-70.67,-70.706,-70.742,-70.777,-70.812,-70.847,-70.881,-70.915,-70.949,-70.982,-71.015,-71.047,-71.079,-71.111,-71.142,-71.173,-71.204,-71.234,-71.264,-71.294,-71.323,-71.352,-71.381,-71.409,-71.437,-71.465,-71.492,-71.519,-71.546,-71.573,-71.599,-71.625,-71.65,-71.676,-71.701,-71.726,-71.75,-71.774,-71.798,-71.822,-71.846,-71.869,-71.892,-71.915,-71.937,-71.959,-71.981,-72.003,-72.024,-72.046,-72.067,-72.087,-72.108,-72.128,-72.148,-72.168,-72.188,-72.207,-72.227,-72.246,-72.264,-72.283,-72.301,-72.32,-72.338,-72.356,-72.373,-72.391,-72.408,-72.425,-72.441,-72.458,-72.475,-72.491,-72.507,-72.523,-72.539,-72.554,-72.569,-72.585,-72.6,-72.615,-72.629,-72.644,-72.658,-72.672,-72.686,-72.7,-72.714,-72.728,-72.741,-72.754,-72.768,-72.781,-72.793,-72.806,-72.819,-72.831,-72.843,-72.855,-72.867,-72.879,-72.891,-72.902,-72.914,-72.925,-72.936,-72.947,-72.958,-72.969,-72.98,-72.99,-73.0,-73.011,-73.021,-73.031,-73.041,-73.051,-73.06,-73.07,-73.079,-73.089,-73.098,-73.107,-73.116,-73.125,-73.134,-73.142,-73.151,-73.159,-73.168,-73.176,-73.184,-73.192,-73.2,-73.208,-73.216,-73.223,-73.231,-73.239,-73.246,-73.253,-73.26,-73.267,-73.274,-73.281,-73.288,-73.295,-73.302,-73.308,-73.315,-73.321,-73.327,-73.334,-73.34,-73.346,-73.352,-73.358,-73.364,-73.369,-73.375,-73.381,-73.386,-73.392,-73.397,-73.402,-73.408,-73.413,-73.418,-73.423,-73.428,-73.433,-73.438,-73.442,-73.447,-73.452,-73.456,-73.461,-73.465,-73.469,-73.474,-73.478,-73.482,-73.486,-73.49,-73.494,-73.498,-73.502,-73.506,-73.509,-73.513,-73.517,-73.52,-73.524,-73.527,-73.531,-73.534,-73.537,-73.541,-73.544,-73.547,-73.55,-73.553,-73.556,-73.559,-73.562,-73.565,-73.567,-73.57,-73.573,-73.576,-73.578,-73.581,-73.583,-73.586,-73.588,-73.59,-73.593,-73.595,-73.597,-73.6,-73.602,-73.604,-73.606,-73.608,-73.61,-73.612,-73.614,-73.616,-73.618,-73.619,-73.621,-73.623,-73.625,-73.626,-73.628,-73.629,-73.631,-73.633,-73.634,-73.635,-73.637,-73.638,-73.64,-73.641,-73.642,-73.643,-73.645,-73.646,-73.647,-73.648,-73.649,-73.65,-73.651,-73.652,-73.653,-73.654,-73.655,-73.656,-73.657,-73.658,-73.659,-73.659,-73.66,-73.661,-73.662,-73.662,-73.663,-73.664,-73.664,-73.665,-73.665,-73.666,-73.666,-73.667,-73.667,-73.668,-73.668,-73.669,-73.669,-73.669,-73.67,-73.67,-73.67,-73.671,-73.671,-73.671,-73.671,-73.672,-73.672,-73.672,-73.672,-73.672,-73.672,-73.672,-73.673,-73.673,-73.673,-73.673,-73.673,-73.673,-73.673,-73.673,-73.672,-73.672,-73.672,-73.672,-73.672,-73.672,-73.672,-73.672,-73.671,-73.671,-73.671,-73.671,-73.671,-73.67,-73.67,-73.67,-73.67,-73.669,-73.669,-73.669,-73.668,-73.668,-73.668,-73.667,-73.667,-73.666,-73.666,-73.666,-73.665,-73.665,-73.664,-73.664,-73.663,-73.663,-73.662,-73.662,-73.661,-73.661,-73.66,-73.66,-73.659,-73.659,-73.658,-73.657,-73.657,-73.656,-73.656,-73.655,-73.655,-73.654,-73.653,-73.653,-73.652,-73.651,-73.651,-73.65,-73.649,-73.649,-73.648,-73.647,-73.647,-73.646,-73.645,-73.644,-73.644,-73.643,-73.642,-73.642,-73.641,-73.64,-73.639,-73.639,-73.638,-73.637,-73.636,-73.635,-73.635,-73.634,-73.633,-73.632,-73.632,-73.631,-73.63,-73.629,-73.628,-73.628,-73.627,-73.626,-73.625,-73.624,-73.623,-73.623,-73.622,-73.621,-73.62,-73.619,-73.618,-73.617,-73.617,-73.616,-73.615,-73.614,-73.613,-73.612,-73.611,-73.611,-73.61,-73.609,-73.608,-73.607,-73.606,-73.605,-73.604,-73.604,-73.603,-73.602,-73.601,-73.6,-73.599,-73.598,-73.597,-73.596,-73.596,-73.595,-73.594,-73.593,-73.592,-73.591,-73.59,-73.589,-73.588,-73.587,-73.587,-73.586,-73.585,-73.584,-73.583,-73.582,-73.581,-73.58,-73.579,-73.579,-73.578,-73.577,-73.576,-73.575,-73.574,-73.573,-73.572,-73.571,-73.57,-73.57,-73.569,-73.568,-73.567,-73.566,-73.565,-73.564,-73.563,-73.562,-73.562,-73.561,-73.56,-73.559,-73.558,-73.557,-73.556,-73.555,-73.554,-73.554,-73.553,-73.552,-73.551,-73.55,-73.549,-73.548,-73.548,-73.547,-73.546,-73.545,-73.544,-73.543,-73.542,-73.541,-73.541,-73.54,-73.539,-73.538,-73.537,-73.536,-73.536,-73.535,-73.534,-73.533,-73.532,-73.531,-73.531,-73.53,-73.529,-73.528,-73.527,-73.526,-73.526,-73.525,-73.524,-73.523,-73.522,-73.522,-73.521,-73.52,-73.519,-73.518,-73.517,-73.517,-73.516,-73.515,-73.514,-73.514,-73.513,-73.512,-73.511,-73.51,-73.51,-73.509,-73.508,-73.507,-73.507,-73.506,-73.505,-73.504,-73.504,-73.503,-73.502,-73.501,-73.501,-73.5,-73.499,-73.498,-73.498,-73.497,-73.496,-73.495,-73.495,-73.494,-73.493,-73.493,-73.492,-73.491,-73.49,-73.49,-73.489,-73.488,-73.488,-73.487,-73.486,-73.485,-73.485,-73.484,-73.483,-73.483,-73.482,-73.481,-73.481,-73.48,-73.479,-73.479,-73.478,-73.477,-73.477,-73.476,-73.475,-73.475,-73.474,-73.473,-73.473,-73.472,-73.472,-73.471,-73.47,-73.47,-73.469,-73.468,-73.468,-73.467,-73.467,-73.466,-73.465,-73.465,-73.464,-73.464,-73.463,-73.462,-73.462,-73.461,-73.461,-73.46,-73.459,-73.459,-73.458,-73.458,-73.457,-73.457,-73.456,-73.455,-73.455,-73.454,-73.454,-73.453,-73.453,-73.452,-73.452,-73.451,-73.45,-73.45,-73.449,-73.449,-73.448,-73.448,-73.447,-73.447,-73.446,-73.446,-73.445,-73.445,-73.444,-73.444,-73.443,-73.443,-73.442,-73.442,-73.441,-73.441,-73.44,-73.44,-73.439,-73.439,-73.438,-73.438,-73.437,-73.437,-73.436,-73.436,-73.436,-73.435,-73.435,-73.434,-73.434,-73.433,-73.433,-73.432,-73.432,-73.431,-73.431,-73.431,-73.43,-73.43,-73.429,-73.429,-73.428,-73.428,-73.428,-73.427,-73.427,-73.426,-73.426,-73.426,-73.425,-73.425,-73.424,-73.424,-73.424,-73.423,-73.423,-73.422,-73.422,-73.422,-73.421,-73.421,-73.42,-73.42,-73.42,-73.419,-73.419,-73.419,-73.418,-73.418,-73.417,-73.417,-73.417,-73.416,-73.416,-73.416,-73.415,-73.415,-73.415,-73.414,-73.414,-73.414,-73.413,-73.413,-73.413,-73.412,-73.412,-73.412,-73.411,-73.411,-73.411,-73.41,-73.41,-73.41,-73.409,-73.409,-73.409,-73.409,-73.408,-73.408,-73.408,-73.407,-73.407,-73.407,-73.406,-73.406,-73.406,-73.406,-73.405,-73.405,-73.405,-73.404,-73.404,-73.404,-73.404,-73.403,-73.403,-73.403,-73.403,-73.402,-73.402,-73.402,-73.402,-73.401,-73.401,-73.401,-73.401,-73.4,-73.4,-73.4,-73.4,-73.399,-73.399,-73.399,-73.399,-73.398,-73.398,-73.398,-73.398,-73.397,-73.397,-73.397,-73.397,-73.397,-73.396,-73.396,-73.396,-73.396,-73.395,-73.395,-73.395,-73.395,-73.395,-73.394,-73.394,-73.394,-73.394,-73.394,-73.393,-73.393,-73.393,-73.393,-73.393,-73.392,-73.392,-73.392,-73.392,-73.392,-73.391,-73.391,-73.391,-73.391,-73.391,-73.391,-73.39,-73.39,-73.39,-73.39,-73.39,-73.39,-73.389,-73.389,-73.389,-73.389,-73.389,-73.389,-73.388,-73.388,-73.388,-73.388,-73.388,-73.388,-73.387,-73.387,-73.387,-73.387,-73.387,-73.387,-73.387,-73.386,-73.386,-73.386,-73.386,-73.386,-73.386,-73.386,-73.385,-73.385,-73.385,-73.385,-73.385,-73.385,-73.385,-73.384,-73.384,-73.384,-73.384,-73.384,-73.384,-73.384,-73.384,-73.384,-73.383,-73.383,-73.383,-73.383,-73.383,-73.383,-73.383,-73.383,-73.382,-73.382,-73.382,-73.382,-73.382,-73.382,-73.382,-73.382,-73.382,-73.382,-73.381,-73.381,-73.381,-73.381,-73.381,-73.381,-73.381,-73.381,-73.381,-73.381,-73.381,-73.38,-73.38,-73.38,-73.38,-73.38,-73.38,-73.38,-73.38,-73.38,-73.38,-73.38,-73.379,-73.379,-73.379,-73.379,-73.379,-73.379,-73.379,-73.379,-73.379,-73.379,-73.379,-73.379,-73.379,-73.379,-73.378,-73.378,-73.378,-73.378,-73.378,-73.378,-73.378,-73.378,-73.378,-73.378,-73.378,-73.378