-71.542,-71.369,-71.221,-71.087,-70.961,-70.842,-70.726,-70.614,-70.505,-70.398,-70.294,-70.191,-70.09,-69.991,-69.893,-69.797,-69.702,-69.609,-69.517,-69.426,-69.337,-69.248,-69.161,-69.075,-68.991,-68.907,-68.825,-68.743,-68.663,-68.584,-68.506,-68.429,-68.353,-68.278,-68.204,-68.131,-68.06,-67.989,-67.919,-67.85,-67.782,-67.715,-67.65,-67.584,-67.52,-67.457,-67.395,-67.334,-67.274,-67.214,-67.156,-67.099,-67.042,-66.986,-66.931,-66.877,-66.824,-66.772,-66.72,-66.67,-66.62,-66.571,-66.523,-66.475,-66.429,-66.383,-66.338,-66.294,-66.25,-66.208,-66.166,-66.124,-66.084,-66.044,-66.005,-65.966,-65.928,-65.891,-65.855,-65.819,-65.784,-65.75,-65.716,-65.682,-65.65,-65.618,-65.586,-65.556,-65.525,-65.496,-65.467,-65.438,-65.41,-65.383,-65.356,-65.33,-65.304,-65.278,-65.253,-65.229,-65.205,-65.182,-65.159,-65.137,-65.115,-65.093,-65.072,-65.051,-65.031,-65.011,-64.992,-64.973,-64.954,-64.936,-64.918,-64.901,-64.884,-64.867,-64.851,-64.835,-64.819,-64.804,-64.789,-64.774,-64.76,-64.746,-64.732,-64.718,-64.705,-64.692,-64.68,-64.668,-64.656,-64.644,-64.632,-64.621,-64.61,-64.6,-64.589,-64.579,-64.569,-64.559,-64.55,-64.54,-64.531,-64.522,-64.514,-64.505,-64.497,-64.489,-64.481,-64.473,-64.466,-64.458,-64.451,-64.444,-64.438,-64.431,-64.424,-64.418,-64.412,-64.406,-64.4,-64.394,-64.389,-64.384,-64.378,-64.373,-64.368,-64.363,-64.359,-64.354,-64.35,-64.345,-64.341,-64.337,-64.333,-64.329,-64.325,-64.321,-64.318,-64.314,-64.311,-64.307,-64.304,-64.301,-64.298,-64.295,-64.292,-64.289,-64.287,-64.284,-64.281,-64.279,-64.276,-64.274,-64.272,-64.27,-64.267,-64.265,-64.263,-64.261,-64.26,-64.258,-64.256,-64.254,-64.253,-64.251,-64.249,-64.248,-64.247,-64.245,-64.244,-64.242,-64.241,-64.24,-64.239,-64.238,-64.237,-64.235,-64.234,-64.233,-64.233,-64.232,-64.231,-64.23,-64.229,-64.228,-64.228,-64.227,-64.226,-64.226,-64.225,-64.224,-64.224,-64.223,-64.223,-64.222,-64.222,-64.221,-64.221,-64.22,-64.22,-64.22,-64.219,-64.219,-64.219,-64.218,-64.218,-64.218,-64.218,-64.217,-64.217,-64.217,-64.217,-64.217,-64.217,-64.216,-64.216,-64.216,-64.216,-64.216,-64.216,-64.216,-64.216,-64.216,-64.216,-64.216,-64.216,-64.216,-64.216,-64.216,-64.216,-64.216,-64.216,-64.216,-64.216,-64.216,-64.217,-64.217,-64.217,-64.217,-64.217,-64.217,-64.217,-64.217,-64.217,-64.218,-64.218,-64.218,-64.218,-64.218,-64.218,-64.219,-64.219,-64.219,-64.219,-64.219,-64.219,-64.22,-64.22,-64.22,-64.22,-64.22,-64.221,-64.221,-64.221,-64.221,-64.221,-64.222,-64.222,-64.222,-64.222,-64.222,-64.223,-64.223,-64.223,-64.223,-64.223,-64.224,-64.224,-64.224,-64.224,-64.225,-64.225,-64.225,-64.225,-64.225,-64.226,-64.226,-64.226,-64.226,-64.227,-64.227,-64.227,-64.227,-64.227,-64.228,-64.228,-64.228,-64.228,-64.228,-64.229,-64.229,-64.229,-64.229,-64.23,-64.23,-64.23,-64.23,-64.23,-64.231,-64.231,-64.231,-64.231,-64.231,-64.232,-64.232,-64.232,-64.232,-64.232,-64.233,-64.233,-64.233,-64.233,-64.233,-64.233,-64.234,-64.234,-64.234,-64.234,-64.234,-64.235,-64.235,-64.235,-64.235,-64.235,-64.235,-64.236,-64.236,-64.236,-64.236,-64.236,-64.236,-64.237,-64.237,-64.237,-64.237,-64.237,-64.237,-64.237,-64.238,-64.238,-64.238,-64.238,-64.238,-64.238,-64.238,-64.239,-64.239,-64.239,-64.239,-64.239,-64.239,-64.239,-64.239,-64.24,-64.24,-64.24,-64.24,-64.24,-64.24,-64.24,-64.24,-64.24,-64.241,-64.241,-64.241,-64.241,-64.241,-64.241,-64.241,-64.241,-64.241,-64.241,-64.242,-64.242,-64.242,-64.242,-64.242,-64.242,-64.242,-64.242,-64.242,-64.242,-64.242,-64.242,-64.243,-64.243,-64.243,-64.243,-64.243,-64.243,-64.243,-64.243,-64.243,-64.243,-64.243,-64.243,-64.243,-64.243,-64.243,-64.244,-64.244,-64.244,-64.244,-64.244,-64.244,-64.244,-64.244,-64.244,-64.244,-64.244,-64.244,-64.244,-64.244,-64.244,-64.244,-64.244,-64.244,-64.244,-64.244,-64.244,-64.244,-64.244,-64.244,-64.244,-64.244,-64.245,-64.245,-64.245,-64.245,-64.245,-64.245,-64.245,-64.245,-64.245,-64.245,-64.245,-64.245,-64.245,-64.245,-64.245,-64.245,-64.245,-64.245,-64.245,-64.245,-64.245,-64.245,-64.245,-64.245,-64.245,-64.245,-64.245,-64.245,-64.245,-64.245,-64.245,-64.245,-64.245,-64.245,-64.245,-64.245,-64.245,-64.245,-64.245,-64.245,-64.245,-64.245,-64.245,-64.245,-64.245,-64.245,-64.245,-64.245,-64.245,-64.245,-64.245,-64.244,-64.244,-64.244,-64.244,-64.244,-64.244,-64.244,-64.244,-64.244,-64.244,-64.244,-64.244,-64.244,-64.244,-64.244,-64.244,-64.244,-64.244,-64.244,-64.244,-64.244,-64.244,-64.244,-64.244,-64.244,-64.244,-64.244,-64.244,-64.244,-64.244,-64.244,-64.243,-64.243,-64.243,-64.243,-64.243,-64.243,-64.243,-64.243,-64.243,-64.243,-64.243,-64.243,-64.243,-64.243,-64.243,-64.243,-64.243,-64.243,-64.243,-64.243,-64.243,-64.242,-64.242,-64.242,-64.242,-64.242,-64.242,-64.242,-64.242,-64.242,-64.242,-64.242,-64.242,-64.242,-64.242,-64.242,-64.242,-64.242,-64.241,-64.241,-64.241,-64.241,-64.241,-64.241,-64.241,-64.241,-64.241,-64.241,-64.241,-64.241,-64.241,-64.241,-64.241,-64.241,-64.24,-64.24,-64.24,-64.24,-64.24,-64.24,-64.24,-64.24,-64.24,-64.24,-64.24,-64.24,-64.24,-64.24,-64.239,-64.239,-64.239,-64.239,-64.239,-64.239,-64.239,-64.239,-64.239,-64.239,-64.239,-64.239,-64.239,-64.238,-64.238,-64.238,-64.238,-64.238,-64.238,-64.238,-64.238,-64.238,-64.238,-64.238,-64.238,-64.238,-64.237,-64.237,-64.237,-64.237,-64.237,-64.237,-64.237,-64.237,-64.237,-64.237,-64.237,-64.237,-64.236,-64.236,-64.236,-64.236,-64.236,-64.236,-64.236,-64.236,-64.236,-64.236,-64.236,-64.236,-64.235,-64.235,-64.235,-64.235,-64.235,-64.235,-64.235,-64.235,-64.235,-64.235,-64.235,-64.234,-64.234,-64.234,-64.234,-64.234,-64.234,-64.234,-64.234,-64.234,-64.234,-64.234,-64.233,-64.233,-64.233,-64.233,-64.233,-64.233,-64.233,-64.233,-64.233,-64.233,-64.233,-64.232,-64.232,-64.232,-64.232,-64.232,-64.232,-64.232,-64.232,-64.232,-64.232,-64.232,-64.231,-64.231,-64.231,-64.231,-64.231,-64.231,-64.231,-64.231,-64.231,-64.231,-64.23,-64.23,-64.23,-64.23,-64.23,-64.23,-64.23,-64.23,-64.23,-64.23,-64.23,-64.229,-64.229,-64.229,-64.229,-64.229,-64.229,-64.229,-64.229,-64.229,-64.229,-64.228,-64.228,-64.228,-64.228,-64.228,-64.228,-64.228,-64.228,-64.228,-64.228,-64.227,-64.227,-64.227,-64.227,-64.227,-64.227,-64.227,-64.227,-64.227,-64.227,-64.226,-64.226,-64.226,-64.226,-64.226,-64.226,-64.226,-64.226,-64.226,-64.226,-64.225,-64.225,-64.225,-64.225,-64.225,-64.225,-64.225,-64.225,-64.225,-64.225,-64.224,-64.224,-64.224,-64.224,-64.224,-64.224,-64.224,-64.224,-64.224,-64.223,-64.223,-64.223,-64.223,-64.223,-64.223,-64.223,-64.223,-64.223,-64.223,-64.222,-64.222,-64.222,-64.222,-64.222,-64.222,-64.222,-64.222,-64.222,-64.221,-64.221,-64.221,-64.221,-64.221,-64.221,-64.221,-64.221,-64.221,-64.221,-64.22,-64.22,-64.22,-64.22,-64.22,-64.22,-64.22,-64.22,-64.22,-64.219,-64.219,-64.219,-64.219,-64.219,-64.219,-64.219,-64.219,-64.219,-64.219,-64.218,-64.218,-64.218,-64.218,-64.218,-64.218,-64.218,-64.218,-64.218,-64.217,-64.217,-64.217,-64.217,-64.217,-64.217,-64.217,-64.217,-64.217,-64.216,-64.216,-64.216,-64.216,-64.216,-64.216,-64.216,-64.216,-64.216,-64.216,-64.215,-64.215,-64.215,-64.215,-64.215,-64.215,-64.215,-64.215,-64.215,-64.214,-64.214,-64.214,-64.214,-64.214,-64.214,-64.214,-64.214,-64.214,-64.213,-64.213,-64.213,-64.213,-64.213,-64.213,-64.213,-64.213,-64.213,-64.212,-64.212,-64.212,-64.212,-64.212,-64.212,-64.212,-64.212,-64.212,-64.212,-64.211,-64.211,-64.211,-64.211,-64.211,-64.211,-64.211,-64.211,-64.211,-64.21,-64.21,-64.21,-64.21,-64.21,-64.21,-64.21,-64.21,-64.21,-64.209,-64.209,-64.209,-64.209,-64.209,-64.209,-64.209,-64.209,-64.209,-64.208,-64.208,-64.208,-64.208,-64.208,-64.208,-64.208,-64.208,-64.208,-64.207,-64.207,-64.207,-64.207,-64.207,-64.207,-64.207,-64.207,-64.207,-64.206,-64.206,-64.206,-64.206,-64.206,-64.206,-64.206,-64.206,-64.206,-64.206,-64.205,-64.205,-64.205,-64.205,-64.205,-64.205,-64.205,-64.205,-64.205,-64.204,-64.204,-64.204,-64.204,-64.204,-64.204,-64.204,-64.204,-64.204,-64.203,-64.203,-64.203,-64.203,-64.203,-64.203,-64.203,-64.203,-64.203,-64.202,-64.202,-64.202,-64.202,-64.202,-64.202,-64.202,-64.202,-64.202,-64.201,-64.201,-64.201,-64.201,-64.201,-64.201,-64.201,-64.201,-64.201,-64.2,-64.2,-64.2,-64.2,-64.2,-64.2,-64.2,-64.2,-64.2,-64.199,-64.199,-64.199,-64.199,-64.199,-64.199,-64.199,-64.199,-64.199,-64.198,-64.198,-64.198,-64.198,-64.198,-64.198,-64.198,-64.198,-64.198,-64.197,-64.197,-64.197,-64.197,-64.197,-64.197,-64.197,-64.197,-64.197,-64.196,-64.196,-64.196,-64.196,-64.196,-64.196,-64.196,-64.196,-64.196,-64.195,-64.195,-64.195,-64.195,-64.195,-64.195,-64.195,-64.195,-64.195,-64.194,-64.194,-64.194,-64.194,-64.194,-64.194,-64.194,-64.194,-64.194,-64.194,-64.193,-64.193,-64.193,-64.193,-64.193,-64.193,-64.193,-64.193,-64.193,-64.192,-64.192,-64.192,-64.192,-64.192,-64.192,-64.192,-64.192,-64.192,-64.191,-64.191,-64.191,-64.191,-64.191,-64.191,-64.191,-64.191,-64.191,-64.19,-64.19,-64.19,-64.19,-64.19,-64.19,-64.19,-64.19,-64.19,-64.189,-64.189,-64.189,-64.189,-64.189,-64.189,-64.189,-64.189,-64.189,-64.188,-64.188,-64.188,-64.188,-64.188,-64.188,-64.188,-64.188,-64.188,-64.187,-64.187,-64.187,-64.187,-64.187,-64.187,-64.187,-64.187,-64.187,-64.186,-64.186,-64.186,-64.186,-64.186,-64.186,-64.186,-64.186,-64.186,-64.185,-64.185,-64.185,-64.185,-64.185,-64.185,-64.185,-64.185,-64.185,-64.185,-64.184,-64.184,-64.184,-64.184,-64.184,-64.184,-64.184,-64.184,-64.184,-64.183,-64.183,-64.183,-64.183,-64.183,-64.183,-64.183,-64.183,-64.183,-64.182,-64.182,-64.182,-64.182,-64.182,-64.182,-64.182,-64.182,-64.182,-64.181,-64.181,-64.181,-64.181,-64.181,-64.181,-64.181,-64.181,-64.181,-64.18,-64.18,-64.18,-64.18,-64.18,-64.18,-64.18,-64.18,-64.18,-64.179,-64.179,-64.179,-64.179,-64.179,-64.179,-64.179,-64.179,-64.179,-64.178,-64.178,-64.178,-64.178,-64.178,-64.178,-64.178,-64.178,-64.178,-64.178,-64.177,-64.177,-64.177,-64.177,-64.177,-64.177,-64.177,-64.177,-64.177,-64.176,-64.176,-64.176,-64.176,-64.176,-64.176,-64.176,-64.176,-64.176,-64.175,-64.175,-64.175,-64.175,-64.175,-64.175,-64.175,-64.175,-64.175,-64.174,-64.174,-64.174,-64.174,-64.174,-64.174,-64.174,-64.174,-64.174,-64.173,-64.173,-64.173,-64.173,-64.173,-64.173,-64.173,-64.173,-64.173,-64.173,-64.172,-64.172,-64.172,-64.172,-64.172,-64.172,-64.172,-64.172,-64.172,-64.171,-64.171,-64.171,-64.171,-64.171,-64.171,-64.171,-64.171,-64.171,-64.17,-64.17,-64.17,-64.17,-64.17,-64.17,-64.17,-64.17,-64.17,-64.169,-64.169,-64.169,-64.169,-64.169,-64.169,-64.169,-64.169,-64.169,-64.169,-64.168,-64.168,-64.168,-64.168,-64.168,-64.168,-64.168,-64.168,-64.168,-64.167,-64.167,-64.167,-64.167,-64.167,-64.167,-64.167,-64.167,-64.167,-64.166,-64.166,-64.166,-64.166,-64.166,-64.166,-64.166,-64.166,-64.166,-64.166,-64.165,-64.165,-64.165,-64.165,-64.165,-64.165,-64.165,-64.165,-64.165,-64.164,-64.164,-64.164,-64.164,-64.164,-64.164,-64.164,-64.164,-64.164,-64.163,-64.163,-64.163,-64.163,-64.163,-64.163,-64.163,-64.163,-64.163,-64.163,-64.162,-64.162,-64.162,-64.162,-64.162,-64.162,-64.162,-64.162,-64.162,-64.161,-64.161,-64.161,-64.161,-64.161,-64.161,-64.161,-64.161,-64.161,-64.16,-64.16,-64.16,-64.16,-64.16,-64.16,-64.16,-64.16,-64.16,-64.16,-64.159,-64.159,-64.159,-64.159,-64.159,-64.159,-64.159,-64.159,-64.159,-64.158,-64.158,-64.158,-64.158,-64.158,-64.158,-64.158,-64.158,-64.158,-64.157,-64.157,-64.157,-64.157,-64.157,-64.157,-64.157,-64.157,-64.157,-64.157,-64.156,-64.156,-64.156,-64.156,-64.156,-64.156,-64.156,-64.156,-64.156,-64.155,-64.155,-64.155,-64.155,-64.155,-64.155,-64.155,-64.155,-64.155,-64.155,-64.154,-64.154,-64.154,-64.154,-64.154,-64.154,-64.154,-64.154,-64.154,-64.153,-64.153,-64.153,-64.153,-64.153,-64.153,-64.153,-64.153,-64.153,-64.152,-64.152,-64.152,-64.152,-64.152,-64.152,-64.152,-64.152,-64.152,-64.152,-64.151,-64.151,-64.151,-64.151,-64.151,-64.151,-64.151,-64.151,-64.151,-64.15,-64.15,-64.15,-64.15,-64.15,-64.15,-64.15,-64.15,-64.15,-64.15,-64.149,-64.149,-64.149,-64.149,-64.149,-64.149,-64.149,-64.149,-64.149,-64.148,-64.148,-64.148,-64.148,-64.148,-64.148,-64.148,-64.148,-64.148,-64.148,-64.147,-64.147,-64.147,-64.147,-64.147,-64.147,-64.147,-64.147,-64.147,-64.146,-64.146,-64.146,-64.146,-64.146,-64.146,-64.146,-64.146,-64.146,-64.146,-64.145,-64.145,-64.145,-64.145,-64.145,-64.145,-64.145,-64.145,-64.145,-64.144,-64.144,-64.144,-64.144,-64.144,-64.144,-64.144,-64.144,-64.144,-64.144,-64.143,-64.143,-64.143,-64.143,-64.143,-64.143,-64.143,-64.143,-64.143,-64.143,-64.142,-64.142,-64.142,-64.142,-64.142,-64.142,-64.142,-64.142,-64.142,-64.141,-64.141,-64.141,-64.141,-64.141,-64.141,-64.141,-64.141,-64.141,-64.141,-64.14,-64.14,-64.14,-64.14,-64.14,-64.14,-64.14,-64.14,-64.14,-64.139,-64.139,-64.139,-64.139,-64.139,-64.139,-64.139,-64.139,-64.139,-64.139,-64.138,-64.138,-64.138,-64.138,-64.138,-64.138,-64.138,-64.138,-64.138,-64.138,-64.137,-64.137,-64.137,-64.137,-64.137,-64.137,-64.137,-64.137,-64.137,-64.136,-64.136,-64.136,-64.136,-64.136,-64.136,-64.136,-64.136,-64.136,-64.136,-64.135,-64.135,-64.135,-64.135,-64.135,-64.135,-64.135,-64.135,-64.135,-64.135,-64.134,-64.134,-64.134,-64.134,-64.134,-64.134,-64.134,-64.134,-64.134,-64.133,-64.133,-64.133,-64.133,-64.133,-64.133,-64.133,-64.133,-64.133,-64.133,-64.132,-64.132,-64.132,-64.132,-64.132,-64.132,-64.132,-64.132,-64.132,-64.132,-64.131,-64.131,-64.131,-64.131,-64.131,-64.131,-64.131,-64.131,-64.131,-64.13,-64.13,-64.13,-64.13,-64.13,-64.13,-64.13,-64.13,-64.13,-64.13,-64.129,-64.129,-64.129,-64.129,-64.129,-64.129,-64.129,-64.129,-64.129,-64.129,-64.128,-64.128,-64.128,-64.128,-64.128,-64.128,-64.128,-64.128,-64.128,-64.127,-64.127,-64.127,-64.127,-64.127,-64.127,-64.127,-64.127,-64.127,-64.127,-64.126,-64.126,-64.126,-64.126,-64.126,-64.126,-64.126,-64.126,-64.126,-64.126,-64.125,-64.125,-64.125,-64.125,-64.125,-64.125,-64.125,-64.125,-64.125,-64.125,-64.124,-64.124,-64.124,-64.124,-64.124,-64.124,-64.124,-64.124,-64.124,-64.124,-64.123,-64.123,-64.123,-64.123,-64.123,-64.123,-64.123,-64.123,-64.123,-64.122,-64.122,-64.122,-64.122,-64.122,-64.122,-64.122,-64.122,-64.122,-64.122,-64.121,-64.121,-64.121,-64.121,-64.121,-64.121,-64.121,-64.121,-64.121,-64.121,-64.12,-64.12,-64.12,-64.12,-64.12,-64.12,-64.12,-64.12,-64.12,-64.12,-64.119,-64.119,-64.119,-64.119,-64.119,-64.119,-64.119,-64.119,-64.119,-64.119,-64.118,-64.118,-64.118,-64.118,-64.118,-64.118,-64.118,-64.118,-64.118,-64.118,-64.117,-64.117,-64.117,-64.117,-64.117,-64.117,-64.117,-64.117,-64.117,-64.116,-64.116,-64.116,-64.116,-64.116,-64.116,-64.116,-64.116,-64.116,-64.116,-64.115,-64.115,-64.115,-64.115,-64.115,-64.115,-64.115,-64.115,-64.115,-64.115,-64.114,-64.114,-64.114,-64.114,-64.114,-64.114,-64.114,-64.114,-64.114,-64.114,-64.113,-64.113,-64.113,-64.113,-64.113,-64.113,-64.113,-64.113,-64.113,-64.113,-64.112,-64.112,-64.112,-64.112,-64.112,-64.112,-64.112,-64.112,-64.112,-64.112,-64.111,-64.111,-64.111,-64.111,-64.111,-64.111,-64.111,-64.111,-64.111,-64.111,-64.11,-64.11,-64.11,-64.11,-64.11,-64.11,-64.11,-64.11,-64.11,-64.11,-64.109,-64.109,-64.109,-64.109,-64.109,-64.109,-64.109,-64.109,-64.109,-64.109,-64.108,-64.108,-64.108,-64.108,-64.108,-64.108,-64.108,-64.108,-64.108,-64.108,-64.107,-64.107,-64.107,-64.107,-64.107,-64.107,-64.107,-64.107,-64.107,-64.107,-64.106,-64.106,-64.106,-64.106,-64.106,-64.106,-64.106,-64.106,-64.106,-64.106,-64.105,-64.105,-64.105,-64.105,-64.105,-64.105,-64.105,-64.105,-64.105,-64.105,-64.104,-64.104,-64.104,-64.104,-64.104,-64.104,-64.104,-64.104,-64.104,-64.104,-64.103,-64.103,-64.103,-64.103,-64.103,-64.103,-64.103,-64.103,-64.103,-64.103,-64.102,-64.102,-64.102,-64.102,-64.102,-64.102,-64.102,-64.102,-64.102,-64.102,-64.101,-64.101,-64.101,-64.101,-64.101,-64.101,-64.101,-64.101,-64.101,-64.101,-64.1,-64.1,-64.1,-64.1,-64.1,-64.1,-64.1,-64.1,-64.1,-64.1,-64.099,-64.099,-64.099,-64.099,-64.099,-64.099,-64.099,-64.099,-64.099,-64.099,-64.098,-64.098,-64.098,-64.098,-64.098,-64.098,-64.098,-64.098,-64.098,-64.098,-64.097,-64.097,-64.097,-64.097,-64.097,-64.097,-64.097,-64.097,-64.097,-64.097,-64.096,-64.096,-64.096,-64.096,-64.096,-64.096,-64.096,-64.096,-64.096,-64.096,-64.096,-64.095,-64.095,-64.095,-64.095,-64.095,-64.095,-64.095,-64.095,-64.095,-64.095,-64.094,-64.094,-64.094,-64.094,-64.094,-64.094,-64.094,-64.094,-64.094,-64.094,-64.093,-64.093,-64.093,-64.093,-64.093,-64.093,-64.093,-64.093,-64.093,-64.093,-64.092,-64.092,-64.092,-64.092,-64.092,-64.092,-64.092,-64.092,-64.092,-64.092,-64.091,-64.091,-64.091,-64.091,-64.091,-64.091,-64.091,-64.091,-64.091,-64.091,-64.09,-64.09,-64.09,-64.09,-64.09,-64.09,-64.09,-64.09,-64.09,-64.09,-64.09,-64.089,-64.089,-64.089,-64.089,-64.089,-64.089,-64.089,-64.089,-64.089,-64.089,-64.088,-64.088,-64.088,-64.088,-64.088,-64.088,-64.088,-64.088,-64.088,-64.088,-64.087,-64.087,-64.087,-64.087,-64.087,-64.087,-64.087,-64.087,-64.087,-64.087,-64.086,-64.086,-64.086,-64.086,-64.086,-64.086,-64.086,-64.086,-64.086,-64.086,-64.086,-64.085,-64.085,-64.085,-64.085,-64.085,-64.085,-64.085,-64.085,-64.085,-64.085,-64.084,-64.084,-64.084,-64.084,-64.084,-64.084,-64.084,-64.084,-64.084,-64.084,-64.083,-64.083,-64.083,-64.083,-64.083,-64.083,-64.083,-64.083,-64.083,-64.083,-64.082,-64.082,-64.082,-64.082,-64.082,-64.082,-64.082,-64.082,-64.082,-64.082,-64.082,-64.081,-64.081,-64.081,-64.081,-64.081,-64.081,-64.081,-64.081,-64.081,-64.081,-64.08,-64.08,-64.08,-64.08,-64.08,-64.08,-64.08,-64.08,-64.08,-64.08,-64.079,-64.079,-64.079,-64.079,-64.079,-64.079,-64.079,-64.079,-64.079,-64.079,-64.079,-64.078,-64.078,-64.078,-64.078,-64.078,-64.078,-64.078,-64.078,-64.078,-64.078,-64.077,-64.077,-64.077,-64.077,-64.077,-64.077,-64.077,-64.077,-64.077,-64.077,-64.076,-64.076,-64.076,-64.076,-64.076,-64.076,-64.076,-64.076,-64.076,-64.076,-64.076,-64.075,-64.075,-64.075,-64.075,-64.075,-64.075,-64.075,-64.075,-64.075,-64.075,-64.074,-64.074,-64.074,-64.074,-64.074,-64.074,-64.074,-64.074,-64.074,-64.074,-64.074,-64.073,-64.073,-64.073,-64.073,-64.073,-64.073,-64.073,-64.073,-64.073,-64.073,-64.072,-64.072,-64.072,-64.072,-64.072,-64.072,-64.072,-64.072,-64.072,-64.072,-64.071,-64.071,-64.071,-64.071,-64.071,-64.071,-64.071,-64.071,-64.071,-64.071,-64.071,-64.07,-64.07,-64.07,-64.07,-64.07,-64.07,-64.07,-64.07,-64.07,-64.07,-64.069,-64.069,-64.069,-64.069,-64.069,-64.069,-64.069,-64.069,-64.069,-64.069,-64.069,-64.068,-64.068,-64.068,-64.068,-64.068,-64.068,-64.068,-64.068,-64.068,-64.068,-64.067,-64.067,-64.067,-64.067,-64.067,-64.067,-64.067,-64.067,-64.067,-64.067,-64.067,-64.066,-64.066,-64.066,-64.066,-64.066,-64.066,-64.066,-64.066,-64.066,-64.066,-64.065,-64.065,-64.065,-64.065,-64.065,-64.065,-64.065,-64.065,-64.065,-64.065,-64.065,-64.064,-64.064,-64.064,-64.064,-64.064,-64.064,-64.064,-64.064,-64.064,-64.064,-64.063,-64.063,-64.063,-64.063,-64.063,-64.063,-64.063,-64.063,-64.063,-64.063,-64.063,-64.062,-64.062,-64.062,-64.062,-64.062,-64.062,-64.062,-64.062,-64.062,-64.062,-64.061,-64.061,-64.061,-64.061,-64.061,-64.061,-64.061,-64.061,-64.061,-64.061,-64.061,-64.06,-64.06,-64.06,-64.06,-64.06,-64.06,-64.06,-64.06,-64.06,-64.06,-64.06,-64.059,-64.059,-64.059,-64.059,-64.059,-64.059,-64.059,-64.059,-64.059,-64.059,-64.058,-64.058,-64.058,-64.058,-64.058,-64.058,-64.058,-64.058,-64.058,-64.058,-64.058,-64.057,-64.057,-64.057,-64.057,-64.057,-64.057,-64.057,-64.057,-64.057,-64.057,-64.056,-64.056,-64.056,-64.056,-64.056,-64.056,-64.056,-64.056,-64.056,-64.056,-64.056,-64.055,-64.055,-64.055,-64.055,-64.055,-64.055,-64.055,-64.055,-64.055,-64.055,-64.055,-64.054,-64.054,-64.054,-64.054,-64.054,-64.054,-64.054,-64.054,-64.054,-64.054,-64.053,-64.053,-64.053,-64.053,-64.053,-64.053,-64.053,-64.053,-64.053,-64.053,-64.053,-64.052,-64.052,-64.052,-64.052,-64.052,-64.052,-64.052,-64.052,-64.052,-64.052,-64.051,-64.051,-64.051,-64.051,-64.051,-64.051,-64.051,-64.051,-64.051,-64.051,-64.051,-64.05,-64.05,-64.05,-64.05,-64.05,-64.05,-64.05,-64.05,-64.05,-64.05,-64.05,-64.049,-64.049,-64.049,-64.049,-64.049,-64.049,-64.049,-64.049,-64.049,-64.049,-64.049,-64.048,-64.048,-64.048,-64.048,-64.048,-64.048,-64.048,-64.048,-64.048,-64.048,-64.047,-64.047,-64.047,-64.047,-64.047,-64.047,-64.047,-64.047,-64.047,-64.047,-64.047,-64.046,-64.046,-64.046,-64.046,-64.046,-64.046,-64.046,-64.046,-64.046,-64.046,-64.046,-64.045,-64.045,-64.045,-64.045,-64.045,-64.045,-64.045,-64.045,-64.045,-64.045,-64.045,-64.044,-64.044,-64.044,-64.044,-64.044,-64.044,-64.044,-64.044,-64.044,-64.044,-64.043,-64.043,-64.043,-64.043,-64.043,-64.043,-64.043,-64.043,-64.043,-64.043,-64.043,-64.042,-64.042,-64.042,-64.042,-64.042,-64.042,-64.042,-64.042,-64.042,-64.042,-64.042,-64.041,-64.041,-64.041,-64.041,-64.041,-64.041,-64.041,-64.041,-64.041,-64.041,-64.041,-64.04,-64.04,-64.04,-64.04,-64.04,-64.04,-64.04,-64.04,-64.04,-64.04,-64.039,-64.039,-64.039,-64.039,-64.039,-64.039,-64.039,-64.039,-64.039,-64.039,-64.039,-64.038,-64.038,-64.038,-64.038,-64.038,-64.038,-64.038,-64.038,-64.038,-64.038,-64.038,-64.037,-64.037,-64.037,-64.037,-64.037,-64.037,-64.037,-64.037,-64.037,-64.037,-64.037,-64.036,-64.036,-64.036,-64.036,-64.036,-64.036,-64.036,-64.036,-64.036,-64.036,-64.036,-64.035,-64.035,-64.035,-64.035,-64.035,-64.035,-64.035,-64.035,-64.035,-64.035,-64.035,-64.034,-64.034,-64.034,-64.034,-64.034,-64.034,-64.034,-64.034,-64.034,-64.034,-64.034,-64.033,-64.033,-64.033,-64.033,-64.033,-64.033,-64.033,-64.033,-64.033,-64.033,-64.032,-64.032,-64.032,-64.032,-64.032,-64.032,-64.032,-64.032,-64.032,-64.032,-64.032,-64.031,-64.031,-64.031,-64.031,-64.031,-64.031,-64.031,-64.031,-64.031,-64.031,-64.031,-64.03,-64.03,-64.03,-64.03,-64.03,-64.03,-64.03,-64.03,-64.03,-64.03,-64.03,-64.029,-64.029,-64.029,-64.029,-64.029,-64.029,-64.029,-64.029,-64.029,-64.029,-64.029,-64.028,-64.028,-64.028,-64.028,-64.028,-64.028,-64.028,-64.028,-64.028,-64.028,-64.028,-64.027,-64.027,-64.027,-64.027,-64.027,-64.027,-64.027,-64.027,-64.027,-64.027,-64.027,-64.026,-64.026,-64.026,-64.026,-64.026,-64.026,-64.026,-64.026,-64.026,-64.026,-64.026,-64.025,-64.025,-64.025,-64.025,-64.025,-64.025,-64.025,-64.025,-64.025,-64.025,-64.025,-64.024,-64.024,-64.024,-64.024,-64.024,-64.024,-64.024,-64.024,-64.024,-64.024,-64.024,-64.023,-64.023,-64.023,-64.023,-64.023,-64.023,-64.023,-64.023,-64.023,-64.023,-64.023,-64.022,-64.022,-64.022,-64.022,-64.022,-64.022,-64.022,-64.022,-64.022,-64.022,-64.022,-64.021,-64.021,-64.021,-64.021,-64.021,-64.021,-64.021,-64.021,-64.021,-64.021,-64.021,-64.02,-64.02,-64.02,-64.02,-64.02,-64.02,-64.02,-64.02,-64.02,-64.02,-64.02,-64.019,-64.019,-64.019,-64.019,-64.019,-64.019,-64.019,-64.019,-64.019,-64.019,-64.019,-64.018,-64.018,-64.018,-64.018,-64.018,-64.018,-64.018,-64.018,-64.018,-64.018,-64.018,-64.017,-64.017,-64.017,-64.017,-64.017,-64.017,-64.017,-64.017,-64.017,-64.017,-64.017,-64.017,-64.016,-64.016,-64.016,-64.016,-64.016,-64.016,-64.016,-64.016,-64.016,-64.016,-64.016,-64.015,-64.015,-64.015,-64.015,-64.015,-64.015,-64.015,-64.015,-64.015,-64.015,-64.015,-64.014,-64.014,-64.014,-64.014,-64.014,-64.014,-64.014,-64.014,-64.014,-64.014,-64.014,-64.013,-64.013,-64.013,-64.013,-64.013,-64.013,-64.013,-64.013,-64.013,-64.013,-64.013,-64.012,-64.012,-64.012,-64.012,-64.012,-64.012,-64.012,-64.012,-64.012,-64.012,-64.012,-64.011,-64.011,-64.011,-64.011,-64.011,-64.011,-64.011,-64.011,-64.011,-64.011,-64.011,-64.01,-64.01,-64.01,-64.01,-64.01,-64.01,-64.01,-64.01,-64.01,-64.01,-64.01,-64.01,-64.009,-64.009,-64.009,-64.009,-64.009,-64.009,-64.009,-64.009,-64.009,-64.009,-64.009,-64.008,-64.008,-64.008,-64.008,-64.008,-64.008,-64.008,-64.008,-64.008,-64.008,-64.008,-64.007,-64.007,-64.007,-64.007,-64.007,-64.007,-64.007,-64.007,-64.007,-64.007,-64.007,-64.006,-64.006,-64.006,-64.006,-64.006,-64.006,-64.006,-64.006,-64.006,-64.006,-64.006,-64.005,-64.005,-64.005,-64.005,-64.005,-64.005,-64.005,-64.005,-64.005,-64.005,-64.005,-64.005,-64.004,-64.004,-64.004,-64.004,-64.004,-64.004,-64.004,-64.004,-64.004,-64.004,-64.004,-64.003,-64.003,-64.003,-64.003,-64.003,-64.003,-64.003,-64.003,-64.003,-64.003,-64.003,-64.002,-64.002,-64.002,-64.002,-64.002,-64.002,-64.002,-64.002,-64.002,-64.002,-64.002,-64.001,-64.001,-64.001,-64.001,-64.001,-64.001,-64.001,-64.001,-64.001,-64.001,-64.001,-64.001,-64.0,-64.0,-64.0,-64.0,-64.0,-64.0,-64.0,-64.0,-64.0,-64.0,-64.0,-63.999,-63.999,-63.999,-63.999,-63.999,-63.999,-63.999,-63.999,-63.999,-63.999,-63.999,-63.998,-63.998,-63.998,-63.998,-63.998,-63.998,-63.998,-63.998,-63.998,-63.998,-63.998,-63.998,-63.997,-63.997,-63.997,-63.997,-63.997,-63.997,-63.997,-63.997,-63.997,-63.997,-63.997,-63.996,-63.996,-63.996,-63.996,-63.996,-63.996,-63.996,-63.996,-63.996,-63.996,-63.996,-63.995,-63.995,-63.995,-63.995,-63.995,-63.995,-63.995,-63.995,-63.995,-63.995,-63.995,-63.995,-63.994,-63.994,-63.994,-63.994,-63.994,-63.994,-63.994,-63.994,-63.994,-63.994,-63.994,-63.993,-63.993,-63.993,-63.993,-63.993,-63.993,-63.993,-63.993,-63.993,-63.993,-63.993,-63.993,-63.992,-63.992,-63.992,-63.992,-63.992,-63.992,-63.992,-63.992,-63.992,-63.992,-63.992,-63.991,-63.991,-63.991,-63.991,-63.991,-63.991,-63.991,-63.991,-63.991,-63.991,-63.991,-63.99,-63.99,-63.99,-63.99,-63.99,-63.99,-63.99,-63.99,-63.99,-63.99,-63.99,-63.99,-63.989,-63.989,-63.989,-63.989,-63.989,-63.989,-63.989,-63.989,-63.989,-63.989,-63.989,-63.988,-63.988,-63.988,-63.988,-63.988,-63.988,-63.988,-63.988,-63.988,-63.988,-63.988,-63.988,-63.987,-63.987,-63.987,-63.987,-63.987,-63.987,-63.987,-63.987,-63.987,-63.987,-63.987,-63.986,-63.986,-63.986,-63.986,-63.986,-63.986,-63.986,-63.986,-63.986,-63.986,-63.986,-63.986,-63.985,-63.985,-63.985,-63.985,-63.985,-63.985,-63.985,-63.985,-63.985,-63.985,-63.985,-63.984,-63.984,-63.984,-63.984,-63.984,-63.984,-63.984,-63.984,-63.984,-63.984,-63.984,-63.984,-63.983,-63.983,-63.983,-63.983,-63.983,-63.983,-63.983,-63.983,-63.983,-63.983,-63.983,-63.982,-63.982,-63.982,-63.982,-63.982,-63.982,-63.982,-63.982,-63.982,-63.982,-63.982,-63.982,-63.981,-63.981,-63.981,-63.981,-63.981,-63.981,-63.981,-63.981,-63.981,-63.981,-63.981,-63.98,-63.98,-63.98,-63.98,-63.98,-63.98,-63.98,-63.98,-63.98,-63.98,-63.98,-63.98,-63.979,-63.979,-63.979,-63.979,-63.979,-63.979,-63.979,-63.979,-63.979,-63.979,-63.979,-63.978,-63.978,-63.978,-63.978,-63.978,-63.978,-63.978,-63.978,-63.978,-63.978,-63.978,-63.978,-63.977,-63.977,-63.977,-63.977,-63.977,-63.977,-63.977,-63.977,-63.977,-63.977,-63.977,-63.977,-63.976,-63.976,-63.976,-63.976,-63.976,-63.976,-63.976,-63.976,-63.976,-63.976,-63.976,-63.975,-63.975,-63.975,-63.975,-63.975,-63.975,-63.975,-63.975,-63.975,-63.975,-63.975,-63.975,-63.974,-63.974,-63.974,-63.974,-63.974,-63.974,-63.974,-63.974,-63.974,-63.974,-63.974,-63.973,-63.973,-63.973,-63.973,-63.973,-63.973,-63.973,-63.973,-63.973,-63.973,-63.973,-63.973,-63.972,-63.972,-63.972,-63.972,-63.972,-63.972,-63.972,-63.972,-63.972,-63.972,-63.972,-63.972,-63.971,-63.971,-63.971,-63.971,-63.971,-63.971,-63.971,-63.971,-63.971,-63.971,-63.971,-63.97,-63.97,-63.97,-63.97,-63.97,-63.97,-63.97,-63.97,-63.97,-63.97,-63.97,-63.97,-63.969,-63.969,-63.969,-63.969,-63.969,-63.969,-63.969,-63.969,-63.969,-63.969,-63.969,-63.969,-63.968,-63.968,-63.968,-63.968,-63.968,-63.968,-63.968,-63.968,-63.968,-63.968,-63.968,-63.967,-63.967,-63.967,-63.967,-63.967,-63.967,-63.967,-63.967,-63.967,-63.967,-63.967,-63.967,-63.966,-63.966,-63.966,-63.966,-63.966,-63.966,-63.966,-63.966,-63.966,-63.966,-63.966,-63.966,-63.965,-63.965,-63.965,-63.965,-63.965,-63.965,-63.965,-63.965,-63.965,-63.965,-63.965,-63.965,-63.964,-63.964,-63.964,-63.964,-63.964,-63.964,-63.964,-63.964,-63.964,-63.964,-63.964,-63.963,-63.963,-63.963,-63.963,-63.963,-63.963,-63.963,-63.963,-63.963,-63.963,-63.963,-63.963,-63.962,-63.962,-63.962,-63.962,-63.962,-63.962,-63.962,-63.962,-63.962,-63.962,-63.962,-63.962,-63.961,-63.961,-63.961,-63.961,-63.961,-63.961,-63.961,-63.961,-63.961,-63.961,-63.961,-63.961,-63.96,-63.96,-63.96,-63.96,-63.96,-63.96,-63.96,-63.96,-63.96,-63.96,-63.96,-63.96,-63.959,-63.959,-63.959,-63.959,-63.959,-63.959,-63.959,-63.959,-63.959,-63.959,-63.959,-63.958,-63.958,-63.958,-63.958,-63.958,-63.958,-63.958,-63.958,-63.958,-63.958,-63.958,-63.958,-63.957,-63.957,-63.957,-63.957,-63.957,-63.957,-63.957,-63.957,-63.957,-63.957,-63.957,-63.957,-63.956,-63.956,-63.956,-63.956,-63.956,-63.956,-63.956,-63.956,-63.956,-63.956,-63.956,-63.956,-63.955,-63.955,-63.955,-63.955,-63.955,-63.955,-63.955,-63.955,-63.955,-63.955,-63.955,-63.955,-63.954,-63.954,-63.954,-63.954,-63.954,-63.954,-63.954,-63.954,-63.954,-63.954,-63.954,-63.954,-63.953,-63.953,-63.953,-63.953,-63.953,-63.953,-63.953,-63.953,-63.953,-63.953,-63.953,-63.953,-63.952,-63.952,-63.952,-63.952,-63.952,-63.952,-63.952,-63.952,-63.952,-63.952,-63.952,-63.952,-63.951,-63.951,-63.951,-63.951,-63.951,-63.951,-63.951,-63.951,-63.951,-63.951,-63.951,-63.95,-63.95,-63.95,-63.95,-63.95,-63.95,-63.95,-63.95,-63.95,-63.95,-63.95,-63.95,-63.949,-63.949,-63.949,-63.949,-63.949,-63.949,-63.949,-63.949,-63.949,-63.949,-63.949,-63.949,-63.948,-63.948,-63.948,-63.948,-63.948,-63.948,-63.948,-63.948,-63.948,-63.948,-63.948,-63.948,-63.947,-63.947,-63.947,-63.947,-63.947,-63.947,-63.947,-63.947,-63.947,-63.947,-63.947,-63.947,-63.946,-63.946,-63.946,-63.946,-63.946,-63.946,-63.946,-63.946,-63.946,-63.946,-63.946,-63.946,-63.945,-63.945,-63.945,-63.945,-63.945,-63.945,-63.945,-63.945,-63.945,-63.945,-63.945,-63.945,-63.944,-63.944,-63.944,-63.944,-63.944,-63.944,-63.944,-63.944,-63.944,-63.944,-63.944,-63.944,-63.943,-63.943,-63.943,-63.943,-63.943,-63.943,-63.943,-63.943,-63.943,-63.943,-63.943,-63.943,-63.942,-63.942,-63.942,-63.942,-63.942,-63.942,-63.942,-63.942,-63.942,-63.942,-63.942,-63.942,-63.941,-63.941,-63.941,-63.941,-63.941,-63.941,-63.941,-63.941,-63.941,-63.941,-63.941,-63.941,-63.94,-63.94,-63.94,-63.94,-63.94,-63.94,-63.94,-63.94,-63.94,-63.94,-63.94,-63.94,-63.94,-63.939,-63.939,-63.939,-63.939,-63.939,-63.939,-63.939,-63.939,-63.939,-63.939,-63.939,-63.939,-63.938,-63.938,-63.938,-63.938,-63.938,-63.938,-63.938,-63.938,-63.938,-63.938,-63.938,-63.938,-63.937,-63.937,-63.937,-63.937,-63.937,-63.937,-63.937,-63.937,-63.937,-63.937,-63.937,-63.937,-63.936,-63.936,-63.936,-63.936,-63.936,-63.936,-63.936,-63.936,-63.936,-63.936,-63.936,-63.936,-63.935,-63.935,-63.935,-63.935,-63.935,-63.935,-63.935,-63.935,-63.935,-63.935,-63.935,-63.935,-63.934,-63.934,-63.934,-63.934,-63.934,-63.934,-63.934,-63.934,-63.934,-63.934,-63.934,-63.934,-63.933,-63.933,-63.933,-63.933,-63.933,-63.933,-63.933,-63.933,-63.933,-63.933,-63.933,-63.933,-63.932,-63.932,-63.932,-63.932,-63.932,-63.932,-63.932,-63.932,-63.932,-63.932,-63.932,-63.932,-63.932,-63.931,-63.931,-63.931,-63.931,-63.931,-63.931,-63.931,-63.931,-63.931,-63.931,-63.931,-63.931,-63.93,-63.93,-63.93,-63.93,-63.93,-63.93,-63.93,-63.93,-63.93,-63.93,-63.93,-63.93,-63.929,-63.929,-63.929,-63.929,-63.929,-63.929,-63.929,-63.929,-63.929,-63.929,-63.929,-63.929,-63.928,-63.928,-63.928,-63.928,-63.928,-63.928,-63.928,-63.928,-63.928,-63.928,-63.928,-63.928,-63.927,-63.927,-63.927,-63.927,-63.927,-63.927,-63.927,-63.927,-63.927,-63.927,-63.927,-63.927,-63.927,-63.926,-63.926,-63.926,-63.926,-63.926,-63.926,-63.926,-63.926,-63.926,-63.926,-63.926,-63.926,-63.925,-63.925,-63.925,-63.925,-63.925,-63.925,-63.925,-63.925,-63.925,-63.925,-63.925,-63.925,-63.924,-63.924,-63.924,-63.924,-63.924,-63.924,-63.924,-63.924,-63.924,-63.924,-63.924,-63.924,-63.923,-63.923,-63.923,-63.923,-63.923,-63.923,-63.923,-63.923,-63.923,-63.923,-63.923,-63.923,-63.923,-63.922,-63.922,-63.922,-63.922,-63.922,-63.922,-63.922,-63.922,-63.922,-63.922,-63.922,-63.922,-63.921,-63.921,-63.921,-63.921,-63.921,-63.921,-63.921,-63.921,-63.921,-63.921,-63.921,-63.921,-63.92,-63.92,-63.92,-63.92,-63.92,-63.92,-63.92,-63.92,-63.92,-63.92,-63.92,-63.92,-63.92,-63.919,-63.919,-63.919,-63.919,-63.919,-63.919,-63.919,-63.919,-63.919,-64.201,-64.374,-64.521,-64.654,-64.777,-64.893,-65.005,-65.112,-65.215,-65.316,-65.413,-65.508,-65.601,-65.692,-65.781,-65.867,-65.952,-66.036,-66.117,-66.197,-66.275,-66.352,-66.427,-66.501,-66.574,-66.645,-66.716,-66.784,-66.852,-66.919,-66.984,-67.049,-67.112,-67.174,-67.236,-67.296,-67.356,-67.414,-67.472,-67.529,-67.585,-67.64,-67.695,-67.748,-67.801,-67.853,-67.904,-67.955,-68.004,-68.054,-68.102,-68.15,-68.197,-68.243,-68.289,-68.334,-68.379,-68.423,-68.466,-68.509,-68.551,-68.592,-68.634,-68.674,-68.714,-68.753,-68.792,-68.831,-68.869,-68.906,-68.943,-68.98,-69.015,-69.051,-69.086,-69.121,-69.155,-69.189,-69.222,-69.255,-69.287,-69.32,-69.351,-69.383,-69.414,-69.444,-69.474,-69.504,-69.534,-69.563,-69.591,-69.62,-69.648,-69.676,-69.703,-69.73,-69.757,-69.783,-69.809,-69.835,-69.86,-69.886,-69.91,-69.935,-69.959,-69.983,-70.007,-70.03,-70.053,-70.076,-70.099,-70.121,-70.143,-70.165,-70.186,-70.208,-70.229,-70.25,-70.27,-70.29,-70.311,-70.33,-70.35,-70.369,-70.389,-70.408,-70.426,-70.445,-70.463,-70.481,-70.499,-70.517,-70.534,-70.551,-70.568,-70.585,-70.602,-70.618,-70.635,-70.651,-70.667,-70.682,-70.698,-70.713,-70.729,-70.744,-70.758,-70.773,-70.788,-70.802,-70.816,-70.83,-70.844,-70.858,-70.871,-70.885,-70.898,-70.911,-70.924,-70.937,-70.949,-70.962,-70.974,-70.986,-70.998,-71.01,-71.022,-71.034,-71.045,-71.057,-71.068,-71.079,-71.09,-71.101,-71.112,-71.122,-71.133,-71.143,-71.153,-71.163,-71.173,-71.183,-71.193,-71.203,-71.212,-71.222,-71.231,-71.24,-71.25,-71.259,-71.267,-71.276,-71.285,-71.294,-71.302,-71.31,-71.319,-71.327,-71.335,-71.343,-71.351,-71.359,-71.367,-71.374,-71.382,-71.389,-71.397,-71.404,-71.411,-71.418,-71.425,-71.432,-71.439,-71.446,-71.453,-71.459,-71.466,-71.472,-71.479,-71.485,-71.491,-71.497,-71.503,-71.509,-71.515,-71.521,-71.527,-71.533,-71.538,-71.544,-71.549,-71.555,-71.56,-71.566,-71.571,-71.576,-71.581,-71.586,-71.591,-71.596,-71.601,-71.606,-71.61,-71.615,-71.62,-71.624,-71.629,-71.633,-71.638,-71.642,-71.646,-71.65,-71.655,-71.659,-71.663,-71.667,-71.671,-71.675,-71.678,-71.682,-71.686,-71.69,-71.693,-71.697,-71.7,-71.704,-71.707,-71.711,-71.714,-71.718,-71.721,-71.724,-71.727,-71.73,-71.733,-71.737,-71.74,-71.743,-71.745,-71.748,-71.751,-71.754,-71.757,-71.76,-71.762,-71.765,-71.768,-71.77,-71.773,-71.775,-71.778,-71.78,-71.782,-71.785,-71.787,-71.789,-71.792,-71.794,-71.796,-71.798,-71.8,-71.803,-71.805,-71.807,-71.809,-71.811,-71.813,-71.815,-71.816,-71.818,-71.82,-71.822,-71.824,-71.825,-71.827,-71.829,-71.83,-71.832,-71.834,-71.835,-71.837,-71.838,-71.84,-71.841,-71.843,-71.844,-71.846,-71.847,-71.848,-71.85,-71.851,-71.852,-71.854,-71.855,-71.856,-71.857,-71.859,-71.86,-71.861,-71.862,-71.863,-71.864,-71.865,-71.866,-71.867,-71.868,-71.869,-71.87,-71.871,-71.872,-71.873,-71.874,-71.875,-71.876,-71.877,-71.877,-71.878,-71.879,-71.88,-71.88,-71.881,-71.882,-71.883,-71.883,-71.884,-71.885,-71.885,-71.886,-71.887,-71.887,-71.888,-71.888,-71.889,-71.889,-71.89,-71.891,-71.891,-71.892,-71.892,-71.893,-71.893,-71.893,-71.894,-71.894,-71.895,-71.895,-71.896,-71.896,-71.896,-71.897,-71.897,-71.897,-71.898,-71.898,-71.898,-71.899,-71.899,-71.899,-71.899,-71.9,-71.9,-71.9,-71.9,-71.901,-71.901,-71.901,-71.901,-71.901,-71.902,-71.902,-71.902,-71.902,-71.902,-71.902,-71.902,-71.903,-71.903,-71.903,-71.903,-71.903,-71.903,-71.903,-71.903,-71.903,-71.903,-71.903,-71.903,-71.903,-71.903,-71.903,-71.903,-71.903,-71.903,-71.903,-71.903,-71.903,-71.903,-71.903,-71.903,-71.903,-71.903,-71.903,-71.903,-71.903,-71.903,-71.903,-71.903,-71.903,-71.903,-71.903,-71.903,-71.903,-71.902,-71.902,-71.902,-71.902,-71.902,-71.902,-71.902,-71.902,-71.902,-71.901,-71.901,-71.901,-71.901,-71.901,-71.901,-71.901,-71.9,-71.9,-71.9,-71.9,-71.9,-71.9,-71.9,-71.899,-71.899,-71.899,-71.899,-71.899,-71.898,-71.898,-71.898,-71.898,-71.898,-71.898,-71.897,-71.897,-71.897,-71.897,-71.897,-71.896,-71.896,-71.896,-71.896,-71.895,-71.895,-71.895,-71.895,-71.895,-71.894,-71.894,-71.894,-71.894,-71.894,-71.893,-71.893,-71.893,-71.893,-71.892,-71.892,-71.892,-71.892,-71.891,-71.891,-71.891,-71.891,-71.89,-71.89,-71.89,-71.89,-71.89,-71.889,-71.889,-71.889,-71.889,-71.888,-71.888,-71.888,-71.888,-71.887,-71.887,-71.887,-71.887,-71.886,-71.886,-71.886,-71.886,-71.885,-71.885,-71.885,-71.885,-71.884,-71.884,-71.884,-71.884,-71.883,-71.883,-71.883,-71.883,-71.882,-71.882,-71.882,-71.882,-71.881,-71.881,-71.881,-71.881,-71.88,-71.88,-71.88,-71.88,-71.879,-71.879,-71.879,-71.879,-71.878,-71.878,-71.878,-71.878,-71.878,-71.877,-71.877,-71.877,-71.877,-71.876,-71.876,-71.876,-71.876,-71.875,-71.875,-71.875,-71.875,-71.874,-71.874,-71.874,-71.874,-71.874,-71.873,-71.873,-71.873,-71.873,-71.872,-71.872,-71.872,-71.872,-71.871,-71.871,-71.871,-71.871,-71.871,-71.87,-71.87,-71.87,-71.87,-71.869,-71.869,-71.869,-71.869,-71.869,-71.868,-71.868,-71.868,-71.868,-71.868,-71.867,-71.867,-71.867,-71.867,-71.867,-71.866,-71.866,-71.866,-71.866,-71.866,-71.865,-71.865,-71.865,-71.865,-71.865,-71.864,-71.864,-71.864,-71.864,-71.864,-71.863,-71.863,-71.863,-71.863,-71.863,-71.863,-71.862,-71.862,-71.862,-71.862,-71.862,-71.862,-71.861,-71.861,-71.861,-71.861,-71.861,-71.86,-71.86,-71.86,-71.86,-71.86,-71.86,-71.859,-71.859,-71.859,-71.859,-71.859,-71.859,-71.859,-71.858,-71.858,-71.858,-71.858,-71.858,-71.858,-71.858,-71.857,-71.857,-71.857,-71.857,-71.857,-71.857,-71.857,-71.856,-71.856,-71.856,-71.856,-71.856,-71.856,-71.856,-71.855,-71.855,-71.855,-71.855,-71.855,-71.855,-71.855,-71.855,-71.854,-71.854,-71.854,-71.854,-71.854,-71.854,-71.854,-71.854,-71.854,-71.853,-71.853,-71.853,-71.853,-71.853,-71.853,-71.853,-71.853,-71.853,-71.852,-71.852,-71.852,-71.852,-71.852,-71.852,-71.852,-71.852,-71.852,-71.852,-71.851,-71.851,-71.851,-71.851,-71.851,-71.851,-71.851,-71.851,-71.851,-71.851,-71.851,-71.851,-71.85,-71.85,-71.85,-71.85,-71.85,-71.85,-71.85,-71.85,-71.85,-71.85,-71.85,-71.85,-71.85,-71.85,-71.849,-71.849,-71.849,-71.849,-71.849,-71.849,-71.849,-71.849,-71.849,-71.849,-71.849,-71.849,-71.849,-71.849,-71.849,-71.849,-71.849,-71.849,-71.849,-71.848,-71.848,-71.848,-71.848,-71.848,-71.848,-71.848,-71.848,-71.848,-71.848,-71.848,-71.848,-71.848,-71.848,-71.848,-71.848,-71.848,-71.848,-71.848,-71.848,-71.848,-71.848,-71.848,-71.848,-71.848,-71.848,-71.848,-71.848,-71.848,-71.847,-71.847,-71.847,-71.847,-71.847,-71.847,-71.847,-71.847,-71.847,-71.847,-71.847,-71.847,-71.847,-71.847,-71.847,-71.847,-71.847,-71.847,-71.847,-71.847,-71.847,-71.847,-71.847,-71.847,-71.847,-71.847,-71.847,-71.847,-71.847,-71.847,-71.847,-71.847,-71.847,-71.847,-71.847,-71.847,-71.847,-71.847,-71.847,-71.847,-71.847,-71.847,-71.847,-71.847,-71.847,-71.847,-71.847,-71.847,-71.847,-71.847,-71.847,-71.847,-71.847,-71.847,-71.847,-71.847,-71.848,-71.848,-71.848,-71.848,-71.848,-71.848,-71.848,-71.848,-71.848,-71.848,-71.848,-71.848,-71.848,-71.848,-71.848,-71.848,-71.848,-71.848,-71.848,-71.848,-71.848,-71.848,-71.848,-71.848,-71.848,-71.848,-71.848,-71.848,-71.848,-71.848,-71.848,-71.848,-71.848,-71.848,-71.849,-71.849,-71.849,-71.849,-71.849,-71.849,-71.849,-71.849,-71.849,-71.849,-71.849,-71.849,-71.849,-71.849,-71.849,-71.849,-71.849,-71.849,-71.849,-71.849,-71.849,-71.849,-71.849,-71.85,-71.85,-71.85,-71.85,-71.85,-71.85,-71.85,-71.85,-71.85,-71.85,-71.85,-71.85,-71.85,-71.85,-71.85,-71.85,-71.85,-71.85,-71.851,-71.851,-71.851,-71.851,-71.851,-71.851,-71.851,-71.851,-71.851,-71.851,-71.851,-71.851,-71.851,-71.851,-71.851,-71.851,-71.852,-71.852,-71.852,-71.852,-71.852,-71.852,-71.852,-71.852,-71.852,-71.852,-71.852,-71.852,-71.852,-71.852,-71.852,-71.853,-71.853,-71.853,-71.853,-71.853,-71.853,-71.853,-71.853,-71.853,-71.853,-71.853,-71.853,-71.853,-71.853,-71.854,-71.854,-71.854,-71.854,-71.854,-71.854,-71.854,-71.854,-71.854,-71.854,-71.854,-71.854,-71.854,-71.855,-71.855,-71.855,-71.855,-71.855,-71.855,-71.855,-71.855,-71.855,-71.855,-71.855,-71.855,-71.855,-71.856,-71.856