1000.0078125,1000.0390625,1000.09375,1000.34375,1000.7265625,1001.2265625,1001.90625,1002.7265625,1003.5703125,1005.1484375,1005.7421875,1006.0625,1006.3125,1006.515625,1006.671875,1006.8125,1006.921875,1007.0078125,1007.0703125,1007.15625,1007.296875,1007.3359375,1007.375,1007.4140625,1007.46875,1007.6640625,1007.8828125,1008.109375,1008.2265625,1008.34375,1008.4140625,1008.4921875,1008.5859375,1008.703125,1008.765625,1008.8359375,1008.90625,1008.984375,1009.0546875,1009.125,1009.28125,1009.4609375,1009.671875,1010.125,1011.2578125,1011.9140625,1012.5859375,1013.265625,1013.9375,1014.640625,1015.359375,1016.7578125,1017.359375,1017.6796875,1017.9453125,1018.1640625,1018.3359375,1018.5234375,1018.6640625,1018.765625,1018.84375,1018.9453125,1019.1015625,1019.140625,1019.1796875,1019.21875,1019.265625,1019.6484375,1019.875,1019.9921875,1020.109375,1020.1796875,1020.2578125,1020.3515625,1020.46875,1020.53125,1020.6015625,1020.671875,1020.75,1020.8203125,1020.890625,1021.046875,1021.2265625,1021.4375,1021.8828125,1023.0234375,1023.6875,1024.359375,1025.046875,1025.7265625,1026.4296875,1027.1484375,1028.5546875,1029.15625,1029.4765625,1029.7421875,1029.953125,1030.125,1030.3125,1030.453125,1030.5625,1030.640625,1030.7421875,1030.890625,1030.9296875,1030.96875,1030.9921875,1031.015625,1031.0625,1031.4453125,1031.6640625,1031.7890625,1031.90625,1031.9765625,1032.0546875,1032.1484375,1032.2578125,1032.3828125,1032.453125,1032.53125,1032.59375,1032.6640625,1032.8203125,1032.9921875,1033.1953125,1033.640625,1034.7890625,1035.4609375,1036.1484375,1036.84375,1037.5390625,1038.25,1038.984375,1040.3984375,1041.0078125,1041.328125,1041.5859375,1041.796875,1041.96875,1042.15625,1042.296875,1042.3984375,1042.4765625,1042.578125,1042.734375,1042.7734375,1042.8125,1042.8515625,1042.8984375,1043.28125,1043.5,1043.625,1043.7421875,1043.8125,1043.890625,1043.984375,1044.09375,1044.15625,1044.21875,1044.2890625,1044.359375,1044.4296875,1044.5078125,1044.671875,1044.8671875,1045.1015625,1045.46875,1046.65625,1047.4140625,1048.2578125,1049.1328125,1050.2734375,1052.2734375,1052.890625,1053.203125,1053.4609375,1053.671875,1053.84375,1054.03125,1054.171875,1054.2734375,1054.3515625,1054.453125,1054.609375,1054.6484375,1054.6875,1054.7265625,1054.7734375,1055.15625,1055.375,1055.5,1055.609375,1055.6796875,1055.7578125,1055.8515625,1055.9609375,1056.0234375,1056.0859375,1056.15625,1056.2265625,1056.296875,1056.375,1056.5390625,1056.734375,1056.9609375,1057.3203125,1058.5078125,1059.265625,1060.1171875,1060.9921875,1062.1640625,1064.1875,1064.8046875,1065.1171875,1065.375,1065.578125,1065.75,1065.9375,1066.078125,1066.1796875,1066.2578125,1066.359375,1066.515625,1066.5546875,1066.59375,1066.6328125,1066.6796875,1067.0625,1067.28125,1067.40625,1067.515625,1067.5859375,1067.6640625,1067.7578125,1067.859375,1067.921875,1067.984375,1068.0546875,1068.125,1068.1953125,1068.265625,1068.4296875,1068.625,1068.8515625,1069.203125,1070.390625,1071.1484375,1072.0,1072.8828125,1074.0703125,1076.125,1076.75,1077.0546875,1077.3046875,1077.5078125,1077.6796875,1077.8671875,1078.0078125,1078.1171875,1078.1953125,1078.296875,1078.4453125,1078.484375,1078.5234375,1078.5625,1078.6171875,1078.9921875,1079.21875,1079.3359375,1079.4453125,1079.515625,1079.59375,1079.6875,1079.7890625,1079.90625,1079.9765625,1080.046875,1080.1171875,1080.1875,1080.3515625,1080.5390625,1080.765625,1081.1171875,1082.3046875,1083.0703125,1083.9296875,1084.8125,1086.0234375,1088.078125,1088.703125,1089.0078125,1089.2578125,1089.4609375,1089.6328125,1089.8203125,1089.9609375,1090.0703125,1090.1484375,1090.25,1090.3984375,1090.4375,1090.4765625,1090.5234375,1090.5703125,1090.9453125,1091.171875,1091.2890625,1091.3984375,1091.4609375,1091.5390625,1091.6328125,1091.734375,1091.8515625,1091.921875,1091.9921875,1092.0625,1092.1328125,1092.296875,1092.484375,1092.703125,1093.0546875,1094.2421875,1095.0078125,1095.875,1096.765625,1097.984375,1100.0625,1100.6875,1100.9921875,1101.2421875,1101.4453125,1101.609375,1101.796875,1101.9375,1102.046875,1102.125,1102.2265625,1102.375,1102.4140625,1102.453125,1102.4921875,1102.546875,1102.921875,1103.140625,1103.265625,1103.375,1103.4375,1103.515625,1103.6015625,1103.703125,1103.8203125,1103.890625,1103.9609375,1104.03125,1104.1015625,1104.2578125,1104.4453125,1104.6640625,1105.015625,1106.1953125,1106.96875,1107.8359375,1108.7265625,1109.9609375,1112.0546875,1112.6796875,1112.984375,1113.2265625,1113.4296875,1113.59375,1113.78125,1113.921875,1114.03125,1114.109375,1114.2109375,1114.359375,1114.3984375,1114.4375,1114.4609375,1114.484375,1114.53125,1114.90625,1115.1328125,1115.25,1115.359375,1115.421875,1115.5,1115.5859375,1115.6875,1115.8046875,1115.875,1115.9453125,1116.015625,1116.0859375,1116.2421875,1116.4296875,1116.6484375,1117.046875,1118.2890625,1118.9453125,1119.8125,1120.703125,1121.3203125,1121.953125,1124.0546875,1124.6875,1124.9921875,1125.234375,1125.4375,1125.6015625,1125.7890625,1125.9296875,1126.03125,1126.109375,1126.2109375,1126.3671875,1126.3984375,1126.4375,1126.4609375,1126.484375,1126.53125,1126.90625,1127.1328125,1127.25,1127.359375,1127.421875,1127.5,1127.5859375,1127.6875,1127.8046875,1127.8671875,1127.9375,1128.0078125,1128.078125,1128.234375,1128.4140625,1128.6328125,1128.9765625,1130.1640625,1130.9375,1131.8125,1132.7109375,1133.328125,1133.96875,1136.0703125,1136.6953125,1137.0,1137.2421875,1137.4453125,1137.609375,1137.796875,1137.9375,1138.046875,1138.125,1138.2265625,1138.375,1138.4140625,1138.453125,1138.4921875,1138.546875,1138.921875,1139.1484375,1139.265625,1139.375,1139.4375,1139.515625,1139.6015625,1139.703125,1139.8203125,1139.8828125,1139.953125,1140.015625,1140.0859375,1140.2421875,1140.421875,1140.640625,1141.0390625,1142.28125,1142.9375,1143.8046875,1144.703125,1145.328125,1145.9765625,1146.6796875,1148.09375,1148.7265625,1149.0234375,1149.265625,1149.46875,1149.6328125,1149.8203125,1149.9609375,1150.0703125,1150.1484375,1150.25,1150.3984375,1150.4375,1150.4765625,1150.515625,1150.5703125,1150.9453125,1151.1640625,1151.28125,1151.390625,1151.453125,1151.53125,1151.6171875,1151.71875,1151.8359375,1151.8984375,1151.96875,1152.03125,1152.1015625,1152.2578125,1152.4375,1152.65625,1153.0546875,1154.296875,1154.953125,1155.8203125,1156.71875,1157.3515625,1158.0,1158.703125,1160.125,1160.7578125,1161.0546875,1161.296875,1161.5,1161.6640625,1161.8515625,1161.9921875,1162.09375,1162.171875,1162.2734375,1162.4296875,1162.46875,1162.5078125,1162.546875,1162.59375,1162.9765625,1163.1953125,1163.3125,1163.421875,1163.484375,1163.5625,1163.6484375,1163.7421875,1163.859375,1163.921875,1163.9921875,1164.0546875,1164.125,1164.28125,1164.4609375,1164.6796875,1165.078125,1166.3125,1166.9765625,1167.8515625,1168.75,1169.3828125,1170.03125,1170.7421875,1172.1640625,1172.7890625,1173.0859375,1173.328125,1173.53125,1173.6953125,1173.8828125,1174.0234375,1174.1328125,1174.2109375,1174.3125,1174.4609375,1174.5,1174.5390625,1174.578125,1174.6328125,1175.0078125,1175.234375,1175.3515625,1175.4609375,1175.59375,1175.6796875,1175.7734375,1175.890625,1175.953125,1176.0234375,1176.0859375,1176.15625,1176.3125,1176.4921875,1176.7109375,1177.109375,1178.34375,1179.0078125,1179.8828125,1180.7890625,1181.421875,1182.0703125,1182.78125,1184.203125,1184.8359375,1185.1328125,1185.375,1185.5703125,1185.734375,1185.921875,1186.0625,1186.171875,1186.25,1186.3515625,1186.5078125,1186.5390625,1186.578125,1186.6015625,1186.625,1186.671875,1187.046875,1187.2734375,1187.390625,1187.5,1187.5625,1187.6328125,1187.71875,1187.8125,1187.9296875,1187.9921875,1188.0625,1188.125,1188.1953125,1188.3515625,1188.53125,1188.7421875,1189.140625,1190.3828125,1191.046875,1191.921875,1192.828125,1193.4609375,1194.1171875,1194.828125,1196.25,1196.8828125,1197.1796875,1197.421875,1197.6171875,1197.78125,1197.96875,1198.109375,1198.21875,1198.296875,1198.3984375,1198.546875,1198.5859375,1198.625,1198.6484375,1198.671875,1198.71875,1199.09375,1199.3203125,1199.4375,1199.546875,1199.609375,1199.6796875,1199.765625,1199.859375,1199.9765625,1200.0390625,1200.109375,1200.171875,1200.2421875,1200.3984375,1200.578125,1200.7890625,1201.1796875,1202.4140625,1203.078125,1203.953125,1204.859375,1205.5,1206.15625,1206.875,1208.3046875,1208.9375,1209.234375,1209.4765625,1209.671875,1209.8359375,1210.0234375,1210.1640625,1210.265625,1210.34375,1210.40625,1210.453125,1210.6015625,1210.640625,1210.6796875,1210.71875,1210.7734375,1211.1484375,1211.3671875,1211.484375,1211.59375,1211.65625,1211.7265625,1211.8125,1211.90625,1212.0234375,1212.0859375,1212.15625,1212.21875,1212.2890625,1212.4453125,1212.625,1212.8359375,1213.2265625,1214.46875,1215.1328125,1216.0078125,1216.9140625,1217.5546875,1218.2109375,1218.9296875,1220.359375,1220.9921875,1221.2890625,1221.53125,1221.7265625,1221.890625,1222.078125,1222.21875,1222.3203125,1222.3984375,1222.5,1222.65625,1222.6953125,1222.734375,1222.7734375,1222.8203125,1223.203125,1223.421875,1223.5390625,1223.6484375,1223.7109375,1223.78125,1223.8671875,1223.9609375,1224.015625,1224.078125,1224.140625,1224.2109375,1224.2734375,1224.34375,1224.4921875,1224.671875,1224.8828125,1225.28125,1226.515625,1227.1796875,1228.0546875,1228.9609375,1229.6015625,1230.265625,1230.984375,1232.4140625,1233.046875,1233.34375,1233.5859375,1233.78125,1233.9453125,1234.1328125,1234.2734375,1234.3828125,1234.4609375,1234.5625,1234.7109375,1234.75,1234.7890625,1234.828125,1234.8828125,1235.2578125,1235.4765625,1235.59375,1235.703125,1235.765625,1235.8359375,1235.921875,1236.015625,1236.0703125,1236.1328125,1236.1953125,1236.265625,1236.328125,1236.3984375,1236.546875,1236.7265625,1236.9375,1237.328125,1238.5703125,1239.234375,1240.109375,1241.015625,1241.6640625,1242.328125,1243.046875,1244.46875,1245.1015625,1245.3984375,1245.640625,1245.8359375,1246.0,1246.1875,1246.328125,1246.4375,1246.515625,1246.6171875,1246.765625,1246.8046875,1246.84375,1246.8671875,1246.890625,1246.9375,1247.3125,1247.5390625,1247.65625,1247.765625,1247.828125,1247.8984375,1247.984375,1248.078125,1248.1875,1248.25,1248.3203125,1248.3828125,1248.453125,1248.6015625,1248.78125,1248.9921875,1249.390625,1250.625,1251.2890625,1252.171875,1253.078125,1253.71875,1254.3828125,1255.1015625,1256.53125,1257.1640625,1257.4609375,1257.703125,1257.8984375,1258.0625,1258.25,1258.390625,1258.5,1258.578125,1258.6796875,1258.828125,1258.8671875,1258.90625,1258.9453125,1259.0,1259.375,1259.59375,1259.7109375,1259.8203125,1259.8828125,1259.953125,1260.0390625,1260.1328125,1260.1875,1260.25,1260.3125,1260.3828125,1260.4453125,1260.515625,1260.6640625,1260.84375,1261.0546875,1261.4453125,1262.6796875,1263.3515625,1264.2265625,1265.1328125,1265.78125,1266.4453125,1267.1640625,1268.59375,1269.2265625,1269.5234375,1269.765625,1269.9609375,1270.125,1270.3125,1270.453125,1270.5625,1270.640625,1270.7421875,1270.890625,1270.9296875,1270.96875,1271.0078125,1271.0625,1271.4375,1271.65625,1271.7734375,1271.8828125,1271.9453125,1272.015625,1272.1015625,1272.1953125,1272.25,1272.3125,1272.375,1272.4453125,1272.5078125,1272.578125,1272.7265625,1272.90625,1273.1171875,1273.5078125,1274.7421875,1275.40625,1276.28125,1277.1875,1277.8359375,1278.5,1279.2265625,1280.6640625,1281.296875,1281.5859375,1281.828125,1282.0234375,1282.1875,1282.375,1282.515625,1282.625,1282.703125,1282.8046875,1282.953125,1282.9921875,1283.03125,1283.0546875,1283.078125,1283.125,1283.5,1283.7265625,1283.84375,1283.953125,1284.015625,1284.0859375,1284.171875,1284.265625,1284.375,1284.4375,1284.5078125,1284.5703125,1284.640625,1284.7890625,1284.96875,1285.1796875,1285.5703125,1286.8046875,1287.46875,1288.3515625,1289.2578125,1289.90625,1290.5703125,1291.2890625,1292.7265625,1293.359375,1293.65625,1293.8984375,1294.09375,1294.2578125,1294.4453125,1294.5859375,1294.6875,1294.765625,1294.8671875,1295.0234375,1295.0625,1295.1015625,1295.140625,1295.1953125,1295.5703125,1295.7890625,1295.90625,1296.015625,1296.078125,1296.1484375,1296.234375,1296.328125,1296.4375,1296.5,1296.5703125,1296.6328125,1296.703125,1296.8515625,1297.03125,1297.2421875,1297.6328125,1298.8671875,1299.5390625,1300.421875,1301.328125,1301.9765625,1302.640625,1303.359375,1304.7890625,1305.421875,1305.71875,1305.9609375,1306.15625,1306.3203125,1306.5078125,1306.6484375,1306.7578125,1306.8359375,1306.9375,1307.0859375,1307.125,1307.1640625,1307.203125,1307.2578125,1307.6328125,1307.8515625,1307.96875,1308.078125,1308.140625,1308.2109375,1308.296875,1308.390625,1308.4453125,1308.5078125,1308.5703125,1308.640625,1308.703125,1308.7734375,1308.921875,1309.1015625,1309.3125,1309.703125,1310.9296875,1311.6015625,1312.4765625,1313.3828125,1314.03125,1314.703125,1315.421875,1316.859375,1317.4921875,1317.7890625,1318.03125,1318.2265625,1318.390625,1318.578125,1318.71875,1318.828125,1318.90625,1319.0078125,1319.15625,1319.1953125,1319.234375,1319.2734375,1319.328125,1319.703125,1319.921875,1320.0390625,1320.1484375,1320.2109375,1320.28125,1320.3671875,1320.4609375,1320.5703125,1320.6328125,1320.703125,1320.765625,1320.8359375,1320.984375,1321.1640625,1321.375,1321.765625,1323.0,1323.6640625,1324.546875,1325.453125,1326.1015625,1326.7734375,1327.4921875,1328.9296875,1329.5625,1329.859375,1330.1015625,1330.296875,1330.4609375,1330.6484375,1330.7890625,1330.890625,1330.96875,1331.0703125,1331.2265625,1331.2578125,1331.296875,1331.3203125,1331.34375,1331.390625,1331.765625,1331.9921875,1332.109375,1332.21875,1332.28125,1332.3515625,1332.4375,1332.53125,1332.640625,1332.703125,1332.7734375,1332.8359375,1332.90625,1333.0546875,1333.234375,1333.4453125,1333.8359375,1335.0625,1335.734375,1336.6171875,1337.5234375,1338.171875,1338.8359375,1339.5625,1341.0,1341.6328125,1341.921875,1342.1640625,1342.359375,1342.5234375,1342.7109375,1342.8515625,1342.9609375,1343.0390625,1343.140625,1343.2890625,1343.328125,1343.3671875,1343.390625,1343.4140625,1343.4609375,1343.8359375,1344.0625,1344.1796875,1344.2890625,1344.3515625,1344.421875,1344.5078125,1344.6015625,1344.7109375,1344.7734375,1344.84375,1344.90625,1344.9765625,1345.125,1345.3046875,1345.515625,1345.90625,1347.125,1347.796875,1348.6796875,1349.5859375,1350.234375,1350.90625,1351.6328125,1353.0703125,1353.703125,1353.9921875,1354.234375,1354.4296875,1354.59375,1354.78125,1354.921875,1355.03125,1355.109375,1355.2109375,1355.359375,1355.3984375,1355.4375,1355.484375,1355.53125,1355.90625,1356.125,1356.2421875,1356.3515625,1356.4140625,1356.484375,1356.5703125,1356.6640625,1356.71875,1356.78125,1356.84375,1356.9140625,1356.9765625,1357.046875,1357.1953125,1357.3671875,1357.578125,1357.96875,1359.203125,1359.8671875,1360.7421875,1361.6484375,1362.3046875,1362.9765625,1363.703125,1365.140625,1365.7734375,1366.0625,1366.3046875,1366.5,1366.6640625,1366.8515625,1366.9921875,1367.1015625,1367.1796875,1367.28125,1367.4296875,1367.46875,1367.5078125,1367.5546875,1367.6015625,1367.9765625,1368.1953125,1368.3125,1368.421875,1368.484375,1368.5546875,1368.640625,1368.734375,1368.7890625,1368.8515625,1368.9140625,1368.984375,1369.046875,1369.1171875,1369.265625,1369.4375,1369.6484375,1370.0390625,1371.2734375,1371.9375,1372.8125,1373.71875,1374.375,1375.046875,1375.7734375,1377.2109375,1377.84375,1378.1328125,1378.375,1378.5703125,1378.734375,1378.921875,1379.0625,1379.171875,1379.25,1379.3515625,1379.5,1379.5390625,1379.578125,1379.625,1379.671875,1380.046875,1380.265625,1380.3828125,1380.4921875,1380.5546875,1380.625,1380.7109375,1380.8046875,1380.859375,1380.921875,1380.984375,1381.0546875,1381.1171875,1381.1875,1381.3359375,1381.5078125,1381.71875,1382.109375,1383.3359375,1384.0078125,1384.8828125,1385.7890625,1386.4453125,1387.1171875,1387.84375,1389.28125,1389.9140625,1390.203125,1390.4453125,1390.640625,1390.8046875,1390.9921875,1391.1328125,1391.2421875,1391.3203125,1391.421875,1391.5703125,1391.609375,1391.6484375,1391.6953125,1391.7421875,1392.1171875,1392.3359375,1392.453125,1392.5625,1392.625,1392.6953125,1392.78125,1392.875,1392.9296875,1392.9921875,1393.0546875,1393.125,1393.1875,1393.2578125,1393.40625,1393.578125,1393.7890625,1394.1796875,1395.40625,1396.078125,1396.953125,1397.859375,1398.515625,1399.1875,1399.9140625,1401.3515625,1401.984375,1402.2734375,1402.515625,1402.7109375,1402.875,1403.0625,1403.203125,1403.3125,1403.390625,1403.4921875,1403.640625,1403.6796875,1403.71875,1403.7421875,1403.765625,1403.8125,1404.1875,1404.4140625,1404.53125,1404.640625,1404.703125,1404.7734375,1404.859375,1404.953125,1405.0625,1405.125,1405.1953125,1405.2578125,1405.328125,1405.4765625,1405.6484375,1405.859375,1406.25,1407.484375,1408.1484375,1409.0234375,1409.9296875,1410.5859375,1411.2578125,1411.984375,1413.421875,1414.0546875,1414.3515625,1414.59375,1414.7890625,1414.953125,1415.140625,1415.28125,1415.3828125,1415.4609375,1415.5625,1415.71875,1415.75,1415.7890625,1415.8125,1415.8359375,1415.8828125,1416.2578125,1416.484375,1416.6015625,1416.7109375,1416.7734375,1416.84375,1416.9296875,1417.0234375,1417.1328125,1417.1953125,1417.265625,1417.328125,1417.3984375,1417.546875,1417.71875,1417.9296875,1418.3203125,1419.5546875,1420.21875,1421.1015625,1422.0078125,1422.65625,1423.328125,1424.0546875,1425.4921875,1426.125,1426.421875,1426.6640625,1426.859375,1427.0234375,1427.2109375,1427.3515625,1427.453125,1427.53125,1427.6328125,1427.7890625,1427.828125,1427.8671875,1427.90625,1427.953125,1428.3359375,1428.5546875,1428.671875,1428.78125,1428.84375,1428.9140625,1429.0,1429.09375,1429.203125,1429.265625,1429.3359375,1429.3984375,1429.46875,1429.6171875,1429.7890625,1430.0,1430.390625,1431.625,1432.2890625,1433.171875,1434.078125,1434.7265625,1435.3984375,1436.125,1437.5703125,1438.203125,1438.4921875,1438.734375,1438.9296875,1439.09375,1439.28125,1439.421875,1439.53125,1439.609375,1439.7109375,1439.859375,1439.8984375,1439.9375,1439.9765625,1440.03125,1440.40625,1440.625,1440.7421875,1440.8515625,1440.9140625,1440.984375,1441.0703125,1441.1640625,1441.2734375,1441.3359375,1441.40625,1441.46875,1441.5390625,1441.6875,1441.859375,1442.0703125,1442.4609375,1443.6953125,1444.359375,1445.2421875,1446.1484375,1446.796875,1447.46875,1448.1953125,1449.640625,1450.2734375,1450.5625,1450.8046875,1451.0,1451.1640625,1451.3515625,1451.4921875,1451.6015625,1451.6796875,1451.78125,1451.9296875,1451.96875,1452.0078125,1452.046875,1452.1015625,1452.4765625,1452.6953125,1452.8125,1452.921875,1452.984375,1453.0546875,1453.140625,1453.234375,1453.34375,1453.40625,1453.4765625,1453.5390625,1453.609375,1453.7578125,1453.9375,1454.1484375,1454.5390625,1455.765625,1456.4375,1457.3203125,1458.2265625,1458.875,1459.546875,1460.2734375,1461.7109375,1462.34375,1462.6328125,1462.875,1463.0703125,1463.234375,1463.421875,1463.5625,1463.671875,1463.75,1463.8515625,1464.0,1464.0390625,1464.078125,1464.125,1464.171875,1464.546875,1464.765625,1464.8828125,1464.9921875,1465.0546875,1465.125,1465.2109375,1465.3046875,1465.4140625,1465.4765625,1465.546875,1465.609375,1465.6796875,1465.828125,1466.0078125,1466.21875,1466.609375,1467.8359375,1468.5078125,1469.390625,1470.3046875,1470.953125,1471.625,1472.34375,1473.78125,1474.4140625,1474.703125,1474.9453125,1475.140625,1475.3046875,1475.4921875,1475.6328125,1475.7421875,1475.8203125,1475.921875,1476.078125,1476.109375,1476.1484375,1476.171875,1476.1953125,1476.2421875,1476.6171875,1476.84375,1476.9609375,1477.0703125,1477.1328125,1477.203125,1477.2890625,1477.3828125,1477.4921875,1477.5546875,1477.625,1477.6875,1477.7578125,1477.90625,1478.078125,1478.2890625,1478.6796875,1479.90625,1480.578125,1481.453125,1482.359375,1483.015625,1483.6875,1484.4140625,1485.859375,1486.4921875,1486.78125,1487.0234375,1487.21875,1487.3828125,1487.5703125,1487.7109375,1487.8125,1487.890625,1487.953125,1488.0,1488.1484375,1488.1875,1488.2265625,1488.265625,1488.3203125,1488.6953125,1488.9140625,1489.03125,1489.140625,1489.203125,1489.2734375,1489.359375,1489.453125,1489.5625,1489.625,1489.6953125,1489.7578125,1489.828125,1489.9765625,1490.1484375,1490.359375,1490.75,1491.984375,1492.6484375,1493.53125,1494.4375,1495.0859375,1495.7578125,1496.484375,1497.9296875,1498.5625,1498.8515625,1499.09375,1499.2890625,1499.453125,1499.640625,1499.78125,1499.890625,1499.96875,1500.0703125,1500.21875,1500.2578125,1500.296875,1500.3359375,1500.390625,1500.765625,1500.984375,1501.1015625,1501.2109375,1501.2734375,1501.34375,1501.4296875,1501.5234375,1501.6328125,1501.6953125,1501.765625,1501.828125,1501.8984375,1502.046875,1502.21875,1502.4296875,1502.8203125,1504.0546875,1504.7265625,1505.609375,1506.515625,1507.1640625,1507.8359375,1508.5625,1510.0,1510.6328125,1510.921875,1511.1640625,1511.359375,1511.5234375,1511.7109375,1511.8515625,1511.9609375,1512.0390625,1512.140625,1512.2890625,1512.328125,1512.3671875,1512.4140625,1512.4609375,1512.8359375,1513.0546875,1513.171875,1513.28125,1513.34375,1513.4140625,1513.5,1513.59375,1513.703125,1513.765625,1513.8359375,1513.8984375,1513.96875,1514.1171875,1514.296875,1514.5078125,1514.8984375,1516.125,1516.796875,1517.6796875,1518.5859375,1519.234375,1519.90625,1520.6328125,1522.0703125,1522.703125,1523.0,1523.2421875,1523.4375,1523.6015625,1523.7890625,1523.9296875,1524.03125,1524.109375,1524.2109375,1524.3671875,1524.3984375,1524.4375,1524.4609375,1524.484375,1524.53125,1524.90625,1525.1328125,1525.25,1525.359375,1525.421875,1525.4921875,1525.578125,1525.671875,1525.78125,1525.84375,1525.9140625,1525.9765625,1526.046875,1526.1953125,1526.3671875,1526.578125,1526.96875,1528.1953125,1528.8671875,1529.7421875,1530.6484375,1531.3046875,1531.9765625,1532.703125,1534.1484375,1534.78125,1535.0703125,1535.3125,1535.5078125,1535.671875,1535.859375,1536.0,1536.109375,1536.1875,1536.2890625,1536.4375,1536.4765625,1536.515625,1536.5546875,1536.609375,1536.984375,1537.203125,1537.3203125,1537.4296875,1537.4921875,1537.5625,1537.6484375,1537.7421875,1537.8515625,1537.9140625,1537.984375,1538.046875,1538.1171875,1538.265625,1538.4375,1538.6484375,1539.0390625,1540.2734375,1540.9375,1541.8203125,1542.7265625,1543.375,1544.046875,1544.7734375,1546.21875,1546.8515625,1547.140625,1547.3828125,1547.578125,1547.7421875,1547.9296875,1548.0703125,1548.1796875,1548.2578125,1548.359375,1548.5078125,1548.546875,1548.5859375,1548.625,1548.6796875,1549.0546875,1549.2734375,1549.390625,1549.5,1549.5625,1549.6328125,1549.71875,1549.8125,1549.921875,1549.984375,1550.0546875,1550.1171875,1550.1875,1550.3359375,1550.515625,1550.7265625,1551.1171875,1552.34375,1553.015625,1553.8984375,1554.8046875,1555.453125,1556.125,1556.8515625,1558.2890625,1558.921875,1559.2109375,1559.453125,1559.6484375,1559.8125,1560.0,1560.140625,1560.25,1560.328125,1560.4296875,1560.578125,1560.6171875,1560.65625,1560.6796875,1560.703125,1560.75,1561.125,1561.34375,1561.4609375,1561.5703125,1561.6328125,1561.703125,1561.7890625,1561.8828125,1561.9921875,1562.0546875,1562.125,1562.1875,1562.2578125,1562.40625,1562.5859375,1562.796875,1563.1875,1564.4140625,1565.0859375,1565.96875,1566.8828125,1567.53125,1568.203125,1568.921875,1570.359375,1570.9921875,1571.2890625,1571.53125,1571.7265625,1571.890625,1572.078125,1572.21875,1572.3203125,1572.3984375,1572.5,1572.65625,1572.6953125,1572.734375,1572.7734375,1572.8203125,1573.203125,1573.421875,1573.5390625,1573.6484375,1573.7109375,1573.78125,1573.8671875,1573.9609375,1574.0703125,1574.1328125,1574.203125,1574.265625,1574.3359375,1574.484375,1574.65625,1574.8671875,1575.2578125,1576.4921875,1577.15625,1578.0390625,1578.9453125,1579.59375,1580.265625,1580.9921875,1582.4375,1583.0703125,1583.359375,1583.6015625,1583.796875,1583.9609375,1584.1484375,1584.2890625,1584.3984375,1584.4765625,1584.578125,1584.7265625,1584.765625,1584.8046875,1584.84375,1584.8984375,1585.2734375,1585.4921875,1585.609375,1585.71875,1585.78125,1585.8515625,1585.9375,1586.03125,1586.140625,1586.203125,1586.2734375,1586.3359375,1586.40625,1586.5546875,1586.7265625,1586.9375,1587.328125,1588.5625,1589.234375,1590.1171875,1591.0234375,1591.671875,1592.34375,1593.0703125,1594.5078125,1595.140625,1595.4296875,1595.671875,1595.8671875,1596.03125,1596.21875,1596.359375,1596.46875,1596.546875,1596.6484375,1596.796875,1596.8359375,1596.875,1596.921875,1596.96875,1597.34375,1597.5625,1597.6796875,1597.7890625,1597.8515625,1597.921875,1598.0078125,1598.1015625,1598.2109375,1598.2734375,1598.34375,1598.40625,1598.4765625,1598.625,1598.8046875,1599.015625,1599.40625,1600.6328125,1601.3046875,1602.1875,1603.09375,1603.7421875,1604.4140625,1605.140625,1606.578125,1607.2109375,1607.5078125,1607.75,1607.9453125,1608.109375,1608.296875,1608.4375,1608.5390625,1608.6171875,1608.71875,1608.875,1608.9140625,1608.953125,1608.9921875,1609.0390625,1609.421875,1609.640625,1609.7578125,1609.8671875,1609.9296875,1610.0,1610.0859375,1610.1796875,1610.2890625,1610.3515625,1610.421875,1610.484375,1610.5546875,1610.703125,1610.875,1611.0859375,1611.4765625,1612.703125,1613.375,1614.2578125,1615.1640625,1615.8125,1616.484375,1617.2109375,1618.65625,1619.2890625,1619.578125,1619.8203125,1620.015625,1620.1796875,1620.3671875,1620.5078125,1620.6171875,1620.6953125,1620.796875,1620.9453125,1620.984375,1621.0234375,1621.0625,1621.1171875,1621.4921875,1621.7109375,1621.828125,1621.9375,1622.0,1622.0703125,1622.15625,1622.25,1622.359375,1622.421875,1622.4921875,1622.5546875,1622.625,1622.7734375,1622.9453125,1623.15625,1623.546875,1624.78125,1625.4453125,1626.328125,1627.234375,1627.890625,1628.5625,1629.2890625,1630.7265625,1631.359375,1631.6484375,1631.890625,1632.0859375,1632.25,1632.4375,1632.578125,1632.6875,1632.765625,1632.8671875,1633.015625,1633.0546875,1633.09375,1633.140625,1633.1875,1633.5625,1633.78125,1633.8984375,1634.0078125,1634.0703125,1634.140625,1634.2265625,1634.3203125,1634.4296875,1634.4921875,1634.5625,1634.625,1634.6953125,1634.84375,1635.0234375,1635.234375,1635.625,1636.8515625,1637.5234375,1638.40625,1639.3125,1639.9609375,1640.6328125,1641.359375,1642.796875,1643.4296875,1643.7265625,1643.96875,1644.1640625,1644.328125,1644.515625,1644.65625,1644.7578125,1644.8359375,1644.9375,1645.09375,1645.125,1645.1640625,1645.1875,1645.2109375,1645.2578125,1645.6328125,1645.859375,1645.9765625,1646.0859375,1646.1484375,1646.21875,1646.3046875,1646.3984375,1646.5078125,1646.5703125,1646.640625,1646.703125,1646.7734375,1646.921875,1647.09375,1647.3046875,1647.6953125,1648.921875,1649.59375,1650.46875,1651.375,1652.03125,1652.703125,1653.4296875,1654.875,1655.5078125,1655.796875,1656.0390625,1656.234375,1656.3984375,1656.5859375,1656.7265625,1656.8359375,1656.9140625,1657.015625,1657.1640625,1657.203125,1657.2421875,1657.28125,1657.3359375,1657.7109375,1657.9296875,1658.046875,1658.15625,1658.21875,1658.2890625,1658.375,1658.46875,1658.578125,1658.640625,1658.7109375,1658.7734375,1658.84375,1658.9921875,1659.1640625,1659.375,1659.765625,1661.0,1661.6640625,1662.546875,1663.453125,1664.109375,1664.78125,1665.5078125,1666.9453125,1667.578125,1667.8671875,1668.109375,1668.3046875,1668.46875,1668.65625,1668.796875,1668.90625,1668.984375,1669.0859375,1669.234375,1669.2734375,1669.3125,1669.3515625,1669.40625,1669.78125,1670.0,1670.1171875,1670.2265625,1670.2890625,1670.359375,1670.4453125,1670.5390625,1670.6484375,1670.7109375,1670.78125,1670.84375,1670.9140625,1671.0625,1671.2421875,1671.453125,1671.84375,1673.0703125,1673.7421875,1674.625,1675.53125,1676.1796875,1676.8515625,1677.578125,1679.015625,1679.6484375,1679.9453125,1680.1875,1680.3828125,1680.546875,1680.734375,1680.875,1680.9765625,1681.0546875,1681.15625,1681.3125,1681.34375,1681.3828125,1681.40625,1681.4296875,1681.4765625,1681.8515625,1682.078125,1682.1953125,1682.3046875,1682.3671875,1682.4375,1682.5234375,1682.6171875,1682.7265625,1682.7890625,1682.859375,1682.921875,1682.9921875,1683.140625,1683.3125,1683.5234375,1683.9140625,1685.140625,1685.8125,1686.6875,1687.59375,1688.25,1688.921875,1689.6484375,1691.09375,1691.7265625,1692.015625,1692.2578125,1692.453125,1692.6171875,1692.8046875,1692.9453125,1693.0546875,1693.1328125,1693.234375,1693.3828125,1693.421875,1693.4609375,1693.5,1693.5546875,1693.9296875,1694.1484375,1694.265625,1694.375,1694.4375,1694.5078125,1694.59375,1694.6875,1694.796875,1694.859375,1694.9296875,1694.9921875,1695.0625,1695.2109375,1695.3828125,1695.59375,1695.984375,1697.21875,1697.8828125,1698.765625,1699.671875,1700.328125,1701.0,1701.7265625,1703.1640625,1703.796875,1704.0859375,1704.328125,1704.5234375,1704.6875,1704.875,1705.015625,1705.125,1705.203125,1705.3046875,1705.453125,1705.4921875,1705.53125,1705.5703125,1705.625,1706.0,1706.21875,1706.3359375,1706.4453125,1706.5078125,1706.578125,1706.6640625,1706.7578125,1706.8671875,1706.9296875,1707.0,1707.0625,1707.1328125,1707.28125,1707.453125,1707.6640625,1708.0546875,1709.2890625,1709.9609375,1710.84375,1711.75,1712.3984375,1713.0703125,1713.796875,1715.234375,1715.8671875,1716.15625,1716.3984375,1716.59375,1716.7578125,1716.9453125,1717.0859375,1717.1953125,1717.2734375,1717.375,1717.53125,1717.5625,1717.6015625,1717.625,1717.6484375,1717.6953125,1718.0703125,1718.296875,1718.4140625,1718.5234375,1718.5859375,1718.65625,1718.7421875,1718.8359375,1718.9453125,1719.0078125,1719.0703125,1719.1328125,1719.203125,1719.3515625,1719.53125,1719.7421875,1720.1328125,1721.359375,1722.03125,1722.9140625,1723.828125,1724.4765625,1725.1484375,1725.8671875,1727.3046875,1727.9375,1728.234375,1728.4765625,1728.671875,1728.8359375,1729.0234375,1729.1640625,1729.2734375,1729.3515625,1729.453125,1729.6015625,1729.640625,1729.6796875,1729.71875,1729.7734375,1730.1484375,1730.3671875,1730.484375,1730.59375,1730.65625,1730.7265625,1730.8125,1730.90625,1731.015625,1731.078125,1731.1484375,1731.2109375,1731.28125,1731.4296875,1731.6015625,1731.8125,1732.203125,1733.4375,1734.1015625,1734.984375,1735.890625,1736.5390625,1737.2109375,1737.9375,1739.3828125,1740.015625,1740.3046875,1740.546875,1740.7421875,1740.90625,1741.09375,1741.234375,1741.34375,1741.421875,1741.5234375,1741.671875,1741.7109375,1741.75,1741.7890625,1741.84375,1742.21875,1742.4375,1742.5546875,1742.6640625,1742.7265625,1742.796875,1742.8828125,1742.9765625,1743.0859375,1743.1484375,1743.21875,1743.28125,1743.3515625,1743.5,1743.671875,1743.8828125,1744.2734375,1745.5078125,1746.1796875,1747.0625,1747.96875,1748.6171875,1749.2890625,1750.015625,1751.453125,1752.0859375,1752.375,1752.6171875,1752.8125,1752.9765625,1753.1640625,1753.3046875,1753.4140625,1753.4921875,1753.59375,1753.7421875,1753.78125,1753.8203125,1753.84375,1753.8671875,1753.9140625,1754.2890625,1754.515625,1754.6328125,1754.7421875,1754.8046875,1754.875,1754.9609375,1755.0546875,1755.1640625,1755.2265625,1755.2890625,1755.3515625,1755.421875,1755.5703125,1755.75,1755.9609375,1756.3515625,1757.578125,1758.25,1759.1328125,1760.046875,1760.6953125,1761.3671875,1762.0859375,1763.5234375,1764.15625,1764.453125,1764.6953125,1764.890625,1765.0546875,1765.2421875,1765.3828125,1765.484375,1765.5625,1765.625,1765.671875,1765.8203125,1765.859375,1765.8984375,1765.9375,1765.9921875,1766.3671875,1766.5859375,1766.703125,1766.8125,1766.875,1766.9453125,1767.03125,1767.125,1767.234375,1767.296875,1767.3671875,1767.4296875,1767.5,1767.6484375,1767.8203125,1768.03125,1768.421875,1769.65625,1770.3203125,1771.203125,1772.109375,1772.7578125,1773.4296875,1774.15625,1775.6015625,1776.234375,1776.5234375,1776.765625,1776.9609375,1777.125,1777.3125,1777.453125,1777.5625,1777.640625,1777.7421875,1777.890625,1777.9296875,1777.96875,1778.0078125,1778.0625,1778.4375,1778.65625,1778.7734375,1778.8828125,1778.9453125,1779.015625,1779.1015625,1779.1953125,1779.3046875,1779.3671875,1779.4375,1779.5,1779.5703125,1779.71875,1779.890625,1780.1015625,1780.4921875,1781.7265625,1782.3984375,1783.28125,1784.1875,1784.8359375,1785.5078125,1786.234375,1787.671875,1788.3046875,1788.59375,1788.8359375,1789.03125,1789.1953125,1789.3828125,1789.5234375,1789.6328125,1789.7109375,1789.8125,1789.9609375,1790.0,1790.0390625,1790.0625,1790.0859375,1790.1328125,1790.5078125,1790.7265625,1790.84375,1790.953125,1791.015625,1791.0859375,1791.171875,1791.265625,1791.375,1791.4375,1791.5078125,1791.5703125,1791.640625,1791.7890625,1791.96875,1792.1796875,1792.5703125,1793.796875,1794.46875,1795.3515625,1796.265625,1796.9140625,1797.5859375,1798.3046875,1799.7421875,1800.375,1800.671875,1800.9140625,1801.109375,1801.2734375,1801.4609375,1801.6015625,1801.703125,1801.78125,1801.8828125,1802.0390625,1802.078125,1802.1171875,1802.15625,1802.2109375,1802.5859375,1802.8046875,1802.921875,1803.03125,1803.09375,1803.1640625,1803.25,1803.34375,1803.453125,1803.515625,1803.5859375,1803.6484375,1803.71875,1803.8671875,1804.0390625,1804.25,1804.640625,1805.875,1806.5390625,1807.421875,1808.328125,1808.9765625,1809.6484375,1810.375,1811.8203125,1812.453125,1812.7421875,1812.984375,1813.1796875,1813.34375,1813.53125,1813.671875,1813.78125,1813.859375,1813.9609375,1814.109375,1814.1484375,1814.1875,1814.2265625,1814.28125,1814.65625,1814.875,1814.9921875,1815.1015625,1815.1640625,1815.234375,1815.3203125,1815.4140625,1815.5234375,1815.5859375,1815.65625,1815.71875,1815.7890625,1815.9375,1816.109375,1816.3203125,1816.7109375,1817.9453125,1818.6171875,1819.5,1820.40625,1821.0546875,1821.7265625,1822.453125,1823.890625,1824.5234375,1824.8125,1825.0546875,1825.25,1825.4140625,1825.6015625,1825.7421875,1825.8515625,1825.9296875,1826.03125,1826.1796875,1826.21875,1826.2578125,1826.28125,1826.3046875,1826.3515625,1826.7265625,1826.9453125,1827.0625,1827.171875,1827.234375,1827.3046875,1827.390625,1827.484375,1827.59375,1827.65625,1827.7265625,1827.7890625,1827.859375,1828.0078125,1828.1875,1828.3984375,1828.7890625,1830.015625,1830.6875,1831.5703125,1832.484375,1833.1328125,1833.8046875,1834.5234375,1835.9609375,1836.59375,1836.890625,1837.1328125,1837.328125,1837.4921875,1837.6796875,1837.8203125,1837.921875,1838.0,1838.1015625,1838.2578125,1838.296875,1838.3359375,1838.375,1838.421875,1838.8046875,1839.0234375,1839.140625,1839.25,1839.3125,1839.3828125,1839.46875,1839.5625,1839.671875,1839.734375,1839.8046875,1839.8671875,1839.9375,1840.0859375,1840.2578125,1840.46875,1840.859375,1842.0859375,1842.7578125,1843.640625,1844.546875,1845.1953125,1845.8671875,1846.59375,1848.0390625,1848.671875,1848.9609375,1849.203125,1849.3984375,1849.5625,1849.75,1849.890625,1850.0,1850.078125,1850.1796875,1850.328125,1850.3671875,1850.40625,1850.4453125,1850.5,1850.875,1851.09375,1851.2109375,1851.3203125,1851.3828125,1851.453125,1851.5390625,1851.6328125,1851.7421875,1851.8046875,1851.875,1851.9375,1852.0078125,1852.15625,1852.328125,1852.5390625,1852.9296875,1854.1640625,1854.8359375,1855.71875,1856.625,1857.2734375,1857.9453125,1858.671875,1860.109375,1860.7421875,1861.03125,1861.2734375,1861.46875,1861.6328125,1861.8203125,1861.9609375,1862.0703125,1862.1484375,1862.25,1862.3984375,1862.4375,1862.4765625,1862.5234375,1862.5703125,1862.9453125,1863.1640625,1863.28125,1863.390625,1863.453125,1863.5234375,1863.609375,1863.703125,1863.8125,1863.875,1863.9453125,1864.0078125,1864.078125,1864.2265625,1864.40625,1864.6171875,1865.0078125,1866.234375,1866.90625,1867.7890625,1868.703125,1869.3515625,1870.0234375,1870.7421875,1872.1796875,1872.8125,1873.109375,1873.3515625,1873.546875,1873.7109375,1873.8984375,1874.0390625,1874.140625,1874.21875,1874.3203125,1874.4765625,1874.515625,1874.5546875,1874.59375,1874.640625,1875.0234375,1875.2421875,1875.359375,1875.46875,1875.53125,1875.6015625,1875.6875,1875.78125,1875.890625,1875.953125,1876.0234375,1876.0859375,1876.15625,1876.3046875,1876.4765625,1876.6875,1877.078125,1878.3046875,1878.9765625,1879.859375,1880.765625,1881.4140625,1882.0859375,1882.8125,1884.2578125,1884.890625,1885.1796875,1885.421875,1885.6171875,1885.78125,1885.96875,1886.109375,1886.21875,1886.296875,1886.3984375,1886.546875,1886.5859375,1886.625,1886.6640625,1886.71875,1887.09375,1887.3125,1887.4296875,1887.5390625,1887.6015625,1887.671875,1887.7578125,1887.8515625,1887.9609375,1888.0234375,1888.09375,1888.15625,1888.2265625,1888.375,1888.546875,1888.7578125,1889.1484375,1890.3828125,1891.0546875,1891.9375,1892.84375,1893.4921875,1894.1640625,1894.890625,1896.328125,1896.9609375,1897.25,1897.4921875,1897.6875,1897.8515625,1898.0390625,1898.1796875,1898.2890625,1898.3671875,1898.46875,1898.6171875,1898.65625,1898.6953125,1898.7421875,1898.7890625,1899.1640625,1899.3828125,1899.5,1899.609375,1899.671875,1899.7421875,1899.828125,1899.921875,1900.03125,1900.09375,1900.1640625,1900.2265625,1900.296875,1900.4453125,1900.625,1900.8359375,1901.2265625,1902.453125,1903.125,1904.0078125,1904.9140625,1905.5625,1906.234375,1906.9609375,1908.3984375,1909.03125,1909.328125,1909.5703125,1909.765625,1909.9296875,1910.1171875,1910.2578125,1910.359375,1910.4375,1910.5390625,1910.6953125,1910.734375,1910.7734375,1910.8125,1910.859375,1911.2421875,1911.4609375,1911.578125,1911.6875,1911.75,1911.8203125,1911.90625,1912.0,1912.109375,1912.171875,1912.2421875,1912.3046875,1912.375,1912.5234375,1912.6953125,1912.90625,1913.296875,1914.5234375,1915.1953125,1916.078125,1916.984375,1917.6328125,1918.3046875,1919.03125,1920.4765625,1921.109375,1921.3984375,1921.640625,1921.8359375,1922.0,1922.1875,1922.328125,1922.4375,1922.515625,1922.6171875,1922.765625,1922.8046875,1922.84375,1922.8828125,1922.9375,1923.3125,1923.53125,1923.6484375,1923.7578125,1923.8203125,1923.890625,1923.9765625,1924.0703125,1924.1796875,1924.2421875,1924.3125,1924.375,1924.4453125,1924.59375,1924.765625,1924.9765625,1925.3671875,1926.6015625,1927.265625,1928.1484375,1929.0546875,1929.7109375,1930.3828125,1931.109375,1932.546875,1933.1796875,1933.46875,1933.7109375,1933.90625,1934.0703125,1934.2578125,1934.3984375,1934.5078125,1934.5859375,1934.6875,1934.8359375,1934.875,1934.9140625,1934.9609375,1935.0078125,1935.3828125,1935.6015625,1935.71875,1935.828125,1935.890625,1935.9609375,1936.046875,1936.140625,1936.25,1936.3125,1936.3828125,1936.4453125,1936.515625,1936.6640625,1936.84375,1937.0546875,1937.4453125,1938.671875,1939.34375,1940.2265625,1941.1328125,1941.78125,1942.453125,1943.1796875,1944.6171875,1945.25,1945.546875,1945.7890625,1945.984375,1946.1484375,1946.3359375,1946.4765625,1946.578125,1946.65625,1946.7578125,1946.9140625,1946.953125,1946.96875,1946.9921875,1947.03125,1947.078125,1947.4609375,1947.6796875,1947.796875,1947.90625,1947.96875,1948.0390625,1948.125,1948.21875,1948.328125,1948.390625,1948.4609375,1948.5234375,1948.59375,1948.7421875,1948.9140625,1949.125,1949.515625,1950.7421875,1951.4140625,1952.2890625,1953.1953125,1953.8515625,1954.5234375,1955.25,1956.6953125,1957.328125,1957.6171875,1957.859375,1958.0546875,1958.21875,1958.40625,1958.546875,1958.65625,1958.734375,1958.8359375,1958.984375,1959.0234375,1959.0625,1959.1015625,1959.15625,1959.53125,1959.75,1959.8671875,1959.9765625,1960.0390625,1960.109375,1960.1953125,1960.2890625,1960.3984375,1960.4609375,1960.53125,1960.59375,1960.6640625,1960.8125,1960.984375,1961.1953125,1961.5859375,1962.8203125,1963.484375,1964.3671875,1965.2734375,1965.9296875,1966.6015625,1967.328125,1968.765625,1969.3984375,1969.6875,1969.9296875,1970.125,1970.2890625,1970.4765625,1970.6171875,1970.7265625,1970.8046875,1970.90625,1971.0546875,1971.09375,1971.1328125,1971.1796875,1971.2265625,1971.6015625,1971.8203125,1971.9375,1972.046875,1972.109375,1972.1796875,1972.265625,1972.359375,1972.46875,1972.53125,1972.6015625,1972.6640625,1972.734375,1972.8828125,1973.0625,1973.2734375,1973.6640625,1974.890625,1975.5625,1976.4453125,1977.3515625,1978.0,1978.671875,1979.3984375,1980.8359375,1981.46875,1981.765625,1982.0078125,1982.203125,1982.3671875,1982.5546875,1982.6953125,1982.796875,1982.875,1982.9765625,1983.1328125,1983.1640625,1983.203125,1983.2265625,1983.25,1983.296875,1983.671875,1983.8984375,1984.015625,1984.125,1984.1875,1984.2578125,1984.34375,1984.4375,1984.546875,1984.609375,1984.671875,1984.734375,1984.8046875,1984.953125,1985.1328125,1985.34375,1985.734375,1986.9609375,1987.6328125,1988.515625,1989.4296875,1990.078125,1990.75,1991.4765625,1992.90625,1993.5390625,1993.8359375,1994.078125,1994.2734375,1994.4375,1994.625,1994.765625,1994.875,1994.953125,1995.0546875,1995.203125,1995.2421875,1995.28125,1995.3203125,1995.375,1995.75,1995.96875,1996.0859375,1996.1953125,1996.2578125,1996.328125,1996.4140625,1996.5078125,1996.6171875,1996.6796875,1996.75,1996.8125,1996.8828125,1997.03125,1997.203125,1997.4140625,1997.8046875,1999.0390625,1999.703125,2000.5859375,2001.4921875,2002.1484375,2002.8203125,2003.546875,2004.984375,2005.6171875,2005.90625,2006.1484375,2006.34375,2006.5078125,2006.6953125,2006.8359375,2006.9453125,2007.0234375,2007.125,2007.2734375,2007.3125,2007.3515625,2007.3984375,2007.4453125,2007.8203125,2008.0390625,2008.15625,2008.265625,2008.328125,2008.3984375,2008.484375,2008.578125,2008.6875,2008.75,2008.8203125,2008.8828125,2008.953125,2009.1015625,2009.28125,2009.4921875,2009.8828125,2011.109375,2011.78125,2012.6640625,2013.5703125,2014.21875,2014.890625,2015.6171875,2017.0546875,2017.6875,2017.984375,2018.2265625,2018.421875,2018.5859375,2018.7734375,2018.9140625,2019.015625,2019.09375,2019.1953125,2019.3515625,2019.3828125,2019.421875,2019.4453125,2019.46875,2019.515625,2019.890625,2020.1171875,2020.234375,2020.34375,2020.40625,2020.4765625,2020.5625,2020.65625,2020.765625,2020.828125,2020.890625,2020.953125,2021.0234375,2021.171875,2021.3515625,2021.5625,2021.953125,2023.1796875,2023.8515625,2024.734375,2025.6484375,2026.296875,2026.96875,2027.6953125,2029.125,2029.7578125,2030.0546875,2030.296875,2030.4921875,2030.65625,2030.84375,2030.984375,2031.09375,2031.171875,2031.2734375,2031.421875,2031.4609375,2031.5,2031.5390625,2031.59375,2031.96875,2032.1875,2032.3046875,2032.4140625,2032.4765625,2032.546875,2032.6328125,2032.7265625,2032.8359375,2032.8984375,2032.96875,2033.03125,2033.1015625,2033.25,2033.421875,2033.6328125,2034.0234375,2035.2578125,2035.921875,2036.8046875,2037.7109375,2038.3671875,2039.0390625,2039.765625,2041.203125,2041.8359375,2042.125,2042.3671875,2042.5625,2042.7265625,2042.9140625,2043.0546875,2043.1640625,2043.2421875,2043.34375,2043.4921875,2043.53125,2043.5703125,2043.609375,2043.6640625,2044.0390625,2044.2578125,2044.375,2044.484375,2044.546875,2044.6171875,2044.703125,2044.796875,2044.90625,2044.96875,2045.0390625,2045.1015625,2045.171875,2045.3203125,2045.5,2045.7109375,2046.1015625,2047.328125,2048.0,2048.8828125,2049.7890625,2050.4375,2051.109375,2051.8359375,2053.2734375,2053.90625,2054.203125,2054.4453125,2054.640625,2054.8046875,2054.9921875,2055.1328125,2055.234375,2055.3125,2055.4140625,2055.5703125,2055.6015625,2055.640625,2055.6640625,2055.6875,2055.734375,2056.109375,2056.3359375,2056.453125,2056.5625,2056.625,2056.6953125,2056.78125,2056.875,2056.984375,2057.046875,2057.109375,2057.171875,2057.2421875,2057.390625,2057.5703125,2057.78125,2058.171875,2059.3984375,2060.0703125,2060.953125,2061.8671875,2062.515625,2063.1875,2063.9140625,2065.34375,2065.9765625,2066.2734375,2066.515625,2066.7109375,2066.875,2067.0625,2067.203125,2067.3125,2067.390625,2067.4921875,2067.640625,2067.6796875,2067.71875,2067.7578125,2067.8125,2068.1875,2068.40625,2068.5234375,2068.6328125,2068.6953125,2068.765625,2068.8515625,2068.9453125,2069.0546875,2069.1171875,2069.1875,2069.25,2069.3203125,2069.46875,2069.640625,2069.8515625,2070.2421875,2071.4765625,2072.140625,2073.0234375,2073.9296875,2074.5859375,2075.2578125,2075.984375,2077.421875,2078.0546875,2078.34375,2078.5859375,2078.78125,2078.9453125,2079.1328125,2079.2734375,2079.3828125,2079.4609375,2079.5625,2079.7109375,2079.75,2079.7890625,2079.828125,2079.8828125,2080.2578125,2080.4765625,2080.59375,2080.703125,2080.765625,2080.8359375,2080.921875,2081.015625,2081.125,2081.1875,2081.2578125,2081.3203125,2081.390625,2081.5390625,2081.71875,2081.9296875,2082.3203125,2083.546875,2084.21875,2085.1015625,2086.0078125,2086.65625,2087.328125,2088.0546875,2089.4921875,2090.125,2090.421875,2090.6640625,2090.859375,2091.0234375,2091.2109375,2091.3515625,2091.453125,2091.53125,2091.6328125,2091.7890625,2091.8203125,2091.859375,2091.8828125,2091.90625,2091.953125,2092.328125,2092.5546875,2092.671875,2092.78125,2092.84375,2092.9140625,2093.0,2093.09375,2093.203125,2093.265625,2093.328125,2093.390625,2093.4609375,2093.609375,2093.7890625,2094.0,2094.390625,2095.6171875,2096.2890625,2097.171875,2098.0859375,2098.734375,2099.40625,2100.1328125,2101.5625,2102.1953125,2102.4921875,2102.734375,2102.9296875,2103.09375,2103.28125,2103.421875,2103.53125,2103.609375,2103.7109375,2103.859375,2103.8984375,2103.9375,2103.9765625,2104.03125,2104.40625,2104.625,2104.7421875,2104.8515625,2104.9140625,2104.984375,2105.0703125,2105.1640625,2105.2734375,2105.3359375,2105.40625,2105.46875,2105.5390625,2105.6875,2105.859375,2106.0703125,2106.4609375,2107.6953125,2108.359375,2109.2421875,2110.1484375,2110.8046875,2111.4765625,2112.203125,2113.640625,2114.2734375,2114.5625,2114.8046875,2115.0,2115.1640625,2115.3515625,2115.4921875,2115.6015625,2115.6796875,2115.78125,2115.9296875,2115.96875,2116.0078125,2116.046875,2116.1015625,2116.4765625,2116.6953125,2116.8125,2116.921875,2116.984375,2117.0546875,2117.140625,2117.234375,2117.34375,2117.40625,2117.4765625,2117.5390625,2117.609375,2117.7578125,2117.9296875,2118.140625,2118.53125,2119.765625,2120.4375,2121.3203125,2122.2265625,2122.875,2123.546875,2124.2734375,2125.7109375,2126.34375,2126.6328125,2126.875,2127.0703125,2127.234375,2127.421875,2127.5625,2127.671875,2127.75,2127.8515625,2128.0078125,2128.0390625,2128.078125,2128.1015625,2128.125,2128.171875,2128.546875,2128.7734375,2128.890625,2129.0,2129.0625,2129.1328125,2129.21875,2129.3125,2129.421875,2129.484375,2129.546875,2129.609375,2129.6796875,2129.828125,2130.0078125,2130.21875,2130.609375,2131.8359375,2132.5078125,2133.390625,2134.3046875,2134.953125,2135.625,2136.34375,2137.78125,2138.4140625,2138.7109375,2138.953125,2139.1484375,2139.3125,2139.5,2139.640625,2139.75,2139.828125,2139.9296875,2140.078125,2140.1171875,2140.15625,2140.1953125,2140.25,2140.625,2140.84375,2140.9609375,2141.0703125,2141.1328125,2141.203125,2141.2890625,2141.3828125,2141.4921875,2141.5546875,2141.625,2141.6875,2141.7578125,2141.90625,2142.078125,2142.2890625,2142.6796875,2143.9140625,2144.578125,2145.4609375,2146.3671875,2147.0234375,2147.6953125,2148.421875,2149.859375,2150.4921875,2150.78125,2151.0234375,2151.21875,2151.3828125,2151.5703125,2151.7109375,2151.8203125,2151.8984375,2152.0,2152.1484375,2152.1875,2152.2265625,2152.265625,2152.3203125,2152.6953125,2152.9140625,2153.03125,2153.140625,2153.203125,2153.2734375,2153.359375,2153.453125,2153.5625,2153.625,2153.6953125,2153.7578125,2153.828125,2153.9765625,2154.1484375,2154.359375,2154.75,2155.984375,2156.65625,2157.5390625,2158.4453125,2159.09375,2159.765625,2160.4921875,2161.9296875,2162.5625,2162.8515625,2163.09375,2163.2890625,2163.453125,2163.640625,2163.78125,2163.890625,2163.96875,2164.0703125,2164.21875,2164.2578125,2164.296875,2164.3203125,2164.34375,2164.390625,2164.765625,2164.9921875,2165.109375,2165.21875,2165.28125,2165.3515625,2165.4375,2165.53125,2165.640625,2165.703125,2165.765625,2165.828125,2165.8984375,2166.046875,2166.2265625,2166.4375,2166.828125,2168.0546875,2168.7265625,2169.609375,2170.5234375,2171.171875,2171.84375,2172.5625,2174.0,2174.6328125,2174.9296875,2175.171875,2175.3671875,2175.53125,2175.71875,2175.859375,2175.9609375,2176.0390625,2176.1015625,2176.1484375,2176.296875,2176.3359375,2176.375,2176.4140625,2176.46875,2176.84375,2177.0625,2177.1796875,2177.2890625,2177.3515625,2177.421875,2177.5078125,2177.6015625,2177.7109375,2177.7734375,2177.84375,2177.90625,2177.9765625,2178.125,2178.296875,2178.5078125,2178.8984375,2180.1328125,2180.796875,2181.6796875,2182.5859375,2183.234375,2183.90625,2184.6328125,2186.078125,2186.7109375,2187.0,2187.2421875,2187.4375,2187.6015625,2187.7890625,2187.9296875,2188.0390625,2188.1171875,2188.21875,2188.3671875,2188.40625,2188.4453125,2188.484375,2188.5390625,2188.9140625,2189.1328125,2189.25,2189.359375,2189.421875,2189.4921875,2189.578125,2189.671875,2189.78125,2189.84375,2189.9140625,2189.9765625,2190.046875,2190.1953125,2190.3671875,2190.578125,2190.96875,2192.203125,2192.875,2193.7578125,2194.6640625,2195.3125,2195.984375,2196.7109375,2198.1484375,2198.78125,2199.0703125,2199.3125,2199.5078125,2199.671875,2199.859375,2200.0,2200.109375,2200.1875,2200.2890625,2200.4375,2200.4765625,2200.515625,2200.5390625,2200.5625,2200.609375,2200.984375,2201.2109375,2201.328125,2201.4375,2201.5,2201.5703125,2201.65625,2201.75,2201.859375,2201.921875,2201.984375,2202.046875,2202.1171875,2202.265625,2202.4453125,2202.65625,2203.046875,2204.2734375,2204.9453125,2205.828125,2206.7421875,2207.390625,2208.0625,2208.78125,2210.21875,2210.8515625,2211.1484375,2211.390625,2211.5859375,2211.75,2211.9375,2212.078125,2212.1796875,2212.2578125,2212.3203125,2212.3671875,2212.515625,2212.5546875,2212.59375,2212.6328125,2212.6875,2213.0625,2213.28125,2213.3984375,2213.5078125,2213.5703125,2213.640625,2213.7265625,2213.8203125,2213.9296875,2213.9921875,2214.0625,2214.125,2214.1953125,2214.34375,2214.515625,2214.7265625,2215.1171875,2216.3515625,2217.015625,2217.8984375,2218.8046875,2219.453125,2220.125,2220.8515625,2222.296875,2222.9296875,2223.21875,2223.4609375,2223.65625,2223.8203125,2224.0078125,2224.1484375,2224.2578125,2224.3359375,2224.4375,2224.5859375,2224.625,2224.6640625,2224.703125,2224.7578125,2225.1328125,2225.3515625,2225.46875,2225.578125,2225.640625,2225.7109375,2225.796875,2225.890625,2226.0,2226.0625,2226.1328125,2226.1953125,2226.265625,2226.4140625,2226.5859375,2226.796875,2227.1875,2228.421875,2229.09375,2229.9765625,2230.8828125,2231.53125,2232.203125,2232.9296875,2234.3671875,2235.0,2235.2890625,2235.53125,2235.7265625,2235.890625,2236.078125,2236.21875,2236.328125,2236.40625,2236.5078125,2236.65625,2236.6953125,2236.734375,2236.7578125,2236.78125,2236.828125,2237.203125,2237.421875,2237.5390625,2237.6484375,2237.7109375,2237.78125,2237.8671875,2237.9609375,2238.0703125,2238.1328125,2238.203125,2238.265625,2238.3359375,2238.484375,2238.6640625,2238.875,2239.265625,2240.4921875,2241.1640625,2242.046875,2242.9609375,2243.609375,2244.28125,2245.0,2246.4375,2247.0703125,2247.3671875,2247.609375,2247.8046875,2247.96875,2248.15625,2248.296875,2248.3984375,2248.4765625,2248.5390625,2248.5859375,2248.734375,2248.7734375,2248.8125,2248.8515625,2248.90625,2249.28125,2249.5,2249.6171875,2249.7265625,2249.7890625,2249.859375,2249.9453125,2250.0390625,2250.1484375,2250.2109375,2250.2734375,2250.3359375,2250.40625,2250.5546875,2250.734375,2250.9453125,2251.3359375,2252.5703125,2253.2421875,2254.125,2255.0390625,2255.6875,2256.359375,2257.078125,2258.5078125,2259.140625,2259.4375,2259.6796875,2259.875,2260.0390625,2260.2265625,2260.3671875,2260.4765625,2260.5546875,2260.65625,2260.8046875,2260.84375,2260.8828125,2260.921875,2260.9765625,2261.3515625,2261.5703125,2261.6875,2261.796875,2261.859375,2261.9296875,2262.015625,2262.109375,2262.21875,2262.28125,2262.3515625,2262.4140625,2262.484375,2262.6328125,2262.8046875,2263.015625,2263.40625,2264.640625,2265.3125,2266.1953125,2267.1015625,2267.75,2268.421875,2269.1484375,2270.5859375,2271.21875,2271.5078125,2271.75,2271.9453125,2272.109375,2272.296875,2272.4375,2272.546875,2272.625,2272.7265625,2272.875,2272.9140625,2272.953125,2272.9765625,2273.0,2273.046875,2273.421875,2273.640625,2273.7578125,2273.8671875,2273.9296875,2274.0,2274.0859375,2274.1796875,2274.2890625,2274.3515625,2274.421875,2274.484375,2274.5546875,2274.703125,2274.8828125,2275.09375,2275.484375,2276.7109375,2277.3828125,2278.265625,2279.1796875,2279.828125,2280.5,2281.21875,2282.65625,2283.2890625,2283.5859375,2283.828125,2284.0234375,2284.1875,2284.375,2284.515625,2284.6171875,2284.6953125,2284.796875,2284.953125,2284.9921875,2285.03125,2285.0703125,2285.1171875,2285.5,2285.71875,2285.8359375,2285.9453125,2286.0078125,2286.078125,2286.1640625,2286.2578125,2286.3671875,2286.4296875,2286.4921875,2286.5546875,2286.625,2286.7734375,2286.953125,2287.1640625,2287.5546875,2288.7890625,2289.4609375,2290.34375,2291.2578125,2291.90625,2292.578125,2293.296875,2294.7265625,2295.359375,2295.65625,2295.8984375,2296.09375,2296.2578125,2296.4453125,2296.5859375,2296.6953125,2296.7734375,2296.875,2297.0234375,2297.0625,2297.1015625,2297.140625,2297.1953125,2297.5703125,2297.7890625,2297.90625,2298.015625,2298.078125,2298.1484375,2298.234375,2298.328125,2298.4375,2298.5,2298.5703125,2298.6328125,2298.703125,2298.8515625,2299.0234375,2299.234375,2299.625,2300.859375,2301.53125,2302.4140625,2303.3203125,2303.96875,2304.640625,2305.3671875,2306.8046875,2307.4375,2307.7265625,2307.96875,2308.1640625,2308.328125,2308.515625,2308.65625,2308.765625,2308.84375,2308.9453125,2309.09375,2309.1328125,2309.171875,2309.1953125,2309.21875,2309.265625,2309.640625,2309.859375,2309.9765625,2310.0859375,2310.1484375,2310.21875,2310.3046875,2310.3984375,2310.5078125,2310.5703125,2310.640625,2310.703125,2310.7734375,2310.921875,2311.1015625,2311.3125,2311.703125,2312.9296875,2313.6015625,2314.484375,2315.3984375,2316.046875,2316.71875,2317.4375,2318.875,2319.5078125,2319.8046875,2320.046875,2320.2421875,2320.40625,2320.59375,2320.734375,2320.8359375,2320.9140625,2321.015625,2321.171875,2321.2109375,2321.25,2321.2890625,2321.3359375,2321.71875,2321.9375,2322.0546875,2322.1640625,2322.2265625,2322.296875,2322.3828125,2322.4765625,2322.5859375,2322.6484375,2322.7109375,2322.7734375,2322.84375,2322.9921875,2323.171875,2323.3828125,2323.7734375,2325.0078125,2325.6796875,2326.5625,2327.46875,2328.1171875,2328.7890625,2329.515625,2330.9453125,2331.578125,2331.875,2332.1171875,2332.3125,2332.4765625,2332.6640625,2332.8046875,2332.9140625,2332.9921875,2333.09375,2333.2421875,2333.28125,2333.3203125,2333.359375,2333.4140625,2333.7890625,2334.0078125,2334.125,2334.234375,2334.296875,2334.3671875,2334.453125,2334.546875,2334.65625,2334.71875,2334.7890625,2334.8515625,2334.921875,2335.0703125,2335.2421875,2335.453125,2335.84375,2337.078125,2337.75,2338.6328125,2339.5390625,2340.1875,2340.859375,2341.5859375,2343.0234375,2343.65625,2343.9453125,2344.1875,2344.3828125,2344.546875,2344.734375,2344.875,2344.984375,2345.0625,2345.1640625,2345.3125,2345.3515625,2345.390625,2345.4375,2345.484375,2345.859375,2346.078125,2346.1953125,2346.3046875,2346.3671875,2346.4375,2346.5234375,2346.6171875,2346.7265625,2346.7890625,2346.859375,2346.921875,2346.9921875,2347.140625,2347.3203125,2347.53125,2347.921875,2349.1484375,2349.8203125,2350.703125,2351.609375,2352.2578125,2352.9296875,2353.65625,2355.09375,2355.7265625,2356.0234375,2356.265625,2356.4609375,2356.625,2356.8125,2356.953125,2357.0546875,2357.1328125,2357.234375,2357.390625,2357.4296875,2357.46875,2357.5078125,2357.5546875,2357.9375,2358.15625,2358.2734375,2358.3828125,2358.4453125,2358.515625,2358.6015625,2358.6953125,2358.8046875,2358.8671875,2358.9296875,2358.9921875,2359.0625,2359.2109375,2359.390625,2359.6015625,2359.9921875,2361.2265625,2361.8984375,2362.78125,2363.6875,2364.3359375,2365.0078125,2365.734375,2367.1640625,2367.796875,2368.09375,2368.3359375,2368.53125,2368.6953125,2368.8828125,2369.0234375,2369.1328125,2369.2109375,2369.3125,2369.4609375,2369.5,2369.5390625,2369.578125,2369.6328125,2370.0078125,2370.2265625,2370.34375,2370.453125,2370.515625,2370.5859375,2370.671875,2370.765625,2370.875,2370.9375,2371.0078125,2371.0703125,2371.140625,2371.2890625,2371.4609375,2371.671875,2372.0625,2373.296875,2373.9609375,2374.84375,2375.75,2376.40625,2377.078125,2377.8046875,2379.2421875,2379.875,2380.1640625,2380.40625,2380.6015625,2380.765625,2380.953125,2381.09375,2381.203125,2381.28125,2381.3828125,2381.53125,2381.5703125,2381.609375,2381.65625,2381.703125,2382.078125,2382.296875,2382.4140625,2382.5234375,2382.5859375,2382.65625,2382.7421875,2382.8359375,2382.9453125,2383.0078125,2383.078125,2383.140625,2383.2109375,2383.359375,2383.5390625,2383.75,2384.140625,2385.3671875,2386.0390625,2386.921875,2387.828125,2388.4765625,2389.1484375,2389.875,2391.3125,2391.9453125,2392.2421875,2392.484375,2392.6796875,2392.84375,2393.03125,2393.171875,2393.2734375,2393.3515625,2393.453125,2393.609375,2393.6484375,2393.6875,2393.7265625,2393.7734375,2394.15625,2394.375,2394.4921875,2394.6015625,2394.6640625,2394.734375,2394.8203125,2394.9140625,2395.0234375,2395.0859375,2395.1484375,2395.2109375,2395.28125,2395.4296875,2395.609375,2395.8203125,2396.2109375,2397.4453125,2398.1171875,2399.0,2399.90625,2400.5546875,2401.2265625,2401.953125,2403.3828125,2404.015625,2404.3125,2404.5546875,2404.75,2404.9140625,2405.1015625,2405.2421875,2405.3515625,2405.4296875,2405.53125,2405.6796875,2405.71875,2405.7578125,2405.796875,2405.8515625,2406.2265625,2406.4453125,2406.5625,2406.671875,2406.734375,2406.8046875,2406.890625,2406.984375,2407.09375,2407.15625,2407.2265625,2407.2890625,2407.359375,2407.5078125,2407.6796875,2407.890625,2408.28125,2409.515625,2410.1796875,2411.0625,2411.96875,2412.625,2413.296875,2414.0234375,2415.4609375,2416.09375,2416.3828125,2416.625,2416.8203125,2416.984375,2417.171875,2417.3125,2417.421875,2417.5,2417.6015625,2417.75,2417.7890625,2417.828125,2417.875,2417.921875,2418.296875,2418.515625,2418.6328125,2418.7421875,2418.8046875,2418.875,2418.9609375,2419.0546875,2419.1640625,2419.2265625,2419.296875,2419.359375,2419.4296875,2419.578125,2419.7578125,2419.96875,2420.359375,2421.5859375,2422.2578125,2423.140625,2424.046875,2424.6953125,2425.3671875,2426.09375,2427.53125,2428.1640625,2428.4609375,2428.703125,2428.8984375,2429.0625,2429.25,2429.390625,2429.4921875,2429.5703125,2429.671875,2429.828125,2429.859375,2429.8984375,2429.921875,2429.9453125,2429.9921875,2430.3671875,2430.59375,2430.7109375,2430.8203125,2430.8828125,2430.953125,2431.0390625,2431.1328125,2431.2421875,2431.3046875,2431.3671875,2431.4296875,2431.5,2431.6484375,2431.828125,2432.0390625,2432.4296875,2433.65625,2434.328125,2435.2109375,2436.125,2436.7734375,2437.4453125,2438.171875,2439.6015625,2440.234375,2440.53125,2440.7734375,2440.96875,2441.1328125,2441.3203125,2441.4609375,2441.5703125,2441.6484375,2441.75,2441.8984375,2441.9375,2441.9765625,2442.015625,2442.0703125,2442.4453125,2442.6640625,2442.78125,2442.890625,2442.953125,2443.0234375,2443.109375,2443.203125,2443.3125,2443.375,2443.4453125,2443.5078125,2443.578125,2443.7265625,2443.8984375,2444.109375,2444.5,2445.734375,2446.3984375,2447.28125,2448.1875,2448.84375,2449.515625,2450.2421875,2451.6796875,2452.3125,2452.6015625,2452.84375,2453.0390625,2453.203125,2453.390625,2453.53125,2453.640625,2453.71875,2453.8203125,2453.96875,2454.0078125,2454.046875,2454.09375,2454.140625,2454.515625,2454.734375,2454.8515625,2454.9609375,2455.0234375,2455.09375,2455.1796875,2455.2734375,2455.3828125,2455.4453125,2455.515625,2455.578125,2455.6484375,2455.796875,2455.9765625,2456.1875,2456.578125,2457.8046875,2458.4765625,2459.359375,2460.265625,2460.9140625,2461.5859375,2462.3125,2463.75,2464.3828125,2464.6796875,2464.921875,2465.1171875,2465.28125,2465.46875,2465.609375,2465.7109375,2465.7890625,2465.890625,2466.046875,2466.078125,2466.1171875,2466.140625,2466.1640625,2466.2109375,2466.5859375,2466.8125,2466.9296875,2467.0390625,2467.1015625,2467.171875,2467.2578125,2467.3515625,2467.4609375,2467.5234375,2467.5859375,2467.6484375,2467.71875,2467.8671875,2468.046875,2468.2578125,2468.6484375,2469.875,2470.546875,2471.4296875,2472.34375,2472.9921875,2473.6640625,2474.390625,2475.8203125,2476.453125,2476.75,2476.9921875,2477.1875,2477.3515625,2477.5390625,2477.6796875,2477.7890625,2477.8671875,2477.96875,2478.1171875,2478.15625,2478.1953125,2478.234375,2478.2890625,2478.6640625,2478.8828125,2479.0,2479.109375,2479.171875,2479.2421875,2479.328125,2479.421875,2479.53125,2479.59375,2479.65625,2479.71875,2479.7890625,2479.9375,2480.1171875,2480.328125,2480.71875,2481.953125,2482.625,2483.5078125,2484.421875,2485.0703125,2485.734375,2486.4609375,2487.8984375,2488.53125,2488.8203125,2489.0625,2489.2578125,2489.421875,2489.609375,2489.75,2489.859375,2489.9375,2490.0390625,2490.1875,2490.2265625,2490.265625,2490.3046875,2490.359375,2490.734375,2490.953125,2491.0703125,2491.1796875,2491.2421875,2491.3125,2491.3984375,2491.4921875,2491.6015625,2491.6640625,2491.734375,2491.796875,2491.8671875,2492.015625,2492.1953125,2492.40625,2492.796875,2494.0234375,2494.6953125,2495.578125,2496.484375,2497.1328125,2497.8046875,2498.53125,2499.96875,2500.6015625,2500.8984375,2501.140625,2501.3359375,2501.5,2501.6875,2501.828125,2501.9296875,2502.0078125,2502.109375,2502.265625,2502.296875,2502.3359375,2502.359375,2502.3828125,2502.4296875,2502.8046875,2503.03125,2503.1484375,2503.2578125,2503.3203125,2503.390625,2503.4765625,2503.5703125,2503.6796875,2503.7421875,2503.8046875,2503.8671875,2503.9375,2504.0859375,2504.265625,2504.4765625,2504.8671875,2506.09375,2506.765625,2507.6484375,2508.5625,2509.2109375,2509.8828125,2510.609375,2512.0390625,2512.671875,2512.96875,2513.2109375,2513.40625,2513.5703125,2513.7578125,2513.8984375,2514.0078125,2514.0859375,2514.1875,2514.3359375,2514.375,2514.4140625,2514.453125,2514.5078125,2514.8828125,2515.1015625,2515.21875,2515.328125,2515.390625,2515.4609375,2515.546875,2515.640625,2515.75,2515.8125,2515.875,2515.9375,2516.0078125,2516.15625,2516.3359375,2516.546875,2516.9375,2518.171875,2518.84375,2519.7265625,2520.640625,2521.2890625,2521.953125,2522.6796875,2524.1171875,2524.75,2525.0390625,2525.28125,2525.4765625,2525.640625,2525.828125,2525.96875,2526.078125,2526.15625,2526.2578125,2526.40625,2526.4453125,2526.484375,2526.5234375,2526.578125,2526.953125,2527.171875,2527.2890625,2527.3984375,2527.4609375,2527.53125,2527.6171875,2527.7109375,2527.8203125,2527.8828125,2527.953125,2528.015625,2528.0859375,2528.234375,2528.4140625,2528.625,2529.015625,2530.2421875,2530.9140625,2531.796875,2532.703125,2533.3515625,2534.0234375,2534.75,2536.1875,2536.8203125,2537.1171875,2537.359375,2537.5546875,2537.71875,2537.90625,2538.046875,2538.1484375,2538.2265625,2538.328125,2538.484375,2538.515625,2538.5546875,2538.578125,2538.6015625,2538.6484375,2539.0234375,2539.25,2539.3671875,2539.4765625,2539.5390625,2539.609375,2539.6953125,2539.7890625,2539.8984375,2539.9609375,2540.0234375,2540.0859375,2540.15625,2540.3046875,2540.484375,2540.6953125,2541.0859375,2542.3125,2542.984375,2543.8671875,2544.78125,2545.4296875,2546.1015625,2546.828125,2548.2578125,2548.890625,2549.1875,2549.4296875,2549.625,2549.7890625,2549.9765625,2550.1171875,2550.2265625,2550.3046875,2550.40625,2550.5546875,2550.59375,2550.6328125,2550.671875,2550.7265625,2551.1015625,2551.3203125,2551.4375,2551.546875,2551.609375,2551.6796875,2551.765625,2551.859375,2551.96875,2552.03125,2552.09375,2552.15625,2552.2265625,2552.375,2552.5546875,2552.765625,2553.15625,2554.390625,2555.0625,2555.9453125,2556.859375,2557.5078125,2558.171875,2558.8984375,2560.3359375,2560.96875,2561.2578125,2561.5,2561.6953125,2561.859375,2562.046875,2562.1875,2562.296875,2562.375,2562.4765625,2562.625,2562.6640625,2562.703125,2562.7421875,2562.796875,2563.171875,2563.390625,2563.5078125,2563.6171875,2563.6796875,2563.75,2563.8359375,2563.9296875,2564.0390625,2564.1015625,2564.171875,2564.234375,2564.3046875,2564.453125,2564.625,2564.8359375,2565.2265625,2566.4609375,2567.1328125,2568.015625,2568.921875,2569.5703125,2570.2421875,2570.96875,2572.40625,2573.0390625,2573.3359375,2573.578125,2573.7734375,2573.9375,2574.125,2574.265625,2574.3671875,2574.4453125,2574.546875,2574.703125,2574.734375,2574.7734375,2574.796875,2574.8203125,2574.8671875,2575.2421875,2575.46875,2575.5859375,2575.6953125,2575.7578125,2575.828125,2575.9140625,2576.0078125,2576.1171875,2576.1796875,2576.2421875,2576.3046875,2576.375,2576.5234375,2576.703125,2576.9140625,2577.3046875,2578.53125,2579.203125,2580.0859375,2581.0,2581.6484375,2582.3203125,2583.046875,2584.4765625,2585.109375,2585.40625,2585.6484375,2585.84375,2586.0078125,2586.1953125,2586.3359375,2586.4453125,2586.5234375,2586.625,2586.7734375,2586.8125,2586.8515625,2586.890625,2586.9453125,2587.3203125,2587.5390625,2587.65625,2587.765625,2587.828125,2587.8984375,2587.984375,2588.078125,2588.1875,2588.25,2588.3125,2588.375,2588.4453125,2588.59375,2588.7734375,2588.984375,2589.375,2590.609375,2591.28125,2592.1640625,2593.078125,2593.7265625,2594.390625,2595.1171875,2596.5546875,2597.1875,2597.4765625,2597.71875,2597.9140625,2598.078125,2598.265625,2598.40625,2598.515625,2598.59375,2598.6953125,2598.84375,2598.8828125,2598.921875,2598.9609375,2599.015625,2599.390625,2599.609375,2599.7265625,2599.8359375,2599.8984375,2599.96875,2600.0546875,2600.1484375,2600.2578125,2600.3203125,2600.390625,2600.453125,2600.5234375,2600.671875,2600.84375,2601.0546875,2601.4453125,2602.6796875,2603.3515625,2604.234375,2605.140625,2605.7890625,2606.4609375,2607.1875,2608.625,2609.2578125,2609.546875,2609.7890625,2609.984375,2610.1484375,2610.3359375,2610.4765625,2610.5859375,2610.6640625,2610.765625,2610.921875,2610.953125,2610.9921875,2611.015625,2611.0390625,2611.0859375,2611.4609375,2611.6875,2611.8046875,2611.9140625,2611.9765625,2612.046875,2612.1328125,2612.2265625,2612.3359375,2612.3984375,2612.4609375,2612.5234375,2612.59375,2612.7421875,2612.921875,2613.1328125,2613.5234375,2614.75,2615.421875,2616.3046875,2617.21875,2617.8671875,2618.5390625,2619.2578125,2620.6953125,2621.328125,2621.625,2621.8671875,2622.0625,2622.2265625,2622.4140625,2622.5546875,2622.6640625,2622.7421875,2622.84375,2622.9921875,2623.03125,2623.0703125,2623.109375,2623.1640625,2623.5390625,2623.7578125,2623.875,2623.984375,2624.046875,2624.1171875,2624.203125,2624.296875,2624.40625,2624.46875,2624.53125,2624.59375,2624.6640625,2624.8125,2624.9921875,2625.203125,2625.59375,2626.828125,2627.5,2628.3828125,2629.296875,2629.9453125,2630.609375,2631.3359375,2632.7734375,2633.40625,2633.6953125,2633.9375,2634.1328125,2634.296875,2634.484375,2634.625,2634.734375,2634.8125,2634.9140625,2635.0625,2635.1015625,2635.140625,2635.1796875,2635.234375,2635.609375,2635.828125,2635.9453125,2636.0546875,2636.1171875,2636.1875,2636.2734375,2636.3671875,2636.4765625,2636.5390625,2636.6015625,2636.6640625,2636.734375,2636.8828125,2637.0625,2637.2734375,2637.6640625,2638.90625,2639.578125,2640.4609375,2641.375,2642.0234375,2642.6875,2643.40625,2644.84375,2645.4765625,2645.765625,2646.0078125,2646.203125,2646.3671875,2646.5546875,2646.6953125,2646.8046875,2646.8828125,2646.984375,2647.1328125,2647.171875,2647.2109375,2647.234375,2647.2578125,2647.3046875,2647.6796875,2647.90625,2648.0234375,2648.1328125,2648.1953125,2648.265625,2648.3515625,2648.4453125,2648.5546875,2648.6171875,2648.6796875,2648.7421875,2648.8125,2648.9609375,2649.140625,2649.3515625,2649.7421875,2650.96875,2651.640625,2652.5234375,2653.4375,2654.0859375,2654.7578125,2655.4765625,2656.9140625,2657.546875,2657.84375,2658.0859375,2658.28125,2658.4453125,2658.6328125,2658.7734375,2658.875,2658.953125,2659.015625,2659.0625,2659.2109375,2659.25,2659.2890625,2659.328125,2659.3828125,2659.7578125,2659.9765625,2660.09375,2660.203125,2660.265625,2660.3359375,2660.421875,2660.515625,2660.625,2660.6875,2660.75,2660.8125,2660.8828125,2661.03125,2661.2109375,2661.421875,2661.8125,2663.046875,2663.71875,2664.6015625,2665.515625,2666.1640625,2666.828125,2667.5546875,2668.9921875,2669.625,2669.9140625,2670.15625,2670.3515625,2670.515625,2670.703125,2670.84375,2670.953125,2671.03125,2671.1328125,2671.28125,2671.3203125,2671.359375,2671.3984375,2671.453125,2671.828125,2672.046875,2672.1640625,2672.2734375,2672.3359375,2672.40625,2672.4921875,2672.5859375,2672.6953125,2672.7578125,2672.8203125,2672.8828125,2672.953125,2673.1015625,2673.28125,2673.4921875,2673.8828125,2675.125,2675.796875,2676.6796875,2677.59375,2678.2421875,2678.90625,2679.625,2681.0625,2681.6953125,2681.984375,2682.2265625,2682.421875,2682.5859375,2682.7734375,2682.9140625,2683.0234375,2683.1015625,2683.203125,2683.3515625,2683.390625,2683.4296875,2683.453125,2683.4765625,2683.5234375,2683.8984375,2684.1171875,2684.234375,2684.34375,2684.40625,2684.4765625,2684.5625,2684.65625,2684.765625,2684.828125,2684.8984375,2684.9609375,2685.03125,2685.1796875,2685.359375,2685.5703125,2685.9609375,2687.1875,2687.859375,2688.7421875,2689.65625,2690.3046875,2690.9765625,2691.6953125,2693.1328125,2693.765625,2694.0625,2694.3046875,2694.5,2694.6640625,2694.8515625,2694.9921875,2695.09375,2695.171875,2695.234375,2695.28125,2695.4296875,2695.46875,2695.5078125,2695.546875,2695.6015625,2695.9765625,2696.1953125,2696.3125,2696.421875,2696.484375,2696.5546875,2696.640625,2696.734375,2696.84375,2696.90625,2696.96875,2697.03125,2697.1015625,2697.25,2697.4296875,2697.640625,2698.03125,2699.265625,2699.9375,2700.8203125,2701.734375,2702.3828125,2703.0546875,2703.7734375,2705.203125,2705.8359375,2706.1328125,2706.375,2706.5703125,2706.734375,2706.921875,2707.0625,2707.171875,2707.25,2707.3515625,2707.5,2707.5390625,2707.578125,2707.6171875,2707.671875,2708.046875,2708.265625,2708.3828125,2708.4921875,2708.5546875,2708.625,2708.7109375,2708.8046875,2708.9140625,2708.9765625,2709.0390625,2709.1015625,2709.171875,2709.3203125,2709.5,2709.7109375,2710.1015625,2711.3359375,2712.0078125,2712.890625,2713.8046875,2714.453125,2715.125,2715.84375,2717.28125,2717.9140625,2718.203125,2718.4453125,2718.640625,2718.8046875,2718.9921875,2719.1328125,2719.2421875,2719.3203125,2719.421875,2719.5703125,2719.609375,2719.6484375,2719.671875,2719.6953125,2719.7421875,2720.1171875,2720.3359375,2720.453125,2720.5625,2720.625,2720.6953125,2720.78125,2720.875,2720.984375,2721.046875,2721.1171875,2721.1796875,2721.25,2721.3984375,2721.578125,2721.7890625,2722.1796875,2723.40625,2724.078125,2724.9609375,2725.875,2726.5234375,2727.1953125,2727.9140625,2729.3515625,2729.984375,2730.28125,2730.5234375,2730.71875,2730.8828125,2731.0703125,2731.2109375,2731.3125,2731.390625,2731.4921875,2731.6484375,2731.6875,2731.7265625,2731.765625,2731.8203125,2732.1953125,2732.4140625,2732.53125,2732.640625,2732.703125,2732.7734375,2732.859375,2732.953125,2733.0625,2733.125,2733.1875,2733.25,2733.3203125,2733.46875,2733.6484375,2733.859375,2734.25,2735.484375,2736.15625,2737.0390625,2737.953125,2738.6015625,2739.2734375,2739.9921875,2741.421875,2742.0546875,2742.3515625,2742.59375,2742.7890625,2742.953125,2743.140625,2743.28125,2743.390625,2743.46875,2743.5703125,2743.71875,2743.7578125,2743.796875,2743.8359375,2743.890625,2744.265625,2744.484375,2744.6015625,2744.7109375,2744.7734375,2744.84375,2744.9296875,2745.0234375,2745.1328125,2745.1953125,2745.2578125,2745.3203125,2745.390625,2745.5390625,2745.71875,2745.9296875,2746.3203125,2747.5546875,2748.2265625,2749.109375,2750.0234375,2750.671875,2751.34375,2752.0625,2753.5,2754.1328125,2754.421875,2754.6640625,2754.859375,2755.0234375,2755.2109375,2755.3515625,2755.4609375,2755.5390625,2755.640625,2755.7890625,2755.828125,2755.8671875,2755.890625,2755.9140625,2755.9609375,2756.3359375,2756.5546875,2756.671875,2756.78125,2756.84375,2756.9140625,2757.0,2757.09375,2757.203125,2757.265625,2757.328125,2757.390625,2757.4609375,2757.609375,2757.7890625,2758.0,2758.390625,2759.6328125,2760.3046875,2761.1875,2762.1015625,2762.75,2763.4140625,2764.1328125,2765.5703125,2766.203125,2766.5,2766.7421875,2766.9375,2767.1015625,2767.2890625,2767.4296875,2767.53125,2767.609375,2767.7109375,2767.8671875,2767.90625,2767.9453125,2767.984375,2768.03125,2768.4140625,2768.6328125,2768.75,2768.859375,2768.921875,2768.9921875,2769.078125,2769.171875,2769.28125,2769.34375,2769.40625,2769.46875,2769.5390625,2769.6875,2769.8671875,2770.078125,2770.46875,2771.703125,2772.375,2773.2578125,2774.1640625,2774.8125,2775.484375,2776.2109375,2777.640625,2778.2734375,2778.5703125,2778.8125,2779.0078125,2779.171875,2779.359375,2779.5,2779.609375,2779.6875,2779.7890625,2779.9375,2779.9765625,2780.015625,2780.0546875,2780.109375,2780.484375,2780.703125,2780.8203125,2780.9296875,2780.9921875,2781.0625,2781.1484375,2781.2421875,2781.3515625,2781.4140625,2781.4765625,2781.5390625,2781.609375,2781.7578125,2781.9375,2782.1484375,2782.5390625,2783.7734375,2784.4453125,2785.328125,2786.2421875,2786.890625,2787.5546875,2788.28125,2789.71875,2790.3515625,2790.640625,2790.8828125,2791.078125,2791.2421875,2791.4296875,2791.5703125,2791.6796875,2791.7578125,2791.859375,2792.0078125,2792.046875,2792.0859375,2792.1328125,2792.1796875,2792.5546875,2792.7734375,2792.890625,2793.0,2793.0625,2793.1328125,2793.21875,2793.3125,2793.421875,2793.484375,2793.546875,2793.609375,2793.6796875,2793.828125,2794.0078125,2794.21875,2794.609375,2795.8515625,2796.5234375,2797.40625,2798.3203125,2798.96875,2799.6328125,2800.3515625,2801.7890625,2802.421875,2802.71875,2802.9609375,2803.15625,2803.3203125,2803.5078125,2803.6484375,2803.75,2803.828125,2803.9296875,2804.0859375,2804.125,2804.1640625,2804.203125,2804.25,2804.6328125,2804.8515625,2804.96875,2805.078125,2805.140625,2805.2109375,2805.296875,2805.390625,2805.5,2805.5625,2805.625,2805.6875,2805.7578125,2805.90625,2806.0859375,2806.296875,2806.6875,2807.921875,2808.59375,2809.4765625,2810.3828125,2811.03125,2811.703125,2812.4296875,2813.859375,2814.4921875,2814.7890625,2815.03125,2815.2265625,2815.390625,2815.578125,2815.71875,2815.828125,2815.90625,2816.0078125,2816.15625,2816.1953125,2816.234375,2816.2734375,2816.328125,2816.703125,2816.921875,2817.0390625,2817.1484375,2817.2109375,2817.28125,2817.3671875,2817.4609375,2817.5703125,2817.6328125,2817.6953125,2817.7578125,2817.828125,2817.9765625,2818.15625,2818.3671875,2818.7578125,2819.9921875,2820.6640625,2821.546875,2822.4609375,2823.109375,2823.7734375,2824.5,2825.9375,2826.5703125,2826.859375,2827.1015625,2827.296875,2827.4609375,2827.6484375,2827.7890625,2827.8984375,2827.9765625,2828.078125,2828.2265625,2828.265625,2828.3046875,2828.3515625,2828.3984375,2828.7734375,2828.9921875,2829.109375,2829.21875,2829.28125,2829.3515625,2829.4375,2829.53125,2829.640625,2829.703125,2829.765625,2829.828125,2829.8984375,2830.046875,2830.2265625,2830.4375,2830.828125,2832.0703125,2832.7421875,2833.625,2834.5390625,2835.1875,2835.8515625,2836.5703125,2838.0078125,2838.640625,2838.9375,2839.1796875,2839.375,2839.5390625,2839.7265625,2839.8671875,2839.96875,2840.046875,2840.1484375,2840.3046875,2840.34375,2840.3828125,2840.421875,2840.46875,2840.8515625,2841.0625,2841.1796875,2841.2890625,2841.3515625,2841.421875,2841.5078125,2841.6015625,2841.7109375,2841.7734375,2841.8359375,2841.8984375,2841.96875,2842.1171875,2842.296875,2842.5078125,2842.8984375,2844.1484375,2844.8203125,2845.703125,2846.6171875,2847.265625,2847.9296875,2848.6484375,2850.078125,2850.7109375,2851.0078125,2851.25,2851.4453125,2851.609375,2851.796875,2851.9375,2852.046875,2852.125,2852.2265625,2852.375,2852.4140625,2852.453125,2852.4921875,2852.546875,2852.921875,2853.140625,2853.2578125,2853.3671875,2853.4296875,2853.5,2853.5859375,2853.6796875,2853.7890625,2853.8515625,2853.9140625,2853.9765625,2854.046875,2854.1953125,2854.375,2854.5859375,2854.9765625,2856.2109375,2856.8828125,2857.765625,2858.6796875,2859.328125,2859.9921875,2860.71875,2862.15625,2862.7890625,2863.078125,2863.3203125,2863.515625,2863.6796875,2863.8671875,2864.0078125,2864.1171875,2864.1953125,2864.296875,2864.4453125,2864.484375,2864.5234375,2864.5703125,2864.6171875,2864.9921875,2865.2109375,2865.328125,2865.4375,2865.5,2865.5703125,2865.65625,2865.75,2865.859375,2865.921875,2865.984375,2866.046875,2866.1171875,2866.265625,2866.4453125,2866.65625,2867.046875,2868.2890625,2868.9609375,2869.84375,2870.7578125,2871.40625,2872.0703125,2872.7890625,2874.2265625,2874.859375,2875.15625,2875.3984375,2875.59375,2875.7578125,2875.9453125,2876.0859375,2876.1875,2876.265625,2876.3671875,2876.5234375,2876.5625,2876.578125,2876.6015625,2876.640625,2876.6875,2877.0703125,2877.28125,2877.3984375,2877.5078125,2877.5703125,2877.640625,2877.7265625,2877.8203125,2877.9296875,2877.9921875,2878.0546875,2878.1171875,2878.1875,2878.3359375,2878.515625,2878.7265625,2879.1171875,2880.3671875,2881.0390625,2881.921875,2882.8359375,2883.484375,2884.1484375,2884.8671875,2886.296875,2886.9296875,2887.2265625,2887.46875,2887.6640625,2887.828125,2888.015625,2888.15625,2888.265625,2888.34375,2888.4453125,2888.59375,2888.6328125,2888.671875,2888.7109375,2888.765625,2889.140625,2889.359375,2889.4765625,2889.578125,2889.640625,2889.7109375,2889.796875,2889.890625,2890.0,2890.0625,2890.125,2890.1875,2890.2578125,2890.40625,2890.5859375,2890.796875,2891.1953125,2892.4375,2893.109375,2894.0,2894.9140625,2895.5625,2896.2265625,2896.9453125,2898.3671875,2899.0,2899.296875,2899.5390625,2899.734375,2899.8984375,2900.0859375,2900.2265625,2900.3359375,2900.4140625,2900.515625,2900.6640625,2900.703125,2900.7421875,2900.7890625,2900.8359375,2901.2109375,2901.4296875,2901.546875,2901.65625,2901.71875,2901.7890625,2901.875,2901.96875,2902.078125,2902.140625,2902.203125,2902.265625,2902.3359375,2902.484375,2902.6640625,2902.875,2903.265625,2904.5078125,2905.1796875,2906.0625,2906.9765625,2907.625,2908.2890625,2909.0078125,2910.4453125,2911.078125,2911.375,2911.6171875,2911.8125,2911.9765625,2912.1640625,2912.3046875,2912.40625,2912.484375,2912.5859375,2912.7421875,2912.7734375,2912.8125,2912.8359375,2912.859375,2912.90625,2913.28125,2913.5078125,2913.625,2913.734375,2913.796875,2913.8671875,2913.9453125,2914.0390625,2914.1484375,2914.2109375,2914.2734375,2914.3359375,2914.40625,2914.5546875,2914.734375,2914.9453125,2915.3359375,2916.578125,2917.25,2918.140625,2919.0546875,2919.703125,2920.3671875,2921.0859375,2922.515625,2923.1484375,2923.4453125,2923.6875,2923.8828125,2924.046875,2924.234375,2924.375,2924.484375,2924.5625,2924.6640625,2924.8125,2924.8515625,2924.890625,2924.9296875,2924.984375,2925.359375,2925.578125,2925.6953125,2925.796875,2925.859375,2925.9296875,2926.015625,2926.109375,2926.21875,2926.28125,2926.34375,2926.40625,2926.4765625,2926.625,2926.8046875,2927.015625,2927.4140625,2928.65625,2929.328125,2930.21875,2931.1328125,2931.78125,2932.4453125,2933.1640625,2934.5859375,2935.21875,2935.515625,2935.7578125,2935.953125,2936.1171875,2936.3046875,2936.4453125,2936.5546875,2936.6328125,2936.734375,2936.8828125,2936.921875,2936.9609375,2937.0078125,2937.0546875,2937.4296875,2937.6484375,2937.765625,2937.8671875,2937.9296875,2938.0,2938.0859375,2938.1796875,2938.2890625,2938.3515625,2938.4140625,2938.4765625,2938.546875,2938.6953125,2938.875,2939.09375,2939.484375,2940.7265625,2941.40625,2942.296875,2943.2109375,2943.8515625,2944.515625,2945.234375,2946.6640625,2947.2890625,2947.5859375,2947.828125,2948.0234375,2948.1875,2948.375,2948.515625,2948.625,2948.703125,2948.8046875,2948.9609375,2948.9921875,2949.03125,2949.0546875,2949.078125,2949.125,2949.5,2949.7265625,2949.84375,2949.953125,2950.015625,2950.0859375,2950.1640625,2950.2578125,2950.3671875,2950.4296875,2950.4921875,2950.5546875,2950.625,2950.7734375,2950.953125,2951.1640625,2951.5546875,2952.796875,2953.46875,2954.359375,2955.2734375,2955.921875,2956.5859375,2957.3046875,2958.734375,2959.3671875,2959.6640625,2959.90625,2960.1015625,2960.265625,2960.453125,2960.59375,2960.703125,2960.78125,2960.8828125,2961.03125,2961.0703125,2961.109375,2961.1484375,2961.203125,2961.578125,2961.796875,2961.9140625,2962.015625,2962.078125,2962.1484375,2962.234375,2962.328125,2962.4375,2962.5,2962.5625,2962.625,2962.6953125,2962.84375,2963.0234375,2963.234375,2963.6328125,2964.875,2965.546875,2966.4375,2967.3515625,2968.0,2968.6640625,2969.3828125,2970.8046875,2971.4375,2971.734375,2971.9765625,2972.171875,2972.3359375,2972.5234375,2972.6640625,2972.7734375,2972.8515625,2972.953125,2973.1015625,2973.140625,2973.1796875,2973.21875,2973.2734375,2973.6484375,2973.8671875,2973.984375,2974.0859375,2974.1484375,2974.21875,2974.3046875,2974.3984375,2974.5078125,2974.5703125,2974.6328125,2974.6953125,2974.765625,2974.9140625,2975.09375,2975.3125,2975.703125,2976.9453125,2977.625,2978.515625,2979.4296875,2980.0703125,2980.734375,2981.453125,2982.8828125,2983.5078125,2983.8046875,2984.046875,2984.2421875,2984.40625,2984.59375,2984.734375,2984.84375,2984.921875,2985.0234375,2985.1796875,2985.2109375,2985.25,2985.2734375,2985.296875,2985.34375,2985.71875,2985.9375,2986.0546875,2986.15625,2986.21875,2986.2890625,2986.3671875,2986.4609375,2986.5703125,2986.6328125,2986.703125,2986.765625,2986.8359375,2986.984375,2987.1640625,2987.3828125,2987.7734375,2989.0234375,2989.6953125,2990.5859375,2991.5078125,2992.1484375,2992.8125,2993.5234375,2994.953125,2995.5859375,2995.8828125,2996.125,2996.3203125,2996.484375,2996.671875,2996.8125,2996.921875,2997.0,2997.1015625,2997.25,2997.2890625,2997.328125,2997.3671875,2997.421875,2997.796875,2998.015625,2998.1328125,2998.234375,2998.296875,2998.3671875,2998.453125,2998.546875,2998.65625,2998.71875,2998.78125,2998.828125,2998.875,2998.9765625,2999.09375,2999.2265625,2999.546875,3000.0,3000.0234375,3000.0859375,3000.2109375,3000.3828125,3000.4921875,3000.609375,3000.7421875,3000.8828125,3001.0390625,3001.21875,3001.4140625,3001.625,3002.125,3002.7734375,3003.578125,3006.0859375,3007.5234375,3009.3046875,3011.1171875,3013.0625,3015.0703125,3017.15625,3019.3359375,3021.7578125,3024.3125,3027.0078125,3029.859375,3032.890625,3036.125,3039.6015625,3043.359375,3046.8828125,3050.6875,3054.828125,3059.375,3069.9609375,3083.625,3098.5859375,3120.515625,3250.0
-66.513,-65.558,-64.735,-62.257,-59.368,-56.197,-52.416,-48.3,-44.386,-37.403,-34.5,-32.636,-30.85,-28.974,-27.014,-24.456,-21.335,-17.301,-12.453,0.21358,35.656,40.795,42.43,41.285,36.613,12.564,-10.831,-49.436,-61.804,-67.995,-70.169,-71.811,-73.103,-74.074,-74.394,-74.633,-74.767,-74.816,-74.787,-74.698,-74.334,-73.705,-72.776,-70.403,-63.952,-60.328,-56.778,-53.349,-50.109,-46.866,-43.685,-37.661,-34.868,-33.165,-31.505,-29.824,-28.131,-25.531,-22.44,-18.748,-13.963,-1.3907,34.257,38.741,39.992,38.607,34.541,-10.836,-48.873,-61.323,-67.721,-69.998,-71.727,-73.089,-74.112,-74.449,-74.701,-74.844,-74.899,-74.872,-74.785,-74.421,-73.79,-72.858,-70.528,-64.039,-60.375,-56.827,-53.361,-50.088,-46.848,-43.671,-37.623,-34.832,-33.13,-31.47,-29.854,-28.177,-25.612,-22.582,-18.629,-13.772,-0.97284,33.3,38.257,39.931,39.574,38.39,34.213,-11.38,-48.626,-62.012,-68.317,-70.561,-72.263,-73.598,-74.54,-75.102,-75.25,-75.306,-75.283,-75.199,-74.836,-74.231,-73.334,-70.996,-64.427,-60.703,-57.06,-53.546,-50.192,-46.914,-43.668,-37.591,-34.761,-33.05,-31.431,-29.806,-28.116,-25.517,-22.424,-18.724,-13.924,-1.2908,34.35,38.771,39.957,38.514,34.393,-11.269,-48.746,-62.299,-68.682,-70.95,-72.665,-74.003,-74.938,-75.267,-75.484,-75.621,-75.665,-75.633,-75.524,-75.102,-74.361,-73.259,-71.283,-64.458,-60.266,-55.844,-51.519,-46.239,-37.589,-34.723,-33.053,-31.436,-29.814,-28.126,-25.533,-22.446,-18.755,-13.968,-1.3655,34.334,38.782,39.985,38.551,34.431,-11.307,-49.012,-62.626,-68.728,-71.101,-72.886,-74.272,-75.234,-75.57,-75.79,-75.927,-75.969,-75.934,-75.82,-75.387,-74.633,-73.556,-71.611,-64.757,-60.549,-56.073,-51.736,-46.303,-37.553,-34.685,-33.012,-31.388,-29.822,-28.138,-25.55,-22.471,-18.793,-14.024,-1.4734,34.279,38.772,40.008,38.595,34.488,-11.314,-49.209,-62.893,-69.025,-71.406,-73.194,-74.576,-75.476,-75.821,-76.046,-76.185,-76.227,-76.19,-76.088,-75.658,-74.901,-73.819,-71.909,-65.03,-60.808,-56.317,-51.93,-46.414,-37.529,-34.621,-32.985,-31.412,-29.853,-28.178,-25.612,-22.571,-18.587,-13.669,-0.63795,33.769,38.547,40.032,38.804,33.991,-10.966,-50.136,-62.909,-69.165,-71.59,-73.406,-74.803,-75.708,-76.252,-76.399,-76.445,-76.41,-76.309,-75.878,-75.151,-74.068,-72.152,-65.251,-60.976,-56.435,-52.042,-46.414,-37.533,-34.628,-32.995,-31.424,-29.869,-28.2,-25.646,-22.624,-18.677,-13.817,-0.96583,33.501,38.427,40.041,38.42,34.175,-10.811,-50.094,-63.008,-69.33,-71.55,-73.457,-74.918,-75.861,-76.426,-76.58,-76.631,-76.598,-76.498,-76.064,-75.333,-74.284,-72.365,-65.445,-61.159,-56.569,-52.13,-46.462,-37.48,-34.57,-32.929,-31.346,-29.774,-28.165,-25.591,-22.535,-18.519,-13.544,-0.32222,34.084,38.709,40.05,38.707,33.791,-11.296,-49.611,-63.469,-69.677,-71.856,-73.725,-75.06,-76.016,-76.586,-76.74,-76.789,-76.754,-76.651,-76.236,-75.505,-74.455,-72.53,-65.64,-61.301,-56.702,-52.256,-46.509,-37.461,-34.549,-32.907,-31.375,-29.811,-28.212,-25.664,-22.653,-18.722,-13.888,-1.1075,33.408,38.393,40.055,39.678,38.47,34.242,-10.821,-50.336,-63.324,-69.681,-71.909,-73.818,-75.176,-76.146,-76.722,-76.876,-76.924,-76.887,-76.782,-76.362,-75.624,-74.567,-72.365,-65.102,-61.429,-56.823,-52.37,-49.436,-46.545,-37.464,-34.516,-32.869,-31.331,-29.756,-28.143,-25.558,-22.479,-18.794,-14.007,-1.375,34.467,38.28,40.053,39.729,38.564,34.392,-10.682,-50.26,-63.361,-69.773,-72.018,-73.938,-75.302,-76.272,-76.844,-76.984,-77.038,-77.006,-76.904,-76.488,-75.785,-74.732,-72.845,-65.884,-61.532,-56.88,-52.387,-49.452,-46.526,-37.447,-34.537,-32.894,-31.362,-29.795,-28.194,-25.637,-22.607,-18.64,-13.743,-0.759,33.746,38.563,40.068,38.845,34.024,-11.138,-50.884,-63.748,-70.044,-72.248,-74.131,-75.467,-76.412,-76.962,-77.092,-77.137,-77.105,-77.002,-76.583,-75.878,-74.821,-72.614,-65.328,-61.644,-57.026,-52.524,-49.548,-46.583,-43.492,-37.436,-34.486,-32.882,-31.348,-29.779,-28.173,-25.605,-22.555,-18.549,-13.586,-0.39031,34.075,38.719,40.069,38.726,33.802,-11.42,-50.096,-63.399,-69.908,-72.184,-74.126,-75.5,-76.471,-77.037,-77.172,-77.221,-77.191,-77.09,-76.672,-75.965,-74.906,-72.696,-65.401,-61.713,-57.091,-52.586,-49.571,-46.605,-43.513,-37.426,-34.475,-32.87,-31.334,-29.762,-28.151,-25.572,-22.501,-18.828,-14.061,-1.4822,34.402,38.87,40.061,38.598,34.437,-11.708,-50.497,-63.654,-70.092,-72.341,-74.26,-75.616,-76.516,-77.099,-77.239,-77.293,-77.265,-77.166,-76.75,-76.044,-74.984,-72.77,-65.512,-61.776,-57.111,-52.604,-49.589,-46.623,-43.497,-37.41,-34.497,-32.895,-31.365,-29.801,-28.203,-25.651,-22.63,-18.676,-13.801,-0.87822,33.663,38.529,40.075,38.879,34.077,-11.147,-51.072,-63.991,-70.313,-74.251,-75.637,-76.557,-77.153,-77.297,-77.354,-77.328,-77.23,-76.815,-76.108,-75.047,-72.831,-65.566,-61.828,-57.159,-52.612,-49.596,-46.63,-43.504,-37.418,-34.468,-32.863,-31.327,-29.821,-28.228,-25.69,-22.694,-18.787,-13.988,-1.3075,34.563,38.342,40.069,39.72,38.533,34.325,-10.877,-50.793,-63.884,-70.289,-72.525,-74.274,-75.676,-76.603,-77.204,-77.35,-77.406,-77.381,-77.282,-76.866,-76.157,-75.134,-72.919,-65.603,-61.863,-57.192,-52.643,-49.626,-46.624,-43.499,-37.413,-34.463,-32.857,-31.321,-29.814,-28.22,-25.677,-22.673,-18.75,-13.924,-1.1576,33.418,38.414,40.074,39.692,38.478,34.233,-10.999,-50.977,-64.01,-70.386,-72.612,-74.351,-75.744,-76.664,-77.257,-77.399,-77.452,-77.423,-77.322,-76.9,-76.186,-75.159,-72.984,-65.709,-61.964,-57.287,-52.732,-49.675,-46.671,-43.51,-37.392,-34.439,-32.83,-31.288,-29.774,-28.168,-25.599,-22.545,-18.9,-14.178,-7.8034,-0.27983,34.194,38.78,40.073,38.683,33.715,-11.611,-50.542,-63.813,-70.305,-72.569,-74.338,-75.753,-76.687,-77.29,-77.435,-77.49,-77.463,-77.363,-76.942,-76.228,-75.2,-73.024,-65.699,-61.954,-57.278,-52.724,-49.668,-46.664,-43.503,-37.385,-34.432,-32.822,-31.279,-29.763,-28.155,-25.578,-22.511,-18.843,-14.081,-1.5149,34.396,38.872,40.067,38.602,34.438,-11.789,-50.78,-63.958,-70.404,-72.653,-74.409,-75.812,-76.737,-77.076,-77.331,-77.472,-77.524,-77.493,-77.39,-76.99,-76.281,-75.255,-73.034,-65.751,-62.004,-57.325,-52.768,-49.71,-46.67,-43.509,-37.391,-34.44,-32.831,-31.29,-29.777,-28.173,-25.606,-22.557,-18.548,-13.579,-0.35307,34.137,38.756,40.076,38.705,33.752,-11.591,-50.568,-63.869,-70.375,-72.644,-74.414,-75.828,-76.76,-77.101,-77.357,-77.5,-77.552,-77.522,-77.419,-77.019,-76.308,-75.282,-73.105,-65.773,-62.024,-57.344,-52.786,-49.691,-46.651,-43.492,-37.409,-34.46,-32.855,-31.318,-29.812,-28.218,-25.676,-22.67,-18.744,-13.913,-1.1241,33.46,38.437,40.077,39.684,38.461,34.202,-11.078,-51.176,-64.199,-70.569,-72.79,-74.524,-75.907,-76.817,-77.372,-77.519,-77.576,-77.549,-77.449,-77.052,-76.344,-75.318,-73.096,-65.806,-62.057,-57.334,-52.777,-49.718,-46.678,-43.517,-37.4,-34.451,-32.845,-31.307,-29.798,-28.2,-25.648,-22.625,-18.665,-13.778,-0.81167,33.744,38.573,40.08,38.851,34.016,-11.301,-50.256,-63.74,-70.335,-72.634,-74.426,-75.856,-76.797,-77.142,-77.401,-77.544,-77.598,-77.568,-77.464,-77.063,-76.351,-75.322,-73.143,-65.851,-62.056,-57.374,-52.814,-49.718,-46.677,-43.517,-37.4,-34.451,-32.845,-31.307,-29.799,-28.201,-25.65,-22.628,-18.671,-13.787,-0.83096,33.729,38.566,40.081,38.857,34.025,-11.297,-50.265,-63.758,-70.357,-72.656,-74.449,-75.878,-76.819,-77.163,-77.42,-77.563,-77.616,-77.585,-77.481,-77.078,-76.364,-75.334,-73.153,-65.859,-62.106,-57.421,-52.859,-49.761,-46.719,-43.523,-37.373,-34.419,-32.854,-31.318,-29.812,-28.219,-25.677,-22.672,-18.748,-13.918,-1.1323,33.457,38.436,40.078,39.685,38.461,34.201,-11.098,-51.246,-64.274,-70.645,-72.866,-74.597,-75.978,-76.883,-77.433,-77.577,-77.631,-77.601,-77.498,-77.096,-76.382,-75.352,-73.17,-65.874,-62.121,-57.395,-52.834,-49.737,-46.696,-43.535,-37.385,-34.433,-32.825,-31.284,-29.77,-28.164,-25.593,-22.536,-18.883,-14.148,-1.6644,34.276,38.82,40.073,38.65,33.651,-11.741,-50.823,-64.065,-70.541,-72.798,-74.557,-75.959,-76.878,-77.438,-77.587,-77.644,-77.617,-77.515,-77.116,-76.404,-75.375,-73.194,-65.897,-62.099,-57.374,-52.815,-49.718,-46.678,-43.517,-37.402,-34.453,-32.848,-31.311,-29.804,-28.208,-25.661,-22.646,-18.703,-13.842,-0.95492,33.621,38.515,40.08,38.894,34.094,-11.231,-50.219,-63.762,-70.386,-72.693,-74.49,-75.923,-76.863,-77.207,-77.463,-77.605,-77.656,-77.624,-77.518,-77.112,-76.395,-75.362,-73.177,-65.924,-62.125,-57.439,-52.876,-49.777,-46.699,-43.538,-37.389,-34.438,-32.831,-31.291,-29.779,-28.176,-25.612,-22.566,-18.564,-13.603,-0.40319,34.104,38.742,40.077,38.717,33.769,-11.612,-50.687,-64.011,-70.526,-72.796,-74.564,-75.973,-76.897,-77.459,-77.608,-77.665,-77.638,-77.536,-77.136,-76.424,-75.394,-73.211,-65.911,-62.156,-57.428,-52.865,-49.767,-46.689,-43.529,-37.379,-34.427,-32.818,-31.276,-29.761,-28.152,-25.576,-22.507,-18.835,-14.066,-1.4743,34.444,38.281,40.069,39.747,38.581,34.399,-10.883,-51.026,-64.191,-70.629,-72.872,-74.619,-76.011,-76.923,-77.475,-77.62,-77.674,-77.644,-77.54,-77.136,-76.42,-75.388,-73.203,-65.948,-62.148,-57.42,-52.858,-49.759,-46.717,-43.522,-37.373,-34.42,-32.856,-31.321,-29.816,-28.223,-25.685,-22.684,-18.768,-13.952,-1.2089,33.391,38.404,40.076,39.698,38.486,34.241,-11.07,-51.256,-64.314,-70.7,-72.925,-74.659,-76.039,-76.942,-77.488,-77.63,-77.681,-77.649,-77.543,-77.137,-76.419,-75.385,-73.198,-65.987,-62.186,-57.455,-52.891,-49.791,-46.713,-43.518,-37.369,-34.415,-32.85,-31.314,-29.808,-28.214,-25.67,-22.661,-18.728,-13.883,-1.0487,33.538,38.476,40.079,38.428,34.146,-11.183,-50.186,-63.768,-70.41,-72.723,-74.524,-75.958,-76.899,-77.242,-77.498,-77.638,-77.687,-77.654,-77.547,-77.139,-76.454,-75.425,-73.242,-65.94,-62.183,-57.493,-52.927,-49.789,-46.711,-43.516,-37.367,-34.413,-32.848,-31.312,-29.805,-28.21,-25.664,-22.651,-18.71,-13.853,-0.97997,33.601,38.506,40.08,38.402,34.105,-11.233,-50.252,-63.806,-70.434,-72.742,-74.539,-75.97,-76.908,-77.25,-77.505,-77.644,-77.693,-77.659,-77.551,-77.142,-76.456,-75.426,-73.242,-65.94,-62.183,-57.493,-52.927,-49.789,-46.711,-43.516,-37.367,-34.414,-32.848,-31.312,-29.806,-28.21,-25.665,-22.652,-18.713,-13.858,-0.99001,33.592,38.502,40.08,38.406,34.11,-11.228,-50.25,-63.808,-70.439,-72.747,-74.545,-75.976,-76.913,-77.255,-77.51,-77.649,-77.697,-77.663,-77.555,-77.145,-76.46,-75.429,-73.245,-65.987,-62.185,-57.495,-52.929,-49.791,-46.713,-43.518,-37.368,-34.416,-32.851,-31.315,-29.809,-28.215,-25.672,-22.664,-18.732,-13.891,-1.0672,33.522,38.469,40.079,38.433,34.155,-11.177,-50.191,-63.781,-70.426,-72.74,-74.542,-75.976,-76.915,-77.258,-77.513,-77.653,-77.701,-77.667,-77.56,-77.15,-76.464,-75.434,-73.249,-65.991,-62.189,-57.499,-52.932,-49.794,-46.716,-43.52,-37.372,-34.419,-32.855,-31.32,-29.815,-28.223,-25.684,-22.683,-18.767,-13.949,-1.2013,33.399,38.409,40.077,39.696,38.482,34.234,-11.087,-51.297,-64.353,-70.737,-72.96,-74.692,-76.07,-76.971,-77.514,-77.655,-77.705,-77.671,-77.564,-77.155,-76.47,-75.439,-73.255,-65.951,-62.194,-57.503,-52.937,-49.799,-46.72,-43.525,-37.376,-34.424,-32.815,-31.272,-29.756,-28.147,-25.568,-22.494,-18.813,-14.028,-1.383,34.524,38.325,40.072,39.73,38.547,34.341,-10.963,-51.151,-64.28,-70.699,-72.935,-74.677,-76.062,-76.968,-77.515,-77.657,-77.708,-77.675,-77.569,-77.161,-76.476,-75.446,-73.262,-65.958,-62.2,-57.469,-52.904,-49.804,-46.725,-43.53,-37.381,-34.43,-32.822,-31.281,-29.767,-28.16,-25.588,-22.528,-18.869,-14.123,-1.6043,34.334,38.847,40.07,38.625,34.472,-11.818,-50.97,-64.189,-70.652,-72.903,-74.656,-76.05,-76.962,-77.514,-77.658,-77.71,-77.679,-77.573,-77.167,-76.483,-75.454,-73.271,-65.966,-62.208,-57.476,-52.911,-49.81,-46.731,-43.535,-37.353,-34.397,-32.83,-31.29,-29.779,-28.176,-25.612,-22.567,-18.564,-13.604,-0.40189,34.108,38.745,40.077,38.714,33.763,-11.637,-50.758,-64.081,-70.595,-72.864,-74.63,-76.036,-76.955,-77.512,-77.658,-77.712,-77.682,-77.578,-77.173,-76.491,-75.463,-73.28,-65.974,-62.216,-57.484,-52.918,-49.818,-46.738,-43.542,-37.359,-34.405,-32.839,-31.301,-29.792,-28.193,-25.639,-22.61,-18.64,-13.733,-0.69983,33.852,38.626,40.081,38.81,33.937,-11.435,-50.517,-63.958,-70.531,-72.819,-74.601,-76.018,-76.946,-77.509,-77.658,-77.714,-77.685,-77.582,-77.18,-76.464,-75.431,-73.244,-65.984,-62.182,-57.452,-52.888,-49.789,-46.711,-43.516,-37.367,-34.414,-32.849,-31.313,-29.807,-28.212,-25.668,-22.657,-18.721,-13.871,-1.0205,33.566,38.49,40.08,38.415,34.126,-11.217,-50.252,-63.823,-70.459,-72.769,-74.567,-75.998,-76.935,-77.505,-77.657,-77.715,-77.689,-77.587,-77.187,-76.473,-75.441,-73.255,-65.995,-62.192,-57.461,-52.859,-49.761,-46.684,-43.523,-37.375,-34.423,-32.86,-31.326,-29.822,-28.232,-25.698,-22.707,-18.807,-14.018,-1.3591,34.545,38.337,40.073,39.725,38.538,34.326,-10.985,-51.186,-64.305,-70.719,-72.953,-74.693,-76.077,-76.981,-77.526,-77.667,-77.717,-77.684,-77.577,-77.168,-76.482,-75.451,-73.266,-66.006,-62.203,-57.512,-52.945,-49.806,-46.727,-43.532,-37.349,-34.393,-32.825,-31.285,-29.772,-28.167,-25.599,-22.544,-18.897,-14.17,-7.7844,-0.24605,34.24,38.805,40.074,38.662,33.671,-11.746,-50.892,-64.154,-70.639,-72.897,-74.655,-76.054,-76.968,-77.521,-77.666,-77.718,-77.687,-77.581,-77.175,-76.491,-75.462,-73.278,-65.972,-62.214,-57.482,-52.916,-49.816,-46.736,-43.54,-37.358,-34.403,-32.837,-31.299,-29.789,-28.189,-25.633,-22.6,-18.622,-13.703,-0.63168,33.912,38.654,40.08,38.788,33.897,-11.485,-50.581,-63.995,-70.554,-72.838,-74.615,-76.03,-76.955,-77.516,-77.664,-77.719,-77.69,-77.586,-77.183,-76.501,-75.473,-73.29,-65.984,-62.182,-57.452,-52.888,-49.789,-46.711,-43.516,-37.367,-34.414,-32.849,-31.313,-29.807,-28.212,-25.668,-22.658,-18.722,-13.873,-1.0255,33.562,38.488,40.08,38.417,34.128,-11.216,-50.255,-63.828,-70.465,-72.775,-74.573,-76.004,-76.941,-77.51,-77.661,-77.72,-77.693,-77.591,-77.19,-76.476,-75.444,-73.257,-65.996,-62.194,-57.463,-52.899,-49.799,-46.72,-43.525,-37.376,-34.425,-32.816,-31.274,-29.758,-28.149,-25.572,-22.501,-18.824,-14.046,-1.4248,34.49,38.306,40.07,39.737,38.561,34.364,-10.941,-51.137,-64.283,-70.71,-72.948,-74.691,-76.077,-76.983,-77.529,-77.671,-77.721,-77.688,-77.581,-77.172,-76.486,-75.455,-73.27,-66.009,-62.206,-57.515,-52.947,-49.809,-46.73,-43.534,-37.352,-34.396,-32.829,-31.289,-29.777,-28.174,-25.609,-22.562,-18.556,-13.59,-0.36926,34.137,38.758,40.077,38.703,33.743,-11.664,-50.798,-64.109,-70.617,-72.883,-74.647,-76.05,-76.968,-77.523,-77.668,-77.722,-77.691,-77.586,-77.18,-76.496,-75.467,-73.283,-65.977,-62.219,-57.486,-52.92,-49.819,-46.74,-43.544,-37.361,-34.408,-32.842,-31.305,-29.797,-28.199,-25.648,-22.625,-18.665,-13.775,-0.79879,33.765,38.585,40.081,38.841,33.995,-11.372,-50.448,-63.928,-70.52,-72.815,-74.601,-76.022,-76.952,-77.516,-77.665,-77.722,-77.693,-77.591,-77.188,-76.472,-75.438,-73.251,-65.99,-62.188,-57.457,-52.893,-49.794,-46.715,-43.52,-37.371,-34.419,-32.855,-31.321,-29.816,-28.224,-25.687,-22.688,-18.774,-13.961,-1.2284,33.375,38.397,40.076,39.7,38.49,34.248,-11.078,-50.087,-63.743,-70.42,-72.745,-74.554,-75.993,-76.936,-77.509,-77.662,-77.722,-77.696,-77.595,-77.196,-76.482,-75.451,-73.265,-66.003,-62.201,-57.469,-52.866,-49.768,-46.691,-43.53,-37.382,-34.431,-32.823,-31.282,-29.769,-28.164,-25.593,-22.536,-18.883,-14.146,-1.6568,34.288,38.827,40.072,38.643,34.501,-11.788,-50.946,-64.186,-70.659,-72.913,-74.668,-76.064,-76.977,-77.528,-77.671,-77.723,-77.691,-77.585,-77.178,-76.493,-75.463,-73.278,-65.972,-62.214,-57.482,-52.916,-49.815,-46.736,-43.54,-37.358,-34.403,-32.837,-31.299,-29.789,-28.19,-25.634,-22.602,-18.625,-13.707,-0.64047,33.904,38.65,40.08,38.791,33.901,-11.481,-50.58,-63.998,-70.558,-72.842,-74.62,-76.035,-76.96,-77.521,-77.668,-77.723,-77.694,-77.59,-77.186,-76.504,-75.476,-73.292,-65.986,-62.184,-57.453,-52.89,-49.79,-46.712,-43.517,-37.368,-34.416,-32.851,-31.316,-29.81,-28.216,-25.674,-22.667,-18.739,-13.901,-1.0897,33.503,38.46,40.079,38.44,34.166,-11.174,-50.206,-63.805,-70.455,-72.77,-74.571,-76.004,-76.943,-77.513,-77.665,-77.723,-77.696,-77.595,-77.194,-76.48,-75.447,-73.261,-66.0,-62.197,-57.466,-52.901,-49.801,-46.723,-43.527,-37.379,-34.428,-32.819,-31.278,-29.763,-28.156,-25.582,-22.517,-18.852,-14.094,-1.5347,34.395,38.874,40.068,38.6,34.429,-11.875,-51.05,-64.24,-70.689,-72.935,-74.683,-76.074,-76.983,-77.531,-77.673,-77.724,-77.691,-77.585,-77.176,-76.491,-75.46,-73.275,-66.014,-62.21,-57.478,-52.913,-49.813,-46.734,-43.538,-37.355,-34.4,-32.834,-31.295,-29.784,-28.183,-25.623,-22.585,-18.596,-13.657,-0.5257,34.004,38.696,40.079,38.753,33.834,-11.56,-50.676,-64.047,-70.586,-72.862,-74.634,-76.044,-76.965,-77.523,-77.67,-77.724,-77.694,-77.59,-77.185,-76.502,-75.473,-73.289,-65.982,-62.224,-57.491,-52.925,-49.787,-46.709,-43.514,-37.366,-34.413,-32.848,-31.312,-29.805,-28.21,-25.665,-22.652,-18.713,-13.857,-0.98765,33.596,38.504,40.08,38.403,34.105,-11.244,-50.294,-63.851,-70.48,-72.787,-74.584,-76.012,-76.948,-77.516,-77.666,-77.724,-77.697,-77.594,-77.193,-76.478,-75.445,-73.258,-65.997,-62.194,-57.463,-52.899,-49.799,-46.72,-43.525,-37.377,-34.425,-32.817,-31.274,-29.759,-28.151,-25.573,-22.503,-18.829,-14.054,-1.4435,34.474,38.298,40.07,39.74,38.567,34.374,-10.93,-51.127,-64.28,-70.711,-72.951,-74.694,-76.081,-76.987,-77.533,-77.675,-77.725,-77.691,-77.584,-77.175,-76.489,-75.458,-73.272,-66.011,-62.208,-57.517,-52.949,-49.81,-46.731,-43.536,-37.353,-34.398,-32.831,-31.292,-29.78,-28.178,-25.616,-22.572,-18.574,-13.62,-0.4386,34.078,38.731,40.078,38.725,33.783,-11.619,-50.747,-64.085,-70.606,-72.876,-74.644,-76.05,-76.969,-77.525,-77.671,-77.725,-77.694,-77.589,-77.183,-76.5,-75.471,-73.287,-65.98,-62.222,-57.489,-52.923,-49.785,-46.708,-43.513,-37.364,-34.411,-32.845,-31.309,-29.802,-28.206,-25.658,-22.641,-18.693,-13.823,-0.9089,33.667,38.538,40.08,38.876,34.059,-11.299,-50.36,-63.885,-70.499,-72.801,-74.593,-76.018,-76.951,-77.518,-77.667,-77.725,-77.697,-77.594,-77.192,-76.476,-75.443,-73.256,-65.994,-62.192,-57.461,-52.897,-49.797,-46.719,-43.523,-37.375,-34.423,-32.814,-31.272,-29.756,-28.146,-25.567,-22.493,-18.81,-14.023,-1.3719,34.535,38.331,40.072,39.727,38.542,34.332,-10.98,-51.187,-64.311,-70.728,-72.963,-74.703,-76.086,-76.99,-77.535,-77.676,-77.725,-77.691,-77.584,-77.174,-76.487,-75.456,-73.27,-66.009,-62.206,-57.515,-52.947,-49.809,-46.73,-43.534,-37.351,-34.396,-32.829,-31.289,-29.777,-28.174,-25.609,-22.562,-18.556,-13.59,-0.36905,34.137,38.758,40.076,38.702,33.742,-11.666,-50.804,-64.114,-70.622,-72.888,-74.652,-76.055,-76.972,-77.527,-77.672,-77.725,-77.694,-77.589,-77.182,-76.498,-75.469,-73.285,-65.978,-62.22,-57.487,-52.921,-49.784,-46.706,-43.511,-37.362,-34.409,-32.843,-31.306,-29.799,-28.202,-25.652,-22.631,-18.677,-13.795,-0.84492,33.724,38.565,40.081,38.856,34.021,-11.343,-50.414,-63.913,-70.514,-72.812,-74.601,-76.023,-76.954,-77.519,-77.668,-77.725,-77.697,-77.594,-77.191,-76.51,-75.482,-73.299,-65.992,-62.19,-57.459,-52.895,-49.796,-46.717,-43.522,-37.373,-34.422,-32.858,-31.324,-29.82,-28.229,-25.694,-22.7,-18.795,-13.998,-1.3127,34.585,38.359,40.074,39.716,38.52,34.297,-11.021,-51.237,-64.337,-70.742,-72.973,-74.71,-76.091,-76.993,-77.536,-77.676,-77.725,-77.699,-77.598,-77.199,-76.486,-75.454,-73.268,-66.007,-62.204,-57.473,-52.869,-49.771,-46.693,-43.533,-37.384,-34.434,-32.827,-31.287,-29.775,-28.171,-25.604,-22.554,-18.542,-13.565,-0.31062,34.186,38.78,40.075,38.683,33.708,-11.706,-50.851,-64.139,-70.636,-72.897,-74.659,-76.059,-76.975,-77.528,-77.673,-77.725,-77.694,-77.588,-77.182,-76.497,-75.468,-73.283,-65.976,-62.218,-57.486,-52.92,-49.819,-46.74,-43.544,-37.361,-34.407,-32.842,-31.304,-29.796,-28.199,-25.647,-22.623,-18.663,-13.772,-0.7903,33.773,38.588,40.081,38.838,33.989,-11.38,-50.46,-63.937,-70.527,-72.821,-74.607,-76.027,-76.956,-77.52,-77.669,-77.725,-77.696,-77.593,-77.19,-76.508,-75.481,-73.298,-65.991,-62.189,-57.458,-52.894,-49.794,-46.716,-43.521,-37.372,-34.42,-32.856,-31.322,-29.818,-28.226,-25.69,-22.693,-18.782,-13.975,-1.2614,33.345,38.382,40.075,39.706,38.502,34.267,-11.057,-51.279,-64.359,-70.754,-72.981,-74.715,-76.094,-76.995,-77.537,-77.677,-77.725,-77.699,-77.598,-77.199,-76.485,-75.453,-73.267,-66.005,-62.203,-57.471,-52.868,-49.769,-46.692,-43.532,-37.383,-34.433,-32.825,-31.285,-29.772,-28.168,-25.6,-22.546,-18.9,-14.175,-7.7935,-0.25923,34.229,38.8,40.074,38.666,33.678,-11.741,-50.893,-64.16,-70.647,-72.906,-74.664,-76.063,-76.977,-77.529,-77.673,-77.725,-77.694,-77.588,-77.181,-76.496,-75.466,-73.282,-65.975,-62.217,-57.484,-52.919,-49.818,-46.739,-43.542,-37.36,-34.406,-32.84,-31.303,-29.794,-28.196,-25.643,-22.616,-18.65,-13.751,-0.74161,33.816,38.609,40.081,38.823,33.96,-11.413,-50.5,-63.958,-70.538,-72.829,-74.612,-76.031,-76.958,-77.521,-77.669,-77.725,-77.696,-77.593,-77.189,-76.507,-75.479,-73.296,-65.989,-62.187,-57.457,-52.893,-49.793,-46.715,-43.52,-37.371,-34.419,-32.855,-31.32,-29.816,-28.224,-25.685,-22.686,-18.771,-13.955,-1.2151,33.388,38.403,40.076,39.698,38.485,34.239,-11.089,-50.102,-63.753,-70.428,-72.751,-74.56,-75.998,-76.94,-77.513,-77.665,-77.725,-77.699,-77.598,-77.198,-76.484,-75.452,-73.265,-66.004,-62.201,-57.47,-52.867,-49.768,-46.691,-43.53,-37.382,-34.432,-32.824,-31.283,-29.77,-28.165,-25.596,-22.54,-18.889,-14.156,-1.6798,34.268,38.817,40.073,38.651,33.651,-11.772,-50.93,-64.179,-70.658,-72.913,-74.669,-76.066,-76.979,-77.53,-77.674,-77.725,-77.694,-77.587,-77.18,-76.495,-75.465,-73.28,-65.973,-62.215,-57.483,-52.917,-49.817,-46.737,-43.541,-37.359,-34.405,-32.839,-31.301,-29.792,-28.193,-25.639,-22.61,-18.639,-13.731,-0.69666,33.855,38.627,40.081,38.808,33.934,-11.444,-50.538,-63.977,-70.549,-72.836,-74.617,-76.034,-76.96,-77.522,-77.67,-77.725,-77.696,-77.592,-77.189,-76.506,-75.478,-73.295,-65.988,-62.186,-57.456,-52.892,-49.792,-46.714,-43.519,-37.37,-34.418,-32.854,-31.319,-29.814,-28.221,-25.681,-22.679,-18.76,-13.937,-1.172,33.428,38.423,40.077,39.689,38.47,34.214,-11.118,-50.139,-63.772,-70.438,-72.759,-74.565,-76.001,-76.942,-77.514,-77.666,-77.725,-77.699,-77.597,-77.197,-76.483,-75.451,-73.264,-66.003,-62.2,-57.469,-52.866,-49.767,-46.69,-43.529,-37.381,-34.431,-32.823,-31.282,-29.768,-28.162,-25.592,-22.533,-18.878,-14.138,-1.6382,34.305,38.834,40.071,38.636,34.49,-11.802,-50.965,-64.198,-70.668,-72.92,-74.674,-76.069,-76.98,-77.531,-77.674,-77.726,-77.693,-77.587,-77.179,-76.494,-75.464,-73.279,-66.017,-62.214,-57.482,-52.916,-49.816,-46.736,-43.54,-37.358,-34.404,-32.837,-31.299,-29.79,-28.191,-25.635,-22.604,-18.628,-13.713,-0.65406,33.892,38.645,40.08,38.795,33.909,-11.473,-50.573,-63.995,-70.559,-72.843,-74.622,-76.037,-76.962,-77.523,-77.67,-77.725,-77.696,-77.592,-77.188,-76.505,-75.477,-73.294,-65.987,-62.185,-57.454,-52.89,-49.791,-46.713,-43.518,-37.369,-34.417,-32.852,-31.317,-29.812,-28.219,-25.678,-22.673,-18.749,-13.919,-1.1308,33.466,38.441,40.078,38.455,34.19,-11.147,-50.174,-63.79,-70.448,-72.766,-74.569,-76.004,-76.943,-77.514,-77.666,-77.725,-77.698,-77.597,-77.196,-76.482,-75.449,-73.263,-66.001,-62.199,-57.468,-52.865,-49.766,-46.689,-43.529,-37.38,-34.429,-32.821,-31.28,-29.766,-28.16,-25.588,-22.527,-18.868,-14.121,-1.5983,34.34,38.85,40.07,38.622,34.466,-11.831,-50.999,-64.215,-70.677,-72.927,-74.679,-76.072,-76.982,-77.532,-77.674,-77.726,-77.693,-77.587,-77.178,-76.493,-75.463,-73.278,-66.016,-62.213,-57.481,-52.915,-49.815,-46.736,-43.539,-37.357,-34.403,-32.836,-31.298,-29.788,-28.188,-25.631,-22.598,-18.618,-13.695,-0.61295,33.928,38.661,40.08,38.782,33.885,-11.501,-50.607,-64.013,-70.568,-72.85,-74.627,-76.04,-76.964,-77.523,-77.671,-77.725,-77.696,-77.592,-77.187,-76.504,-75.476,-73.292,-65.986,-62.184,-57.453,-52.889,-49.79,-46.712,-43.517,-37.368,-34.416,-32.851,-31.316,-29.81,-28.216,-25.674,-22.667,-18.739,-13.902,-1.0908,33.502,38.459,40.079,38.44,34.166,-11.174,-50.208,-63.808,-70.458,-72.772,-74.574,-76.007,-76.945,-77.515,-77.667,-77.725,-77.698,-77.597,-77.196,-76.481,-75.448,-73.262,-66.0,-62.198,-57.466,-52.902,-49.802,-46.723,-43.528,-37.379,-34.428,-32.82,-31.279,-29.764,-28.158,-25.584,-22.521,-18.858,-14.104,-1.5595,34.374,38.865,40.069,38.608,34.443,-11.859,-51.032,-64.232,-70.686,-72.933,-74.683,-76.074,-76.984,-77.532,-77.675,-77.726,-77.693,-77.586,-77.178,-76.492,-75.462,-73.276,-66.015,-62.212,-57.48,-52.914,-49.814,-46.735,-43.539,-37.356,-34.402,-32.835,-31.296,-29.786,-28.186,-25.628,-22.592,-18.608,-13.678,-0.57275,33.963,38.678,40.08,38.769,33.861,-11.528,-50.639,-64.03,-70.577,-72.856,-74.631,-76.042,-76.965,-77.524,-77.671,-77.726,-77.696,-77.591,-77.186,-76.504,-75.475,-73.291,-65.984,-62.226,-57.493,-52.927,-49.789,-46.711,-43.516,-37.367,-34.414,-32.85,-31.314,-29.808,-28.214,-25.671,-22.662,-18.729,-13.885,-1.0517,33.538,38.476,40.079,38.426,34.143,-11.201,-50.242,-63.825,-70.467,-72.779,-74.578,-76.01,-76.947,-77.516,-77.667,-77.725,-77.698,-77.596,-77.195,-76.48,-75.447,-73.26,-65.999,-62.197,-57.465,-52.901,-49.801,-46.722,-43.527,-37.378,-34.427,-32.819,-31.277,-29.763,-28.155,-25.581,-22.515,-18.848,-14.088,-1.5213,34.407,38.879,39.721,40.067,38.595,34.42,-11.886,-51.064,-64.248,-70.695,-72.939,-74.687,-76.077,-76.985,-77.533,-77.675,-77.726,-77.693,-77.586,-77.177,-76.491,-75.461,-73.275,-66.014,-62.211,-57.519,-52.951,-49.813,-46.734,-43.538,-37.355,-34.401,-32.834,-31.295,-29.785,-28.184,-25.624,-22.586,-18.598,-13.661,-0.53312,33.997,38.693,40.079,38.756,33.838,-11.555,-50.672,-64.046,-70.586,-72.863,-74.635,-76.045,-76.967,-77.525,-77.671,-77.726,-77.695,-77.591,-77.186,-76.503,-75.474,-73.29,-65.983,-62.225,-57.492,-52.926,-49.788,-46.71,-43.515,-37.366,-34.413,-32.849,-31.313,-29.806,-28.212,-25.667,-22.656,-18.719,-13.868,-1.0129,33.573,38.493,40.08,38.412,34.12,-11.228,-50.274,-63.842,-70.476,-72.785,-74.583,-76.012,-76.948,-77.517,-77.667,-77.725,-77.698,-77.596,-77.194,-76.479,-75.446,-73.259,-65.998,-62.195,-57.464,-52.9,-49.8,-46.721,-43.526,-37.377,-34.426,-32.818,-31.276,-29.761,-28.153,-25.577,-22.51,-18.839,-14.071,-1.4835,34.439,38.279,40.068,39.747,38.581,34.398,-10.903,-51.096,-64.265,-70.704,-72.946,-74.691,-76.08,-76.987,-77.534,-77.675,-77.725,-77.7,-77.601,-77.203,-76.49,-75.459,-73.274,-66.012,-62.209,-57.477,-52.874,-49.775,-46.698,-43.503,-37.389,-34.439,-32.833,-31.294,-29.783,-28.181,-25.621,-22.58,-18.588,-13.644,-0.49383,34.031,38.709,40.079,38.743,33.815,-11.582,-50.704,-64.063,-70.595,-72.869,-74.64,-76.048,-76.968,-77.526,-77.672,-77.726,-77.695,-77.59,-77.185,-76.502,-75.473,-73.289,-65.982,-62.223,-57.491,-52.925,-49.787,-46.709,-43.514,-37.365,-34.412,-32.847,-31.311,-29.805,-28.209,-25.664,-22.65,-18.709,-13.851,-0.97451,33.608,38.51,40.08,38.398,34.097,-11.254,-50.307,-63.858,-70.485,-72.791,-74.587,-76.015,-76.95,-77.517,-77.668,-77.725,-77.698,-77.595,-77.194,-76.478,-75.445,-73.258,-65.997,-62.194,-57.463,-52.899,-49.799,-46.72,-43.525,-37.377,-34.425,-32.817,-31.274,-29.759,-28.151,-25.574,-22.504,-18.829,-14.055,-1.4459,34.472,38.297,40.07,39.74,38.568,34.376,-10.929,-51.127,-64.281,-70.712,-72.952,-74.696,-76.082,-76.988,-77.534,-77.676,-77.725,-77.7,-77.6,-77.202,-76.49,-75.458,-73.273,-66.011,-62.208,-57.476,-52.873,-49.774,-46.697,-43.502,-37.388,-34.438,-32.831,-31.292,-29.781,-28.179,-25.617,-22.575,-18.578,-13.627,-0.45473,34.064,38.724,40.078,38.73,33.792,-11.609,-50.736,-64.079,-70.604,-72.875,-74.644,-76.05,-76.97,-77.526,-77.672,-77.726,-77.695,-77.59,-77.184,-76.501,-75.472,-73.288,-65.981,-62.222,-57.49,-52.924,-49.786,-46.708,-43.513,-37.364,-34.411,-32.846,-31.31,-29.803,-28.207,-25.66,-22.645,-18.7,-13.835,-0.93623,33.643,38.527,40.08,38.884,34.075,-11.28,-50.339,-63.875,-70.494,-72.798,-74.591,-76.018,-76.951,-77.518,-77.668,-77.725,-77.697,-77.595,-77.193,-76.477,-75.444,-73.257,-65.995,-62.193,-57.462,-52.898,-49.798,-46.719,-43.524,-37.376,-34.424,-32.815,-31.273,-29.757,-28.148,-25.57,-22.498,-18.82,-14.039,-1.4084,34.504,38.314,40.071,39.734,38.555,34.354,-10.955,-51.158,-64.297,-70.721,-72.958,-74.7,-76.085,-76.99,-77.535,-77.676,-77.725,-77.7,-77.6,-77.202,-76.489,-75.457,-73.272,-66.01,-62.207,-57.475,-52.872,-49.773,-46.696,-43.501,-37.387,-34.437,-32.83,-31.291,-29.779,-28.177,-25.614,-22.569,-18.568,-13.61,-0.41574,34.098,38.74,40.077,38.718,33.769,-11.635,-50.767,-64.096,-70.613,-72.881,-74.648,-76.053,-76.971,-77.527,-77.672,-77.726,-77.695,-77.59,-77.184,-76.5,-75.471,-73.286,-65.98,-62.221,-57.489,-52.923,-49.785,-46.707,-43.512,-37.364,-34.41,-32.845,-31.308,-29.801,-28.205,-25.657,-22.639,-18.69,-13.818,-0.89803,33.677,38.543,40.081,38.872,34.052,-11.307,-50.371,-63.891,-70.503,-72.804,-74.595,-76.02,-76.953,-77.519,-77.668,-77.725,-77.697,-77.595,-77.192,-76.476,-75.443,-73.256,-65.994,-62.192,-57.461,-52.897,-49.797,-46.719,-43.523,-37.375,-34.423,-32.814,-31.272,-29.756,-28.146,-25.567,-22.492,-18.81,-14.023,-1.371,34.536,38.332,40.072,39.727,38.541,34.331,-10.981,-51.189,-64.313,-70.73,-72.964,-74.704,-76.087,-76.991,-77.535,-77.676,-77.725,-77.7,-77.599,-77.201,-76.488,-75.456,-73.27,-66.009,-62.206,-57.474,-52.871,-49.772,-46.695,-43.5,-37.386,-34.436,-32.829,-31.289,-29.778,-28.174,-25.61,-22.563,-18.558,-13.593,-0.37679,34.131,38.755,40.077,38.705,33.747,-11.661,-50.799,-64.112,-70.621,-72.888,-74.652,-76.055,-76.973,-77.527,-77.673,-77.726,-77.695,-77.589,-77.183,-76.499,-75.47,-73.285,-65.978,-62.22,-57.487,-52.922,-49.784,-46.706,-43.511,-37.363,-34.409,-32.844,-31.307,-29.799,-28.203,-25.653,-22.634,-18.68,-13.802,-0.85985,33.711,38.559,40.081,38.86,34.03,-11.333,-50.403,-63.908,-70.512,-72.81,-74.6,-76.023,-76.954,-77.519,-77.669,-77.725,-77.697,-77.594,-77.192,-76.51,-75.483,-73.3,-65.993,-62.191,-57.46,-52.896,-49.796,-46.718,-43.522,-37.374,-34.422,-32.859,-31.325,-29.821,-28.231,-25.696,-22.703,-18.801,-14.007,-1.3335,34.568,38.349,40.073,39.72,38.528,34.309,-11.007,-51.22,-64.329,-70.738,-72.97,-74.708,-76.09,-76.992,-77.536,-77.677,-77.725,-77.699,-77.599,-77.2,-76.487,-75.455,-73.269,-66.008,-62.205,-57.473,-52.87,-49.771,-46.694,-43.533,-37.385,-34.435,-32.828,-31.288,-29.776,-28.172,-25.607,-22.558,-18.548,-13.576,-0.33784,34.163,38.77,40.076,38.692,33.724,-11.688,-50.83,-64.128,-70.63,-72.894,-74.656,-76.058,-76.974,-77.528,-77.673,-77.726,-77.694,-77.589,-77.182,-76.498,-75.468,-73.284,-65.977,-62.219,-57.486,-52.921,-49.783,-46.705,-43.511,-37.362,-34.408,-32.843,-31.306,-29.798,-28.2,-25.65,-22.628,-18.671,-13.785,-0.82167,33.745,38.575,40.081,38.848,34.008,-11.359,-50.434,-63.924,-70.52,-72.816,-74.604,-76.026,-76.956,-77.52,-77.669,-77.725,-77.697,-77.594,-77.191,-76.509,-75.482,-73.299,-65.992,-62.19,-57.459,-52.895,-49.795,-46.717,-43.521,-37.373,-34.421,-32.857,-31.323,-29.819,-28.228,-25.693,-22.698,-18.791,-13.99,-1.2961,33.313,38.366,40.074,39.713,38.514,34.287,-11.033,-51.251,-64.345,-70.747,-72.976,-74.712,-76.092,-76.994,-77.537,-77.677,-77.725,-77.699,-77.599,-77.199,-76.486,-75.454,-73.268,-66.007,-62.204,-57.472,-52.869,-49.77,-46.693,-43.532,-37.384,-34.434,-32.827,-31.286,-29.774,-28.17,-25.603,-22.552,-18.91,-14.192,-7.8204,-0.29888,34.196,38.785,40.075,38.679,33.701,-11.714,-50.861,-64.144,-70.639,-72.9,-74.66,-76.061,-76.976,-77.529,-77.673,-77.726,-77.694,-77.588,-77.182,-76.497,-75.467,-73.283,-65.976,-62.218,-57.485,-52.92,-49.819,-46.74,-43.543,-37.361,-34.407,-32.841,-31.304,-29.796,-28.198,-25.646,-22.622,-18.661,-13.769,-0.78347,33.779,38.591,40.081,38.836,33.985,-11.385,-50.466,-63.94,-70.529,-72.823,-74.608,-76.028,-76.957,-77.521,-77.669,-77.725,-77.697,-77.593,-77.19,-76.509,-75.481,-73.298,-65.991,-62.189,-57.458,-52.894,-49.794,-46.716,-43.521,-37.372,-34.42,-32.856,-31.322,-29.818,-28.226,-25.689,-22.692,-18.782,-13.974,-1.2587,33.347,38.384,40.075,39.706,38.501,34.265,-11.059,-51.282,-64.361,-70.755,-72.982,-74.716,-76.095,-76.995,-77.537,-77.677,-77.725,-77.699,-77.598,-77.199,-76.485,-75.453,-73.267,-66.005,-62.203,-57.471,-52.868,-49.769,-46.692,-43.532,-37.383,-34.433,-32.825,-31.285,-29.772,-28.168,-25.6,-22.546,-18.9,-14.176,-7.7939,-0.25989,34.229,38.8,40.074,38.666,33.678,-11.74,-50.892,-64.16,-70.647,-72.906,-74.665,-76.063,-76.977,-77.529,-77.673,-77.726,-77.694,-77.588,-77.181,-76.496,-75.466,-73.282,-65.975,-62.217,-57.484,-52.919,-49.818,-46.739,-43.542,-37.36,-34.406,-32.84,-31.303,-29.794,-28.196,-25.643,-22.617,-18.651,-13.752,-0.74523,33.813,38.607,40.081,38.824,33.963,-11.411,-50.498,-63.957,-70.538,-72.829,-74.612,-76.031,-76.959,-77.521,-77.67,-77.725,-77.696,-77.593,-77.19,-76.508,-75.48,-73.297,-65.99,-62.188,-57.457,-52.893,-49.793,-46.715,-43.52,-37.371,-34.419,-32.855,-31.32,-29.816,-28.224,-25.686,-22.687,-18.772,-13.958,-1.2212,33.382,38.401,40.076,39.699,38.488,34.243,-11.085,-50.098,-63.75,-70.427,-72.751,-74.559,-75.998,-76.94,-77.513,-77.666,-77.725,-77.699,-77.598,-77.198,-76.484,-75.452,-73.266,-66.004,-62.202,-57.47,-52.867,-49.769,-46.691,-43.531,-37.382,-34.432,-32.824,-31.284,-29.771,-28.165,-25.596,-22.541,-18.891,-14.16,-7.7674,-0.22085,34.261,38.814,40.073,38.654,33.656,-11.767,-50.924,-64.176,-70.656,-72.912,-74.669,-76.066,-76.979,-77.53,-77.674,-77.725,-77.701,-77.603,-77.207,-76.495,-75.465,-73.281,-65.974,-62.172,-57.443,-52.841,-49.744,-46.668,-43.508,-37.393,-34.445,-32.839,-31.301,-29.792,-28.194,-25.64,-22.611,-18.642,-13.736,-0.70695,33.846,38.623,40.081,38.812,33.94,-11.437,-50.529,-63.973,-70.547,-72.835,-74.616,-76.033,-76.96,-77.522,-77.67,-77.725,-77.696,-77.593,-77.189,-76.507,-75.479,-73.295,-65.988,-62.186,-57.456,-52.892,-49.792,-46.714,-43.519,-37.37,-34.418,-32.854,-31.319,-29.814,-28.222,-25.683,-22.681,-18.763,-13.942,-1.1837,33.417,38.418,40.077,39.692,38.474,34.221,-11.11,-50.13,-63.767,-70.436,-72.757,-74.563,-76.001,-76.941,-77.514,-77.666,-77.725,-77.699,-77.597,-77.197,-76.483,-75.451,-73.265,-66.003,-62.2,-57.469,-52.866,-49.768,-46.69,-43.53,-37.381,-34.431,-32.823,-31.282,-29.769,-28.163,-25.593,-22.535,-18.882,-14.144,-1.651,34.294,38.829,40.072,38.641,34.497,-11.793,-50.955,-64.192,-70.665,-72.918,-74.673,-76.068,-76.98,-77.531,-77.674,-77.725,-77.701,-77.602,-77.206,-76.495,-75.464,-73.279,-65.973,-62.171,-57.442,-52.84,-49.743,-46.667,-43.507,-37.393,-34.444,-32.838,-31.3,-29.791,-28.191,-25.636,-22.606,-18.632,-13.719,-0.66862,33.88,38.639,40.08,38.799,33.918,-11.463,-50.561,-63.989,-70.555,-72.841,-74.621,-76.036,-76.962,-77.523,-77.67,-77.726,-77.696,-77.592,-77.188,-76.506,-75.478,-73.294,-65.987,-62.185,-57.455,-52.891,-49.791,-46.713,-43.518,-37.369,-34.417,-32.853,-31.318,-29.813,-28.22,-25.679,-22.676,-18.753,-13.926,-1.1461,33.452,38.434,40.078,39.685,38.46,34.199,-11.136,-50.162,-63.783,-70.445,-72.763,-74.568,-76.003,-76.943,-77.514,-77.666,-77.725,-77.699,-77.597,-77.197,-76.482,-75.45,-73.263,-66.002,-62.199,-57.468,-52.865,-49.767,-46.689,-43.529,-37.381,-34.43,-32.822,-31.281,-29.767,-28.161,-25.589,-22.53,-18.872,-14.128,-1.6142,34.326,38.843,40.071,38.628,34.475,-11.82,-50.986,-64.208,-70.673,-72.924,-74.677,-76.071,-76.981,-77.531,-77.674,-77.725,-77.701,-77.602,-77.205,-76.494,-75.463,-73.278,-65.971,-62.17,-57.441,-52.877,-49.779,-46.701,-43.506,-37.392,-34.443,-32.837,-31.299,-29.789,-28.189,-25.633,-22.6,-18.622,-13.703,-0.63023,33.913,38.654,40.08,38.787,33.895,-11.489,-50.592,-64.006,-70.564,-72.847,-74.625,-76.038,-76.963,-77.523,-77.671,-77.726,-77.696,-77.592,-77.187,-76.505,-75.476,-73.293,-65.986,-62.184,-57.454,-52.89,-49.79,-46.712,-43.517,-37.369,-34.416,-32.852,-31.316,-29.811,-28.217,-25.676,-22.67,-18.743,-13.909,-1.1084,33.486,38.451,40.078,38.447,34.176,-11.162,-50.194,-63.8,-70.454,-72.769,-74.572,-76.006,-76.944,-77.515,-77.666,-77.725,-77.698,-77.597,-77.196,-76.481,-75.449,-73.262,-66.001,-62.198,-57.467,-52.902,-49.802,-46.724,-43.528,-37.38,-34.429,-32.821,-31.279,-29.765,-28.159,-25.586,-22.524,-18.863,-14.112,-1.5773,34.358,38.858,40.069,38.615,34.454,-11.846,-51.017,-64.224,-70.682,-72.93,-74.681,-76.073,-76.983,-77.532,-77.675,-77.725,-77.701,-77.602,-77.205,-76.493,-75.462,-73.277,-65.97,-62.169,-57.44,-52.877,-49.778,-46.7,-43.505,-37.391,-34.442,-32.836,-31.297,-29.787,-28.187,-25.629,-22.595,-18.613,-13.686,-0.59179,33.947,38.67,40.08,38.775,33.873,-11.515,-50.624,-64.022,-70.573,-72.853,-74.629,-76.041,-76.965,-77.524,-77.671,-77.726,-77.696,-77.591,-77.187,-76.504,-75.475,-73.292,-65.985,-62.226,-57.493,-52.927,-49.789,-46.711,-43.516,-37.368,-34.415,-32.85,-31.315,-29.809,-28.215,-25.672,-22.664,-18.734,-13.893,-1.0707,33.521,38.468,40.079,38.433,34.154,-11.188,-50.225,-63.816,-70.462,-72.776,-74.576,-76.008,-76.946,-77.516,-77.667,-77.725,-77.698,-77.596,-77.195,-76.48,-75.448,-73.261,-66.0,-62.197,-57.466,-52.901,-49.801,-46.723,-43.527,-37.379,-34.428,-32.82,-31.278,-29.764,-28.156,-25.582,-22.518,-18.853,-14.096,-1.5403,34.39,38.872,40.068,38.602,34.432,-11.872,-51.048,-64.24,-70.691,-72.936,-74.685,-76.076,-76.984,-77.533,-77.675,-77.725,-77.701,-77.601,-77.204,-76.492,-75.461,-73.276,-65.969,-62.168,-57.438,-52.876,-49.777,-46.699,-43.504,-37.39,-34.441,-32.834,-31.296,-29.785,-28.185,-25.626,-22.589,-18.603,-13.669,-0.55329,33.98,38.685,40.079,38.762,33.85,-11.542,-50.655,-64.038,-70.582,-72.86,-74.633,-76.044,-76.966,-77.525,-77.671,-77.726,-77.696,-77.591,-77.186,-76.503,-75.474,-73.291,-65.984,-62.225,-57.492,-52.926,-49.788,-46.71,-43.515,-37.367,-34.414,-32.849,-31.313,-29.807,-28.213,-25.669,-22.659,-18.724,-13.877,-1.033,33.555,38.485,40.079,38.419,34.132,-11.214,-50.257,-63.833,-70.471,-72.782,-74.58,-76.011,-76.947,-77.516,-77.667,-77.725,-77.698,-77.596,-77.195,-76.48,-75.447,-73.26,-65.998,-62.196,-57.465,-52.9,-49.8,-46.722,-43.526,-37.378,-34.427,-32.818,-31.277,-29.762,-28.154,-25.579,-22.513,-18.844,-14.08,-1.5033,34.422,38.269,40.068,39.751,38.588,34.41,-10.889,-51.079,-64.256,-70.699,-72.942,-74.689,-76.078,-76.986,-77.533,-77.675,-77.725,-77.7,-77.601,-77.203,-76.491,-75.46,-73.275,-66.013,-62.21,-57.478,-52.875,-49.776,-46.698,-43.504,-37.389,-34.44,-32.833,-31.294,-29.784,-28.182,-25.622,-22.583,-18.593,-13.653,-0.51474,34.013,38.701,40.079,38.75,33.827,-11.568,-50.687,-64.054,-70.59,-72.866,-74.637,-76.046,-76.967,-77.525,-77.671,-77.726,-77.695,-77.591,-77.185,-76.502,-75.473,-73.289,-65.983,-62.224,-57.491,-52.925,-49.788,-46.71,-43.514,-37.366,-34.413,-32.848,-31.312,-29.806,-28.211,-25.665,-22.653,-18.715,-13.86,-0.99518,33.589,38.501,40.08,38.406,34.11,-11.24,-50.289,-63.849,-70.48,-72.788,-74.585,-76.014,-76.949,-77.517,-77.667,-77.725,-77.698,-77.596,-77.194,-76.479,-75.446,-73.259,-65.997,-62.195,-57.464,-52.899,-49.799,-46.721,-43.525,-37.377,-34.426,-32.817,-31.275,-29.76,-28.152,-25.576,-22.507,-18.834,-14.064,-1.4663,34.454,38.287,40.069,39.744,38.575,34.388,-10.915,-51.11,-64.272,-70.708,-72.948,-74.693,-76.081,-76.987,-77.534,-77.676,-77.725,-77.7,-77.6,-77.203,-76.49,-75.459,-73.273,-66.012,-62.209,-57.477,-52.874,-49.775,-46.697,-43.503,-37.388,-34.439,-32.832,-31.293,-29.782,-28.18,-25.619,-22.578,-18.583,-13.636,-0.47612,34.046,38.716,40.078,38.737,33.805,-11.594,-50.718,-64.07,-70.599,-72.872,-74.641,-76.049,-76.969,-77.526,-77.672,-77.725,-77.702,-77.605,-77.211,-76.501,-75.472,-73.288,-65.981,-62.18,-57.45,-52.848,-49.75,-46.709,-43.514,-37.365,-34.412,-32.847,-31.311,-29.804,-28.208,-25.662,-22.648,-18.705,-13.844,-0.95732,33.624,38.517,40.08,38.891,34.087,-11.266,-50.321,-63.866,-70.489,-72.794,-74.589,-76.016,-76.95,-77.518,-77.668,-77.725,-77.698,-77.595,-77.193,-76.478,-75.445,-73.257,-65.996,-62.194,-57.463,-52.898,-49.798,-46.72,-43.525,-37.376,-34.425,-32.816,-31.274,-29.758,-28.15,-25.572,-22.501,-18.825,-14.048,-1.4291,34.486,38.305,40.07,39.737,38.562,34.366,-10.941,-51.141,-64.288,-70.716,-72.954,-74.697,-76.083,-76.989,-77.534,-77.676,-77.725,-77.7,-77.6,-77.202,-76.489,-75.458,-73.272,-66.011,-62.208,-57.476,-52.873,-49.774,-46.696,-43.502,-37.387,-34.438,-32.831,-31.291,-29.78,-28.178,-25.616,-22.572,-18.574,-13.619,-0.43745,34.079,38.731,40.078,38.725,33.782,-11.62,-50.75,-64.087,-70.608,-72.878,-74.646,-76.051,-76.97,-77.526,-77.672,-77.725,-77.702,-77.605,-77.21,-76.5,-75.471,-73.287,-65.98,-62.179,-57.449,-52.847,-49.749,-46.708,-43.513,-37.364,-34.411,-32.846,-31.309,-29.802,-28.206,-25.659,-22.642,-18.695,-13.828,-0.91939,33.658,38.534,40.08,38.879,34.065,-11.292,-50.353,-63.882,-70.498,-72.8,-74.593,-76.019,-76.952,-77.518,-77.668,-77.725,-77.697,-77.595,-77.193,-76.477,-75.444,-73.256,-65.995,-62.193,-57.462,-52.897,-49.798,-46.719,-43.524,-37.375,-34.424,-32.815,-31.272,-29.757,-28.147,-25.569,-22.496,-18.816,-14.032,-1.392,34.518,38.322,40.071,39.731,38.549,34.344,-10.967,-51.172,-64.304,-70.725,-72.961,-74.702,-76.086,-76.99,-77.535,-77.676,-77.725,-77.7,-77.6,-77.201,-76.488,-75.457,-73.271,-66.01,-62.207,-57.475,-52.872,-49.773,-46.695,-43.501,-37.386,-34.437,-32.83,-31.29,-29.778,-28.176,-25.612,-22.567,-18.564,-13.603,-0.39872,34.112,38.746,40.077,38.712,33.759,-11.647,-50.781,-64.103,-70.616,-72.884,-74.65,-76.054,-76.972,-77.527,-77.672,-77.725,-77.702,-77.604,-77.21,-76.5,-75.47,-73.286,-65.979,-62.177,-57.447,-52.846,-49.748,-46.707,-43.512,-37.363,-34.41,-32.844,-31.308,-29.8,-28.204,-25.655,-22.637,-18.686,-13.811,-0.8814,33.692,38.55,40.081,38.867,34.043,-11.318,-50.385,-63.898,-70.507,-72.807,-74.597,-76.021,-76.953,-77.519,-77.668,-77.725,-77.697,-77.594,-77.192,-76.511,-75.483,-73.301,-65.994,-62.191,-57.461,-52.896,-49.797,-46.718,-43.523,-37.374,-34.423,-32.814,-31.271,-29.755,-28.145,-25.565,-22.49,-18.806,-14.016,-1.3547,34.55,38.339,40.073,39.724,38.536,34.322,-10.992,-51.203,-64.32,-70.733,-72.967,-74.706,-76.088,-76.992,-77.536,-77.676,-77.725,-77.7,-77.599,-77.201,-76.487,-75.456,-73.27,-66.008,-62.206,-57.474,-52.871,-49.772,-46.695,-43.5,-37.386,-34.436,-32.829,-31.289,-29.777,-28.173,-25.609,-22.561,-18.554,-13.586,-0.35992,34.145,38.761,40.076,38.699,33.737,-11.673,-50.812,-64.119,-70.625,-72.89,-74.654,-76.056,-76.973,-77.528,-77.673,-77.725,-77.702,-77.604,-77.209,-76.499,-75.469,-73.285,-65.978,-62.176,-57.446,-52.845,-49.747,-46.706,-43.511,-37.362,-34.409,-32.843,-31.306,-29.799,-28.202,-25.652,-22.631,-18.676,-13.795,-0.84336,33.726,38.566,40.081,38.855,34.02,-11.344,-50.416,-63.915,-70.515,-72.813,-74.601,-76.024,-76.955,-77.52,-77.669,-77.725,-77.697,-77.594,-77.191,-76.51,-75.482,-73.3,-65.993,-62.19,-57.46,-52.895,-49.796,-46.717,-43.522,-37.373,-34.422,-32.858,-31.324,-29.82,-28.23,-25.695,-22.701,-18.797,-14.0,-1.3174,34.581,38.357,40.074,39.717,38.522,34.3,-11.018,-51.233,-64.336,-70.742,-72.973,-74.71,-76.091,-76.993,-77.536,-77.677,-77.725,-77.699,-77.599,-77.2,-76.486,-75.455,-73.269,-66.007,-62.204,-57.473,-52.87,-49.771,-46.694,-43.533,-37.385,-34.435,-32.827,-31.287,-29.775,-28.171,-25.605,-22.555,-18.544,-13.569,-0.32107,34.177,38.776,40.075,38.687,33.714,-11.699,-50.843,-64.135,-70.634,-72.896,-74.658,-76.059,-76.975,-77.528,-77.673,-77.725,-77.702,-77.604,-77.208,-76.498,-75.468,-73.284,-65.977,-62.175,-57.445,-52.844,-49.746,-46.705,-43.51,-37.361,-34.408,-32.842,-31.305,-29.797,-28.199,-25.648,-22.626,-18.667,-13.778,-0.80525,33.76,38.582,40.081,38.843,33.998,-11.37,-50.448,-63.931,-70.524,-72.819,-74.606,-76.027,-76.956,-77.52,-77.669,-77.724,-77.704,-77.608,-77.217,-76.509,-75.481,-73.298,-65.946,-62.146,-57.418,-52.818,-49.722,-46.681,-43.521,-37.373,-34.421,-32.857,-31.323,-29.819,-28.228,-25.691,-22.695,-18.787,-13.984,-1.2801,33.328,38.374,40.075,39.71,38.509,34.278,-11.044,-51.264,-64.352,-70.75,-72.979,-74.714,-76.094,-76.994,-77.537,-77.677,-77.725,-77.699,-77.598,-77.199,-76.485,-75.454,-73.268,-66.006,-62.203,-57.472,-52.869,-49.77,-46.693,-43.532,-37.384,-34.434,-32.826,-31.286,-29.773,-28.169,-25.602,-22.55,-18.906,-14.185,-7.809,-0.28216,34.21,38.791,40.074,38.674,33.691,-11.725,-50.875,-64.151,-70.642,-72.902,-74.662,-76.062,-76.976,-77.529,-77.673,-77.725,-77.702,-77.603,-77.208,-76.497,-75.467,-73.282,-65.976,-62.174,-57.444,-52.843,-49.745,-46.704,-43.509,-37.361,-34.407,-32.841,-31.304,-29.795,-28.197,-25.645,-22.62,-18.657,-13.762,-0.76709,33.793,38.598,40.081,38.831,33.975,-11.396,-50.48,-63.947,-70.533,-72.825,-74.61,-76.029,-76.958,-77.521,-77.669,-77.724,-77.704,-77.608,-77.216,-76.508,-75.48,-73.297,-65.945,-62.145,-57.417,-52.817,-49.721,-46.68,-43.52,-37.372,-34.42,-32.856,-31.321,-29.817,-28.225,-25.688,-22.69,-18.778,-13.967,-1.2426,33.362,38.391,40.076,39.703,38.495,34.256,-11.07,-50.079,-63.741,-70.422,-72.747,-74.557,-75.996,-76.939,-77.513,-77.665,-77.725,-77.699,-77.598,-77.198,-76.485,-75.453,-73.266,-66.005,-62.202,-57.471,-52.868,-49.769,-46.692,-43.531,-37.383,-34.433,-32.825,-31.284,-29.772,-28.167,-25.598,-22.544,-18.896,-14.169,-7.7826,-0.24319,34.243,38.806,40.073,38.661,33.669,-11.752,-50.906,-64.167,-70.651,-72.909,-74.666,-76.064,-76.978,-77.53,-77.674,-77.725,-77.701,-77.603,-77.207,-76.496,-75.466,-73.281,-65.974,-62.173,-57.443,-52.842,-49.744,-46.668,-43.508,-37.394,-34.445,-32.84,-31.302,-29.793,-28.195,-25.642,-22.615,-18.647,-13.745,-0.72887,33.827,38.614,40.081,38.819,33.953,-11.422,-50.511,-63.964,-70.542,-72.831,-74.614,-76.032,-76.959,-77.522,-77.67,-77.724,-77.704,-77.608,-77.216,-76.507,-75.479,-73.296,-65.989,-62.187,-57.456,-52.854,-49.756,-46.68,-43.519,-37.371,-34.419,-32.855,-31.32,-29.815,-28.223,-25.684,-22.684,-18.768,-13.951,-1.2052,33.397,38.408,40.076,39.696,38.482,34.233,-11.096,-50.111,-63.758,-70.431,-72.753,-74.561,-75.999,-76.94,-77.513,-77.666,-77.725,-77.699,-77.598,-77.198,-76.484,-75.452,-73.265,-66.004,-62.201,-57.47,-52.867,-49.768,-46.691,-43.53,-37.382,-34.432,-32.824,-31.283,-29.77,-28.165,-25.595,-22.538,-18.887,-14.153,-1.6721,34.275,38.821,40.072,38.648,33.646,-11.778,-50.937,-64.183,-70.66,-72.915,-74.67,-76.067,-76.979,-77.53,-77.674,-77.725,-77.701,-77.603,-77.206,-76.495,-75.465,-73.28,-65.973,-62.172,-57.442,-52.841,-49.743,-46.667,-43.508,-37.393,-34.444,-32.839,-31.301,-29.792,-28.193,-25.638,-22.609,-18.638,-13.729,-0.69059,33.861,38.63,40.081,38.806,33.931,-11.448,-50.543,-63.98,-70.55,-72.838,-74.618,-76.034,-76.961,-77.522,-77.67,-77.724,-77.703,-77.607,-77.215,-76.506,-75.478,-73.295,-65.988,-62.186,-57.455,-52.853,-49.755,-46.679,-43.518,-37.37,-34.418,-32.853,-31.318,-29.814,-28.221,-25.681,-22.679,-18.758,-13.935,-1.1676,33.432,38.425,40.077,39.689,38.468,34.211,-11.121,-50.143,-63.774,-70.44,-72.76,-74.565,-76.002,-76.942,-77.514,-77.666,-77.724,-77.706,-77.612,-77.223,-76.518,-75.491,-73.31,-65.957,-62.157,-57.428,-52.828,-49.731,-46.69,-43.529,-37.381,-34.43,-32.823,-31.282,-29.768,-28.162,-25.591,-22.533,-18.878,-14.137,-1.6353,34.307,38.835,40.071,38.635,34.488,-11.804,-50.968,-64.199,-70.668,-72.921,-74.675,-76.069,-76.981,-77.531,-77.674,-77.725,-77.701,-77.602,-77.206,-76.494,-75.464,-73.279,-65.972,-62.171,-57.441,-52.878,-49.779,-46.701,-43.507,-37.392,-34.443,-32.837,-31.299,-29.79,-28.19,-25.635,-22.603,-18.628,-13.712,-0.65225,33.894,38.645,40.08,38.794,33.908,-11.474,-50.574,-63.996,-70.559,-72.844,-74.622,-76.037,-76.962,-77.523,-77.67,-77.724,-77.703,-77.607,-77.214,-76.505,-75.477,-73.294,-65.987,-62.185,-57.454,-52.852,-49.754,-46.713,-43.518,-37.369,-34.417,-32.852,-31.317,-29.812,-28.219,-25.678,-22.673,-18.749,-13.919,-1.13,33.466,38.442,40.078,38.455,34.189,-11.147,-50.175,-63.791,-70.448,-72.766,-74.57,-76.004,-76.943,-77.515,-77.666,-77.724,-77.705,-77.611,-77.223,-76.517,-75.49,-73.309,-65.956,-62.156,-57.427,-52.827,-49.73,-46.689,-43.529,-37.38,-34.429,-32.821,-31.28,-29.766,-28.16,-25.588,-22.527,-18.868,-14.121,-1.5985,34.34,38.85,40.07,38.622,34.466,-11.831,-50.999,-64.215,-70.677,-72.927,-74.679,-76.072,-76.982,-77.532,-77.675,-77.725,-77.701,-77.602,-77.205,-76.493,-75.463,-73.278,-65.971,-62.17,-57.44,-52.877,-49.778,-46.7,-43.506,-37.391,-34.442,-32.836,-31.298,-29.788,-28.188,-25.631,-22.598,-18.618,-13.696,-0.61384,33.927,38.661,40.08,38.782,33.885,-11.5,-50.606,-64.013,-70.568,-72.85,-74.627,-76.04,-76.964,-77.524,-77.671,-77.724,-77.703,-77.606,-77.213,-76.505,-75.476,-73.293,-65.986,-62.184,-57.453,-52.851,-49.753,-46.712,-43.517,-37.368,-34.416,-32.851,-31.316,-29.81,-28.216,-25.674,-22.668,-18.739,-13.902,-1.0924,33.501,38.458,40.079,38.441,34.167,-11.173,-50.207,-63.807,-70.457,-72.772,-74.574,-76.007,-76.945,-77.515,-77.667,-77.724,-77.705,-77.611,-77.222,-76.516,-75.489,-73.307,-65.955,-62.155,-57.426,-52.826,-49.729,-46.688,-43.528,-37.379,-34.428,-32.82,-31.279,-29.765,-28.158,-25.584,-22.521,-18.859,-14.105,-1.5615,34.372,38.864,40.069,38.609,34.444,-11.857,-49.803,-63.599,-70.345,-72.693,-74.52,-75.974,-76.926,-77.507,-77.662,-77.723,-77.707,-77.616,-77.23,-76.527,-75.502,-73.322,-65.925,-62.125,-57.399,-52.8,-49.704,-46.665,-43.505,-37.39,-34.441,-32.835,-31.297,-29.786,-28.186,-25.628,-22.592,-18.608,-13.679,-0.57538,33.961,38.677,40.08,38.769,33.863,-11.527,-50.637,-64.029,-70.577,-72.856,-74.631,-76.042,-76.965,-77.524,-77.671,-77.724,-77.703,-77.606,-77.213,-76.504,-75.475,-73.291,-65.984,-62.183,-57.452,-52.85,-49.752,-46.711,-43.516,-37.367,-34.415,-32.85,-31.314,-29.808,-28.214,-25.671,-22.662,-18.73,-13.886,-1.0547,33.535,38.475,40.079,38.427,34.145,-11.199,-50.239,-63.823,-70.466,-72.778,-74.578,-76.009,-76.946,-77.516,-77.667,-77.724,-77.705,-77.611,-77.221,-76.515,-75.488,-73.306,-65.954,-62.153,-57.425,-52.825,-49.728,-46.687,-43.527,-37.378,-34.427,-32.819,-31.277,-29.763,-28.155,-25.581,-22.516,-18.849,-14.089,-1.5246,34.404,38.878,39.721,40.067,38.596,34.422,-11.884,-49.835,-63.615,-70.354,-72.699,-74.524,-75.976,-76.927,-77.507,-77.663,-77.723,-77.707,-77.615,-77.23,-76.526,-75.501,-73.321,-65.923,-62.124,-57.397,-52.799,-49.703,-46.664,-43.504,-37.39,-34.44,-32.834,-31.295,-29.785,-28.184,-25.624,-22.587,-18.599,-13.662,-0.53687,33.994,38.692,40.079,38.757,33.84,-11.553,-50.669,-64.045,-70.24,-72.619,-74.47,-75.943,-76.908,-77.499,-77.658,-77.722,-77.709,-77.62,-77.238,-76.537,-75.515,-73.29,-65.938,-62.138,-57.37,-52.773,-49.678,-46.64,-43.481,-37.401,-34.453,-32.849,-31.313,-29.807,-28.212,-25.667,-22.657,-18.72,-13.87,-1.0169,33.57,38.492,40.08,38.413,34.122,-11.225,-50.271,-63.84,-70.475,-72.784,-74.582,-76.012,-76.948,-77.517,-77.667,-77.724,-77.705,-77.61,-77.221,-76.514,-75.487,-73.305,-65.953,-62.152,-57.424,-52.824,-49.727,-46.686,-43.526,-37.378,-34.426,-32.818,-31.276,-29.761,-28.153,-25.578,-22.51,-18.84,-14.073,-1.4875,34.436,38.277,40.068,39.748,38.583,34.4,-10.9,-51.092,-64.263,-70.703,-72.945,-74.691,-75.979,-76.929,-77.508,-77.663,-77.723,-77.707,-77.615,-77.229,-76.525,-75.5,-73.32,-65.967,-62.166,-57.396,-52.798,-49.702,-46.663,-43.503,-37.389,-34.439,-32.833,-31.294,-29.783,-28.182,-25.621,-22.581,-18.589,-13.646,-0.49829,34.027,38.707,40.079,38.744,33.818,-11.579,-50.7,-64.061,-70.249,-72.626,-74.475,-75.945,-76.91,-77.5,-77.659,-77.722,-77.709,-77.619,-77.237,-76.537,-75.514,-73.289,-65.937,-62.137,-57.369,-52.772,-49.678,-46.639,-43.48,-37.4,-34.452,-32.848,-31.311,-29.805,-28.21,-25.664,-22.651,-18.711,-13.853,-0.97905,33.604,38.508,40.08,38.4,34.1,-11.251,-50.303,-63.856,-70.134,-72.544,-74.42,-75.911,-76.89,-77.491,-77.654,-77.721,-77.711,-77.624,-77.246,-76.548,-75.486,-73.304,-65.952,-62.108,-57.342,-52.746,-49.689,-46.65,-43.491,-37.377,-34.465,-32.862,-31.329,-29.827,-28.238,-25.707,-22.72,-18.83,-14.057,-1.4505,34.468,38.294,40.069,39.741,38.57,34.378,-10.926,-51.123,-64.279,-70.711,-72.951,-74.695,-75.982,-76.931,-77.509,-77.663,-77.723,-77.707,-77.615,-77.228,-76.524,-75.499,-73.319,-65.966,-62.165,-57.395,-52.797,-49.701,-46.662,-43.502,-37.388,-34.438,-32.832,-31.292,-29.781,-28.179,-25.618,-22.575,-18.579,-13.629,-0.45965,34.06,38.723,40.078,38.732,33.795,-11.605,-50.732,-64.077,-70.259,-72.632,-74.479,-75.948,-76.911,-77.5,-77.659,-77.722,-77.709,-77.619,-77.237,-76.536,-75.513,-73.288,-65.936,-62.136,-57.368,-52.771,-49.677,-46.638,-43.48,-37.399,-34.451,-32.846,-31.31,-29.803,-28.207,-25.661,-22.646,-18.701,-13.837,-0.94116,33.638,38.524,40.08,38.886,34.078,-11.277,-50.335,-63.873,-70.143,-72.551,-74.424,-75.914,-76.892,-77.491,-77.655,-77.721,-77.711,-77.624,-77.245,-76.547,-75.485,-73.303,-65.95,-62.107,-57.341,-52.745,-49.688,-46.65,-43.49,-37.376,-34.464,-32.861,-31.328,-29.825,-28.235,-25.703,-22.715,-18.821,-14.041,-1.4133,34.5,38.312,40.071,39.734,38.556,34.356,-10.952,-49.932,-63.665,-70.027,-72.469,-74.368,-75.77,-76.809,-77.453,-77.635,-77.72,-77.712,-77.628,-77.253,-76.558,-75.498,-73.317,-65.92,-62.121,-57.354,-52.72,-49.664,-46.626,-43.501,-37.387,-34.437,-32.83,-31.291,-29.779,-28.177,-25.614,-22.57,-18.569,-13.612,-0.42095,34.093,38.738,40.077,38.719,33.772,-11.631,-50.763,-64.093,-70.268,-72.638,-74.483,-75.951,-76.913,-77.501,-77.66,-77.722,-77.718,-77.677,-77.485,-77.13,-76.603,-75.013,-72.412,-73.369,-74.08,-74.701,-75.189,-75.396,-75.561,-75.697,-75.797,-75.87,-75.916,-75.932,-75.92,-75.817,-75.594,-75.258,-74.143,-73.543,-72.859,-72.232,-71.631,-71.08,-70.577,-70.116,-69.673,-69.273,-68.917,-68.601,-68.322,-68.079,-67.867,-67.686,-67.552,-67.437,-67.341,-67.26,-67.143,-67.073,-67.042,-67.027,-67.022
