-70.391,-70.391,-70.391,-70.391,-70.391,-70.391,-70.39,-70.39,-70.39,-70.389,-70.389,-70.388,-70.388,-70.387,-70.387,-70.386,-70.385,-70.385,-70.384,-70.383,-70.382,-70.382,-70.381,-70.38,-70.379,-70.378,-70.377,-70.376,-70.375,-70.374,-70.373,-70.371,-70.37,-70.369,-70.368,-70.367,-70.365,-70.364,-70.363,-70.361,-70.36,-70.358,-70.357,-70.355,-70.354,-70.352,-70.351,-70.349,-70.348,-70.346,-70.344,-70.343,-70.341,-70.339,-70.337,-70.336,-70.334,-70.332,-70.33,-70.328,-70.326,-70.324,-70.323,-70.321,-70.319,-70.317,-70.315,-70.313,-70.311,-70.308,-70.306,-70.304,-70.302,-70.3,-70.298,-70.296,-70.293,-70.291,-70.289,-70.287,-70.284,-70.282,-70.28,-70.277,-70.275,-70.273,-70.27,-70.268,-70.266,-70.263,-70.261,-70.258,-70.256,-70.253,-70.251,-70.248,-70.246,-70.243,-70.241,-70.238,-70.236,-70.233,-70.23,-70.228,-70.225,-70.222,-70.22,-70.217,-70.214,-70.212,-70.209,-70.206,-70.203,-70.201,-70.198,-70.195,-70.192,-70.189,-70.187,-70.184,-70.181,-70.178,-70.175,-70.172,-70.17,-70.167,-70.164,-70.161,-70.158,-70.155,-70.152,-70.149,-70.146,-70.143,-70.14,-70.137,-70.134,-70.131,-70.128,-70.125,-70.122,-70.119,-70.116,-70.113,-70.11,-70.107,-70.104,-70.1,-70.097,-70.094,-70.091,-70.088,-70.085,-70.082,-70.078,-70.075,-70.072,-70.069,-70.066,-70.063,-70.059,-70.056,-70.053,-70.05,-70.047,-70.043,-70.04,-70.037,-70.034,-70.03,-70.027,-70.024,-70.02,-70.017,-70.014,-70.011,-70.007,-70.004,-70.001,-69.997,-69.994,-69.991,-69.987,-69.984,-69.981,-69.977,-69.974,-69.971,-69.967,-69.964,-69.961,-69.957,-69.954,-69.951,-69.947,-69.944,-69.94,-69.937,-69.934,-69.93,-69.927,-69.923,-69.92,-69.916,-69.913,-69.91,-69.906,-69.903,-69.899,-69.896,-69.892,-69.889,-69.886,-69.882,-69.879,-69.875,-69.872,-69.868,-69.865,-69.861,-69.858,-69.854,-69.851,-69.847,-69.844,-69.84,-69.837,-69.833,-69.83,-69.826,-69.823,-69.819,-69.816,-69.812,-69.809,-69.805,-69.802,-69.798,-69.795,-69.791,-69.788,-69.784,-69.781,-69.777,-69.774,-69.77,-69.767,-69.763,-69.76,-69.756,-69.753,-69.749,-69.745,-69.742,-69.738,-69.735,-69.731,-69.728,-69.724,-69.721,-69.717,-69.714,-69.71,-69.707,-69.703,-69.699,-69.696,-69.692,-69.689,-69.685,-69.682,-69.678,-69.675,-69.671,-69.667,-69.664,-69.66,-69.657,-69.653,-69.65,-69.646,-69.643,-69.639,-69.635,-69.632,-69.628,-69.625,-69.621,-69.618,-69.614,-69.61,-69.607,-69.603,-69.6,-69.596,-69.593,-69.589,-69.586,-69.582,-69.578,-69.575,-69.571,-69.568,-69.564,-69.561,-69.557,-69.553,-69.55,-69.546,-69.543,-69.539,-69.536,-69.532,-69.528,-69.525,-69.521,-69.518,-69.514,-69.511,-69.507,-69.504,-69.5,-69.496,-69.493,-69.489,-69.486,-69.482,-69.479,-69.475,-69.472,-69.468,-69.464,-69.461,-69.457,-69.454,-69.45,-69.447,-69.443,-69.44,-69.436,-69.432,-69.429,-69.425,-69.422,-69.418,-69.415,-69.411,-69.408,-69.404,-69.4,-69.397,-69.393,-69.39,-69.386,-69.383,-69.379,-69.376,-69.372,-69.369,-69.365,-69.361,-69.358,-69.354,-69.351,-69.347,-69.344,-69.34,-69.337,-69.333,-69.33,-69.326,-69.323,-69.319,-69.316,-69.312,-69.309,-69.305,-69.302,-69.298,-69.295,-69.291,-69.288,-69.284,-69.28,-69.277,-69.273,-69.27,-69.266,-69.263,-69.259,-69.256,-69.252,-69.249,-69.245,-69.242,-69.238,-69.235,-69.231,-69.228,-69.224,-69.221,-69.217,-69.214,-69.21,-69.207,-69.203,-69.2,-69.196,-69.193,-69.189,-69.186,-69.183,-69.179,-69.176,-69.172,-69.169,-69.165,-69.162,-69.158,-69.155,-69.151,-69.148,-69.144,-69.141,-69.137,-69.134,-69.13,-69.127,-69.123,-69.12,-69.117,-69.113,-69.11,-69.106,-69.103,-69.099,-69.096,-69.092,-69.089,-69.085,-69.082,-69.079,-69.075,-69.072,-69.068,-69.065,-69.061,-69.058,-69.054,-69.051,-69.048,-69.044,-69.041,-69.037,-69.034,-69.03,-69.027,-69.024,-69.02,-69.017,-69.013,-69.01,-69.006,-69.003,-69.0,-68.996,-68.993,-68.989,-68.986,-68.982,-68.979,-68.976,-68.972,-68.969,-68.965,-68.962,-68.959,-68.955,-68.952,-68.948,-68.945,-68.942,-68.938,-68.935,-68.931,-68.928,-68.924,-68.921,-68.918,-68.914,-68.911,-68.907,-68.904,-68.901,-68.897,-68.894,-68.891,-68.887,-68.884,-68.88,-68.877,-68.874,-68.87,-68.867,-68.863,-68.86,-68.857,-68.853,-68.85,-68.847,-68.843,-68.84,-68.836,-68.833,-68.83,-68.826,-68.823,-68.82,-68.816,-68.813,-68.81,-68.806,-68.803,-68.8,-68.796,-68.793,-68.789,-68.786,-68.783,-68.779,-68.776,-68.773,-68.769,-68.766,-68.763,-68.759,-68.756,-68.753,-68.749,-68.746,-68.743,-68.739,-68.736,-68.733,-68.729,-68.726,-68.723,-68.719,-68.716,-68.713,-68.709,-68.706,-68.703,-68.699,-68.696,-68.693,-68.689,-68.686,-68.683,-68.679,-68.676,-68.673,-68.67,-68.666,-68.663,-68.66,-68.656,-68.653,-68.65,-68.646,-68.643,-68.64,-68.636,-68.633,-68.63,-68.626,-68.623,-68.62,-68.617,-68.613,-68.61,-68.607,-68.603,-68.6,-68.597,-68.594,-68.59,-68.587,-68.584,-68.58,-68.577,-68.574,-68.57,-68.567,-68.564,-68.561,-68.557,-68.554,-68.551,-68.548,-68.544,-68.541,-68.538,-68.534,-68.531,-68.528,-68.525,-68.521,-68.518,-68.515,-68.511,-68.508,-68.505,-68.502,-68.498,-68.495,-68.492,-68.489,-68.485,-68.482,-68.479,-68.476,-68.472,-68.469,-68.466,-68.463,-68.459,-68.456,-68.453,-68.45,-68.446,-68.443,-68.44,-68.437,-68.433,-68.43,-68.427,-68.424,-68.42,-68.417,-68.414,-68.411,-68.407,-68.404,-68.401,-68.398,-68.394,-68.391,-68.388,-68.385,-68.382,-68.378,-68.375,-68.372,-68.369,-68.365,-68.362,-68.359,-68.356,-68.353,-68.349,-68.346,-68.343,-68.34,-68.336,-68.333,-68.33,-68.327,-68.324,-68.32,-68.317,-68.314,-68.311,-68.307,-68.304,-68.301,-68.298,-68.295,-68.291,-68.288,-68.285,-68.282,-68.279,-68.275,-68.272,-68.269,-68.266,-68.263,-68.259,-68.256,-68.253,-68.25,-68.247,-68.243,-68.24,-68.237,-68.234,-68.231,-68.227,-68.224,-68.221,-68.218,-68.215,-68.212,-68.208,-68.205,-68.202,-68.199,-68.196,-68.192,-68.189,-68.186,-68.183,-68.18,-68.176,-68.173,-68.17,-68.167,-68.164,-68.161,-68.157,-68.154,-68.151,-68.148,-68.145,-68.142,-68.138,-68.135,-68.132,-68.129,-68.126,-68.123,-68.119,-68.116,-68.113,-68.11,-68.107,-68.104,-68.1,-68.097,-68.094,-68.091,-68.088,-68.085,-68.081,-68.078,-68.075,-68.072,-68.069,-68.066,-68.063,-68.059,-68.056,-68.053,-68.05,-68.047,-68.044,-68.04,-68.037,-68.034,-68.031,-68.028,-68.025,-68.022,-68.018,-68.015,-68.012,-68.009,-68.006,-68.003,-68.0,-67.996,-67.993,-67.99,-67.987,-67.984,-67.981,-67.978,-67.975,-67.971,-67.968,-67.965,-67.962,-67.959,-67.956,-67.953,-67.95,-67.946,-67.943,-67.94,-67.937,-67.934,-67.931,-67.928,-67.925,-67.921,-67.918,-67.915,-67.912,-67.909,-67.906,-67.903,-67.9,-67.896,-67.893,-67.89,-67.887,-67.884,-67.881,-67.878,-67.875,-67.872,-67.868,-67.865,-67.862,-67.859,-67.856,-67.853,-67.85,-67.847,-67.843,-67.84,-67.837,-67.834,-67.831,-67.828,-67.825,-67.822,-67.819,-67.816,-67.812,-67.809,-67.806,-67.803,-67.8,-67.797,-67.794,-67.791,-67.788,-67.785,-67.781,-67.778,-67.775,-67.772,-67.769,-67.766,-67.763,-67.76,-67.757,-67.754,-67.75,-67.747,-67.744,-67.741,-67.738,-67.735,-67.732,-67.729,-67.726,-67.723,-67.72,-67.716,-67.713,-67.71,-67.707,-67.704,-67.701,-67.698,-67.695,-67.692,-67.689,-67.686,-67.683,-67.68,-67.677,-67.673,-67.67,-67.667,-67.664,-67.661,-67.658,-67.655,-67.652,-67.649,-67.646,-67.643,-67.64,-67.637,-67.633,-67.63,-67.627,-67.624,-67.621,-67.618,-67.615,-67.612,-67.609,-67.606,-67.603,-67.6,-67.597,-67.594,-67.591,-67.588,-67.584,-67.581,-67.578,-67.575,-67.572,-67.569,-67.566,-67.563,-67.56,-67.557,-67.554,-67.551,-67.548,-67.545,-67.542,-67.539,-67.536,-67.533,-67.529,-67.526,-67.523,-67.52,-67.517,-67.514,-67.511,-67.508,-67.505,-67.502,-67.499,-67.496,-67.493,-67.49,-67.487,-67.484,-67.481,-67.478,-67.475,-67.472,-67.469,-67.466,-67.463,-67.46,-67.456,-67.453,-67.45,-67.447,-67.444,-67.441,-67.438,-67.435,-67.432,-67.429,-67.426,-67.423,-67.42,-67.417,-67.414,-67.411,-67.408,-67.405,-67.402,-67.399,-67.396,-67.393,-67.39,-67.387,-67.384,-67.381,-67.378,-67.375,-67.372,-67.369,-67.366,-67.363,-67.36,-67.357,-67.354,-67.351,-67.348,-67.345,-67.342,-67.339,-67.335,-67.332,-67.329,-67.326,-67.323,-67.32,-67.317,-67.314,-67.311,-67.308,-67.305,-67.302,-67.299,-67.296,-67.293,-67.29,-67.287,-67.284,-67.281,-67.278,-67.275,-67.272,-67.269,-67.266,-67.263,-67.26,-67.257,-67.254,-67.251,-67.248,-67.245,-67.242,-67.239,-67.236,-67.233,-67.23,-67.227,-67.224,-67.221,-67.218,-67.215,-67.212,-67.209,-67.206,-67.203,-67.2,-67.197,-67.194,-67.191,-67.188,-67.185,-67.182,-67.179,-67.176,-67.173,-67.17,-67.167,-67.164,-67.161,-67.158,-67.155,-67.152,-67.15,-67.147,-67.144,-67.141,-67.138,-67.135,-67.132,-67.129,-67.126,-67.123,-67.12,-67.117,-67.114,-67.111,-67.108,-67.105,-67.102,-67.099,-67.096,-67.093,-67.09,-67.087,-67.084,-67.081,-67.078,-67.075,-67.072,-67.069,-67.066,-67.063,-67.06,-67.057,-67.054,-67.051,-67.048,-67.045,-67.042,-67.04,-67.037,-67.034,-67.031,-67.028,-67.025,-67.022,-67.019,-67.016,-67.013,-67.01,-67.007,-67.004,-67.001,-66.998,-66.995,-66.992,-66.989,-66.986,-66.983,-66.98,-66.977,-66.974,-66.971,-66.969,-66.966,-66.963,-66.96,-66.957,-66.954,-66.951,-66.948,-66.945,-66.942,-66.939,-66.936,-66.933,-66.93,-66.927,-66.924,-66.921,-66.918,-66.915,-66.912,-66.91,-66.907,-66.904,-66.901,-66.898,-66.895,-66.892,-66.889,-66.886,-66.883,-66.88,-66.877,-66.874,-66.871,-66.868,-66.865,-66.862,-66.86,-66.857,-66.854,-66.851,-66.848,-66.845,-66.842,-66.839,-66.836,-66.833,-66.83,-66.827,-66.824,-66.821,-66.818,-66.816,-66.813,-66.81,-66.807,-66.804,-66.801,-66.798,-66.795,-66.792,-66.789,-66.786,-66.783,-66.78,-66.778,-66.775,-66.772,-66.769,-66.766,-66.763,-66.76,-66.757,-66.754,-66.751,-66.748,-66.745,-66.742,-66.74,-66.737,-66.734,-66.731,-66.728,-66.725,-66.722,-66.719,-66.716,-66.713,-66.71,-66.707,-66.705,-66.702,-66.699,-66.696,-66.693,-66.69,-66.687,-66.684,-66.681,-66.678,-66.676,-66.673,-66.67,-66.667,-66.664,-66.661,-66.658,-66.655,-66.652,-66.649,-66.647,-66.644,-66.641,-66.638,-66.635,-66.632,-66.629,-66.626,-66.623,-66.62,-66.618,-66.615,-66.612,-66.609,-66.606,-66.603,-66.6,-66.597,-66.594,-66.592,-66.589,-66.586,-66.583,-66.58,-66.577,-66.574,-66.571,-66.568,-66.565,-66.563,-66.56,-66.557,-66.554,-66.551,-66.548,-66.545,-66.542,-66.539,-66.537,-66.534,-66.531,-66.528,-66.525,-66.522,-66.519,-66.516,-66.514,-66.511,-66.508,-66.505,-66.502,-66.499,-66.496,-66.493,-66.491,-66.488,-66.485,-66.482,-66.479,-66.476,-66.473,-66.47,-66.468,-66.465,-66.462,-66.459,-66.456,-66.453,-66.45,-66.447,-66.445,-66.442,-66.439,-66.436,-66.433,-66.43,-66.427,-66.425,-66.422,-66.419,-66.416,-66.413,-66.41,-66.407,-66.405,-66.402,-66.399,-66.396,-66.393,-66.39,-66.387,-66.384,-66.382,-66.379,-66.376,-66.373,-66.37,-66.367,-66.364,-66.362,-66.359,-66.356,-66.353,-66.35,-66.347,-66.344,-66.342,-66.339,-66.336,-66.333,-66.33,-66.327,-66.324,-66.322,-66.319,-66.316,-66.313,-66.31,-66.307,-66.304,-66.302,-66.299,-66.296,-66.293,-66.29,-66.287,-66.285,-66.282,-66.279,-66.276,-66.273,-66.27,-66.267,-66.265,-66.262,-66.259,-66.256,-66.253,-66.25,-66.248,-66.245,-66.242,-66.239,-66.236,-66.233,-66.231,-66.228,-66.225,-66.222,-66.219,-66.216,-66.213,-66.211,-66.208,-66.205,-66.202,-66.199,-66.196,-66.194,-66.191,-66.188,-66.185,-66.182,-66.179,-66.177,-66.174,-66.171,-66.168,-66.165,-66.162,-66.16,-66.157,-66.154,-66.151,-66.148,-66.145,-66.143,-66.14,-66.137,-66.134,-66.131,-66.129,-66.126,-66.123,-66.12,-66.117,-66.114,-66.112,-66.109,-66.106,-66.103,-66.1,-66.098,-66.095,-66.092,-66.089,-66.086,-66.084,-66.081,-66.078,-66.075,-66.072,-66.069,-66.067,-66.064,-66.061,-66.058,-66.055,-66.053,-66.05,-66.047,-66.044,-66.041,-66.039,-66.036,-66.033,-66.03,-66.027,-66.025,-66.022,-66.019,-66.016,-66.013,-66.01,-66.008,-66.005,-66.002,-65.999,-65.996,-65.994,-65.991,-65.988,-65.985,-65.982,-65.98,-65.977,-65.974,-65.971,-65.968,-65.966,-65.963,-65.96,-65.957,-65.954,-65.952,-65.949,-65.946,-65.943,-65.94,-65.938,-65.935,-65.932,-65.929,-65.926,-65.924,-65.921,-65.918,-65.915,-65.912,-65.91,-65.907,-65.904,-65.901,-65.899,-65.896,-65.893,-65.89,-65.887,-65.885,-65.882,-65.879,-65.876,-65.873,-65.871,-65.868,-65.865,-65.862,-65.86,-65.857,-65.854,-65.851,-65.848,-65.846,-65.843,-65.84,-65.837,-65.835,-65.832,-65.829,-65.826,-65.823,-65.821,-65.818,-65.815,-65.812,-65.81,-65.807,-65.804,-65.801,-65.798,-65.796,-65.793,-65.79,-65.787,-65.785,-65.782,-65.779,-65.776,-65.773,-65.771,-65.768,-65.765,-65.762,-65.76,-65.757,-65.754,-65.751,-65.749,-65.746,-65.743,-65.74,-65.738,-65.735,-65.732,-65.729,-65.726,-65.724,-65.721,-65.718,-65.715,-65.713,-65.71,-65.707,-65.704,-65.702,-65.699,-65.696,-65.693,-65.691,-65.688,-65.685,-65.682,-65.68,-65.677,-65.674,-65.671,-65.669,-65.666,-65.663,-65.66,-65.657,-65.655,-65.652,-65.649,-65.647,-65.644,-65.641,-65.638,-65.636,-65.633,-65.63,-65.627,-65.625,-65.622,-65.619,-65.616,-65.614,-65.611,-65.608,-65.605,-65.603,-65.6,-65.597,-65.594,-65.592,-65.589,-65.586,-65.583,-65.581,-65.578,-65.575,-65.572,-65.57,-65.567,-65.564,-65.561,-65.559,-65.556,-65.553,-65.55,-65.548,-65.545,-65.542,-65.539,-65.537,-65.534,-65.531,-65.529,-65.526,-65.523,-65.52,-65.518,-65.515,-65.512,-65.509,-65.507,-65.504,-65.501,-65.498,-65.496,-65.493,-65.49,-65.487,-65.485,-65.482,-65.479,-65.477,-65.474,-65.471,-65.468,-65.466,-65.463,-65.46,-65.457,-65.455,-65.452,-65.449,-65.447,-65.444,-65.441,-65.438,-65.436,-65.433,-65.43,-65.428,-65.425,-65.422,-65.419,-65.417,-65.414,-65.411,-65.408,-65.406,-65.403,-65.4,-65.398,-65.395,-65.392,-65.389,-65.387,-65.384,-65.381,-65.379,-65.376,-65.373,-65.37,-65.368,-65.365,-65.362,-65.36,-65.357,-65.354,-65.351,-65.349,-65.346,-65.343,-65.341,-65.338,-65.335,-65.332,-65.33,-65.327,-65.324,-65.322,-65.319,-65.316,-65.313,-65.311,-65.308,-65.305,-65.303,-65.3,-65.297,-65.295,-65.292,-65.289,-65.286,-65.284,-65.281,-65.278,-65.276,-65.273,-65.27,-65.267,-65.265,-65.262,-65.259,-65.257,-65.254,-65.251,-65.249,-65.246,-65.243,-65.24,-65.238,-65.235,-65.232,-65.23,-65.227,-65.224,-65.222,-65.219,-65.216,-65.213,-65.211,-65.208,-65.205,-65.203,-65.2,-65.197,-65.195,-65.192,-65.189,-65.187,-65.184,-65.181,-65.178,-65.176,-65.173,-65.17,-65.168,-65.165,-65.162,-65.16,-65.157,-65.154,-65.152,-65.149,-65.146,-65.143,-65.141,-65.138,-65.135,-65.133,-65.13,-65.127,-65.125,-65.122,-65.119,-65.117,-65.114,-65.111,-65.108,-65.106,-65.103,-65.1,-65.098,-65.095,-65.092,-65.09,-65.087,-65.084,-65.082,-65.079,-65.076,-65.074,-65.071,-65.068,-65.066,-65.063,-65.06,-65.058,-65.055,-65.052,-65.05,-65.047,-65.044,-65.042,-65.039,-65.036,-65.033,-65.031,-65.028,-65.025,-65.023,-65.02,-65.017,-65.015,-65.012,-65.009,-65.007,-65.004,-65.001,-64.999,-64.996,-64.994,-64.991,-64.988,-64.986,-64.983,-64.98,-64.978,-64.975,-64.972,-64.97,-64.967,-64.964,-64.962,-64.959,-64.956,-64.954,-64.951,-64.948,-64.946,-64.943,-64.94,-64.938,-64.935,-64.932,-64.93,-64.927,-64.924,-64.922,-64.919,-64.916,-64.914,-64.911,-64.908,-64.906,-64.903,-64.9,-64.898,-64.895,-64.892,-64.89,-64.887,-64.884,-64.882,-64.879,-64.876,-64.874,-64.871,-64.869,-64.866,-64.863,-64.861,-64.858,-64.855,-64.853,-64.85,-64.847,-64.845,-64.842,-64.839,-64.837,-64.834,-64.831,-64.829,-64.826,-64.823,-64.821,-64.818,-64.816,-64.813,-64.81,-64.808,-64.805,-64.802,-64.8,-64.797,-64.794,-64.792,-64.789,-64.786,-64.784,-64.781,-64.778,-64.776,-64.773,-64.771,-64.768,-64.765,-64.763,-64.76,-64.757,-64.755,-64.752,-64.749,-64.747,-64.744,-64.741,-64.739,-64.736,-64.734,-64.731,-64.728,-64.726,-64.723,-64.72,-64.718,-64.715,-64.712,-64.71,-64.707,-64.705,-64.702,-64.699,-64.697,-64.694,-64.691,-64.689,-64.686,-64.684,-64.681,-64.678,-64.676,-64.673,-64.67,-64.668,-64.665,-64.662,-64.66,-64.657,-64.655,-64.652,-64.649,-64.647,-64.644,-64.641,-64.639,-64.636,-64.634,-64.631,-64.628,-64.626,-64.623,-64.62,-64.618,-64.615,-64.613,-64.61,-64.607,-64.605,-64.602,-64.599,-64.597,-64.594,-64.592,-64.589,-64.586,-64.584,-64.581,-64.578,-64.576,-64.573,-64.571,-64.568,-64.565,-64.563,-64.56,-64.558,-64.555,-64.552,-64.55,-64.547,-64.544,-64.542,-64.539,-64.537,-64.534,-64.531,-64.529,-64.526,-64.523,-64.521,-64.518,-64.516,-64.513,-64.51,-64.508,-64.505,-64.503,-64.5,-64.497,-64.495,-64.492,-64.49,-64.487,-64.484,-64.482,-64.479,-64.477,-64.474,-64.471,-64.469,-64.466,-64.464,-64.461,-64.458,-64.456,-64.453,-64.45,-64.448,-64.445,-64.443,-64.44,-64.437,-64.435,-64.432,-64.43,-64.427,-64.424,-64.422,-64.419,-64.417,-64.414,-64.411,-64.409,-64.406,-64.404,-64.401,-64.398,-64.396,-64.393,-64.391,-64.388,-64.385,-64.383,-64.38,-64.378,-64.375,-64.372,-64.37,-64.367,-64.365,-64.362,-64.36,-64.357,-64.354,-64.352,-64.349,-64.347,-64.344,-64.341,-64.339,-64.336,-64.334,-64.331,-64.328,-64.326,-64.323,-64.321,-64.318,-64.315,-64.313,-64.31,-64.308,-64.305,-64.303,-64.3,-64.297,-64.295,-64.292,-64.29,-64.287,-64.284,-64.282,-64.279,-64.277,-64.274,-64.271,-64.269,-64.266,-64.264,-64.261,-64.259,-64.256,-64.253,-64.251,-64.248,-64.246,-64.243,-64.24,-64.238,-64.235,-64.233,-64.23,-64.228,-64.225,-64.222,-64.22,-64.217,-64.215,-64.212,-64.21,-64.207,-64.204,-64.202,-64.199,-64.197,-64.194,-64.192,-64.189,-64.186,-64.184,-64.181,-64.179,-64.176,-64.174,-64.171,-64.168,-64.166,-64.163,-64.161,-64.158,-64.156,-64.153,-64.15,-64.148,-64.145,-64.143,-64.14,-64.138,-64.135,-64.132,-64.13,-64.127,-64.125,-64.122,-64.12,-64.117,-64.114,-64.112,-64.109,-64.107,-64.104,-64.102,-64.099,-64.096,-64.094,-64.091,-64.089,-64.086,-64.084,-64.081,-64.078,-64.076,-64.073,-64.071,-64.068,-64.066,-64.063,-64.06,-64.058,-64.055,-64.053,-64.05,-64.048,-64.045,-64.043,-64.04,-64.037,-64.035,-64.032,-64.03,-64.027,-64.025,-64.022,-64.019,-64.017,-64.014,-64.012,-64.009,-64.007,-64.004,-64.002,-63.999,-63.996,-63.994,-63.991,-63.989,-63.986,-63.984,-63.981,-63.979,-63.976,-63.973,-63.971,-63.968,-63.966,-63.963,-63.961,-63.958,-63.956,-63.953,-63.95,-63.948,-63.945,-63.943,-63.94,-63.938,-63.935,-63.932,-63.93,-63.927,-63.925,-63.922,-63.92,-63.917,-63.915,-63.912,-63.91,-63.907,-63.904,-63.902,-63.899,-63.897,-63.894,-63.892,-63.889,-63.887,-63.884,-63.882,-63.879,-63.876,-63.874,-63.871,-63.869,-63.866,-63.864,-63.861,-63.859,-63.856,-63.853,-63.851,-63.848,-63.846,-63.843,-63.841,-63.838,-63.836,-63.833,-63.831,-63.828,-63.825,-63.823,-63.82,-63.818,-63.815,-63.813,-63.81,-63.808,-63.805,-63.803,-63.8,-63.797,-63.795,-63.792,-63.79,-63.787,-63.785,-63.782,-63.78,-63.777,-63.775,-63.772,-63.77,-63.767,-63.764,-63.762,-63.759,-63.757,-63.754,-63.752,-63.749,-63.747,-63.744,-63.742,-63.739,-63.737,-63.734,-63.731,-63.729,-63.726,-63.724,-63.721,-63.719,-63.716,-63.714,-63.711,-63.709,-63.706,-63.704,-63.701,-63.699,-63.696,-63.693,-63.691,-63.688,-63.686,-63.683,-63.681,-63.678,-63.676,-63.673,-63.671,-63.668,-63.666,-63.663,-63.661,-63.658,-63.656,-63.653,-63.65,-63.648,-63.645,-63.643,-63.64,-63.638,-63.635,-63.633,-63.63,-63.628,-63.625,-63.623,-63.62,-63.618,-63.615,-63.613,-63.61,-63.608,-63.605,-63.602,-63.6,-63.597,-63.595,-63.592,-63.59,-63.587,-63.585,-63.582,-63.58,-63.577,-63.575,-63.572,-63.57,-63.567,-63.565,-63.562,-63.56,-63.557,-63.555,-63.552,-63.549,-63.547,-63.544,-63.542,-63.539,-63.537,-63.534,-63.532,-63.529,-63.527,-63.524,-63.522,-63.519,-63.517,-63.514,-63.512,-63.509,-63.507,-63.504,-63.502,-63.499,-63.497,-63.494,-63.492,-63.489,-63.487,-63.484,-63.482,-63.479,-63.477,-63.474,-63.471,-63.469,-63.466,-63.464,-63.461,-63.459,-63.456,-63.454,-63.451,-63.449,-63.446,-63.444,-63.441,-63.439,-63.436,-63.434,-63.431,-63.429,-63.426,-63.424,-63.421,-63.419,-63.416,-63.414,-63.411,-63.409,-63.406,-63.404,-63.401,-63.399,-63.396,-63.394,-63.391,-63.389,-63.386,-63.384,-63.381,-63.379,-63.376,-63.374,-63.371,-63.369,-63.366,-63.364,-63.361,-63.359,-63.356,-63.354,-63.351,-63.349,-63.346,-63.344,-63.341,-63.339,-63.336,-63.334,-63.331,-63.328,-63.326,-63.323,-63.321,-63.319,-63.316,-63.313,-63.311,-63.308,-63.306,-63.303,-63.301,-63.298,-63.296,-63.293,-63.291,-63.288,-63.286,-63.283,-63.281,-63.278,-63.276,-63.273,-63.271,-63.268,-63.266,-63.263,-63.261,-63.258,-63.256,-63.253,-63.251,-63.248,-63.246,-63.244,-63.241,-63.238,-63.236,-63.233,-63.231,-63.228,-63.226,-63.223,-63.221,-63.218,-63.216,-63.213,-63.211,-63.209,-63.206,-63.204,-63.201,-63.199,-63.196,-63.194,-63.191,-63.189,-63.186,-63.184,-63.181,-63.179,-63.176,-63.174,-63.171,-63.169,-63.166,-63.164,-63.161,-63.159,-63.156,-63.154,-63.151,-63.149,-63.146,-63.144,-63.141,-63.139,-63.136,-63.134,-63.131,-63.129,-63.126,-63.124,-63.121,-63.119,-63.116,-63.114,-63.111,-63.109,-63.106,-63.104,-63.101,-63.099,-63.096,-63.094,-63.091,-63.089,-63.086,-63.084,-63.082,-63.079,-63.077,-63.074,-63.072,-63.069,-63.067,-63.064,-63.062,-63.059,-63.057,-63.054,-63.052,-63.049,-63.047,-63.044,-63.042,-63.039,-63.037,-63.034,-63.032,-63.029,-63.027,-63.024,-63.022,-63.019,-63.017,-63.014,-63.012,-63.009,-63.007,-63.004,-63.002,-62.999,-62.997,-62.994,-62.992,-62.989,-62.987,-62.985,-62.982,-62.98,-62.977,-62.975,-62.972,-62.97,-62.967,-62.965,-62.962,-62.96,-62.957,-62.955,-62.952,-62.95,-62.947,-62.945,-62.942,-62.94,-62.937,-62.935,-62.932,-62.93,-62.927,-62.925,-62.923,-62.92,-62.918,-62.915,-62.913,-62.91,-62.908,-62.905,-62.903,-62.9,-62.898,-62.895,-62.893,-62.89,-62.888,-62.885,-62.883,-62.88,-62.878,-62.875,-62.873,-62.87,-62.868,-62.865,-62.863,-62.861,-62.858,-62.856,-62.853,-62.851,-62.848,-62.846,-62.843,-62.841,-62.838,-62.836,-62.833,-62.831,-62.828,-62.826,-62.823,-62.821,-62.818,-62.816,-62.813,-62.811,-62.809,-62.806,-62.804,-62.801,-62.799,-62.796,-62.794,-62.791,-62.789,-62.786,-62.784,-62.781,-62.779,-62.776,-62.774,-62.771,-62.769,-62.766,-62.764,-62.762,-62.759,-62.757,-62.754,-62.752,-62.749,-62.747,-62.744,-62.742,-62.739,-62.737,-62.734,-62.732,-62.729,-62.727,-62.724,-62.722,-62.72,-62.717,-62.715,-62.712,-62.71,-62.707,-62.705,-62.702,-62.7,-62.697,-62.695,-62.692,-62.69,-62.687,-62.685,-62.682,-62.68,-62.678,-62.675,-62.673,-62.67,-62.668,-62.665,-62.663,-62.66,-62.658,-62.655,-62.653,-62.65,-62.648,-62.646,-62.643,-62.641,-62.638,-62.636,-62.633,-62.631,-62.628,-62.626,-62.623,-62.621,-62.618,-62.616,-62.613,-62.611,-62.609,-62.606,-62.604,-62.601,-62.599,-62.596,-62.594,-62.591,-62.589,-62.586,-62.584,-62.581,-62.579,-62.577,-62.574,-62.572,-62.569,-62.567,-62.564,-62.562,-62.559,-62.557,-62.554,-62.552,-62.549,-62.547,-62.544,-62.542,-62.54,-62.537,-62.535,-62.532,-62.53,-62.527,-62.525,-62.522,-62.52,-62.517,-62.515,-62.512,-62.51,-62.507,-62.505,-62.503,-62.5,-62.498,-62.495,-62.493,-62.49,-62.488,-62.485,-62.483,-62.48,-62.478,-62.475,-62.473,-62.471,-62.468,-62.466,-62.463,-62.461,-62.458,-62.456,-62.453,-62.451,-62.448,-62.446,-62.443,-62.441,-62.439,-62.436,-62.434,-62.431,-62.429,-62.426,-62.424,-62.421,-62.419,-62.416,-62.414,-62.411,-62.409,-62.407,-62.404,-62.402,-62.399,-62.397,-62.394,-62.392,-62.389,-62.387,-62.384,-62.382,-62.38,-62.377,-62.375,-62.372,-62.37,-62.367,-62.365,-62.362,-62.36,-62.357,-62.355,-62.352,-62.35,-62.348,-62.345,-62.343,-62.34,-62.338,-62.335,-62.333,-62.33,-62.328,-62.325,-62.323,-62.32,-62.318,-62.316,-62.313,-62.311,-62.308,-62.306,-62.303,-62.301,-62.298,-62.296,-62.293,-62.291,-62.289,-62.286,-62.284,-62.281,-62.279,-62.276,-62.274,-62.271,-62.269,-62.266,-62.264,-62.262,-62.259,-62.257,-62.254,-62.252,-62.249,-62.247,-62.244,-62.242,-62.239,-62.237,-62.234,-62.232,-62.23,-62.227,-62.225,-62.222,-62.22,-62.217,-62.215,-62.212,-62.21,-62.207,-62.205,-62.202,-62.2,-62.198,-62.195,-62.193,-62.19,-62.188,-62.185,-62.183,-62.18,-62.178,-62.175,-62.173,-62.171,-62.168,-62.166,-62.163,-62.161,-62.158,-62.156,-62.153,-62.151,-62.148,-62.146,-62.144,-62.141,-62.139,-62.136,-62.134,-62.131,-62.129,-62.126,-62.124,-62.121,-62.119,-62.117,-62.114,-62.112,-62.109,-62.107,-62.104,-62.102,-62.099,-62.097,-62.094,-62.092,-62.089,-62.087,-62.085,-62.082,-62.08,-62.077,-62.075,-62.072,-62.07,-62.067,-62.065,-62.062,-62.06,-62.058,-62.055,-62.053,-62.05,-62.048,-62.045,-62.043,-62.04,-62.038,-62.035,-62.033,-62.031,-62.028,-62.026,-62.023,-62.021,-62.018,-62.016,-62.013,-62.011,-62.008,-62.006,-62.004,-62.001,-61.999,-61.996,-61.994,-61.991,-61.989,-61.986,-61.984,-61.981,-61.979,-61.976,-61.974,-61.972,-61.969,-61.967,-61.964,-61.962,-61.959,-61.957,-61.954,-61.952,-61.949,-61.947,-61.945,-61.942,-61.94,-61.937,-61.935,-61.932,-61.93,-61.927,-61.925,-61.922,-61.92,-61.918,-61.915,-61.913,-61.91,-61.908,-61.905,-61.903,-61.9,-61.898,-61.895,-61.893,-61.891,-61.888,-61.886,-61.883,-61.881,-61.878,-61.876,-61.873,-61.871,-61.868,-61.866,-61.863,-61.861,-61.859,-61.856,-61.854,-61.851,-61.849,-61.846,-61.844,-61.841,-61.839,-61.836,-61.834,-61.832,-61.829,-61.827,-61.824,-61.822,-61.819,-61.817,-61.814,-61.812,-61.809,-61.807,-61.804,-61.802,-61.8,-61.797,-61.795,-61.792,-61.79,-61.787,-61.785,-61.782,-61.78,-61.777,-61.775,-61.773,-61.77,-61.768,-61.765,-61.763,-61.76,-61.758,-61.755,-61.753,-61.75,-61.748,-61.745,-61.743,-61.741,-61.738,-61.736,-61.733,-61.731,-61.728,-61.726,-61.723,-61.721,-61.718,-61.716,-61.713,-61.711,-61.708,-61.706,-61.704,-61.701,-61.699,-61.696,-61.694,-61.691,-61.689,-61.686,-61.684,-61.681,-61.679,-61.676,-61.674,-61.672,-61.669,-61.667,-61.664,-61.662,-61.659,-61.657,-61.654,-61.652,-61.649,-61.647,-61.644,-61.642,-61.64,-61.637,-61.635,-61.632,-61.63,-61.627,-61.625,-61.622,-61.62,-61.617,-61.615,-61.613,-61.61,-61.608,-61.605,-61.603,-61.6,-61.598,-61.595,-61.593,-61.59,-61.588,-61.585,-61.583,-61.58,-61.578,-61.576,-61.573,-61.571,-61.568,-61.566,-61.563,-61.561,-61.558,-61.556,-61.553,-61.551,-61.548,-61.546,-61.543,-61.541,-61.539,-61.536,-61.534,-61.531,-61.529,-61.526,-61.524,-61.521,-61.519,-61.516,-61.514,-61.511,-61.509,-61.506,-61.504,-61.501,-61.499,-61.497,-61.494,-61.492,-61.489,-61.487,-61.484,-61.482,-61.479,-61.477,-61.474,-61.472,-61.469,-61.467,-61.464,-61.462,-61.459,-61.457,-61.455,-61.452,-61.449,-61.447,-61.445,-61.442,-61.44,-61.437,-61.435,-61.432,-61.43,-61.427,-61.425,-61.422,-61.42,-61.417,-61.415,-61.412,-61.41,-61.407,-61.405,-61.402,-61.4,-61.398,-61.395,-61.393,-61.39,-61.388,-61.385,-61.383,-61.38,-61.378,-61.375,-61.373,-61.37,-61.368,-61.365,-61.363,-61.36,-61.358,-61.355,-61.353,-61.35,-61.348,-61.346,-61.343,-61.341,-61.338,-61.336,-61.333,-61.331,-61.328,-61.326,-61.323,-61.321,-61.318,-61.316,-61.313,-61.311,-61.308,-61.306,-61.303,-61.301,-61.298,-61.296,-61.293,-61.291,-61.288,-61.286,-61.283,-61.281,-61.279,-61.276,-61.274,-61.271,-61.269,-61.266,-61.264,-61.261,-61.259,-61.256,-61.254,-61.251,-61.249,-61.246,-61.244,-61.241,-61.239,-61.236,-61.234,-61.231,-61.229,-61.226,-61.224,-61.221,-61.219,-61.216,-61.214,-61.211,-61.209,-61.206,-61.204,-61.201,-61.199,-61.196,-61.194,-61.192,-61.189,-61.187,-61.184,-61.182,-61.179,-61.177,-61.174,-61.172,-61.169,-61.167,-61.164,-61.162,-61.159,-61.157,-61.154,-61.152,-61.149,-61.147,-61.144,-61.142,-61.139,-61.137,-61.134,-61.132,-61.129,-61.127,-61.124,-61.122,-61.119,-61.117,-61.114,-61.112,-61.109,-61.107,-61.104,-61.102,-61.099,-61.097,-61.094,-61.092,-61.089,-61.087,-61.084,-61.082,-61.079,-61.077,-61.074,-61.072,-61.069,-61.067,-61.064,-61.062,-61.059,-61.057,-61.054,-61.052,-61.049,-61.047,-61.044,-61.042,-61.039,-61.037,-61.034,-61.032,-61.029,-61.027,-61.024,-61.022,-61.019,-61.017,-61.014,-61.012,-61.009,-61.007,-61.004,-61.002,-60.999,-60.997,-60.994,-60.992,-60.989,-60.987,-60.984,-60.982,-60.979,-60.977,-60.974,-60.972,-60.969,-60.967,-60.964,-60.962,-60.959,-60.956,-60.954,-60.951,-60.949,-60.946,-60.944,-60.941,-60.939,-60.936,-60.934,-60.931,-60.929,-60.926,-60.924,-60.921,-60.919,-60.916,-60.914,-60.911,-60.909,-60.906,-60.904,-60.901,-60.899,-60.896,-60.894,-60.891,-60.888,-60.886,-60.883,-60.881,-60.878,-60.876,-60.873,-60.871,-60.868,-60.866,-60.863,-60.861,-60.858,-60.856,-60.853,-60.851,-60.848,-60.846,-60.843,-60.841,-60.838,-60.836,-60.833,-60.83,-60.828,-60.825,-60.823,-60.82,-60.818,-60.815,-60.813,-60.81,-60.808,-60.805,-60.803,-60.8,-60.798,-60.795,-60.792,-60.79,-60.787,-60.785,-60.782,-60.78,-60.777,-60.775,-60.772,-60.77,-60.767,-60.765,-60.762,-60.76,-60.757,-60.754,-60.752,-60.749,-60.747,-60.744,-60.742,-60.739,-60.737,-60.734,-60.732,-60.729,-60.726,-60.724,-60.721,-60.719,-60.716,-60.714,-60.711,-60.709,-60.706,-60.704,-60.701,-60.699,-60.696,-60.693,-60.691,-60.688,-60.686,-60.683,-60.681,-60.678,-60.676,-60.673,-60.67,-60.668,-60.665,-60.663,-60.66,-60.658,-60.655,-60.653,-60.65,-60.647,-60.645,-60.642,-60.64,-60.637,-60.635,-60.632,-60.63,-60.627,-60.624,-60.622,-60.619,-60.617,-60.614,-60.612,-60.609,-60.607,-60.604,-60.601,-60.599,-60.596,-60.594,-60.591,-60.589,-60.586,-60.583,-60.581,-60.578,-60.576,-60.573,-60.571,-60.568,-60.565,-60.563,-60.56,-60.558,-60.555,-60.553,-60.55,-60.547,-60.545,-60.542,-60.54,-60.537,-60.535,-60.532,-60.529,-60.527,-60.524,-60.522,-60.519,-60.517,-60.514,-60.511,-60.509,-60.506,-60.504,-60.501,-60.498,-60.496,-60.493,-60.491,-60.488,-60.486,-60.483,-60.48,-60.478,-60.475,-60.473,-60.47,-60.467,-60.465,-60.462,-60.46,-60.457,-60.454,-60.452,-60.449,-60.447,-60.444,-60.441,-60.439,-60.436,-60.434,-60.431,-60.428,-60.426,-60.423,-60.421,-60.418,-60.415,-60.413,-60.41,-60.408,-60.405,-60.403,-60.4,-60.397,-60.395,-60.392,-60.39,-60.387,-60.384,-60.382,-60.379,-60.376,-60.374,-60.371,-60.369,-60.366,-60.363,-60.361,-60.358,-60.356,-60.353,-60.35,-60.348,-60.345,-60.343,-60.34,-60.337,-60.335,-60.332,-60.329,-60.327,-60.324,-60.322,-60.319,-60.316,-60.314,-60.311,-60.308,-60.306,-60.303,-60.301,-60.298,-60.295,-60.293,-60.29,-60.288,-60.285,-60.282,-60.28,-60.277,-60.274,-60.272,-60.269,-60.266,-60.264,-60.261,-60.259,-60.256,-60.253,-60.251,-60.248,-60.245,-60.243,-60.24,-60.238,-60.235,-60.232,-60.23,-60.227,-60.224,-60.222,-60.219,-60.216,-60.214,-60.211,-60.208,-60.206,-60.203,-60.201,-60.198,-60.195,-60.193,-60.19,-60.187,-60.185,-60.182,-60.179,-60.177,-60.174,-60.171,-60.169,-60.166,-60.163,-60.161,-60.158,-60.155,-60.153,-60.15,-60.147,-60.145,-60.142,-60.139,-60.137,-60.134,-60.131,-60.129,-60.126,-60.123,-60.121,-60.118,-60.115,-60.113,-60.11,-60.107,-60.105,-60.102,-60.099,-60.097,-60.094,-60.091,-60.089,-60.086,-60.083,-60.081,-60.078,-60.075,-60.072,-60.07,-60.067,-60.064,-60.062,-60.059,-60.056,-60.054,-60.051,-60.048,-60.046,-60.043,-60.04,-60.037,-60.035,-60.032,-60.029,-60.027,-60.024,-60.021,-60.019,-60.016,-60.013,-60.01,-60.008,-60.005,-60.002,-60.0,-59.997,-59.994,-59.991,-59.989,-59.986,-59.983,-59.981,-59.978,-59.975,-59.972,-59.97,-59.967,-59.964,-59.962,-59.959,-59.956,-59.953,-59.951,-59.948,-59.945,-59.943,-59.94,-59.937,-59.934,-59.932,-59.929,-59.926,-59.923,-59.921,-59.918,-59.915,-59.912,-59.91,-59.907,-59.904,-59.901,-59.899,-59.896,-59.893,-59.891,-59.888,-59.885,-59.882,-59.88,-59.877,-59.874,-59.871,-59.869,-59.866,-59.863,-59.86,-59.857,-59.855,-59.852,-59.849,-59.846,-59.844,-59.841,-59.838,-59.835,-59.833,-59.83,-59.827,-59.824,-59.822,-59.819,-59.816,-59.813,-59.81,-59.808,-59.805,-59.802,-59.799,-59.797,-59.794,-59.791,-59.788,-59.785,-59.783,-59.78,-59.777,-59.774,-59.771,-59.769,-59.766,-59.763,-59.76,-59.757,-59.755,-59.752,-59.749,-59.746,-59.743,-59.741,-59.738,-59.735,-59.732,-59.729,-59.727,-59.724,-59.721,-59.718,-59.715,-59.713,-59.71,-59.707,-59.704,-59.701,-59.699,-59.696,-59.693,-59.69,-59.687,-59.684,-59.682,-59.679,-59.676,-59.673,-59.67,-59.667,-59.665,-59.662,-59.659,-59.656,-59.653,-59.65,-59.647,-59.644,-59.642,-59.639,-59.636,-59.633,-59.63,-59.628,-59.625,-59.622,-59.619,-59.616,-59.613,-59.61,-59.607,-59.604,-59.602,-59.599,-59.596,-59.593,-59.59,-59.588,-59.585,-59.582,-59.579,-59.576,-59.573,-59.57,-59.567,-59.564,-59.562,-59.559,-59.556,-59.553,-59.55,-59.547,-59.544,-59.541,-59.539,-59.536,-59.533,-59.53,-59.527,-59.524,-59.521,-59.518,-59.516,-59.513,-59.51,-59.507,-59.504,-59.501,-59.498,-59.495,-59.492,-59.489,-59.486,-59.483,-59.481,-59.478,-59.475,-59.472,-59.469,-59.466,-59.463,-59.46,-59.457,-59.454,-59.451,-59.448,-59.445,-59.442,-59.439,-59.436,-59.433,-59.431,-59.428,-59.425,-59.422,-59.419,-59.416,-59.413,-59.41,-59.407,-59.404,-59.401,-59.398,-59.395,-59.392,-59.389,-59.386,-59.383,-59.38,-59.377,-59.374,-59.371,-59.368,-59.365,-59.362,-59.359,-59.356,-59.353,-59.35,-59.347,-59.344,-59.341,-59.338,-59.335,-59.332,-59.329,-59.326,-59.323,-59.32,-59.317,-59.314,-59.311,-59.307,-59.304,-59.301,-59.298,-59.295,-59.292,-59.289,-59.286,-59.283,-59.28,-59.277,-59.274,-59.271,-59.268,-59.265,-59.262,-59.258,-59.255,-59.252,-59.249,-59.246,-59.243,-59.24,-59.237,-59.234,-59.23,-59.227,-59.224,-59.221,-59.218,-59.215,-59.212,-59.209,-59.206,-59.202,-59.199,-59.196,-59.193,-59.19,-59.187,-59.184,-59.181,-59.178,-59.174,-59.171,-59.168,-59.165,-59.162,-59.159,-59.155,-59.152,-59.149,-59.146,-59.143,-59.14,-59.136,-59.133,-59.13,-59.127,-59.124,-59.121,-59.117,-59.114,-59.111,-59.108,-59.105,-59.102,-59.098,-59.095,-59.092,-59.089,-59.086,-59.083,-59.08,-59.076,-59.073,-59.07,-59.067,-59.064,-59.061,-59.057,-59.054,-59.051,-59.048,-59.044,-59.041,-59.038,-59.035,-59.031,-59.028,-59.025,-59.022,-59.018,-59.015,-59.012,-59.008,-59.005,-59.002,-58.999,-58.995,-58.992,-58.988,-58.985,-58.982,-58.979,-58.976,-58.972,-58.969,-58.966,-58.962,-58.959,-58.955,-58.952,-58.949,-58.946,-58.942,-58.939,-58.936,-58.932,-58.929,-58.925,-58.922,-58.919,-58.915,-58.912,-58.909,-58.905,-58.902,-58.898,-58.895,-58.892,-58.888,-58.885,-58.882,-58.878,-58.875,-58.871,-58.868,-58.864,-58.861,-58.858,-58.854,-58.851,-58.847,-58.844,-58.841,-58.837,-58.834,-58.83,-58.827,-58.824,-58.82,-58.817,-58.813,-58.809,-58.806,-58.802,-58.799,-58.795,-58.792,-58.788,-58.784,-58.781,-58.777,-58.774,-58.77,-58.767,-58.763,-58.76,-58.756,-58.753,-58.749,-58.746,-58.742,-58.739,-58.735,-58.731,-58.728,-58.724,-58.721,-58.717,-58.714,-58.71,-58.707,-58.703,-58.699,-58.696,-58.692,-58.688,-58.685,-58.681,-58.677,-58.674,-58.67,-58.667,-58.663,-58.659,-58.655,-58.652,-58.648,-58.644,-58.64,-58.636,-58.632,-58.629,-58.625,-58.621,-58.617,-58.613,-58.61,-58.606,-58.602,-58.598,-58.595,-58.591,-58.587,-58.583,-58.579,-58.575,-58.572,-58.568,-58.564,-58.56,-58.556,-58.553,-58.549,-58.545,-58.541,-58.537,-58.533,-58.529,-58.525,-58.522,-58.518,-58.514,-58.51,-58.506,-58.502,-58.498,-58.494,-58.49,-58.486,-58.482,-58.478,-58.474,-58.47,-58.466,-58.462,-58.458,-58.454,-58.449,-58.445,-58.442,-58.437,-58.433,-58.429,-58.425,-58.421,-58.417,-58.413,-58.408,-58.404,-58.4,-58.396,-58.392,-58.387,-58.383,-58.379,-58.374,-58.37,-58.366,-58.361,-58.357,-58.353,-58.349,-58.344,-58.34,-58.336,-58.332,-58.327,-58.323,-58.319,-58.315,-58.31,-58.306,-58.302,-58.297,-58.293,-58.288,-58.284,-58.279,-58.275,-58.27,-58.266,-58.261,-58.257,-58.252,-58.248,-58.243,-58.238,-58.234,-58.229,-58.225,-58.22,-58.216,-58.211,-58.206,-58.202,-58.197,-58.192,-58.188,-58.183,-58.178,-58.173,-58.168,-58.163,-58.158,-58.154,-58.149,-58.144,-58.139,-58.134,-58.13,-58.125,-58.12,-58.115,-58.11,-58.105,-58.1,-58.095,-58.09,-58.085,-58.08,-58.075,-58.07,-58.065,-58.06,-58.055,-58.05,-58.045,-58.039,-58.034,-58.029,-58.024,-58.018,-58.013,-58.007,-58.002,-57.997,-57.991,-57.986,-57.981,-57.975,-57.97,-57.964,-57.958,-57.953,-57.947,-57.942,-57.936,-57.93,-57.924,-57.919,-57.913,-57.907,-57.901,-57.895,-57.889,-57.883,-57.877,-57.871,-57.865,-57.859,-57.853,-57.847,-57.841,-57.835,-57.829,-57.823,-57.817,-57.811,-57.805,-57.798,-57.792,-57.786,-57.779,-57.772,-57.766,-57.76,-57.753,-57.746,-57.74,-57.733,-57.726,-57.72,-57.713,-57.706,-57.699,-57.692,-57.685,-57.678,-57.67,-57.663,-57.656,-57.649,-57.641,-57.634,-57.626,-57.618,-57.611,-57.603,-57.595,-57.587,-57.579,-57.571,-57.564,-57.555,-57.547,-57.539,-57.531,-57.523,-57.514,-57.506,-57.497,-57.488,-57.479,-57.471,-57.462,-57.453,-57.444,-57.434,-57.425,-57.415,-57.405,-57.396,-57.386,-57.376,-57.366,-57.356,-57.345,-57.335,-57.324,-57.314,-57.302,-57.291,-57.28,-57.269,-57.257,-57.245,-57.233,-57.221,-57.209,-57.196,-57.184,-57.17,-57.157,-57.144,-57.13,-57.116,-57.102,-57.087,-57.072,-57.057,-57.042,-57.026,-57.009,-56.992,-56.975,-56.957,-56.938,-56.92,-56.901,-56.881,-56.86,-56.839,-56.817,-56.795,-56.772,-56.748,-56.723,-56.697,-56.671,-56.643,-56.614,-56.582,-56.549,-56.513,-56.476,-56.438,-56.393,-56.346,-56.295,-56.24,-56.176,-56.105,-56.024,-55.92,-55.793,-55.625,-55.332,-54.175,-35.021,6.3331,1.2179,-17.589,-33.472,-53.187,-64.483,-69.478,-72.171,-73.801,-74.858,-75.541,-76.006,-76.314,-76.508,-76.631,-76.685,-76.69,-76.652,-76.595,-76.514,-76.413,-76.301,-76.178,-76.047,-75.909,-75.768,-75.624,-75.479,-75.333,-75.185,-75.038,-74.89,-74.743,-74.595,-74.447,-74.301,-74.156,-74.014,-73.87,-73.729,-73.588,-73.448,-73.309,-73.17,-73.033,-72.897,-72.761,-72.626,-72.492,-72.359,-72.226,-72.094,-71.962,-71.831,-71.701,-71.57,-71.44,-71.311,-71.182,-71.053,-70.925,-70.798,-70.67,-70.544,-70.418,-70.292,-70.168,-70.043,-69.92,-69.796,-69.673,-69.551,-69.429,-69.308,-69.187,-69.067,-68.947,-68.828,-68.71,-68.592,-68.474,-68.358,-68.242,-68.126,-68.012,-67.897,-67.784,-67.671,-67.559,-67.447,-67.336,-67.226,-67.117,-67.008,-66.901,-66.793,-66.687,-66.581,-66.476,-66.372,-66.268,-66.166,-66.064,-65.963,-65.862,-65.762,-65.663,-65.565,-65.468,-65.371,-65.276,-65.181,-65.086,-64.993,-64.9,-64.808,-64.717,-64.627,-64.537,-64.449,-64.361,-64.274,-64.187,-64.101,-64.017,-63.932,-63.849,-63.767,-63.685,-63.604,-63.523,-63.444,-63.365,-63.287,-63.21,-63.133,-63.057,-62.982,-62.908,-62.834,-62.761,-62.688,-62.617,-62.546,-62.476,-62.406,-62.337,-62.269,-62.202,-62.135,-62.069,-62.003,-61.938,-61.874,-61.81,-61.747,-61.685,-61.623,-61.562,-61.501,-61.441,-61.382,-61.323,-61.265,-61.207,-61.15,-61.094,-61.038,-60.982,-60.927,-60.873,-60.819,-60.765,-60.712,-60.66,-60.608,-60.557,-60.506,-60.455,-60.405,-60.356,-60.307,-60.258,-60.21,-60.162,-60.114,-60.067,-60.021,-59.975,-59.929,-59.883,-59.839,-59.794,-59.749,-59.706,-59.662,-59.619,-59.576,-59.533,-59.491,-59.449,-59.407,-59.366,-59.325,-59.284,-59.244,-59.204,-59.164,-59.124,-59.084,-59.046,-59.007,-58.968,-58.93,-58.892,-58.854,-58.816,-58.778,-58.741,-58.703,-58.666,-58.629,-58.593,-58.556,-58.519,-58.482,-58.446,-58.41,-58.374,-58.338,-58.302,-58.266,-58.23,-58.194,-58.157,-58.121,-58.085,-58.049,-58.013,-57.977,-57.94,-57.904,-57.868,-57.831,-57.794,-57.757,-57.72,-57.682,-57.645,-57.607,-57.568,-57.53,-57.491,-57.451,-57.411,-57.371,-57.33,-57.288,-57.245,-57.202,-57.158,-57.113,-57.067,-57.019,-56.971,-56.922,-56.87,-56.817,-56.761,-56.703,-56.641,-56.575,-56.506,-56.433,-56.352,-56.265,-56.169,-56.062,-55.933,-55.77,-55.525,-54.976,-41.716,-18.252,10.85,-11.866,-27.119,-46.269,-61.534,-68.091,-71.393,-73.326,-74.547,-75.334,-75.855,-76.203,-76.424,-76.565,-76.631,-76.643,-76.613,-76.553,-76.467,-76.362,-76.247,-76.117,-75.981,-75.835,-75.688,-75.534,-75.38,-75.224,-75.063,-74.907,-74.75,-74.593,-74.437,-74.281,-74.127,-73.974,-73.821,-73.669,-73.519,-73.369,-73.221,-73.073,-72.926,-72.781,-72.635,-72.491,-72.348,-72.206,-72.064,-71.923,-71.783,-71.643,-71.504,-71.365,-71.228,-71.091,-70.954,-70.818,-70.682,-70.548,-70.413,-70.279,-70.147,-70.014,-69.882,-69.751,-69.619,-69.489,-69.359,-69.23,-69.102,-68.974,-68.846,-68.72,-68.593,-68.468,-68.343,-68.219,-68.096,-67.973,-67.851,-67.73,-67.609,-67.489,-67.37,-67.251,-67.134,-67.016,-66.9,-66.784,-66.669,-66.555,-66.441,-66.329,-66.217,-66.106,-65.995,-65.886,-65.778,-65.67,-65.563,-65.457,-65.352,-65.247,-65.144,-65.041,-64.939,-64.838,-64.738,-64.638,-64.54,-64.442,-64.345,-64.25,-64.154,-64.06,-63.967,-63.874,-63.782,-63.691,-63.601,-63.512,-63.424,-63.336,-63.249,-63.163,-63.078,-62.994,-62.91,-62.827,-62.745,-62.664,-62.584,-62.504,-62.425,-62.347,-62.269,-62.193,-62.117,-62.041,-61.967,-61.893,-61.82,-61.747,-61.676,-61.605,-61.534,-61.465,-61.396,-61.327,-61.259,-61.192,-61.126,-61.06,-60.995,-60.93,-60.866,-60.803,-60.74,-60.677,-60.616,-60.554,-60.494,-60.434,-60.374,-60.315,-60.256,-60.198,-60.141,-60.084,-60.027,-59.971,-59.915,-59.86,-59.805,-59.751,-59.697,-59.643,-59.59,-59.537,-59.485,-59.433,-59.381,-59.329,-59.278,-59.227,-59.177,-59.127,-59.076,-59.026,-58.977,-58.927,-58.878,-58.829,-58.781,-58.732,-58.683,-58.635,-58.587,-58.539,-58.491,-58.443,-58.395,-58.348,-58.3,-58.252,-58.204,-58.156,-58.108,-58.06,-58.012,-57.964,-57.915,-57.867,-57.817,-57.768,-57.718,-57.668,-57.617,-57.566,-57.514,-57.462,-57.408,-57.354,-57.299,-57.243,-57.186,-57.126,-57.065,-57.003,-56.939,-56.872,-56.804,-56.733,-56.658,-56.579,-56.492,-56.398,-56.291,-56.174,-56.036,-55.86,-55.626,-55.18,-46.646,-25.901,15.446,-8.5612,-24.245,-42.388,-59.637,-67.288,-70.978,-73.086,-74.389,-75.237,-75.791,-76.162,-76.399,-76.538,-76.612,-76.627,-76.612,-76.551,-76.46,-76.351,-76.23,-76.096,-75.951,-75.801,-75.646,-75.488,-75.328,-75.165,-75.003,-74.838,-74.674,-74.511,-74.349,-74.188,-74.027,-73.867,-73.708,-73.551,-73.394,-73.239,-73.084,-72.931,-72.778,-72.626,-72.476,-72.326,-72.177,-72.029,-71.882,-71.735,-71.59,-71.444,-71.3,-71.156,-71.013,-70.87,-70.728,-70.587,-70.446,-70.306,-70.167,-70.028,-69.889,-69.752,-69.615,-69.479,-69.344,-69.209,-69.075,-68.941,-68.808,-68.675,-68.543,-68.412,-68.282,-68.152,-68.023,-67.894,-67.767,-67.64,-67.514,-67.388,-67.263,-67.139,-67.016,-66.894,-66.772,-66.651,-66.531,-66.412,-66.293,-66.176,-66.059,-65.943,-65.828,-65.713,-65.6,-65.487,-65.376,-65.265,-65.155,-65.046,-64.937,-64.83,-64.724,-64.618,-64.513,-64.409,-64.306,-64.204,-64.103,-64.002,-63.903,-63.804,-63.707,-63.61,-63.514,-63.419,-63.324,-63.231,-63.138,-63.046,-62.955,-62.865,-62.776,-62.688,-62.6,-62.513,-62.427,-62.342,-62.258,-62.174,-62.091,-62.009,-61.928,-61.847,-61.767,-61.688,-61.61,-61.533,-61.456,-61.38,-61.304,-61.229,-61.155,-61.082,-61.009,-60.937,-60.866,-60.795,-60.724,-60.655,-60.586,-60.518,-60.45,-60.383,-60.316,-60.25,-60.184,-60.119,-60.054,-59.99,-59.927,-59.864,-59.801,-59.739,-59.677,-59.616,-59.555,-59.494,-59.434,-59.374,-59.314,-59.255,-59.196,-59.138,-59.08,-59.022,-58.964,-58.906,-58.849,-58.792,-58.734,-58.678,-58.621,-58.564,-58.507,-58.451,-58.394,-58.337,-58.281,-58.224,-58.167,-58.11,-58.053,-57.996,-57.938,-57.88,-57.821,-57.762,-57.702,-57.642,-57.581,-57.519,-57.456,-57.393,-57.328,-57.261,-57.193,-57.124,-57.052,-56.979,-56.904,-56.826,-56.745,-56.657,-56.563,-56.461,-56.348,-56.225,-56.075,-55.889,-55.645,-55.187,-47.131,-26.291,15.722,-8.3719,-23.922,-41.922,-59.431,-67.219,-70.957,-73.081,-74.384,-75.226,-75.796,-76.175,-76.408,-76.544,-76.609,-76.615,-76.58,-76.513,-76.421,-76.314,-76.189,-76.051,-75.903,-75.75,-75.591,-75.428,-75.262,-75.093,-74.925,-74.757,-74.589,-74.42,-74.251,-74.084,-73.919,-73.755,-73.59,-73.427,-73.266,-73.106,-72.947,-72.789,-72.631,-72.473,-72.318,-72.162,-72.008,-71.856,-71.705,-71.554,-71.404,-71.254,-71.107,-70.958,-70.811,-70.664,-70.517,-70.372,-70.226,-70.082,-69.938,-69.796,-69.653,-69.511,-69.37,-69.23,-69.09,-68.95,-68.812,-68.674,-68.537,-68.401,-68.265,-68.13,-67.996,-67.862,-67.73,-67.597,-67.466,-67.336,-67.206,-67.077,-66.949,-66.822,-66.695,-66.57,-66.445,-66.321,-66.197,-66.075,-65.954,-65.833,-65.713,-65.594,-65.476,-65.359,-65.243,-65.128,-65.013,-64.9,-64.787,-64.675,-64.564,-64.455,-64.346,-64.237,-64.13,-64.024,-63.918,-63.814,-63.71,-63.608,-63.506,-63.405,-63.305,-63.206,-63.108,-63.01,-62.914,-62.818,-62.724,-62.63,-62.537,-62.444,-62.353,-62.263,-62.173,-62.084,-61.996,-61.909,-61.822,-61.737,-61.652,-61.568,-61.484,-61.402,-61.32,-61.239,-61.158,-61.079,-61.0,-60.921,-60.844,-60.767,-60.691,-60.615,-60.54,-60.465,-60.392,-60.318,-60.246,-60.174,-60.102,-60.031,-59.961,-59.891,-59.821,-59.752,-59.684,-59.616,-59.548,-59.48,-59.413,-59.347,-59.281,-59.215,-59.149,-59.083,-59.018,-58.953,-58.888,-58.824,-58.76,-58.695,-58.631,-58.567,-58.503,-58.439,-58.374,-58.31,-58.246,-58.181,-58.117,-58.051,-57.986,-57.92,-57.854,-57.787,-57.72,-57.651,-57.582,-57.512,-57.441,-57.368,-57.293,-57.217,-57.138,-57.058,-56.977,-56.892,-56.803,-56.709,-56.611,-56.507,-56.394,-56.268,-56.119,-55.937,-55.693,-55.298,-52.183,-31.017,16.644,-4.4795,-21.062,-37.945,-56.968,-66.185,-70.406,-72.748,-74.164,-75.083,-75.687,-76.098,-76.347,-76.492,-76.569,-76.59,-76.57,-76.498,-76.408,-76.298,-76.171,-76.03,-75.88,-75.723,-75.56,-75.394,-75.224,-75.052,-74.88,-74.706,-74.53,-74.355,-74.181,-74.008,-73.837,-73.666,-73.497,-73.33,-73.165,-72.999,-72.834,-72.671,-72.509,-72.348,-72.187,-72.028,-71.87,-71.713,-71.557,-71.402,-71.247,-71.093,-70.941,-70.789,-70.637,-70.487,-70.336,-70.187,-70.039,-69.89,-69.742,-69.596,-69.45,-69.304,-69.159,-69.015,-68.872,-68.729,-68.587,-68.446,-68.305,-68.165,-68.026,-67.888,-67.75,-67.613,-67.477,-67.342,-67.208,-67.074,-66.941,-66.809,-66.678,-66.548,-66.418,-66.29,-66.162,-66.035,-65.909,-65.784,-65.659,-65.536,-65.414,-65.292,-65.171,-65.052,-64.933,-64.815,-64.698,-64.582,-64.467,-64.353,-64.239,-64.127,-64.016,-63.905,-63.796,-63.687,-63.579,-63.473,-63.367,-63.262,-63.158,-63.055,-62.953,-62.852,-62.751,-62.652,-62.553,-62.455,-62.359,-62.263,-62.168,-62.074,-61.98,-61.888,-61.796,-61.705,-61.615,-61.526,-61.437,-61.349,-61.262,-61.176,-61.091,-61.006,-60.922,-60.839,-60.756,-60.674,-60.593,-60.512,-60.432,-60.353,-60.274,-60.196,-60.118,-60.041,-59.965,-59.889,-59.813,-59.738,-59.664,-59.589,-59.516,-59.443,-59.37,-59.297,-59.225,-59.153,-59.082,-59.01,-58.939,-58.868,-58.797,-58.726,-58.655,-58.584,-58.514,-58.443,-58.372,-58.301,-58.229,-58.158,-58.086,-58.014,-57.941,-57.868,-57.793,-57.719,-57.643,-57.567,-57.489,-57.409,-57.328,-57.245,-57.162,-57.074,-56.983,-56.89,-56.793,-56.688,-56.573,-56.452,-56.316,-56.159,-55.977,-55.743,-55.344,-51.667,-30.349,17.054,-5.2183,-21.545,-38.605,-57.479,-66.426,-70.546,-72.834,-74.237,-75.133,-75.716,-76.106,-76.347,-76.492,-76.563,-76.577,-76.55,-76.489,-76.384,-76.264,-76.136,-75.989,-75.834,-75.671,-75.504,-75.335,-75.161,-74.986,-74.809,-74.632,-74.455,-74.275,-74.1,-73.925,-73.75,-73.578,-73.404,-73.234,-73.063,-72.893,-72.725,-72.559,-72.393,-72.228,-72.065,-71.902,-71.74,-71.579,-71.419,-71.261,-71.103,-70.946,-70.789,-70.632,-70.476,-70.321,-70.167,-70.013,-69.86,-69.709,-69.558,-69.407,-69.258,-69.109,-68.961,-68.814,-68.667,-68.521,-68.376,-68.231,-68.087,-67.944,-67.802,-67.661,-67.52,-67.38,-67.24,-67.102,-66.965,-66.828,-66.692,-66.557,-66.423,-66.29,-66.157,-66.026,-65.895,-65.765,-65.637,-65.509,-65.382,-65.256,-65.131,-65.007,-64.883,-64.761,-64.64,-64.52,-64.4,-64.282,-64.164,-64.048,-63.932,-63.818,-63.704,-63.592,-63.48,-63.369,-63.259,-63.151,-63.043,-62.936,-62.83,-62.725,-62.62,-62.517,-62.415,-62.313,-62.213,-62.113,-62.014,-61.916,-61.819,-61.723,-61.628,-61.533,-61.439,-61.346,-61.254,-61.163,-61.072,-60.982,-60.893,-60.805,-60.717,-60.63,-60.544,-60.458,-60.373,-60.289,-60.205,-60.122,-60.039,-59.958,-59.876,-59.795,-59.715,-59.635,-59.555,-59.476,-59.398,-59.319,-59.241,-59.163,-59.086,-59.008,-58.931,-58.854,-58.777,-58.7,-58.624,-58.547,-58.47,-58.393,-58.316,-58.238,-58.161,-58.082,-58.004,-57.924,-57.844,-57.763,-57.681,-57.598,-57.514,-57.427,-57.339,-57.249,-57.158,-57.063,-56.964,-56.861,-56.753,-56.641,-56.52,-56.383,-56.228,-56.052,-55.833,-55.5,-54.514,-35.86,5.4156,1.7147,-17.008,-32.596,-52.618,-64.459,-69.563,-72.271,-73.876,-74.891,-75.563,-76.01,-76.291,-76.465,-76.547,-76.568,-76.556,-76.486,-76.396,-76.28,-76.151,-76.007,-75.85,-75.688,-75.519,-75.345,-75.166,-74.982,-74.8,-74.619,-74.439,-74.258,-74.078,-73.898,-73.719,-73.542,-73.365,-73.19,-73.016,-72.843,-72.672,-72.501,-72.331,-72.163,-71.995,-71.827,-71.662,-71.497,-71.333,-71.169,-71.009,-70.847,-70.686,-70.526,-70.367,-70.208,-70.051,-69.893,-69.737,-69.581,-69.427,-69.273,-69.12,-68.967,-68.815,-68.664,-68.513,-68.364,-68.215,-68.067,-67.92,-67.773,-67.627,-67.483,-67.338,-67.195,-67.053,-66.911,-66.77,-66.63,-66.49,-66.352,-66.215,-66.078,-65.942,-65.808,-65.674,-65.541,-65.41,-65.279,-65.149,-65.02,-64.892,-64.765,-64.639,-64.514,-64.39,-64.267,-64.145,-64.024,-63.904,-63.785,-63.667,-63.55,-63.434,-63.32,-63.206,-63.093,-62.981,-62.87,-62.76,-62.651,-62.543,-62.436,-62.33,-62.225,-62.12,-62.017,-61.914,-61.812,-61.711,-61.611,-61.512,-61.414,-61.316,-61.22,-61.124,-61.028,-60.934,-60.84,-60.748,-60.655,-60.564,-60.473,-60.383,-60.294,-60.205,-60.116,-60.029,-59.942,-59.855,-59.77,-59.684,-59.599,-59.514,-59.43,-59.346,-59.263,-59.18,-59.097,-59.014,-58.931,-58.849,-58.767,-58.684,-58.602,-58.519,-58.437,-58.354,-58.271,-58.188,-58.104,-58.019,-57.934,-57.847,-57.76,-57.672,-57.582,-57.491,-57.398,-57.304,-57.208,-57.109,-57.006,-56.898,-56.783,-56.663,-56.536,-56.397,-56.237,-56.046,-55.8,-55.43,-53.542,-32.752,15.204,-2.7582,-19.65,-35.969,-55.592,-65.68,-70.174,-72.617,-74.1,-75.042,-75.651,-76.057,-76.311,-76.458,-76.538,-76.548,-76.516,-76.453,-76.344,-76.224,-76.085,-75.934,-75.773,-75.604,-75.43,-75.252,-75.07,-74.888,-74.703,-74.519,-74.334,-74.149,-73.966,-73.783,-73.602,-73.419,-73.24,-73.061,-72.884,-72.707,-72.53,-72.356,-72.184,-72.012,-71.841,-71.672,-71.502,-71.334,-71.168,-71.003,-70.836,-70.671,-70.508,-70.345,-70.182,-70.021,-69.86,-69.7,-69.54,-69.382,-69.225,-69.068,-68.911,-68.756,-68.602,-68.447,-68.294,-68.142,-67.991,-67.84,-67.69,-67.541,-67.393,-67.245,-67.099,-66.953,-66.808,-66.664,-66.521,-66.378,-66.236,-66.096,-65.956,-65.817,-65.68,-65.543,-65.407,-65.272,-65.138,-65.006,-64.874,-64.743,-64.613,-64.484,-64.356,-64.23,-64.104,-63.979,-63.855,-63.733,-63.611,-63.49,-63.371,-63.252,-63.135,-63.018,-62.903,-62.788,-62.674,-62.562,-62.45,-62.339,-62.23,-62.121,-62.013,-61.906,-61.8,-61.694,-61.59,-61.487,-61.384,-61.282,-61.181,-61.081,-60.982,-60.883,-60.785,-60.688,-60.592,-60.496,-60.401,-60.307,-60.213,-60.12,-60.028,-59.936,-59.845,-59.754,-59.663,-59.573,-59.484,-59.395,-59.306,-59.218,-59.13,-59.042,-58.954,-58.867,-58.779,-58.692,-58.604,-58.516,-58.429,-58.34,-58.252,-58.162,-58.073,-57.982,-57.891,-57.799,-57.705,-57.61,-57.514,-57.416,-57.317,-57.214,-57.107,-56.995,-56.879,-56.76,-56.631,-56.49,-56.332,-56.15,-55.936,-55.64,-55.012,-40.511,-13.45,8.5409,-13.185,-28.346,-47.847,-62.484,-68.647,-71.757,-73.561,-74.696,-75.437,-75.917,-76.218,-76.404,-76.498,-76.528,-76.517,-76.46,-76.361,-76.246,-76.113,-75.96,-75.801,-75.632,-75.455,-75.275,-75.091,-74.905,-74.718,-74.53,-74.344,-74.157,-73.969,-73.783,-73.597,-73.414,-73.229,-73.047,-72.864,-72.684,-72.504,-72.327,-72.151,-71.975,-71.799,-71.626,-71.453,-71.282,-71.111,-70.942,-70.773,-70.605,-70.438,-70.272,-70.108,-69.943,-69.779,-69.615,-69.453,-69.291,-69.13,-68.969,-68.811,-68.652,-68.494,-68.337,-68.181,-68.026,-67.871,-67.717,-67.564,-67.412,-67.26,-67.11,-66.961,-66.812,-66.665,-66.517,-66.372,-66.227,-66.082,-65.939,-65.796,-65.655,-65.514,-65.375,-65.236,-65.099,-64.963,-64.827,-64.693,-64.56,-64.427,-64.296,-64.166,-64.036,-63.908,-63.781,-63.655,-63.53,-63.406,-63.283,-63.161,-63.041,-62.921,-62.802,-62.684,-62.567,-62.451,-62.337,-62.223,-62.11,-61.998,-61.887,-61.777,-61.667,-61.559,-61.452,-61.345,-61.239,-61.134,-61.03,-60.927,-60.825,-60.723,-60.622,-60.522,-60.422,-60.323,-60.225,-60.127,-60.03,-59.934,-59.838,-59.742,-59.648,-59.553,-59.459,-59.365,-59.272,-59.179,-59.086,-58.993,-58.9,-58.807,-58.715,-58.622,-58.529,-58.436,-58.343,-58.249,-58.155,-58.059,-57.963,-57.865,-57.766,-57.666,-57.564,-57.459,-57.352,-57.244,-57.132,-57.017,-56.899,-56.77,-56.634,-56.487,-56.318,-56.122,-55.88,-55.548,-54.654,-36.642,2.648,2.6353,-16.45,-31.916,-51.996,-64.274