0.0078125,1000.0,1000.0078125,1000.1328125,1000.25,1000.3671875,1000.484375,1000.6015625,1000.71875,1000.8359375,1000.953125,1001.0703125,1001.1875,1001.3046875,1001.421875,1001.5390625,1001.65625,1001.7734375,1001.890625,1002.015625,1002.140625,1002.265625,1002.390625,1002.515625,1002.6484375,1002.78125,1002.921875,1003.1796875,1003.46875,1003.7578125,1004.5234375,1004.7578125,1004.9609375,1005.1953125,1005.4140625,1005.625,1005.828125,1005.953125,1006.078125,1006.203125,1006.3203125,1006.4375,1006.5546875,1006.671875,1006.7890625,1006.8984375,1007.015625,1007.1328125,1007.2421875,1007.3515625,1007.46875,1007.5859375,1007.6953125,1007.8046875,1007.9140625,1008.0234375,1008.1328125,1008.2421875,1008.3515625,1008.4609375,1008.5703125,1008.6796875,1008.796875,1008.90625,1009.0234375,1009.140625,1009.2578125,1009.375,1009.5,1009.703125,1009.9140625,1010.1328125,1010.3671875,1010.578125,1010.8125,1011.671875,1012.0234375,1012.2109375,1012.390625,1012.5625,1012.7265625,1012.9140625,1013.1015625,1013.28125,1013.4609375,1013.640625,1013.8125,1013.984375,1014.1640625,1014.359375,1014.5546875,1014.75,1014.953125,1015.1484375,1015.3515625,1015.5546875,1015.7578125,1015.9609375,1016.171875,1016.3828125,1016.6015625,1016.8203125,1017.0390625,1017.2578125,1017.484375,1017.7109375,1017.9296875,1018.1484375,1018.3671875,1018.5859375,1018.8046875,1019.0234375,1019.234375,1019.4453125,1019.6484375,1019.8515625,1020.0546875,1020.2578125,1020.4609375,1020.6640625,1020.859375,1021.0390625,1021.2265625,1021.40625,1021.59375,1021.78125,1021.96875,1022.1640625,1022.359375,1022.53125,1022.7109375,1022.890625,1023.0859375,1023.453125,1024.359375,1024.609375,1024.8359375,1025.09375,1025.328125,1025.5546875,1025.7734375,1025.9140625,1026.046875,1026.1796875,1026.3046875,1026.4296875,1026.5546875,1026.6796875,1026.8046875,1026.9296875,1027.0546875,1027.1796875,1027.296875,1027.421875,1027.5390625,1027.65625,1027.78125,1027.9375,1028.09375,1028.25,1028.4140625,1028.578125,1028.7421875,1028.9140625,1029.0859375,1029.265625,1029.4453125,1029.6328125,1029.8359375,1030.03125,1030.2421875,1031.0703125,1031.421875,1031.6171875,1031.796875,1031.96875,1032.140625,1032.34375,1032.5390625,1032.734375,1032.921875,1033.109375,1033.296875,1033.484375,1033.6640625,1033.859375,1034.0546875,1034.25,1034.4453125,1034.6484375,1034.8515625,1035.0625,1035.28125,1035.4609375,1035.640625,1035.8359375,1036.046875,1036.4296875,1037.3984375,1037.6796875,1037.9296875,1038.203125,1038.4609375,1038.7109375,1038.9609375,1039.203125,1039.4375,1039.671875,1039.9140625,1040.15625,1040.40625,1040.6640625,1040.9296875,1041.171875,1041.4296875,1041.703125,1042.0078125,1042.4765625,1043.796875,1045.1171875,1045.609375,1046.03125,1046.421875,1046.7890625,1047.140625,1047.4921875,1047.84375,1048.2109375,1048.5234375,1048.859375,1049.90625,1050.2578125,1050.59375,1050.8984375,1051.1953125,1051.484375,1051.765625,1052.046875,1052.3046875,1052.5703125,1052.8359375,1053.1171875,1053.359375,1053.625,1054.7421875,1055.015625,1055.265625,1055.5234375,1055.7734375,1056.015625,1056.2421875,1056.375,1056.5078125,1056.640625,1056.7734375,1056.8984375,1057.03125,1057.15625,1057.28125,1057.40625,1057.53125,1057.65625,1057.7890625,1057.9140625,1058.046875,1058.171875,1058.3046875,1058.5234375,1058.7421875,1058.9765625,1059.21875,1059.4296875,1059.6640625,1060.421875,1060.6875,1060.9453125,1061.1796875,1061.421875,1061.6484375,1061.8671875,1062.078125,1062.1875,1062.2890625,1062.4921875,1062.59375,1062.6953125,1062.796875,1062.8984375,1063.0,1063.1015625,1063.203125,1063.296875,1063.3984375,1063.4921875,1063.5859375,1063.6875,1063.8359375,1063.9921875,1064.140625,1064.296875,1064.453125,1064.609375,1064.7734375,1064.9375,1065.1015625,1065.265625,1065.4453125,1065.6328125,1065.8125,1066.0078125,1066.7578125,1067.0703125,1067.2421875,1067.40625,1067.5625,1067.7109375,1067.890625,1068.0625,1068.234375,1068.40625,1068.5703125,1068.734375,1068.8984375,1069.0625,1069.2578125,1069.453125,1069.6484375,1069.8515625,1070.0546875,1070.2578125,1070.46875,1070.6875,1070.8671875,1071.0546875,1071.25,1071.453125,1071.828125,1072.7421875,1072.9921875,1073.21875,1073.453125,1073.671875,1073.8828125,1074.09375,1074.2890625,1074.484375,1074.671875,1074.859375,1075.046875,1075.234375,1075.421875,1075.6171875,1075.8046875,1076.0,1076.1953125,1076.3984375,1076.609375,1076.8203125,1077.0390625,1077.265625,1077.4453125,1077.640625,1078.0546875,1078.4609375,1079.609375,1079.9765625,1080.3125,1080.6953125,1081.0625,1081.4296875,1081.796875,1082.171875,1082.546875,1082.9296875,1083.3203125,1083.7109375,1084.09375,1084.4765625,1084.84375,1085.1484375,1085.453125,1085.75,1086.046875,1086.3359375,1086.625,1086.90625,1087.1953125,1087.453125,1087.7109375,1087.9765625,1088.2578125,1088.78125,1089.6796875,1090.0234375,1090.3671875,1090.6796875,1091.0390625,1091.3828125,1091.7109375,1092.03125,1092.1953125,1092.3671875,1092.5390625,1092.7109375,1092.8828125,1093.0546875,1093.234375,1093.4140625,1093.7265625,1094.0625,1094.3828125,1095.1328125,1095.5,1095.859375,1096.1875,1096.359375,1096.5234375,1096.6875,1096.84375,1097.0,1097.15625,1097.3125,1097.46875,1097.625,1097.7890625,1097.9453125,1098.109375,1098.2734375,1098.4453125,1098.6171875,1098.7890625,1099.0859375,1099.4140625,1099.7265625,1100.4453125,1100.8046875,1100.984375,1101.1484375,1101.3125,1101.46875,1101.6328125,1101.7890625,1101.9453125,1102.09375,1102.2421875,1102.390625,1102.5390625,1102.6796875,1102.8515625,1103.0234375,1103.1953125,1103.3671875,1103.5390625,1103.71875,1103.8984375,1104.0859375,1104.2421875,1104.3984375,1104.5625,1104.7421875,1105.0703125,1105.8125,1106.0,1106.171875,1106.34375,1106.5078125,1106.6640625,1106.8125,1106.9609375,1107.1015625,1107.2421875,1107.375,1107.5078125,1107.640625,1107.7734375,1107.90625,1108.0234375,1108.140625,1108.2578125,1108.3671875,1108.484375,1108.59375,1108.703125,1108.8203125,1108.9375,1109.046875,1109.15625,1109.2734375,1109.390625,1109.5078125,1109.625,1109.7421875,1109.8515625,1109.96875,1110.078125,1110.1953125,1110.3125,1110.4296875,1110.5546875,1110.6796875,1110.9140625,1111.171875,1111.4375,1112.140625,1112.3515625,1112.546875,1112.765625,1112.96875,1113.1640625,1113.359375,1113.4765625,1113.5859375,1113.703125,1113.8125,1113.921875,1114.03125,1114.140625,1114.25,1114.359375,1114.46875,1114.5703125,1114.6796875,1114.7890625,1114.8984375,1115.0078125,1115.1171875,1115.265625,1115.4140625,1115.5625,1115.71875,1115.875,1116.03125,1116.1953125,1116.3671875,1116.515625,1116.671875,1116.8359375,1117.015625,1117.3671875,1118.0625,1118.359375,1118.671875,1118.9609375,1119.125,1119.2890625,1119.453125,1119.609375,1119.765625,1119.921875,1120.078125,1120.234375,1120.375,1120.515625,1120.65625,1120.8046875,1120.953125,1121.1015625,1121.25,1121.40625,1121.7109375,1122.0390625,1122.3828125,1123.0546875,1123.34375,1123.6484375,1123.921875,1124.2421875,1124.3984375,1124.546875,1124.6953125,1124.84375,1124.9921875,1125.1328125,1125.28125,1125.4375,1125.59375,1125.75,1125.90625,1126.0703125,1126.234375,1126.3984375,1126.7109375,1127.0546875,1127.3984375,1128.3515625,1128.6484375,1128.9140625,1129.2265625,1129.5234375,1129.8125,1130.1015625,1130.390625,1130.6796875,1130.9765625,1131.2890625,1131.5546875,1131.8515625,1132.765625,1133.078125,1133.375,1133.6484375,1133.90625,1134.1484375,1134.3828125,1134.609375,1134.8125,1135.015625,1135.2109375,1135.4140625,1135.609375,1135.8125,1136.015625,1136.2265625,1136.4375,1136.6484375,1136.8671875,1137.1015625,1137.328125,1137.5703125,1138.484375,1138.8671875,1139.078125,1139.2734375,1139.4609375,1139.640625,1139.859375,1140.0703125,1140.28125,1140.484375,1140.6875,1140.890625,1141.09375,1141.2890625,1141.484375,1141.6796875,1141.875,1142.078125,1142.28125,1142.4921875,1142.7109375,1142.9296875,1143.1171875,1143.3046875,1143.5078125,1143.71875,1144.1171875,1145.15625,1145.453125,1145.7265625,1146.03125,1146.3203125,1146.59375,1146.8671875,1147.1640625,1147.3125,1147.4609375,1147.609375,1147.7578125,1147.90625,1148.0546875,1148.203125,1148.3515625,1148.5,1148.6484375,1148.9453125,1149.25,1149.5078125,1149.7734375,1150.046875,1150.3203125,1150.6015625,1150.8984375,1151.203125,1151.515625,1151.78125,1152.0625,1152.3515625,1152.6640625,1153.2421875,1154.546875,1154.8828125,1155.1796875,1155.4921875,1155.78125,1156.0546875,1156.3203125,1156.6015625,1156.8671875,1157.1328125,1157.390625,1157.6484375,1157.8984375,1158.1484375,1158.390625,1158.640625,1158.8828125,1159.125,1159.375,1159.625,1159.8828125,1160.140625,1160.40625,1160.625,1160.859375,1161.1015625,1161.3515625,1161.8203125,1162.96875,1163.28125,1163.5703125,1163.875,1164.171875,1164.453125,1164.734375,1165.03125,1165.3203125,1165.609375,1165.890625,1166.171875,1166.4609375,1166.7421875,1167.03125,1167.1875,1167.34375,1167.5,1167.65625,1167.8125,1167.9765625,1168.140625,1168.3046875,1168.46875,1168.640625,1168.9765625,1169.3203125,1169.6796875,1169.8828125,1170.0859375,1170.2890625,1170.5,1170.7109375,1170.921875,1171.140625,1171.3671875,1171.78125,1172.234375,1172.671875,1173.6875,1173.9609375,1174.203125,1174.4765625,1174.734375,1174.9765625,1175.2109375,1175.359375,1175.5078125,1175.6484375,1175.7890625,1175.921875,1176.0546875,1176.1875,1176.3203125,1176.453125,1176.578125,1176.703125,1176.828125,1176.953125,1177.078125,1177.203125,1177.3203125,1177.4375,1177.5546875,1177.671875,1177.78125,1177.890625,1178.0078125,1178.125,1178.2421875,1178.359375,1178.46875,1178.5859375,1178.703125,1178.8203125,1178.9375,1179.0546875,1179.171875,1179.2890625,1179.4140625,1179.53125,1179.65625,1179.78125,1179.9140625,1180.1796875,1180.4375,1180.71875,1181.0078125,1181.765625,1182.0,1182.203125,1182.4375,1182.6640625,1182.875,1183.0859375,1183.2109375,1183.3359375,1183.4609375,1183.578125,1183.703125,1183.8203125,1183.9375,1184.0546875,1184.171875,1184.2890625,1184.40625,1184.5234375,1184.640625,1184.7578125,1184.875,1184.9921875,1185.1328125,1185.2734375,1185.4140625,1185.5625,1185.7109375,1185.859375,1186.0078125,1186.1640625,1186.328125,1186.4921875,1186.6640625,1186.8515625,1187.03125,1187.234375,1188.0078125,1188.3359375,1188.515625,1188.6875,1188.84375,1189.0,1189.1875,1189.375,1189.5546875,1189.7265625,1189.8984375,1190.0703125,1190.2421875,1190.4140625,1190.578125,1190.75,1190.921875,1191.09375,1191.265625,1191.4453125,1191.6328125,1191.8203125,1191.9765625,1192.140625,1192.3125,1192.4921875,1192.828125,1193.6328125,1193.8515625,1194.0546875,1194.265625,1194.46875,1194.65625,1194.84375,1195.0390625,1195.2265625,1195.4140625,1195.6015625,1195.7890625,1195.9765625,1196.15625,1196.34375,1196.4921875,1196.6484375,1196.796875,1196.953125,1197.109375,1197.2734375,1197.4375,1197.609375,1197.8984375,1198.21875,1198.5234375,1199.2578125,1199.640625,1199.8359375,1200.0234375,1200.1953125,1200.3671875,1200.546875,1200.71875,1200.890625,1201.0625,1201.234375,1201.3984375,1201.5703125,1201.734375,1201.90625,1202.078125,1202.25,1202.4296875,1202.609375,1202.7890625,1202.9765625,1203.1640625,1203.3203125,1203.484375,1203.65625,1203.84375,1204.1875,1205.0078125,1205.234375,1205.4375,1205.65625,1205.859375,1206.0546875,1206.25,1206.453125,1206.6484375,1206.84375,1207.0390625,1207.234375,1207.421875,1207.609375,1207.8046875,1207.9453125,1208.09375,1208.234375,1208.3828125,1208.53125,1208.6796875,1208.8359375,1208.9921875,1209.1484375,1209.3125,1209.65625,1210.015625,1210.7421875,1211.0546875,1211.3828125,1211.6875,1211.8671875,1212.0390625,1212.2109375,1212.375,1212.5390625,1212.703125,1212.8671875,1213.0234375,1213.1875,1213.34375,1213.5078125,1213.671875,1213.8359375,1214.0078125,1214.1796875,1214.3515625,1214.65625,1214.984375,1215.3046875,1216.0546875,1216.4453125,1216.640625,1216.828125,1217.0,1217.171875,1217.3515625,1217.5234375,1217.6953125,1217.8671875,1218.0390625,1218.203125,1218.3671875,1218.5390625,1218.6875,1218.8359375,1218.984375,1219.140625,1219.296875,1219.453125,1219.609375,1219.7734375,1220.0625,1220.375,1220.671875,1221.390625,1221.7578125,1221.953125,1222.1328125,1222.3046875,1222.46875,1222.65625,1222.84375,1223.0234375,1223.1953125,1223.3671875,1223.5390625,1223.7109375,1223.875,1223.9921875,1224.109375,1224.2265625,1224.34375,1224.4609375,1224.578125,1224.6953125,1224.8125,1224.9296875,1225.046875,1225.1640625,1225.28125,1225.3984375,1225.5234375,1225.640625,1225.765625,1225.8828125,1226.0078125,1226.1328125,1226.2578125,1226.3828125,1226.515625,1226.6484375,1226.7890625,1227.046875,1227.3359375,1227.625,1228.4140625,1228.6484375,1228.8671875,1229.109375,1229.34375,1229.5625,1229.78125,1229.9140625,1230.0390625,1230.1640625,1230.2890625,1230.4140625,1230.5390625,1230.6640625,1230.78125,1230.90625,1231.0234375,1231.1484375,1231.265625,1231.3828125,1231.5,1231.6171875,1231.7421875,1231.8515625,1231.9609375,1232.0703125,1232.1875,1232.3046875,1232.4140625,1232.5234375,1232.640625,1232.7578125,1232.875,1232.9921875,1233.109375,1233.2265625,1233.3515625,1233.4765625,1233.6015625,1233.8125,1234.03125,1234.2578125,1234.5078125,1234.7265625,1234.9765625,1235.9296875,1236.34375,1236.5703125,1236.78125,1236.984375,1237.1796875,1237.4140625,1237.640625,1237.8671875,1238.0859375,1238.3125,1238.5390625,1238.765625,1239.0,1239.2265625,1239.453125,1239.6875,1239.9375,1240.1953125,1240.4609375,1240.75,1241.0625,1241.8828125,1243.75,1244.34375,1244.734375,1245.0859375,1245.4140625,1245.71875,1246.09375,1246.4453125,1246.7890625,1247.125,1247.4609375,1247.7890625,1248.125,1248.4609375,1248.7421875,1249.03125,1249.328125,1249.6484375,1249.9296875,1250.234375,1251.3125,1251.7421875,1252.1875,1252.6015625,1252.8359375,1253.0625,1253.2890625,1253.5078125,1253.7265625,1253.953125,1254.171875,1254.3984375,1254.703125,1255.0234375,1255.3515625,1255.703125,1256.0,1256.328125,1257.484375,1257.953125,1258.4296875,1258.890625,1259.265625,1259.6640625,1261.171875,1261.484375,1261.7734375,1262.1328125,1262.4609375,1262.78125,1263.0859375,1263.28125,1263.4765625,1263.671875,1263.859375,1264.046875,1264.234375,1264.421875,1264.6015625,1264.7890625,1264.96875,1265.15625,1265.34375,1265.53125,1265.71875,1265.90625,1266.1015625,1266.4140625,1266.7421875,1267.078125,1267.4375,1267.75,1268.09375,1269.25,1269.6875,1270.1171875,1270.515625,1270.7265625,1270.9296875,1271.125,1271.3203125,1271.515625,1271.703125,1271.890625,1272.0703125,1272.2578125,1272.4375,1272.6171875,1272.796875,1272.9765625,1273.15625,1273.3359375,1273.515625,1273.6953125,1273.875,1274.0546875,1274.2421875,1274.421875,1274.609375,1274.796875,1274.984375,1275.21875,1275.4609375,1275.7109375,1275.9609375,1276.21875,1276.4921875,1276.7734375,1277.0703125,1277.3828125,1277.7265625,1279.3359375,1279.7578125,1280.1640625,1280.5625,1280.984375,1282.5546875,1282.890625,1283.1953125,1283.5703125,1283.921875,1284.25,1284.5703125,1284.828125,1285.078125,1285.328125,1285.578125,1285.8203125,1286.0703125,1286.3203125,1286.578125,1286.796875,1287.015625,1287.25,1287.4921875,1287.9453125,1288.9921875,1289.265625,1289.515625,1289.7890625,1290.0390625,1290.28125,1290.515625,1290.65625,1290.796875,1290.9296875,1291.0625,1291.1953125,1291.328125,1291.4609375,1291.59375,1291.7265625,1291.8515625,1291.984375,1292.109375,1292.234375,1292.3671875,1292.5,1292.625,1292.8046875,1292.984375,1293.171875,1293.359375,1293.546875,1293.7421875,1293.9375,1294.140625,1294.3203125,1294.5,1294.6875,1294.890625,1295.2734375,1296.0,1296.3046875,1296.6171875,1296.8984375,1297.21875,1297.375,1297.53125,1297.6875,1297.8359375,1297.984375,1298.1328125,1298.4140625,1298.703125,1299.0,1299.3125,1299.5859375,1299.8828125,1300.84375,1301.1953125,1301.5390625,1301.703125,1301.859375,1302.03125,1302.203125,1302.3671875,1302.53125,1302.6953125,1302.8515625,1303.0078125,1303.1640625,1303.34375,1303.515625,1303.6875,1303.8671875,1304.046875,1304.2265625,1304.4140625,1304.6015625,1304.765625,1304.9296875,1305.1015625,1305.28125,1305.625,1306.4375,1306.65625,1306.8515625,1307.0625,1307.265625,1307.453125,1307.640625,1307.8515625,1308.0546875,1308.25,1308.4453125,1308.640625,1308.828125,1309.0234375,1309.2109375,1309.3828125,1309.5625,1309.7421875,1309.921875,1310.1015625,1310.2890625,1310.4765625,1310.6640625,1310.84375,1311.03125,1311.2265625,1311.4296875,1311.625,1311.8359375,1312.6328125,1312.96875,1313.1484375,1313.3203125,1313.484375,1313.640625,1313.828125,1314.0078125,1314.1875,1314.3671875,1314.5390625,1314.7109375,1314.8828125,1315.0546875,1315.2265625,1315.390625,1315.5625,1315.734375,1315.90625,1316.0859375,1316.265625,1316.453125,1316.609375,1316.765625,1316.9375,1317.1171875,1317.453125,1318.2578125,1318.4765625,1318.671875,1318.8828125,1319.078125,1319.265625,1319.453125,1319.6484375,1319.8359375,1320.0234375,1320.2109375,1320.3984375,1320.578125,1320.7578125,1320.9375,1321.0859375,1321.2421875,1321.3984375,1321.5546875,1321.7109375,1321.875,1322.0390625,1322.2109375,1322.5,1322.8203125,1323.125,1323.8671875,1324.0703125,1324.2578125,1324.4609375,1324.6484375,1324.828125,1325.0,1325.1875,1325.375,1325.5546875,1325.734375,1325.9140625,1326.0859375,1326.2578125,1326.4296875,1326.625,1326.828125,1327.03125,1327.234375,1327.4375,1327.6484375,1327.8671875,1328.0859375,1328.2734375,1328.4609375,1328.65625,1328.8671875,1329.2578125,1329.9609375,1330.2265625,1330.5,1330.7421875,1331.0078125,1331.2578125,1331.5,1331.734375,1331.9765625,1332.21875,1332.34375,1332.4609375,1332.6953125,1332.9296875,1333.046875,1333.171875,1333.4140625,1333.5390625,1333.6640625,1333.8515625,1334.0390625,1334.234375,1334.4296875,1334.6328125,1334.84375,1335.0546875,1335.28125,1335.65625,1336.0703125,1336.484375,1337.7265625,1338.125,1338.4921875,1338.90625,1339.3125,1339.7109375,1340.09375,1340.5,1340.8984375,1341.28125,1341.46875,1341.65625,1341.8359375,1342.015625,1342.1953125,1342.3671875,1342.5390625,1342.7109375,1342.875,1343.0390625,1343.3359375,1343.484375,1343.6328125,1343.78125,1343.921875,1344.0703125,1344.2109375,1344.3515625,1344.4921875,1344.6328125,1344.7734375,1344.9140625,1345.0546875,1345.1953125,1345.34375,1345.484375,1345.6328125,1345.78125,1345.9296875,1346.078125,1346.234375,1346.546875,1346.84375,1347.171875,1347.4921875,1348.3125,1348.546875,1348.7578125,1349.0078125,1349.234375,1349.453125,1349.65625,1349.7890625,1349.9140625,1350.0390625,1350.1640625,1350.2890625,1350.40625,1350.5234375,1350.640625,1350.7578125,1350.875,1350.9921875,1351.1015625,1351.21875,1351.328125,1351.4453125,1351.5546875,1351.6796875,1351.8046875,1351.9296875,1352.0625,1352.1875,1352.3125,1352.4375,1352.5703125,1352.6953125,1352.828125,1352.9609375,1353.09375,1353.2265625,1353.3671875,1353.5078125,1353.6484375,1353.875,1354.109375,1354.3515625,1354.6171875,1354.8515625,1355.109375,1356.046875,1356.4375,1356.8359375,1357.0234375,1357.2109375,1357.421875,1357.625,1357.828125,1358.0234375,1358.2265625,1358.421875,1358.6171875,1358.8203125,1359.0234375,1359.2265625,1359.4375,1359.6484375,1359.8671875,1360.0859375,1360.3125,1360.5390625,1360.7734375,1361.015625,1361.2578125,1361.5078125,1361.7578125,1362.0,1362.2421875,1362.484375,1362.703125,1362.9140625,1363.125,1363.328125,1363.53125,1363.7265625,1363.921875,1364.109375,1364.296875,1364.484375,1364.6640625,1364.84375,1365.0234375,1365.203125,1365.3828125,1365.5546875,1365.7109375,1365.875,1366.03125,1366.1953125,1366.359375,1366.5234375,1366.6953125,1366.8671875,1367.171875,1367.5078125,1367.8359375,1368.6171875,1368.8359375,1369.0390625,1369.2578125,1369.46875,1369.6640625,1369.8515625,1370.078125,1370.3046875,1370.5234375,1370.734375,1370.9453125,1371.15625,1371.3671875,1371.5703125,1371.7265625,1371.8828125,1372.0390625,1372.203125,1372.359375,1372.5234375,1372.6875,1372.859375,1373.03125,1373.203125,1373.3828125,1373.5703125,1373.75,1373.953125,1374.703125,1375.015625,1375.34375,1375.5,1375.6484375,1375.828125,1376.0,1376.171875,1376.3359375,1376.5,1376.65625,1376.8203125,1376.9765625,1377.1328125,1377.296875,1377.4609375,1377.625,1377.7890625,1377.9609375,1378.1328125,1378.3046875,1378.453125,1378.609375,1378.765625,1378.9375,1379.25,1379.984375,1380.1796875,1380.359375,1380.546875,1380.7265625,1380.8984375,1381.0625,1381.234375,1381.3984375,1381.5625,1381.7265625,1381.890625,1382.046875,1382.2109375,1382.3671875,1382.5078125,1382.65625,1382.8046875,1382.953125,1383.1015625,1383.2578125,1383.4140625,1383.5703125,1383.703125,1383.84375,1383.9921875,1384.1484375,1384.4375,1385.1328125,1385.3203125,1385.4921875,1385.6796875,1385.8515625,1386.015625,1386.1796875,1386.3671875,1386.546875,1386.71875,1386.890625,1387.0625,1387.2265625,1387.390625,1387.5546875,1387.6484375,1387.7421875,1387.8359375,1387.9296875,1388.0234375,1388.1171875,1388.2109375,1388.3125,1388.40625,1388.5,1388.59375,1388.6953125,1388.796875,1388.8984375,1389.0,1389.1015625,1389.2734375,1389.4453125,1389.6328125,1389.828125,1390.0,1390.1875,1390.796875,1391.0234375,1391.2421875,1391.4375,1391.640625,1391.8359375,1392.0234375,1392.203125,1392.296875,1392.3828125,1392.46875,1392.5546875,1392.640625,1392.7265625,1392.8125,1392.8984375,1392.984375,1393.0703125,1393.15625,1393.234375,1393.3203125,1393.3984375,1393.484375,1393.5625,1393.6484375,1393.734375,1393.8203125,1393.9140625,1394.0078125,1394.09375,1394.1796875,1394.2734375,1394.359375,1394.453125,1394.546875,1394.640625,1394.734375,1394.828125,1394.921875,1395.0234375,1395.1875,1395.3515625,1395.5234375,1395.7109375,1395.875,1396.0546875,1396.6484375,1396.8671875,1397.078125,1397.2734375,1397.4765625,1397.671875,1397.8515625,1398.03125,1398.203125,1398.2890625,1398.375,1398.5390625,1398.6171875,1398.703125,1398.7890625,1398.8671875,1399.0234375,1399.1015625,1399.1875,1399.265625,1399.34375,1399.4921875,1399.6484375,1399.8046875,1399.9609375,1400.1171875,1400.28125,1400.4453125,1400.609375,1400.78125,1400.9609375,1401.1484375,1401.34375,1401.5390625,1401.75,1401.96875,1402.5625,1402.75,1402.9140625,1403.1015625,1403.28125,1403.453125,1403.6171875,1403.71875,1403.8203125,1403.921875,1404.015625,1404.109375,1404.203125,1404.296875,1404.390625,1404.484375,1404.578125,1404.671875,1404.7578125,1404.8515625,1404.9375,1405.03125,1405.125,1405.2734375,1405.421875,1405.5703125,1405.71875,1405.875,1406.03125,1406.1875,1406.3515625,1406.515625,1406.6875,1406.859375,1407.046875,1407.2265625,1407.4296875,1408.1953125,1408.5234375,1408.703125,1408.8671875,1409.03125,1409.1875,1409.375,1409.5625,1409.7421875,1409.9140625,1410.0859375,1410.2578125,1410.4296875,1410.6015625,1410.7734375,1410.9453125,1411.1171875,1411.296875,1411.4765625,1411.65625,1411.84375,1412.0390625,1412.2109375,1412.3828125,1412.5625,1412.7578125,1412.9375,1413.1328125,1413.8671875,1414.1796875,1414.5078125,1414.65625,1414.8046875,1414.9765625,1415.1484375,1415.3203125,1415.484375,1415.6484375,1415.8125,1415.9765625,1416.140625,1416.2734375,1416.4140625,1416.5546875,1416.6953125,1416.8359375,1416.984375,1417.1328125,1417.2890625,1417.5625,1417.8671875,1418.171875,1419.0078125,1419.265625,1419.5,1419.7734375,1420.03125,1420.28125,1420.53125,1420.7734375,1421.0234375,1421.28125,1421.546875,1421.78125,1422.03125,1422.859375,1423.15625,1423.453125,1423.71875,1424.0078125,1424.28125,1424.546875,1424.8125,1424.9765625,1425.1328125,1425.2890625,1425.453125,1425.609375,1425.7734375,1425.9375,1426.109375,1426.2734375,1426.4453125,1426.6171875,1426.8046875,1427.171875,1427.875,1428.171875,1428.4765625,1428.7578125,1428.921875,1429.0859375,1429.2421875,1429.390625,1429.5390625,1429.6875,1429.8359375,1429.984375,1430.1328125,1430.2890625,1430.4375,1430.59375,1430.75,1430.90625,1431.0703125,1431.234375,1431.515625,1431.828125,1432.125,1432.8203125,1433.171875,1433.3515625,1433.515625,1433.6796875,1433.8359375,1434.0078125,1434.171875,1434.3359375,1434.4921875,1434.6484375,1434.8046875,1434.9609375,1435.109375,1435.265625,1435.4296875,1435.59375,1435.7578125,1435.921875,1436.09375,1436.265625,1436.4375,1436.5859375,1436.7421875,1436.8984375,1437.0703125,1437.3828125,1438.1328125,1438.3359375,1438.515625,1438.71875,1438.90625,1439.0859375,1439.2578125,1439.453125,1439.640625,1439.828125,1440.0078125,1440.1875,1440.359375,1440.53125,1440.7109375,1440.8046875,1440.8984375,1441.0,1441.09375,1441.1875,1441.28125,1441.3828125,1441.4765625,1441.5703125,1441.671875,1441.765625,1441.8671875,1441.96875,1442.0703125,1442.171875,1442.28125,1442.453125,1442.6328125,1442.8203125,1443.015625,1443.1875,1443.3828125,1444.03125,1444.2734375,1444.515625,1444.7421875,1444.9765625,1445.1953125,1445.40625,1445.515625,1445.6171875,1445.7265625,1445.8359375,1445.9453125,1446.046875,1446.1484375,1446.2578125,1446.359375,1446.4609375,1446.5625,1446.6640625,1446.765625,1446.875,1446.9765625,1447.078125,1447.1796875,1447.2890625,1447.4375,1447.5859375,1447.734375,1447.890625,1448.046875,1448.2109375,1448.375,1448.546875,1448.6875,1448.8359375,1449.15625,1449.4609375,1450.21875,1450.4296875,1450.6171875,1450.8203125,1451.0078125,1451.1875,1451.3671875,1451.5390625,1451.7109375,1451.8828125,1452.046875,1452.2109375,1452.375,1452.5390625,1452.7109375,1452.859375,1453.015625,1453.171875,1453.3359375,1453.5,1453.6640625,1453.8359375,1454.015625,1454.328125,1454.671875,1455.03125,1455.7890625,1456.1328125,1456.4921875,1456.828125,1457.21875,1457.609375,1458.0,1458.40625,1458.703125,1459.015625,1459.359375,1459.734375,1460.1953125,1460.6875,1461.1484375,1461.5546875,1461.8515625,1462.1171875,1462.375,1462.609375,1462.8359375,1463.0546875,1463.265625,1463.46875,1463.71875,1463.96875,1464.2109375,1464.453125,1464.6953125,1464.9296875,1465.1640625,1465.40625,1465.609375,1465.8125,1466.03125,1466.2578125,1466.671875,1467.578125,1467.796875,1468.0,1468.1953125,1468.3828125,1468.5625,1468.734375,1468.90625,1469.0703125,1469.234375,1469.3984375,1469.5546875,1469.7109375,1469.8671875,1470.015625,1470.109375,1470.2109375,1470.3125,1470.4140625,1470.515625,1470.609375,1470.7109375,1470.8125,1470.9140625,1471.015625,1471.1171875,1471.21875,1471.3203125,1471.4296875,1471.640625,1471.8203125,1472.0,1472.1875,1472.390625,1472.5625,1472.7578125,1473.390625,1473.6171875,1473.8359375,1474.0390625,1474.2421875,1474.4375,1474.625,1474.8046875,1474.984375,1475.1640625,1475.3359375,1475.5078125,1475.59375,1475.6796875,1475.84375,1475.9296875,1476.015625,1476.1796875,1476.28125,1476.375,1476.4765625,1476.5703125,1476.6640625,1476.765625,1476.8671875,1476.96875,1477.0703125,1477.171875,1477.2734375,1477.375,1477.4765625,1477.5859375,1477.6875,1477.796875,1477.9765625,1478.1640625,1478.359375,1478.5625,1478.7421875,1478.9453125,1479.609375,1479.8671875,1480.1171875,1480.34375,1480.46875,1480.5859375,1480.703125,1480.8203125,1480.9296875,1481.0390625,1481.1484375,1481.2578125,1481.375,1481.484375,1481.6015625,1481.7109375,1481.8203125,1481.9296875,1482.0390625,1482.1484375,1482.2578125,1482.3671875,1482.4765625,1482.5859375,1482.6953125,1482.8046875,1482.9140625,1483.0234375,1483.1875,1483.3515625,1483.5234375,1483.6953125,1483.8671875,1484.046875,1484.234375,1484.421875,1484.5859375,1484.75,1484.921875,1485.109375,1485.46875,1486.171875,1486.4765625,1486.796875,1487.0859375,1487.2578125,1487.421875,1487.5859375,1487.7421875,1487.90625,1488.0625,1488.2265625,1488.390625,1488.6328125,1488.8828125,1489.140625,1489.421875,1489.6640625,1489.9296875,1490.8828125,1491.28125,1491.6953125,1492.09375,1492.4765625,1492.8828125,1493.2578125,1494.1171875,1494.5390625,1494.7578125,1494.96875,1495.1640625,1495.359375,1495.5,1495.6328125,1495.765625,1495.8984375,1496.03125,1496.15625,1496.2890625,1496.4140625,1496.546875,1496.671875,1496.796875,1496.921875,1497.046875,1497.171875,1497.296875,1497.4296875,1497.65625,1497.890625,1498.1328125,1498.390625,1498.625,1498.875,1499.125,1499.75,1500.09375,1500.28125,1500.453125,1500.6171875,1500.7734375,1500.9609375,1501.1484375,1501.328125,1501.5,1501.671875,1501.84375,1502.015625,1502.1875,1502.359375,1502.53125,1502.703125,1502.8828125,1503.0625,1503.2421875,1503.4296875,1503.6171875,1503.7734375,1503.9375,1504.109375,1504.2890625,1504.625,1505.3984375,1505.59375,1505.7734375,1505.953125,1506.125,1506.2890625,1506.453125,1506.609375,1506.765625,1506.9140625,1507.0625,1507.2109375,1507.3515625,1507.4921875,1507.6328125,1507.7421875,1507.8515625,1507.9609375,1508.0625,1508.171875,1508.28125,1508.3828125,1508.4921875,1508.59375,1508.703125,1508.8125,1508.921875,1509.03125,1509.140625,1509.25,1509.3671875,1509.4765625,1509.59375,1509.7109375,1509.828125,1509.9453125,1510.0703125,1510.1953125,1510.328125,1510.453125,1510.578125,1510.8515625,1511.1328125,1511.6796875,1511.90625,1512.140625,1512.359375,1512.609375,1512.7265625,1512.84375,1512.953125,1513.0625,1513.171875,1513.28125,1513.4140625,1513.5390625,1513.671875,1513.796875,1513.9296875,1514.0546875,1514.1796875,1514.3046875,1514.4296875,1514.5546875,1514.6796875,1514.8046875,1514.9296875,1515.0546875,1515.1796875,1515.3125,1515.484375,1515.6640625,1515.84375,1516.03125,1516.21875,1516.4140625,1516.609375,1516.8203125,1516.984375,1517.1640625,1517.3515625,1517.546875,1517.9140625,1518.625,1518.9296875,1519.2421875,1519.5234375,1519.84375,1520.1484375,1520.453125,1520.7578125,1521.0,1521.25,1521.515625,1521.7890625,1522.0234375,1522.2890625,1523.15625,1523.4765625,1523.796875,1524.09375,1524.3984375,1524.6953125,1524.984375,1525.265625,1525.6015625,1525.9375,1526.28125,1526.6328125,1526.96875,1527.3359375,1527.6953125,1528.640625,1528.921875,1529.1796875,1529.46875,1529.7421875,1530.0078125,1530.2578125,1530.4140625,1530.5703125,1530.7265625,1530.875,1531.0234375,1531.171875,1531.3203125,1531.46875,1531.6171875,1531.765625,1531.9140625,1532.0625,1532.2109375,1532.359375,1532.5078125,1532.6640625,1532.828125,1532.9921875,1533.15625,1533.328125,1533.5,1533.671875,1533.8515625,1534.0390625,1534.3828125,1534.765625,1535.15625,1536.25,1536.59375,1536.90625,1537.2734375,1537.6171875,1537.953125,1538.2890625,1538.6171875,1538.953125,1539.296875,1539.65625,1539.96875,1540.3046875,1541.3984375,1541.796875,1542.1875,1542.5390625,1542.9140625,1543.09375,1543.2734375,1543.453125,1543.625,1543.796875,1543.96875,1544.140625,1544.3203125,1544.5,1544.6796875,1544.859375,1545.046875,1545.234375,1545.4296875,1545.7578125,1546.125,1546.4765625,1547.328125,1547.78125,1548.015625,1548.234375,1548.4453125,1548.65625,1548.890625,1549.125,1549.3515625,1549.578125,1549.796875,1550.0234375,1550.25,1550.4765625,1550.7578125,1551.046875,1551.34375,1551.6640625,1551.9375,1552.2421875,1553.328125,1553.78125,1554.25,1554.6953125,1555.125,1555.5703125,1556.0,1556.9921875,1557.2578125,1557.5,1557.7734375,1558.03125,1558.2734375,1558.515625,1558.84375,1559.0078125,1559.171875,1559.5,1559.8359375,1560.1328125,1560.453125,1560.7578125,1561.453125,1561.8046875,1561.984375,1562.15625,1562.3203125,1562.4765625,1562.6640625,1562.84375,1563.015625,1563.1875,1563.3515625,1563.515625,1563.6796875,1563.8359375,1563.953125,1564.0625,1564.1796875,1564.2890625,1564.3984375,1564.515625,1564.625,1564.734375,1564.8515625,1564.9609375,1565.0703125,1565.1875,1565.296875,1565.4140625,1565.53125,1565.6484375,1565.84375,1566.046875,1566.2578125,1566.4765625,1566.671875,1566.8828125,1567.5625,1567.8046875,1568.0390625,1568.25,1568.46875,1568.671875,1568.8671875,1568.96875,1569.0625,1569.15625,1569.25,1569.34375,1569.4375,1569.53125,1569.6171875,1569.7109375,1569.796875,1569.890625,1569.9765625,1570.0625,1570.1484375,1570.2421875,1570.328125,1570.4140625,1570.5,1570.5859375,1570.6796875,1570.765625,1570.859375,1570.9453125,1571.0390625,1571.1328125,1571.2265625,1571.3203125,1571.4140625,1571.5078125,1571.6015625,1571.6953125,1571.7890625,1571.8828125,1571.984375,1572.15625,1572.3359375,1572.5234375,1572.7265625,1572.90625,1573.109375,1573.828125,1574.1171875,1574.2734375,1574.421875,1574.5625,1574.703125,1574.8671875,1575.0234375,1575.1796875,1575.328125,1575.4765625,1575.6171875,1575.765625,1575.90625,1575.9921875,1576.078125,1576.1640625,1576.25,1576.3359375,1576.421875,1576.515625,1576.6015625,1576.6875,1576.7734375,1576.859375,1576.953125,1577.0390625,1577.1328125,1577.2265625,1577.3203125,1577.5,1577.6796875,1577.8671875,1578.0703125,1578.2578125,1578.4609375,1578.671875,1579.2265625,1579.390625,1579.5390625,1579.7109375,1579.8671875,1580.015625,1580.1640625,1580.34375,1580.515625,1580.6875,1580.8515625,1581.015625,1581.171875,1581.328125,1581.4921875,1581.6484375,1581.8125,1581.9765625,1582.140625,1582.3046875,1582.4765625,1582.6484375,1582.828125,1582.9765625,1583.125,1583.28125,1583.453125,1583.6015625,1583.765625,1584.296875,1584.4921875,1584.6796875,1584.8515625,1585.03125,1585.1953125,1585.3515625,1585.5078125,1585.6640625,1585.8125,1585.9609375,1586.109375,1586.25,1586.390625,1586.53125,1586.671875,1586.765625,1586.859375,1586.953125,1587.046875,1587.140625,1587.234375,1587.328125,1587.421875,1587.515625,1587.609375,1587.7109375,1587.8046875,1587.8984375,1588.0,1588.09375,1588.1953125,1588.2890625,1588.3828125,1588.4765625,1588.5703125,1588.6640625,1588.765625,1588.8671875,1588.9765625,1589.171875,1589.390625,1589.6015625,1590.171875,1590.34375,1590.4921875,1590.6640625,1590.828125,1590.984375,1591.1328125,1591.2265625,1591.3125,1591.3984375,1591.484375,1591.5703125,1591.65625,1591.7421875,1591.8203125,1591.90625,1591.984375,1592.0703125,1592.1484375,1592.234375,1592.3125,1592.390625,1592.46875,1592.5625,1592.65625,1592.7421875,1592.8359375,1592.921875,1593.015625,1593.109375,1593.203125,1593.296875,1593.390625,1593.484375,1593.578125,1593.671875,1593.7734375,1593.8671875,1593.96875,1594.0625,1594.15625,1594.25,1594.3515625,1594.453125,1594.5546875,1594.65625,1594.765625,1594.96875,1595.1875,1595.40625,1596.0,1596.1796875,1596.3359375,1596.5234375,1596.6953125,1596.859375,1597.0234375,1597.125,1597.21875,1597.3125,1597.40625,1597.5,1597.5859375,1597.671875,1597.765625,1597.859375,1597.9453125,1598.0390625,1598.125,1598.21875,1598.3046875,1598.390625,1598.4765625,1598.5625,1598.6484375,1598.734375,1598.8203125,1598.90625,1598.9921875,1599.078125,1599.171875,1599.2578125,1599.3515625,1599.4375,1599.53125,1599.625,1599.71875,1599.8125,1599.9140625,1600.0703125,1600.234375,1600.40625,1600.59375,1600.75,1600.9296875,1601.53125,1601.75,1601.96875,1602.171875,1602.28125,1602.3828125,1602.484375,1602.578125,1602.671875,1602.765625,1602.859375,1602.953125,1603.046875,1603.140625,1603.234375,1603.3203125,1603.4140625,1603.5,1603.5859375,1603.671875,1603.765625,1603.8515625,1603.9375,1604.0234375,1604.109375,1604.203125,1604.2890625,1604.375,1604.5234375,1604.671875,1604.8203125,1604.9765625,1605.1328125,1605.2890625,1605.453125,1605.6171875,1605.78125,1605.9453125,1606.1171875,1606.296875,1606.46875,1606.6640625,1607.3984375,1607.7109375,1607.8828125,1608.0390625,1608.1953125,1608.34375,1608.515625,1608.6875,1608.859375,1609.0234375,1609.1875,1609.3515625,1609.515625,1609.671875,1609.8359375,1610.0,1610.1640625,1610.3359375,1610.5078125,1610.6796875,1610.8515625,1611.03125,1611.203125,1611.3828125,1611.5703125,1611.765625,1611.953125,1612.1640625,1612.96875,1613.1484375,1613.3125,1613.5,1613.671875,1613.8359375,1614.0,1614.1953125,1614.3828125,1614.5703125,1614.75,1614.9296875,1615.109375,1615.2890625,1615.46875,1615.640625,1615.8125,1615.984375,1616.1640625,1616.34375,1616.5234375,1616.7109375,1616.8984375,1617.0703125,1617.2421875,1617.4296875,1617.625,1617.8125,1618.015625,1618.7890625,1619.1171875,1619.296875,1619.4609375,1619.625,1619.78125,1619.96875,1620.1484375,1620.328125,1620.5,1620.671875,1620.84375,1621.015625,1621.1875,1621.3828125,1621.578125,1621.7734375,1621.9765625,1622.1796875,1622.390625,1622.609375,1622.828125,1623.046875,1623.28125,1623.53125,1623.796875,1624.078125,1624.3984375,1625.265625,1626.171875,1626.7890625,1627.0546875,1627.3046875,1627.5390625,1627.7578125,1627.984375,1628.203125,1628.4140625,1628.6171875,1628.8203125,1629.015625,1629.2109375,1629.40625,1629.5859375,1629.765625,1629.9453125,1630.125,1630.3046875,1630.4921875,1630.6796875,1630.8671875,1631.203125,1631.5703125,1631.921875,1632.8046875,1633.0546875,1633.2734375,1633.5234375,1633.7578125,1633.984375,1634.203125,1634.4609375,1634.71875,1634.96875,1635.2109375,1635.453125,1635.578125,1635.703125,1635.953125,1636.203125,1636.3359375,1636.4765625,1636.75,1637.0390625,1637.34375,1637.6015625,1637.890625,1638.828125,1639.171875,1639.5,1639.8046875,1640.0859375,1640.3515625,1640.6171875,1640.875,1641.0234375,1641.1796875,1641.3359375,1641.4921875,1641.6484375,1641.8125,1642.1484375,1642.4375,1642.7578125,1643.0625,1643.8125,1644.1953125,1644.390625,1644.578125,1644.7578125,1644.9296875,1645.125,1645.3203125,1645.5078125,1645.6875,1645.8671875,1646.046875,1646.2265625,1646.40625,1646.6015625,1646.796875,1646.9921875,1647.1953125,1647.390625,1647.59375,1647.8046875,1648.015625,1648.1953125,1648.3828125,1648.578125,1648.78125,1649.1640625,1650.09375,1650.3515625,1650.5859375,1650.8359375,1651.078125,1651.3125,1651.53125,1651.65625,1651.78125,1651.90625,1652.03125,1652.15625,1652.2734375,1652.3984375,1652.515625,1652.6328125,1652.75,1652.8671875,1652.984375,1653.1015625,1653.21875,1653.3359375,1653.453125,1653.5625,1653.671875,1653.7890625,1653.8984375,1654.0078125,1654.125,1654.234375,1654.3515625,1654.578125,1654.8125,1655.0546875,1655.3046875,1655.5078125,1655.7265625,1655.953125,1656.1953125,1656.40625,1656.640625,1657.4296875,1657.734375,1658.0390625,1658.3203125,1658.6171875,1658.8984375,1659.171875,1659.3046875,1659.4375,1659.578125,1659.7109375,1659.8515625,1659.984375,1660.125,1660.2578125,1660.390625,1660.5234375,1660.65625,1660.7890625,1660.921875,1661.0546875,1661.1875,1661.3203125,1661.4609375,1661.59375,1661.8046875,1662.015625,1662.234375,1662.453125,1662.6796875,1662.90625,1663.140625,1663.390625,1663.5859375,1663.796875,1664.015625,1664.25,1664.6875,1665.7421875,1666.03125,1666.2890625,1666.5625,1666.8203125,1667.0625,1667.3046875,1667.53125,1667.7578125,1667.9765625,1668.1953125,1668.4140625,1668.6328125,1668.84375,1669.0625,1669.28125,1669.5,1669.71875,1669.9375,1670.1640625,1670.390625,1670.625,1670.859375,1671.0859375,1671.3125,1671.5546875,1671.8046875,1672.3046875,1673.265625,1673.6640625,1674.078125,1674.453125,1674.671875,1674.890625,1675.1015625,1675.3046875,1675.5078125,1675.703125,1675.8984375,1676.09375,1676.3359375,1676.5703125,1676.8046875,1677.0390625,1677.2734375,1677.515625,1677.7578125,1678.0078125,1678.2421875,1678.4765625,1678.7265625,1678.9921875,1679.234375,1679.5078125,1680.484375,1680.8828125,1681.1015625,1681.3046875,1681.4921875,1681.6796875,1681.8984375,1682.1171875,1682.328125,1682.53125,1682.734375,1682.9296875,1683.1328125,1683.328125,1683.53125,1683.734375,1683.9375,1684.1484375,1684.3515625,1684.5625,1684.78125,1685.0,1685.1875,1685.375,1685.578125,1685.7890625,1686.1796875,1687.09375,1687.328125,1687.546875,1687.7734375,1687.9921875,1688.1953125,1688.390625,1688.6015625,1688.8125,1689.015625,1689.2109375,1689.40625,1689.6015625,1689.796875,1689.984375,1690.109375,1690.234375,1690.359375,1690.484375,1690.609375,1690.734375,1690.859375,1690.9921875,1691.1171875,1691.25,1691.375,1691.5078125,1691.640625,1691.7734375,1691.90625,1692.046875,1692.2734375,1692.5078125,1692.75,1693.0078125,1693.234375,1693.484375,1694.3359375,1694.6640625,1694.9921875,1695.2890625,1695.453125,1695.609375,1695.765625,1695.9140625,1696.0625,1696.203125,1696.3515625,1696.4921875,1696.640625,1696.7890625,1696.9375,1697.0859375,1697.234375,1697.3828125,1697.53125,1697.6796875,1697.828125,1697.9765625,1698.125,1698.2734375,1698.421875,1698.578125,1698.7265625,1698.8828125,1699.0625,1699.2421875,1699.4296875,1699.6171875,1699.8125,1700.015625,1700.2265625,1700.4453125,1700.8046875,1701.2109375,1701.609375,1702.765625,1703.140625,1703.484375,1703.875,1704.25,1704.625,1704.9921875,1705.3828125,1705.78125,1706.1875,1706.59375,1707.0078125,1707.4140625,1707.8203125,1708.21875,1708.6015625,1708.984375,1709.359375,1709.7265625,1710.0859375,1710.4453125,1710.8046875,1711.1640625,1711.4609375,1711.765625,1712.078125,1712.4140625,1713.015625,1714.3125,1714.6171875,1714.8984375,1715.171875,1715.4375,1715.6875,1715.921875,1716.171875,1716.4140625,1716.65625,1716.890625,1717.1171875,1717.34375,1717.5703125,1717.796875,1718.046875,1718.3046875,1718.5625,1718.8203125,1719.078125,1719.34375,1719.6171875,1719.890625,1720.1171875,1720.359375,1720.6015625,1720.8671875,1721.3515625,1722.46875,1722.7578125,1723.015625,1723.28125,1723.5390625,1723.78125,1724.015625,1724.25,1724.4765625,1724.703125,1724.921875,1725.140625,1725.3515625,1725.5703125,1725.78125,1725.9140625,1726.0390625,1726.1640625,1726.296875,1726.421875,1726.5546875,1726.6875,1726.8203125,1726.953125,1727.078125,1727.2109375,1727.34375,1727.4765625,1727.6171875,1727.75,1727.890625,1728.140625,1728.390625,1728.65625,1728.9375,1729.1953125,1729.4765625,1730.484375,1730.890625,1731.109375,1731.3125,1731.515625,1731.703125,1731.9296875,1732.1484375,1732.3671875,1732.578125,1732.7890625,1732.9921875,1733.1953125,1733.3984375,1733.59375,1733.7890625,1733.984375,1734.1796875,1734.3828125,1734.5859375,1734.796875,1735.0078125,1735.203125,1735.3984375,1735.6015625,1735.8203125,1736.2421875,1737.0546875,1737.390625,1737.7421875,1738.0625,1738.25,1738.4296875,1738.609375,1738.78125,1738.953125,1739.125,1739.296875,1739.4609375,1739.625,1739.796875,1739.9609375,1740.1328125,1740.3046875,1740.4765625,1740.65625,1740.8359375,1741.140625,1741.484375,1741.8046875,1742.5625,1742.9296875,1743.28125,1743.6015625,1743.7578125,1743.90625,1744.0546875,1744.1953125,1744.3359375,1744.4765625,1744.6171875,1744.75,1744.984375,1745.2109375,1745.4375,1745.6640625,1745.890625,1746.125,1746.359375,1746.59375,1746.8359375,1747.078125,1747.3359375,1747.6015625,1747.8671875,1748.1640625,1748.46875,1749.3359375,1749.609375,1749.859375,1750.1484375,1750.421875,1750.6796875,1750.9375,1751.25,1751.5546875,1751.859375,1752.1640625,1752.46875,1752.78125,1753.09375,1753.4140625,1753.6328125,1753.8515625,1754.0703125,1754.296875,1754.53125,1754.765625,1755.0,1755.2421875,1755.484375,1755.734375,1755.984375,1756.234375,1756.484375,1756.7265625,1756.9765625,1757.21875,1757.4375,1757.6484375,1757.8671875,1758.078125,1758.2890625,1758.5078125,1758.7265625,1758.953125,1759.34375,1759.7578125,1760.15625,1761.0703125,1761.53125,1761.765625,1761.9921875,1762.203125,1762.40625,1762.65625,1762.8984375,1763.1328125,1763.359375,1763.5859375,1763.8046875,1764.03125,1764.25,1764.421875,1764.5859375,1764.7578125,1764.9296875,1765.1015625,1765.28125,1765.4609375,1765.6484375,1765.8203125,1765.9921875,1766.1796875,1766.375,1766.7578125,1767.5,1767.8125,1768.1328125,1768.421875,1768.59375,1768.7578125,1768.921875,1769.078125,1769.234375,1769.390625,1769.546875,1769.703125,1769.8515625,1770.0078125,1770.1640625,1770.3203125,1770.4765625,1770.640625,1770.8046875,1770.9765625,1771.265625,1771.578125,1771.875,1772.5859375,1772.9453125,1773.296875,1773.6171875,1773.78125,1773.9453125,1774.1015625,1774.2578125,1774.4140625,1774.5625,1774.71875,1774.8671875,1775.0078125,1775.1484375,1775.2890625,1775.4296875,1775.5703125,1775.71875,1776.015625,1776.28125,1776.5703125,1776.8515625,1777.5078125,1777.8515625,1778.03125,1778.1953125,1778.3515625,1778.5,1778.671875,1778.84375,1779.0078125,1779.1640625,1779.3203125,1779.4765625,1779.6328125,1779.78125,1779.890625,1780.0,1780.109375,1780.2109375,1780.3203125,1780.4296875,1780.53125,1780.640625,1780.75,1780.859375,1780.96875,1781.078125,1781.1875,1781.3046875,1781.4140625,1781.53125,1781.71875,1781.9140625,1782.1171875,1782.3359375,1782.5234375,1782.734375,1783.4296875,1783.6875,1783.9375,1784.1640625,1784.3984375,1784.625,1784.8359375,1785.046875,1785.2578125,1785.4609375,1785.6640625,1785.859375,1786.0625,1786.2578125,1786.453125,1786.65625,1786.78125,1786.9140625,1787.046875,1787.1875,1787.328125,1787.46875,1787.6171875,1787.765625,1788.046875,1788.3515625,1788.65625,1789.5234375,1789.7890625,1790.0390625,1790.3203125,1790.59375,1790.859375,1791.1171875,1791.3828125,1791.6484375,1791.921875,1792.2109375,1792.4609375,1792.734375,1793.0,1793.6328125,1793.9609375,1794.1328125,1794.2890625,1794.4375,1794.5859375,1794.7578125,1794.921875,1795.078125,1795.234375,1795.390625,1795.5390625,1795.6875,1795.8359375,1796.0078125,1796.1796875,1796.3515625,1796.53125,1796.703125,1796.8828125,1797.0625,1797.25,1797.40625,1797.5703125,1797.7421875,1797.921875,1798.2578125,1799.0546875,1799.2734375,1799.46875,1799.6796875,1799.8828125,1800.0703125,1800.2578125,1800.3671875,1800.46875,1800.5703125,1800.671875,1800.7734375,1800.875,1800.96875,1801.0703125,1801.171875,1801.265625,1801.3671875,1801.4609375,1801.5546875,1801.65625,1801.7578125,1801.8515625,1802.0078125,1802.171875,1802.3359375,1802.5,1802.6640625,1802.8359375,1803.0078125,1803.1796875,1803.359375,1803.5390625,1803.7265625,1803.9296875,1804.125,1804.34375,1805.171875,1805.359375,1805.53125,1805.7265625,1805.90625,1806.078125,1806.25,1806.453125,1806.65625,1806.8515625,1807.0390625,1807.234375,1807.421875,1807.609375,1807.796875,1807.984375,1808.171875,1808.359375,1808.546875,1808.7421875,1808.9375,1809.140625,1809.359375,1809.53125,1809.7109375,1809.8984375,1810.1015625,1810.4765625,1811.1640625,1811.4375,1811.71875,1811.9765625,1812.2578125,1812.5234375,1812.7890625,1813.046875,1813.296875,1813.5546875,1813.8125,1814.078125,1814.34375,1814.625,1814.9140625,1815.2265625,1815.5390625,1815.875,1816.2578125,1816.703125,1817.2734375,1817.796875,1818.2265625,1818.59375,1818.875,1819.1328125,1819.3828125,1819.6171875,1819.84375,1820.0703125,1820.2890625,1820.5,1820.6953125,1820.8828125,1821.0703125,1821.265625,1821.453125,1821.6484375,1821.84375,1822.046875,1822.21875,1822.390625,1822.7578125,1823.109375,1823.9140625,1824.3125,1824.515625,1824.703125,1824.8828125,1825.0546875,1825.25,1825.4375,1825.625,1825.8046875,1825.984375,1826.15625,1826.3359375,1826.5078125,1826.6953125,1826.8828125,1827.0703125,1827.265625,1827.4609375,1827.65625,1827.859375,1828.0625,1828.234375,1828.40625,1828.59375,1828.7890625,1829.1484375,1830.0,1830.21875,1830.421875,1830.6328125,1830.828125,1831.015625,1831.203125,1831.3828125,1831.5625,1831.7421875,1831.9140625,1832.0859375,1832.2578125,1832.421875,1832.59375,1832.7734375,1832.9609375,1833.140625,1833.328125,1833.515625,1833.703125,1833.8984375,1834.1015625,1834.2890625,1834.484375,1834.6875,1834.8984375,1835.1015625,1835.328125,1836.203125,1836.578125,1836.7890625,1836.984375,1837.171875,1837.3515625,1837.5703125,1837.78125,1837.9921875,1838.203125,1838.4140625,1838.625,1838.8359375,1839.046875,1839.2265625,1839.4140625,1839.609375,1839.8046875,1840.0078125,1840.21875,1840.4375,1840.671875,1840.8984375,1841.15625,1842.359375,1842.9921875,1843.625,1844.890625,1845.1796875,1845.4375,1845.765625,1846.0703125,1846.359375,1846.640625,1846.921875,1847.203125,1847.484375,1847.7578125,1848.03125,1848.3125,1848.6015625,1848.890625,1849.1328125,1849.390625,1849.65625,1849.9375,1850.1875,1850.46875,1851.5546875,1852.0546875,1852.59375,1853.125,1853.5703125,1854.0625,1855.7109375,1857.1640625,1857.609375,1857.984375,1858.3203125,1858.4765625,1858.6328125,1858.78125,1858.921875,1859.0625,1859.203125,1859.34375,1859.4765625,1859.609375,1859.734375,1859.875,1860.015625,1860.15625,1860.2890625,1860.4296875,1860.5625,1860.6953125,1860.828125,1860.9609375,1861.09375,1861.2265625,1861.359375,1861.4921875,1861.625,1861.7578125,1861.8984375,1862.0078125,1862.125,1862.2421875,1862.359375,1862.4765625,1862.6015625,1862.859375,1863.078125,1863.3203125,1863.5546875,1864.1015625,1864.3671875,1864.625,1864.859375,1864.9765625,1865.09375,1865.2109375,1865.3203125,1865.4296875,1865.53125,1865.640625,1865.7421875,1865.84375,1865.9453125,1866.046875,1866.1484375,1866.25,1866.3515625,1866.4453125,1866.546875,1866.6484375,1866.7421875,1866.8359375,1866.9296875,1867.03125,1867.125,1867.21875,1867.3125,1867.4140625,1867.515625,1867.6171875,1867.7109375,1867.8125,1867.9140625,1868.015625,1868.1171875,1868.21875,1868.328125,1868.4296875,1868.5390625,1868.6484375,1868.7578125,1868.8671875,1868.9765625,1869.1640625,1869.3515625,1869.546875,1869.7578125,1869.9453125,1870.1484375,1870.84375,1871.1015625,1871.359375,1871.59375,1871.71875,1871.84375,1871.9609375,1872.078125,1872.1953125,1872.3046875,1872.421875,1872.53125,1872.6484375,1872.7578125,1872.875,1872.984375,1873.1015625,1873.2109375,1873.3203125,1873.4296875,1873.5390625,1873.6484375,1873.7578125,1873.8671875,1873.9765625,1874.0859375,1874.1953125,1874.3125,1874.3984375,1874.4921875,1874.578125,1874.671875,1874.765625,1874.859375,1874.953125,1875.046875,1875.140625,1875.2421875,1875.3359375,1875.4375,1875.5390625,1875.640625,1875.8515625,1876.0234375,1876.203125,1876.390625,1876.59375,1876.7734375,1876.96875,1877.65625,1877.9296875,1878.2109375,1878.46875,1878.75,1879.015625,1879.2734375,1879.40625,1879.53125,1879.78125,1880.03125,1880.28125,1880.5390625,1880.796875,1881.0625,1881.3359375,1881.6171875,1881.7890625,1881.9609375,1882.3359375,1882.75,1883.25,1884.640625,1886.1171875,1886.703125,1887.078125,1887.421875,1887.7578125,1888.078125,1888.453125,1888.8203125,1889.1953125,1889.5859375,1889.9453125,1890.34375,1890.7578125,1891.96875,1892.359375,1892.7265625,1893.15625,1893.578125,1894.0078125,1894.46875,1895.28125,1896.421875,1897.3359375,1897.6796875,1897.984375,1898.2421875,1898.4765625,1898.703125,1898.9140625,1899.1171875,1899.3203125,1899.5078125,1899.6953125,1899.9921875,1900.140625,1900.28125,1900.421875,1900.5625,1900.703125,1900.84375,1900.984375,1901.1171875,1901.2578125,1901.390625,1901.5234375,1901.6640625,1901.796875,1901.9375,1902.1953125,1902.4609375,1902.734375,1903.015625,1903.2734375,1903.5625,1903.84375,1904.5546875,1904.9453125,1905.15625,1905.3515625,1905.5390625,1905.71875,1905.9375,1906.1484375,1906.3515625,1906.5546875,1906.75,1906.9453125,1907.140625,1907.3359375,1907.515625,1907.6953125,1907.875,1908.0625,1908.25,1908.4375,1908.625,1908.8203125,1909.0,1909.1875,1909.3828125,1909.5859375,1909.7734375,1909.984375,1910.7578125,1911.0703125,1911.3984375,1911.5546875,1911.703125,1911.8828125,1912.0546875,1912.21875,1912.3828125,1912.546875,1912.703125,1912.859375,1913.015625,1913.1875,1913.359375,1913.53125,1913.7109375,1913.890625,1914.0703125,1914.25,1914.4375,1914.625,1914.8125,1915.015625,1915.2265625,1915.4296875,1915.65625,1916.515625,1916.8828125,1917.078125,1917.265625,1917.4453125,1917.6171875,1917.828125,1918.03125,1918.234375,1918.4296875,1918.625,1918.8203125,1919.0078125,1919.203125,1919.359375,1919.515625,1919.671875,1919.828125,1919.9921875,1920.15625,1920.3203125,1920.4921875,1920.6484375,1920.8125,1920.984375,1921.171875,1921.53125,1922.2421875,1922.546875,1922.859375,1923.1484375,1923.3203125,1923.484375,1923.6484375,1923.8046875,1923.9609375,1924.1171875,1924.2734375,1924.421875,1924.5859375,1924.7578125,1924.9296875,1925.1015625,1925.2734375,1925.453125,1925.6328125,1925.8125,1925.984375,1926.1640625,1926.3515625,1926.5546875,1926.953125,1927.7421875,1928.078125,1928.4296875,1928.7578125,1928.9453125,1929.1328125,1929.3125,1929.4921875,1929.671875,1929.84375,1930.015625,1930.1953125,1930.3671875,1930.546875,1930.71875,1930.8984375,1931.078125,1931.2578125,1931.4453125,1931.640625,1931.96875,1932.3359375,1932.6796875,1933.5078125,1933.9375,1934.15625,1934.359375,1934.5546875,1934.75,1934.953125,1935.1484375,1935.34375,1935.53125,1935.71875,1935.90625,1936.09375,1936.2734375,1936.515625,1936.7578125,1937.0,1937.2421875,1937.484375,1937.734375,1937.984375,1938.234375,1938.5078125,1938.78125,1939.0703125,1939.375,1939.671875,1939.9921875,1940.3125,1941.1875,1941.4453125,1941.6796875,1941.953125,1942.203125,1942.4453125,1942.671875,1942.953125,1943.2265625,1943.4921875,1943.75,1943.8828125,1944.0078125,1944.2578125,1944.390625,1944.515625,1944.765625,1944.9375,1945.1171875,1945.296875,1945.4765625,1945.65625,1945.84375,1946.03125,1946.2265625,1946.4140625,1946.6015625,1946.8046875,1947.015625,1947.4296875,1948.234375,1948.5625,1948.9140625,1949.2265625,1949.4140625,1949.59375,1949.765625,1949.9375,1950.109375,1950.2734375,1950.4453125,1950.609375,1950.78125,1950.953125,1951.125,1951.3046875,1951.4765625,1951.65625,1951.8359375,1952.0234375,1952.1796875,1952.34375,1952.6875,1953.0234375,1953.796875,1954.0078125,1954.1953125,1954.390625,1954.578125,1954.7578125,1954.9296875,1955.125,1955.3125,1955.4921875,1955.671875,1955.8515625,1956.0234375,1956.1953125,1956.3671875,1956.5546875,1956.7421875,1956.9296875,1957.125,1957.3203125,1957.515625,1957.71875,1957.921875,1958.09375,1958.2734375,1958.4609375,1958.65625,1958.828125,1959.0234375,1959.6640625,1959.8984375,1960.1328125,1960.34375,1960.5703125,1960.7890625,1961.0,1961.1953125,1961.3125,1961.421875,1961.53125,1961.640625,1961.75,1961.8515625,1961.953125,1962.0625,1962.171875,1962.2734375,1962.375,1962.4765625,1962.5859375,1962.6875,1962.7890625,1962.890625,1962.984375,1963.078125,1963.171875,1963.2734375,1963.3671875,1963.46875,1963.5625,1963.6640625,1963.765625,1963.8671875,1963.96875,1964.0703125,1964.171875,1964.28125,1964.3828125,1964.4921875,1964.6796875,1964.875,1965.078125,1965.2890625,1965.484375,1965.703125,1966.5,1966.8359375,1967.015625,1967.1796875,1967.34375,1967.5,1967.6875,1967.8671875,1968.046875,1968.21875,1968.390625,1968.5625,1968.734375,1968.90625,1969.0625,1969.21875,1969.375,1969.5390625,1969.703125,1969.875,1970.046875,1970.21875,1970.3828125,1970.546875,1970.71875,1970.90625,1971.265625,1971.984375,1972.2890625,1972.609375,1972.8984375,1973.0703125,1973.234375,1973.3984375,1973.5546875,1973.71875,1973.875,1974.03125,1974.1875,1974.3359375,1974.4921875,1974.6484375,1974.8046875,1974.9609375,1975.125,1975.2890625,1975.4609375,1975.75,1976.0625,1976.3671875,1977.078125,1977.4453125,1977.796875,1977.9609375,1978.1171875,1978.28125,1978.4375,1978.59375,1978.7421875,1978.890625,1979.0390625,1979.1875,1979.328125,1979.5390625,1979.75,1979.953125,1980.1640625,1980.375,1980.59375,1980.8125,1981.03125,1981.25,1981.46875,1981.6953125,1981.9375,1982.171875,1982.4296875,1983.4140625,1983.8359375,1984.0625,1984.2734375,1984.4765625,1984.6796875,1984.921875,1985.15625,1985.3828125,1985.609375,1985.8359375,1986.0546875,1986.28125,1986.5,1986.71875,1986.9453125,1987.171875,1987.3984375,1987.625,1987.859375,1988.1015625,1988.3515625,1988.5546875,1988.7734375,1989.0,1989.2421875,1989.6875,1990.7578125,1991.0390625,1991.296875,1991.5703125,1991.828125,1992.078125,1992.3125,1992.5625,1992.8125,1993.0546875,1993.2890625,1993.5234375,1993.7578125,1993.9921875,1994.21875,1994.4296875,1994.640625,1994.8515625,1995.0703125,1995.2890625,1995.5078125,1995.734375,1995.9609375,1996.15625,1996.3515625,1996.5625,1996.78125,1997.1875,1998.1171875,1998.359375,1998.578125,1998.8046875,1999.015625,1999.21875,1999.421875,1999.625,1999.8203125,2000.015625,2000.203125,2000.390625,2000.578125,2000.765625,2000.9453125,2001.140625,2001.3359375,2001.53125,2001.734375,2001.9375,2002.140625,2002.3515625,2002.5625,2002.7421875,2002.921875,2003.1171875,2003.3203125,2003.6953125,2004.5625,2004.7890625,2005.0,2005.21875,2005.421875,2005.6171875,2005.8046875,2005.9921875,2006.1796875,2006.359375,2006.5390625,2006.71875,2006.890625,2007.0625,2007.234375,2007.359375,2007.4921875,2007.6171875,2007.7421875,2007.8671875,2007.9921875,2008.1171875,2008.25,2008.375,2008.5078125,2008.640625,2008.7734375,2008.90625,2009.0390625,2009.1796875,2009.3203125,2009.4296875,2009.546875,2009.78125,2010.0234375,2010.2890625,2010.5234375,2010.78125,2011.6875,2012.0625,2012.2578125,2012.4375,2012.6171875,2012.7890625,2012.984375,2013.171875,2013.359375,2013.546875,2013.7265625,2013.90625,2014.0859375,2014.265625,2014.453125,2014.640625,2014.828125,2015.015625,2015.203125,2015.3984375,2015.5859375,2015.78125,2015.9765625,2016.1796875,2016.3828125,2016.5859375,2016.7890625,2017.0,2017.2109375,2017.421875,2017.6484375,2017.875,2018.1015625,2018.3203125,2018.5390625,2018.7578125,2018.9765625,2019.1953125,2019.40625,2019.6171875,2019.828125,2020.03125,2020.234375,2020.4375,2020.640625,2020.84375,2021.0234375,2021.2109375,2021.390625,2021.578125,2021.765625,2021.9609375,2022.15625,2022.3515625,2022.5234375,2022.703125,2022.890625,2023.0859375,2023.453125,2024.359375,2024.609375,2024.8359375,2025.09375,2025.328125,2025.5546875,2025.7734375,2025.90625,2026.0390625,2026.171875,2026.3046875,2026.4296875,2026.5546875,2026.6796875,2026.8046875,2026.9296875,2027.0546875,2027.1796875,2027.296875,2027.4140625,2027.5390625,2027.6640625,2027.78125,2027.9375,2028.09375,2028.25,2028.4140625,2028.578125,2028.7421875,2028.9140625,2029.0859375,2029.265625,2029.4453125,2029.6328125,2029.8359375,2030.03125,2030.2421875,2031.0703125,2031.421875,2031.6171875,2031.796875,2031.96875,2032.140625,2032.34375,2032.5390625,2032.734375,2032.921875,2033.109375,2033.296875,2033.4765625,2033.6640625,2033.8515625,2034.046875,2034.2421875,2034.4453125,2034.6484375,2034.8515625,2035.0625,2035.28125,2035.4609375,2035.640625,2035.8359375,2036.046875,2036.4296875,2037.3984375,2037.671875,2037.9296875,2038.203125,2038.4609375,2038.7109375,2038.9609375,2039.1953125,2039.4375,2039.671875,2039.9140625,2040.15625,2040.40625,2040.6640625,2040.9296875,2041.171875,2041.4296875,2041.703125,2042.0078125,2042.4765625,2043.796875,2045.1171875,2045.609375,2046.03125,2046.421875,2046.7890625,2047.140625,2047.4921875,2047.84375,2048.2109375,2048.5234375,2048.859375,2049.90625,2050.2578125,2050.59375,2050.8984375,2051.1953125,2051.484375,2051.765625,2052.046875,2052.3046875,2052.5703125,2052.8359375,2053.1171875,2053.359375,2053.625,2054.7421875,2055.015625,2055.265625,2055.5234375,2055.7734375,2056.0078125,2056.2421875,2056.375,2056.5078125,2056.640625,2056.7734375,2056.90625,2057.03125,2057.15625,2057.28125,2057.40625,2057.53125,2057.65625,2057.7890625,2057.9140625,2058.046875,2058.171875,2058.3046875,2058.5234375,2058.7421875,2058.9765625,2059.21875,2059.4296875,2059.6640625,2060.421875,2060.6875,2060.9453125,2061.1796875,2061.421875,2061.6484375,2061.8671875,2062.078125,2062.1875,2062.2890625,2062.4921875,2062.59375,2062.6953125,2062.890625,2062.9921875,2063.09375,2063.1953125,2063.2890625,2063.390625,2063.4921875,2063.59375,2063.6875,2063.8359375,2063.9921875,2064.140625,2064.296875,2064.453125,2064.609375,2064.7734375,2064.9375,2065.1015625,2065.265625,2065.4453125,2065.6328125,2065.8125,2066.0078125,2066.75,2067.0703125,2067.2421875,2067.40625,2067.5625,2067.7109375,2067.890625,2068.0703125,2068.2421875,2068.40625,2068.5703125,2068.734375,2068.8984375,2069.0625,2069.2578125,2069.453125,2069.6484375,2069.8515625,2070.0546875,2070.2578125,2070.46875,2070.6875,2070.8671875,2071.046875,2071.2421875,2071.453125,2071.828125,2072.7421875,2072.9921875,2073.21875,2073.453125,2073.671875,2073.8828125,2074.09375,2074.2890625,2074.484375,2074.671875,2074.859375,2075.046875,2075.234375,2075.421875,2075.6171875,2075.8046875,2076.0,2076.1953125,2076.3984375,2076.609375,2076.8203125,2077.0390625,2077.265625,2077.4453125,2077.640625,2078.0546875,2078.4609375,2079.609375,2079.9765625,2080.3125,2080.6875,2081.0546875,2081.421875,2081.7890625,2082.1640625,2082.5390625,2082.921875,2083.3125,2083.703125,2084.09375,2084.46875,2084.84375,2085.1484375,2085.453125,2085.75,2086.0390625,2086.328125,2086.6171875,2086.90625,2087.1953125,2087.453125,2087.7109375,2087.9765625,2088.2578125,2088.7734375,2089.6796875,2090.0234375,2090.3671875,2090.6796875,2091.0390625,2091.3828125,2091.7109375,2092.03125,2092.203125,2092.3671875,2092.5390625,2092.7109375,2092.8828125,2093.0546875,2093.234375,2093.4140625,2093.7265625,2094.0625,2094.3828125,2095.125,2095.5,2095.859375,2096.1875,2096.359375,2096.5234375,2096.6875,2096.84375,2097.0,2097.15625,2097.3125,2097.46875,2097.6328125,2097.7890625,2097.9453125,2098.109375,2098.2734375,2098.4453125,2098.6171875,2098.7890625,2099.0859375,2099.4140625,2099.7265625,2100.4453125,2100.8046875,2100.984375,2101.1484375,2101.3125,2101.46875,2101.6328125,2101.7890625,2101.9453125,2102.09375,2102.2421875,2102.390625,2102.5390625,2102.6796875,2102.8515625,2103.0234375,2103.1953125,2103.3671875,2103.5390625,2103.71875,2103.8984375,2104.0859375,2104.2421875,2104.3984375,2104.5625,2104.7421875,2105.0703125,2105.8125,2106.0,2106.171875,2106.34375,2106.5078125,2106.6640625,2106.8125,2106.9609375,2107.1015625,2107.2421875,2107.375,2107.5078125,2107.640625,2107.7734375,2107.90625,2108.0234375,2108.140625,2108.2578125,2108.3671875,2108.484375,2108.59375,2108.7109375,2108.8203125,2108.9296875,2109.046875,2109.1640625,2109.2734375,2109.390625,2109.5078125,2109.625,2109.7421875,2109.8515625,2109.96875,2110.078125,2110.1953125,2110.3125,2110.4296875,2110.5546875,2110.6796875,2110.9140625,2111.171875,2111.4375,2112.140625,2112.3515625,2112.546875,2112.765625,2112.96875,2113.1640625,2113.359375,2113.4765625,2113.5859375,2113.703125,2113.8125,2113.921875,2114.03125,2114.140625,2114.25,2114.359375,2114.46875,2114.578125,2114.6796875,2114.7890625,2114.8984375,2115.0078125,2115.1171875,2115.265625,2115.4140625,2115.5625,2115.71875,2115.875,2116.03125,2116.1953125,2116.3671875,2116.515625,2116.671875,2116.8359375,2117.015625,2117.3671875,2118.0625,2118.359375,2118.671875,2118.9609375,2119.125,2119.2890625,2119.453125,2119.609375,2119.765625,2119.921875,2120.078125,2120.234375,2120.375,2120.515625,2120.65625,2120.8046875,2120.953125,2121.1015625,2121.25,2121.40625,2121.7109375,2122.0390625,2122.3828125,2123.0546875,2123.34375,2123.6484375,2123.921875,2124.2421875,2124.3984375,2124.546875,2124.6953125,2124.84375,2124.9921875,2125.1328125,2125.28125,2125.4375,2125.59375,2125.75,2125.90625,2126.0703125,2126.234375,2126.3984375,2126.7109375,2127.046875,2127.3984375,2128.3515625,2128.6484375,2128.9140625,2129.2265625,2129.5234375,2129.8125,2130.1015625,2130.390625,2130.6796875,2130.9765625,2131.2890625,2131.5546875,2131.8515625,2132.765625,2133.078125,2133.375,2133.6484375,2133.90625,2134.1484375,2134.3828125,2134.609375,2134.8125,2135.015625,2135.21875,2135.4140625,2135.609375,2135.8125,2136.015625,2136.21875,2136.4296875,2136.640625,2136.8671875,2137.1015625,2137.328125,2137.5703125,2138.484375,2138.8671875,2139.078125,2139.2734375,2139.4609375,2139.640625,2139.859375,2140.0703125,2140.28125,2140.484375,2140.6875,2140.890625,2141.0859375,2141.2890625,2141.484375,2141.6875,2141.8828125,2142.0859375,2142.2890625,2142.5,2142.7109375,2142.9296875,2143.109375,2143.3046875,2143.5078125,2143.71875,2144.1171875,2145.15625,2145.453125,2145.7265625,2146.03125,2146.3203125,2146.59375,2146.8671875,2147.0234375,2147.171875,2147.3203125,2147.46875,2147.6171875,2147.765625,2148.0546875,2148.203125,2148.3515625,2148.5,2148.6484375,2148.9453125,2149.25,2149.5078125,2149.7734375,2150.046875,2150.3203125,2150.6015625,2150.8984375,2151.203125,2151.515625,2151.78125,2152.0625,2152.3515625,2152.6640625,2153.2421875,2154.5546875,2154.8828125,2155.1796875,2155.4921875,2155.78125,2156.0546875,2156.3203125,2156.6015625,2156.8671875,2157.1328125,2157.390625,2157.6484375,2157.8984375,2158.1484375,2158.390625,2158.6328125,2158.8828125,2159.125,2159.375,2159.625,2159.8828125,2160.140625,2160.40625,2160.625,2160.859375,2161.1015625,2161.3515625,2161.8203125,2162.96875,2163.28125,2163.5703125,2163.8828125,2164.171875,2164.4609375,2164.734375,2165.03125,2165.3203125,2165.609375,2165.890625,2166.171875,2166.4609375,2166.75,2167.0390625,2167.1953125,2167.3515625,2167.5078125,2167.6640625,2167.8203125,2167.984375,2168.1484375,2168.3125,2168.4765625,2168.6484375,2168.984375,2169.328125,2169.6875,2169.890625,2170.09375,2170.296875,2170.5078125,2170.71875,2170.9296875,2171.1484375,2171.375,2171.7890625,2172.234375,2172.671875,2173.6875,2173.9609375,2174.203125,2174.484375,2174.7421875,2174.984375,2175.2109375,2175.359375,2175.5078125,2175.6484375,2175.7890625,2175.9296875,2176.0625,2176.1953125,2176.3203125,2176.453125,2176.578125,2176.703125,2176.828125,2176.953125,2177.0703125,2177.1953125,2177.3125,2177.4296875,2177.546875,2177.6640625,2177.7734375,2177.8828125,2178.0,2178.1171875,2178.234375,2178.3515625,2178.4609375,2178.578125,2178.6953125,2178.8125,2178.9296875,2179.046875,2179.1640625,2179.28125,2179.40625,2179.53125,2179.65625,2179.78125,2179.9140625,2180.1796875,2180.4375,2180.71875,2181.0078125,2181.765625,2181.9921875,2182.203125,2182.4375,2182.6640625,2182.8828125,2183.0859375,2183.2109375,2183.3359375,2183.4609375,2183.578125,2183.703125,2183.8203125,2183.9375,2184.0546875,2184.171875,2184.2890625,2184.40625,2184.5234375,2184.640625,2184.7578125,2184.875,2184.9921875,2185.1328125,2185.2734375,2185.4140625,2185.5625,2185.7109375,2185.859375,2186.0078125,2186.1640625,2186.328125,2186.4921875,2186.6640625,2186.8515625,2187.03125,2187.234375,2188.0078125,2188.3359375,2188.515625,2188.6796875,2188.84375,2189.0,2189.1875,2189.375,2189.5546875,2189.7265625,2189.8984375,2190.0703125,2190.2421875,2190.4140625,2190.578125,2190.75,2190.921875,2191.09375,2191.265625,2191.4453125,2191.6328125,2191.8203125,2191.9765625,2192.140625,2192.3125,2192.4921875,2192.828125,2193.6328125,2193.8515625,2194.0546875,2194.265625,2194.46875,2194.65625,2194.84375,2195.0390625,2195.234375,2195.421875,2195.609375,2195.796875,2195.984375,2196.1640625,2196.3515625,2196.5,2196.65625,2196.8046875,2196.9609375,2197.1171875,2197.2734375,2197.4375,2197.609375,2197.8984375,2198.21875,2198.5234375,2199.2578125,2199.640625,2199.8359375,2200.0234375,2200.1953125,2200.3671875,2200.546875,2200.71875,2200.890625,2201.0625,2201.234375,2201.3984375,2201.5625,2201.734375,2201.90625,2202.078125,2202.25,2202.4296875,2202.609375,2202.7890625,2202.9765625,2203.1640625,2203.3203125,2203.484375,2203.65625,2203.84375,2204.1875,2205.0078125,2205.234375,2205.4375,2205.65625,2205.859375,2206.0546875,2206.25,2206.453125,2206.6484375,2206.84375,2207.0390625,2207.234375,2207.421875,2207.609375,2207.8046875,2207.9453125,2208.0859375,2208.2265625,2208.375,2208.5234375,2208.671875,2208.828125,2208.984375,2209.140625,2209.3046875,2209.6484375,2210.015625,2210.7421875,2211.0546875,2211.3828125,2211.6875,2211.8671875,2212.0390625,2212.2109375,2212.375,2212.5390625,2212.703125,2212.859375,2213.0234375,2213.1796875,2213.34375,2213.5078125,2213.671875,2213.8359375,2214.0,2214.171875,2214.3515625,2214.65625,2214.984375,2215.3046875,2216.0546875,2216.4453125,2216.640625,2216.828125,2217.0,2217.171875,2217.3515625,2217.5234375,2217.6953125,2217.8671875,2218.0390625,2218.203125,2218.375,2218.5390625,2218.6875,2218.8359375,2218.984375,2219.140625,2219.296875,2219.453125,2219.609375,2219.7734375,2220.0546875,2220.3671875,2220.671875,2221.390625,2221.7578125,2221.953125,2222.1328125,2222.3046875,2222.46875,2222.65625,2222.84375,2223.0234375,2223.203125,2223.375,2223.546875,2223.7109375,2223.875,2223.9921875,2224.109375,2224.2265625,2224.34375,2224.4609375,2224.578125,2224.6953125,2224.8125,2224.9296875,2225.046875,2225.1640625,2225.28125,2225.3984375,2225.5234375,2225.640625,2225.765625,2225.8828125,2226.0078125,2226.1328125,2226.2578125,2226.3828125,2226.515625,2226.6484375,2226.7890625,2227.046875,2227.3359375,2227.625,2228.4140625,2228.65625,2228.8671875,2229.109375,2229.34375,2229.5703125,2229.78125,2229.9140625,2230.0390625,2230.1640625,2230.2890625,2230.4140625,2230.5390625,2230.6640625,2230.78125,2230.90625,2231.0234375,2231.1484375,2231.265625,2231.3828125,2231.5,2231.6171875,2231.7421875,2231.8515625,2231.9609375,2232.0703125,2232.1796875,2232.296875,2232.40625,2232.515625,2232.6328125,2232.75,2232.8671875,2232.984375,2233.1015625,2233.21875,2233.34375,2233.46875,2233.6015625,2233.8125,2234.03125,2234.265625,2234.5078125,2234.7265625,2234.9765625,2235.9296875,2236.34375,2236.5703125,2236.78125,2236.984375,2237.1796875,2237.4140625,2237.640625,2237.8671875,2238.0859375,2238.3125,2238.5390625,2238.765625,2239.0,2239.2265625,2239.453125,2239.6875,2239.9375,2240.1953125,2240.4609375,2240.75,2241.0625,2241.8828125,2243.7578125,2244.34375,2244.734375,2245.0859375,2245.4140625,2245.71875,2246.0859375,2246.4453125,2246.7890625,2247.125,2247.4609375,2247.7890625,2248.125,2248.4609375,2248.7421875,2249.03125,2249.328125,2249.6484375,2249.9296875,2250.234375,2251.3125,2251.75,2252.1953125,2252.6015625,2252.8359375,2253.0625,2253.2890625,2253.5078125,2253.7265625,2253.953125,2254.171875,2254.3984375,2254.703125,2255.0234375,2255.3515625,2255.703125,2256.0,2256.328125,2257.4765625,2257.9453125,2258.421875,2258.8828125,2259.2578125,2259.65625,2261.171875,2261.4921875,2261.7734375,2262.1328125,2262.4609375,2262.78125,2263.0859375,2263.28125,2263.4765625,2263.671875,2263.859375,2264.046875,2264.234375,2264.421875,2264.6015625,2264.78125,2264.96875,2265.15625,2265.34375,2265.53125,2265.71875,2265.90625,2266.1015625,2266.4140625,2266.7421875,2267.078125,2267.4375,2267.75,2268.09375,2269.25,2269.6875,2270.1171875,2270.515625,2270.7265625,2270.9296875,2271.125,2271.3203125,2271.515625,2271.703125,2271.890625,2272.0703125,2272.2578125,2272.4375,2272.6171875,2272.796875,2272.9765625,2273.15625,2273.3359375,2273.515625,2273.6953125,2273.875,2274.0546875,2274.2421875,2274.421875,2274.609375,2274.796875,2274.984375,2275.21875,2275.4609375,2275.7109375,2275.9609375,2276.21875,2276.4921875,2276.7734375,2277.0703125,2277.3828125,2277.7265625,2279.3359375,2279.7578125,2280.1640625,2280.5625,2280.984375,2282.5546875,2282.890625,2283.1953125,2283.5703125,2283.921875,2284.2578125,2284.578125,2284.8359375,2285.0859375,2285.3359375,2285.5859375,2285.828125,2286.078125,2286.328125,2286.5859375,2286.8046875,2287.0234375,2287.2578125,2287.5,2287.9453125,2288.984375,2289.2578125,2289.5078125,2289.7734375,2290.0234375,2290.265625,2290.4921875,2290.625,2290.7578125,2290.890625,2291.0234375,2291.15625,2291.28125,2291.40625,2291.5390625,2291.671875,2291.796875,2291.921875,2292.046875,2292.171875,2292.296875,2292.421875,2292.546875,2292.734375,2292.921875,2293.109375,2293.3046875,2293.5,2293.6953125,2293.8984375,2294.109375,2294.2890625,2294.4765625,2294.671875,2294.875,2295.265625,2296.0078125,2296.3046875,2296.6171875,2296.90625,2297.2265625,2297.3828125,2297.5390625,2297.6953125,2297.84375,2297.9921875,2298.140625,2298.421875,2298.7109375,2299.0078125,2299.3203125,2299.5859375,2299.8828125,2300.1640625,2300.84375,2301.1953125,2301.546875,2301.859375,2302.03125,2302.203125,2302.3671875,2302.53125,2302.6875,2302.84375,2303.0,2303.15625,2303.3359375,2303.5078125,2303.6875,2303.8671875,2304.046875,2304.2265625,2304.4140625,2304.6015625,2304.765625,2304.9296875,2305.1015625,2305.28125,2305.625,2306.4375,2306.65625,2306.8515625,2307.0625,2307.265625,2307.453125,2307.640625,2307.8515625,2308.0546875,2308.25,2308.4453125,2308.640625,2308.828125,2309.015625,2309.203125,2309.375,2309.5546875,2309.734375,2309.9140625,2310.09375,2310.28125,2310.46875,2310.6640625,2310.84375,2311.03125,2311.2265625,2311.4296875,2311.625,2311.8359375,2312.6328125,2312.96875,2313.1484375,2313.3203125,2313.484375,2313.640625,2313.828125,2314.015625,2314.1953125,2314.3671875,2314.5390625,2314.7109375,2314.8828125,2315.0546875,2315.21875,2315.390625,2315.5625,2315.734375,2315.90625,2316.0859375,2316.265625,2316.453125,2316.609375,2316.765625,2316.9375,2317.1171875,2317.453125,2318.2578125,2318.4765625,2318.671875,2318.8828125,2319.078125,2319.265625,2319.453125,2319.6484375,2319.8359375,2320.0234375,2320.2109375,2320.3984375,2320.578125,2320.7578125,2320.9375,2321.0859375,2321.2421875,2321.3984375,2321.5546875,2321.7109375,2321.875,2322.0390625,2322.2109375,2322.5,2322.8203125,2323.125,2323.875,2324.078125,2324.2578125,2324.4609375,2324.6484375,2324.828125,2325.0,2325.1875,2325.375,2325.5546875,2325.734375,2325.9140625,2326.0859375,2326.2578125,2326.4296875,2326.6328125,2326.828125,2327.03125,2327.234375,2327.4375,2327.6484375,2327.8671875,2328.0859375,2328.2734375,2328.4609375,2328.65625,2328.8671875,2329.2578125,2329.9609375,2330.2265625,2330.5,2330.7421875,2331.0078125,2331.2578125,2331.5,2331.734375,2331.859375,2331.984375,2332.2265625,2332.3515625,2332.46875,2332.703125,2332.9375,2333.0546875,2333.1796875,2333.421875,2333.6640625,2333.8515625,2334.0390625,2334.234375,2334.4296875,2334.6328125,2334.84375,2335.0546875,2335.28125,2335.65625,2336.0703125,2336.484375,2337.7265625,2338.125,2338.5,2338.9140625,2339.3203125,2339.71875,2340.1015625,2340.5078125,2340.90625,2341.2890625,2341.4765625,2341.6640625,2341.84375,2342.0234375,2342.203125,2342.375,2342.546875,2342.71875,2342.8828125,2343.046875,2343.203125,2343.3515625,2343.5,2343.6484375,2343.796875,2343.9453125,2344.09375,2344.234375,2344.3828125,2344.5234375,2344.6640625,2344.8046875,2344.953125,2345.09375,2345.234375,2345.3828125,2345.5234375,2345.671875,2345.8125,2345.9609375,2346.2578125,2346.5703125,2346.8671875,2347.1875,2347.5,2348.3046875,2348.5390625,2348.7421875,2348.9765625,2349.1953125,2349.40625,2349.609375,2349.859375,2350.09375,2350.2109375,2350.328125,2350.4453125,2350.5546875,2350.671875,2350.78125,2350.890625,2351.0,2351.109375,2351.21875,2351.328125,2351.4375,2351.5703125,2351.703125,2351.8359375,2351.9609375,2352.0859375,2352.21875,2352.3515625,2352.484375,2352.6171875,2352.75,2352.8828125,2353.0234375,2353.1640625,2353.3046875,2353.4453125,2353.59375,2353.828125,2354.0703125,2354.3203125,2354.59375,2354.828125,2355.09375,2356.046875,2356.4453125,2356.65625,2356.8515625,2357.046875,2357.234375,2357.4453125,2357.6484375,2357.8515625,2358.0546875,2358.2578125,2358.4609375,2358.6640625,2358.8671875,2359.0703125,2359.2734375,2359.4765625,2359.6875,2359.8984375,2360.1171875,2360.3359375,2360.5625,2360.796875,2361.03125,2361.2734375,2361.515625,2361.765625,2362.0078125,2362.25,2362.484375,2362.703125,2362.921875,2363.1328125,2363.3359375,2363.5390625,2363.734375,2363.9296875,2364.1171875,2364.3046875,2364.484375,2364.6640625,2364.84375,2365.0234375,2365.203125,2365.375,2365.5546875,2365.7109375,2365.875,2366.03125,2366.1953125,2366.359375,2366.5234375,2366.6953125,2366.8671875,2367.171875,2367.5078125,2367.828125,2368.6171875,2368.8359375,2369.0390625,2369.2578125,2369.46875,2369.6640625,2369.8515625,2370.078125,2370.3046875,2370.5234375,2370.734375,2370.9453125,2371.15625,2371.3671875,2371.5703125,2371.7265625,2371.8828125,2372.0390625,2372.203125,2372.359375,2372.5234375,2372.6875,2372.859375,2373.0234375,2373.1953125,2373.375,2373.5703125,2373.75,2373.953125,2374.703125,2375.015625,2375.34375,2375.4921875,2375.640625,2375.8203125,2375.9921875,2376.1640625,2376.328125,2376.4921875,2376.6484375,2376.8125,2376.96875,2377.125,2377.2890625,2377.453125,2377.6171875,2377.78125,2377.953125,2378.125,2378.3046875,2378.453125,2378.609375,2378.765625,2378.9375,2379.25,2379.984375,2380.1796875,2380.359375,2380.546875,2380.7265625,2380.8984375,2381.0625,2381.234375,2381.3984375,2381.5625,2381.7265625,2381.890625,2382.046875,2382.203125,2382.3671875,2382.5078125,2382.65625,2382.8046875,2382.953125,2383.1015625,2383.2578125,2383.4140625,2383.5703125,2383.703125,2383.84375,2383.9921875,2384.1484375,2384.4375,2385.1328125,2385.3203125,2385.4921875,2385.6796875,2385.8515625,2386.015625,2386.1796875,2386.3671875,2386.546875,2386.71875,2386.890625,2387.0625,2387.2265625,2387.390625,2387.5546875,2387.6484375,2387.7421875,2387.8359375,2387.9296875,2388.0234375,2388.1171875,2388.21875,2388.3125,2388.40625,2388.5,2388.59375,2388.6953125,2388.796875,2388.8984375,2389.0,2389.1015625,2389.2734375,2389.4453125,2389.6328125,2389.828125,2390.0,2390.1875,2390.796875,2391.0234375,2391.2421875,2391.4375,2391.640625,2391.8359375,2392.0234375,2392.203125,2392.296875,2392.3828125,2392.46875,2392.5546875,2392.640625,2392.7265625,2392.8125,2392.8984375,2392.984375,2393.0703125,2393.1484375,2393.234375,2393.3125,2393.3984375,2393.484375,2393.5625,2393.6484375,2393.734375,2393.8203125,2393.9140625,2394.0,2394.09375,2394.1796875,2394.2734375,2394.3671875,2394.453125,2394.546875,2394.640625,2394.734375,2394.828125,2394.921875,2395.0234375,2395.1875,2395.3515625,2395.5234375,2395.7109375,2395.875,2396.0546875,2396.6484375,2396.8671875,2397.078125,2397.2734375,2397.4765625,2397.671875,2397.8515625,2398.03125,2398.203125,2398.2890625,2398.375,2398.4609375,2398.546875,2398.6328125,2398.7109375,2398.796875,2398.875,2398.9609375,2399.0390625,2399.125,2399.203125,2399.28125,2399.3671875,2399.515625,2399.671875,2399.8203125,2399.9765625,2400.1328125,2400.2890625,2400.453125,2400.6171875,2400.7890625,2400.96875,2401.1484375,2401.34375,2401.5390625,2401.75,2401.96875,2402.5625,2402.75,2402.9140625,2403.1015625,2403.28125,2403.453125,2403.6171875,2403.71875,2403.8203125,2403.921875,2404.015625,2404.109375,2404.203125,2404.296875,2404.390625,2404.484375,2404.578125,2404.6640625,2404.7578125,2404.8515625,2404.9453125,2405.03125,2405.125,2405.2734375,2405.421875,2405.5703125,2405.71875,2405.875,2406.03125,2406.1875,2406.3515625,2406.515625,2406.6875,2406.859375,2407.046875,2407.2265625,2407.4296875,2408.1953125,2408.5234375,2408.703125,2408.875,2409.03125,2409.1875,2409.375,2409.5546875,2409.734375,2409.9140625,2410.09375,2410.265625,2410.4375,2410.609375,2410.78125,2410.953125,2411.125,2411.3046875,2411.484375,2411.6640625,2411.8515625,2412.0390625,2412.2109375,2412.3828125,2412.5625,2412.7578125,2412.9375,2413.1328125,2413.8671875,2414.1796875,2414.5078125,2414.65625,2414.8046875,2414.9765625,2415.1484375,2415.3203125,2415.484375,2415.6484375,2415.8125,2415.9765625,2416.140625,2416.2734375,2416.4140625,2416.5546875,2416.6953125,2416.8359375,2416.984375,2417.1328125,2417.2890625,2417.5625,2417.8671875,2418.171875,2419.0078125,2419.265625,2419.5,2419.7734375,2420.03125,2420.28125,2420.53125,2420.7734375,2421.0234375,2421.28125,2421.546875,2421.7734375,2422.03125,2422.859375,2423.15625,2423.453125,2423.71875,2424.0078125,2424.28125,2424.546875,2424.8125,2424.9765625,2425.1328125,2425.2890625,2425.453125,2425.609375,2425.7734375,2425.9375,2426.109375,2426.2734375,2426.4453125,2426.6171875,2426.8046875,2427.171875,2427.875,2428.171875,2428.4765625,2428.7578125,2428.921875,2429.078125,2429.234375,2429.390625,2429.5390625,2429.6875,2429.8359375,2429.984375,2430.1328125,2430.2890625,2430.4375,2430.59375,2430.75,2430.90625,2431.0703125,2431.234375,2431.515625,2431.828125,2432.125,2432.8203125,2433.171875,2433.3515625,2433.5234375,2433.6796875,2433.8359375,2434.0078125,2434.171875,2434.3359375,2434.4921875,2434.6484375,2434.8046875,2434.9609375,2435.109375,2435.2734375,2435.4296875,2435.59375,2435.7578125,2435.921875,2436.09375,2436.265625,2436.4375,2436.5859375,2436.7421875,2436.8984375,2437.0703125,2437.3828125,2438.1328125,2438.3359375,2438.515625,2438.71875,2438.90625,2439.0859375,2439.2578125,2439.453125,2439.640625,2439.828125,2440.0078125,2440.1875,2440.359375,2440.5390625,2440.7109375,2440.8046875,2440.90625,2441.0,2441.09375,2441.1875,2441.28125,2441.375,2441.4765625,2441.5703125,2441.671875,2441.765625,2441.8671875,2441.96875,2442.0703125,2442.171875,2442.28125,2442.453125,2442.6328125,2442.8203125,2443.015625,2443.1875,2443.3828125,2444.03125,2444.2734375,2444.515625,2444.7421875,2444.9765625,2445.1953125,2445.40625,2445.515625,2445.6171875,2445.7265625,2445.8359375,2445.9453125,2446.046875,2446.15625,2446.2578125,2446.359375,2446.4609375,2446.5703125,2446.671875,2446.7734375,2446.875,2446.9765625,2447.078125,2447.1796875,2447.2890625,2447.4375,2447.5859375,2447.734375,2447.890625,2448.046875,2448.2109375,2448.375,2448.546875,2448.6875,2448.8359375,2449.15625,2449.4609375,2450.21875,2450.4296875,2450.6171875,2450.8203125,2451.0078125,2451.1875,2451.3671875,2451.5390625,2451.7109375,2451.8828125,2452.046875,2452.2109375,2452.375,2452.5390625,2452.7109375,2452.8671875,2453.0234375,2453.1796875,2453.3359375,2453.5,2453.6640625,2453.8359375,2454.015625,2454.328125,2454.671875,2455.03125,2455.7890625,2456.1328125,2456.4921875,2456.828125,2457.21875,2457.609375,2458.0,2458.40625,2458.703125,2459.0234375,2459.359375,2459.734375,2460.1953125,2460.6875,2461.1484375,2461.5546875,2461.8515625,2462.1171875,2462.3671875,2462.609375,2462.8359375,2463.0546875,2463.265625,2463.46875,2463.71875,2463.96875,2464.2109375,2464.453125,2464.6875,2464.9296875,2465.1640625,2465.40625,2465.609375,2465.8125,2466.03125,2466.2578125,2466.671875,2467.578125,2467.796875,2468.0,2468.1953125,2468.3828125,2468.5625,2468.734375,2468.90625,2469.0703125,2469.234375,2469.3984375,2469.5546875,2469.7109375,2469.8671875,2470.015625,2470.1171875,2470.21875,2470.3203125,2470.4140625,2470.5078125,2470.609375,2470.7109375,2470.8125,2470.9140625,2471.015625,2471.1171875,2471.21875,2471.3203125,2471.4296875,2471.640625,2471.8203125,2472.0,2472.1875,2472.390625,2472.5625,2472.7578125,2473.390625,2473.6171875,2473.8359375,2474.0390625,2474.2421875,2474.4375,2474.625,2474.8046875,2474.984375,2475.1640625,2475.3359375,2475.5078125,2475.59375,2475.6796875,2475.84375,2475.9296875,2476.015625,2476.1796875,2476.2734375,2476.375,2476.46875,2476.5703125,2476.671875,2476.765625,2476.8671875,2476.96875,2477.0703125,2477.171875,2477.2734375,2477.375,2477.4765625,2477.5859375,2477.6875,2477.796875,2477.9765625,2478.1640625,2478.359375,2478.5625,2478.7421875,2478.9453125,2479.609375,2479.8671875,2480.1171875,2480.34375,2480.46875,2480.5859375,2480.703125,2480.8203125,2480.9296875,2481.0390625,2481.1484375,2481.2578125,2481.375,2481.484375,2481.6015625,2481.7109375,2481.8203125,2481.9296875,2482.0390625,2482.1484375,2482.2578125,2482.3671875,2482.4765625,2482.5859375,2482.6953125,2482.8046875,2482.9140625,2483.0234375,2483.1875,2483.3515625,2483.5234375,2483.6953125,2483.8671875,2484.046875,2484.234375,2484.421875,2484.5859375,2484.75,2484.921875,2485.109375,2485.4609375,2486.171875,2486.4765625,2486.796875,2487.0859375,2487.2578125,2487.421875,2487.5859375,2487.7421875,2487.8984375,2488.0625,2488.2265625,2488.390625,2488.6328125,2488.8828125,2489.140625,2489.421875,2489.6640625,2489.9296875,2490.8828125,2491.28125,2491.6953125,2492.09375,2492.4765625,2492.8828125,2493.2578125,2494.1171875,2494.5390625,2494.765625,2494.9765625,2495.171875,2495.3671875,2495.5078125,2495.640625,2495.7734375,2495.90625,2496.0390625,2496.1640625,2496.296875,2496.421875,2496.546875,2496.671875,2496.796875,2496.921875,2497.046875,2497.171875,2497.296875,2497.4296875,2497.65625,2497.890625,2498.1328125,2498.390625,2498.625,2498.875,2499.125,2499.75,2500.09375,2500.28125,2500.453125,2500.6171875,2500.7734375,2500.9609375,2501.1484375,2501.328125,2501.5,2501.671875,2501.84375,2502.015625,2502.1875,2502.359375,2502.53125,2502.703125,2502.8828125,2503.0625,2503.2421875,2503.4296875,2503.6171875,2503.7734375,2503.9375,2504.109375,2504.2890625,2504.625,2505.3984375,2505.6015625,2505.78125,2505.96875,2506.140625,2506.3046875,2506.46875,2506.625,2506.78125,2506.9375,2507.0859375,2507.234375,2507.375,2507.5234375,2507.6640625,2507.7734375,2507.8828125,2507.9921875,2508.09375,2508.203125,2508.3046875,2508.40625,2508.515625,2508.625,2508.7265625,2508.8359375,2508.9453125,2509.0546875,2509.1640625,2509.2734375,2509.3828125,2509.4921875,2509.609375,2509.71875,2509.8359375,2509.953125,2510.078125,2510.203125,2510.328125,2510.453125,2510.578125,2510.8515625,2511.1328125,2511.6796875,2511.90625,2512.140625,2512.359375,2512.609375,2512.7265625,2512.84375,2512.953125,2513.0625,2513.171875,2513.28125,2513.4140625,2513.546875,2513.6796875,2513.8046875,2513.9296875,2514.0546875,2514.1796875,2514.3046875,2514.4296875,2514.5546875,2514.6796875,2514.8046875,2514.9296875,2515.0546875,2515.1796875,2515.3125,2515.484375,2515.6640625,2515.84375,2516.03125,2516.21875,2516.4140625,2516.609375,2516.8203125,2516.984375,2517.1640625,2517.3515625,2517.546875,2517.9140625,2518.625,2518.9296875,2519.234375,2519.5234375,2519.84375,2520.1484375,2520.453125,2520.7578125,2521.0,2521.25,2521.5078125,2521.7890625,2522.0234375,2522.2890625,2523.1484375,2523.4765625,2523.796875,2524.09375,2524.3984375,2524.6953125,2524.984375,2525.265625,2525.6015625,2525.9375,2526.28125,2526.6328125,2526.96875,2527.3359375,2527.6953125,2528.640625,2528.921875,2529.1796875,2529.46875,2529.7421875,2530.0078125,2530.2578125,2530.4140625,2530.5703125,2530.7265625,2530.875,2531.0234375,2531.171875,2531.3203125,2531.46875,2531.6171875,2531.7578125,2531.90625,2532.0546875,2532.203125,2532.3515625,2532.5,2532.65625,2532.8203125,2532.984375,2533.1484375,2533.3203125,2533.4921875,2533.671875,2533.8515625,2534.0390625,2534.3828125,2534.765625,2535.15625,2536.25,2536.59375,2536.90625,2537.265625,2537.6171875,2537.953125,2538.2890625,2538.6171875,2538.953125,2539.296875,2539.65625,2539.96875,2540.3046875,2541.3984375,2541.796875,2542.1875,2542.5390625,2542.9140625,2543.09375,2543.2734375,2543.453125,2543.625,2543.796875,2543.96875,2544.140625,2544.3203125,2544.5,2544.6796875,2544.859375,2545.046875,2545.234375,2545.4296875,2545.7578125,2546.125,2546.4765625,2547.328125,2547.78125,2548.015625,2548.234375,2548.4453125,2548.65625,2548.890625,2549.125,2549.3515625,2549.578125,2549.8046875,2550.0234375,2550.25,2550.4765625,2550.7578125,2551.046875,2551.34375,2551.6640625,2551.9375,2552.2421875,2553.328125,2553.78125,2554.25,2554.6953125,2555.125,2555.5703125,2556.0,2556.9921875,2557.2578125,2557.5,2557.7734375,2558.03125,2558.2734375,2558.515625,2558.84375,2559.0078125,2559.171875,2559.5,2559.8359375,2560.1328125,2560.453125,2560.7578125,2561.453125,2561.8046875,2561.984375,2562.15625,2562.3203125,2562.4765625,2562.6640625,2562.84375,2563.015625,2563.1875,2563.3515625,2563.515625,2563.6796875,2563.8359375,2563.953125,2564.0625,2564.1796875,2564.2890625,2564.3984375,2564.5078125,2564.625,2564.734375,2564.84375,2564.9609375,2565.0703125,2565.1875,2565.296875,2565.4140625,2565.53125,2565.6484375,2565.84375,2566.046875,2566.2578125,2566.4765625,2566.671875,2566.8828125,2567.5625,2567.8046875,2568.0390625,2568.2578125,2568.4765625,2568.5859375,2568.6875,2568.7890625,2568.8828125,2568.984375,2569.078125,2569.1796875,2569.2734375,2569.3671875,2569.4609375,2569.5546875,2569.6484375,2569.7421875,2569.828125,2569.921875,2570.0078125,2570.1015625,2570.1875,2570.2734375,2570.3671875,2570.4609375,2570.546875,2570.6328125,2570.71875,2570.8046875,2570.8984375,2570.9921875,2571.078125,2571.1640625,2571.2578125,2571.34375,2571.4375,2571.53125,2571.625,2571.71875,2571.8125,2571.90625,2572.0,2572.171875,2572.34375,2572.53125,2572.7265625,2572.90625,2573.109375,2573.828125,2574.1171875,2574.2734375,2574.421875,2574.5625,2574.703125,2574.8671875,2575.0234375,2575.1796875,2575.328125,2575.4765625,2575.6171875,2575.765625,2575.90625,2575.9921875,2576.0859375,2576.171875,2576.2578125,2576.34375,2576.4296875,2576.515625,2576.6015625,2576.6875,2576.7734375,2576.859375,2576.953125,2577.0390625,2577.1328125,2577.2265625,2577.3203125,2577.5,2577.6796875,2577.8671875,2578.0703125,2578.2578125,2578.4609375,2578.671875,2579.21875,2579.53125,2579.703125,2579.8671875,2580.015625,2580.1640625,2580.34375,2580.515625,2580.6875,2580.8515625,2581.015625,2581.171875,2581.3359375,2581.4921875,2581.65625,2581.8125,2581.9765625,2582.140625,2582.3046875,2582.4765625,2582.6484375,2582.828125,2582.9765625,2583.125,2583.28125,2583.453125,2583.6015625,2583.765625,2584.296875,2584.4921875,2584.6796875,2584.8515625,2585.03125,2585.1953125,2585.3515625,2585.5078125,2585.6640625,2585.8125,2585.9609375,2586.109375,2586.25,2586.390625,2586.53125,2586.671875,2586.765625,2586.859375,2586.953125,2587.046875,2587.140625,2587.234375,2587.328125,2587.421875,2587.515625,2587.609375,2587.703125,2587.796875,2587.890625,2587.9921875,2588.0859375,2588.1875,2588.28125,2588.375,2588.46875,2588.5625,2588.6640625,2588.765625,2588.8671875,2588.9765625,2589.171875,2589.390625,2589.609375,2590.171875,2590.34375,2590.4921875,2590.6640625,2590.828125,2590.984375,2591.1328125,2591.2265625,2591.3125,2591.3984375,2591.484375,2591.5703125,2591.65625,2591.7421875,2591.8203125,2591.8984375,2591.984375,2592.0703125,2592.1484375,2592.234375,2592.3125,2592.390625,2592.46875,2592.5625,2592.6484375,2592.7421875,2592.8359375,2592.921875,2593.015625,2593.109375,2593.203125,2593.296875,2593.390625,2593.484375,2593.578125,2593.671875,2593.7734375,2593.8671875,2593.96875,2594.0625,2594.15625,2594.25,2594.34375,2594.4453125,2594.546875,2594.6484375,2594.7578125,2594.9609375,2595.1796875,2595.40625,2596.0,2596.1796875,2596.34375,2596.53125,2596.703125,2596.8671875,2597.0234375,2597.125,2597.21875,2597.3125,2597.40625,2597.5,2597.5859375,2597.6796875,2597.765625,2597.859375,2597.9453125,2598.03125,2598.125,2598.2109375,2598.296875,2598.3828125,2598.4765625,2598.5625,2598.6484375,2598.734375,2598.8203125,2598.90625,2598.9921875,2599.078125,2599.171875,2599.2578125,2599.3515625,2599.4375,2599.53125,2599.625,2599.71875,2599.8125,2599.9140625,2600.0703125,2600.234375,2600.40625,2600.59375,2600.7578125,2600.9375,2601.5234375,2601.75,2601.96875,2602.171875,2602.28125,2602.3828125,2602.484375,2602.578125,2602.671875,2602.765625,2602.859375,2602.953125,2603.046875,2603.140625,2603.234375,2603.3203125,2603.4140625,2603.5,2603.5859375,2603.671875,2603.765625,2603.8515625,2603.9375,2604.0234375,2604.109375,2604.1953125,2604.28125,2604.375,2604.5234375,2604.671875,2604.8203125,2604.9765625,2605.1328125,2605.2890625,2605.453125,2605.6171875,2605.7734375,2605.9375,2606.109375,2606.296875,2606.46875,2606.6640625,2607.3984375,2607.7109375,2607.8828125,2608.0390625,2608.1953125,2608.34375,2608.5234375,2608.6953125,2608.859375,2609.0234375,2609.1875,2609.3515625,2609.515625,2609.671875,2609.8359375,2610.0,2610.1640625,2610.3359375,2610.5078125,2610.6796875,2610.8515625,2611.03125,2611.203125,2611.3828125,2611.5703125,2611.765625,2611.953125,2612.1640625,2612.96875,2613.1484375,2613.3125,2613.5,2613.671875,2613.8359375,2614.0,2614.1953125,2614.3828125,2614.5703125,2614.75,2614.9296875,2615.109375,2615.2890625,2615.46875,2615.640625,2615.8125,2615.984375,2616.1640625,2616.34375,2616.5234375,2616.7109375,2616.8984375,2617.0703125,2617.25,2617.4375,2617.6328125,2617.8125,2618.015625,2618.7890625,2619.1171875,2619.296875,2619.4609375,2619.625,2619.78125,2619.96875,2620.1484375,2620.328125,2620.5,2620.671875,2620.84375,2621.015625,2621.1875,2621.3828125,2621.578125,2621.7734375,2621.9765625,2622.1796875,2622.390625,2622.6015625,2622.828125,2623.046875,2623.28125,2623.53125,2623.796875,2624.078125,2624.3984375,2625.265625,2626.171875,2626.7890625,2627.0546875,2627.3046875,2627.5390625,2627.7578125,2627.984375,2628.203125,2628.4140625,2628.6171875,2628.8203125,2629.015625,2629.2109375,2629.40625,2629.5859375,2629.765625,2629.9453125,2630.125,2630.3046875,2630.4921875,2630.6796875,2630.8671875,2631.203125,2631.5703125,2631.921875,2632.8046875,2633.0546875,2633.2734375,2633.5234375,2633.7578125,2633.984375,2634.203125,2634.4609375,2634.7109375,2634.9609375,2635.0859375,2635.2109375,2635.453125,2635.578125,2635.703125,2635.953125,2636.203125,2636.46875,2636.7421875,2637.03125,2637.3359375,2637.6015625,2637.890625,2638.828125,2639.171875,2639.5,2639.8046875,2640.0859375,2640.3515625,2640.6171875,2640.875,2641.03125,2641.1796875,2641.3359375,2641.4921875,2641.6484375,2641.8125,2642.1484375,2642.4375,2642.7578125,2643.0703125,2643.8125,2644.1953125,2644.390625,2644.578125,2644.7578125,2644.9296875,2645.125,2645.3203125,2645.5078125,2645.6875,2645.8671875,2646.046875,2646.2265625,2646.40625,2646.6015625,2646.796875,2646.9921875,2647.1953125,2647.390625,2647.59375,2647.8046875,2648.015625,2648.1953125,2648.3828125,2648.578125,2648.78125,2649.1640625,2650.09375,2650.3515625,2650.5859375,2650.8359375,2651.078125,2651.3125,2651.53125,2651.65625,2651.78125,2651.90625,2652.03125,2652.15625,2652.2734375,2652.3984375,2652.515625,2652.6328125,2652.75,2652.8671875,2652.984375,2653.1015625,2653.21875,2653.3359375,2653.453125,2653.5625,2653.671875,2653.78125,2653.8984375,2654.015625,2654.125,2654.234375,2654.3515625,2654.578125,2654.8125,2655.0546875,2655.3046875,2655.5078125,2655.7265625,2655.953125,2656.1953125,2656.40625,2656.640625,2657.4296875,2657.734375,2658.0390625,2658.3203125,2658.6171875,2658.8984375,2659.171875,2659.3046875,2659.4375,2659.578125,2659.7109375,2659.8515625,2659.984375,2660.125,2660.2578125,2660.390625,2660.5234375,2660.65625,2660.7890625,2660.921875,2661.0546875,2661.1875,2661.3203125,2661.453125,2661.59375,2661.8046875,2662.015625,2662.234375,2662.453125,2662.6796875,2662.90625,2663.140625,2663.390625,2663.59375,2663.8046875,2664.0234375,2664.2578125,2664.6875,2665.7421875,2666.03125,2666.2890625,2666.5625,2666.8203125,2667.0625,2667.3046875,2667.53125,2667.7578125,2667.9765625,2668.1953125,2668.4140625,2668.6328125,2668.8515625,2669.0625,2669.28125,2669.5,2669.71875,2669.9375,2670.1640625,2670.390625,2670.625,2670.859375,2671.078125,2671.3125,2671.5546875,2671.8046875,2672.3046875,2673.265625,2673.6640625,2674.078125,2674.453125,2674.671875,2674.890625,2675.1015625,2675.3046875,2675.5078125,2675.703125,2675.8984375,2676.09375,2676.328125,2676.5625,2676.796875,2677.0390625,2677.2734375,2677.515625,2677.7578125,2678.0078125,2678.2421875,2678.4765625,2678.7265625,2678.9921875,2679.234375,2679.5078125,2680.484375,2680.8828125,2681.296875,2681.484375,2681.671875,2681.890625,2682.109375,2682.3203125,2682.53125,2682.734375,2682.9296875,2683.1328125,2683.328125,2683.53125,2683.734375,2683.9375,2684.1484375,2684.3515625,2684.5625,2684.78125,2685.0,2685.1875,2685.375,2685.578125,2685.7890625,2686.1796875,2687.09375,2687.328125,2687.546875,2687.7734375,2687.9921875,2688.1953125,2688.390625,2688.6015625,2688.8125,2689.015625,2689.2109375,2689.40625,2689.6015625,2689.796875,2689.984375,2690.109375,2690.234375,2690.359375,2690.484375,2690.609375,2690.734375,2690.859375,2690.9921875,2691.1171875,2691.25,2691.375,2691.5078125,2691.640625,2691.7734375,2691.90625,2692.046875,2692.2734375,2692.5078125,2692.75,2693.0078125,2693.234375,2693.484375,2694.3359375,2694.6640625,2694.9921875,2695.2890625,2695.453125,2695.609375,2695.765625,2695.9140625,2696.0625,2696.2109375,2696.3515625,2696.4921875,2696.640625,2696.7890625,2696.9375,2697.0859375,2697.234375,2697.3828125,2697.53125,2697.6796875,2697.828125,2697.9765625,2698.125,2698.2734375,2698.421875,2698.578125,2698.7265625,2698.8828125,2699.0625,2699.2421875,2699.4296875,2699.6171875,2699.8125,2700.015625,2700.2265625,2700.4453125,2700.8046875,2701.2109375,2701.609375,2702.765625,2703.140625,2703.484375,2703.875,2704.25,2704.625,2704.9921875,2705.390625,2705.7890625,2706.1875,2706.59375,2707.0078125,2707.4140625,2707.8203125,2708.21875,2708.609375,2708.984375,2709.359375,2709.7265625,2710.0859375,2710.4453125,2710.8046875,2711.1640625,2711.46875,2711.7734375,2712.0859375,2712.4140625,2713.015625,2714.3125,2714.6171875,2714.8984375,2715.1796875,2715.4375,2715.6875,2715.921875,2716.171875,2716.4140625,2716.65625,2716.890625,2717.125,2717.3515625,2717.578125,2717.796875,2718.0546875,2718.3046875,2718.5625,2718.8203125,2719.078125,2719.34375,2719.609375,2719.890625,2720.125,2720.359375,2720.609375,2720.8671875,2721.3515625,2722.46875,2722.7578125,2723.015625,2723.28125,2723.5390625,2723.78125,2724.015625,2724.25,2724.484375,2724.7109375,2724.9296875,2725.1484375,2725.359375,2725.578125,2725.7890625,2725.921875,2726.046875,2726.1796875,2726.3046875,2726.4296875,2726.5625,2726.6953125,2726.828125,2726.9609375,2727.0859375,2727.21875,2727.3515625,2727.484375,2727.625,2727.7578125,2727.8984375,2728.1484375,2728.3984375,2728.6640625,2728.9375,2729.1953125,2729.4765625,2730.484375,2730.890625,2731.109375,2731.3203125,2731.515625,2731.703125,2731.9296875,2732.1484375,2732.3671875,2732.578125,2732.7890625,2732.9921875,2733.1953125,2733.3984375,2733.59375,2733.7890625,2733.984375,2734.1796875,2734.3828125,2734.5859375,2734.796875,2735.0078125,2735.203125,2735.3984375,2735.6015625,2735.8203125,2736.2421875,2737.0546875,2737.390625,2737.7421875,2738.0625,2738.25,2738.4296875,2738.609375,2738.78125,2738.953125,2739.125,2739.296875,2739.4609375,2739.625,2739.796875,2739.9609375,2740.1328125,2740.3046875,2740.4765625,2740.65625,2740.8359375,2741.1484375,2741.484375,2741.8046875,2742.5625,2742.9296875,2743.28125,2743.6015625,2743.7578125,2743.90625,2744.0546875,2744.1953125,2744.3359375,2744.4765625,2744.6171875,2744.75,2744.984375,2745.2109375,2745.4375,2745.6640625,2745.890625,2746.125,2746.359375,2746.59375,2746.8359375,2747.078125,2747.3359375,2747.6015625,2747.8671875,2748.15625,2748.4609375,2749.3359375,2749.609375,2749.859375,2750.1484375,2750.421875,2750.6796875,2750.9375,2751.25,2751.5546875,2751.859375,2752.1640625,2752.46875,2752.78125,2753.09375,2753.4140625,2753.6328125,2753.8515625,2754.0703125,2754.296875,2754.5234375,2754.7578125,2754.9921875,2755.234375,2755.4765625,2755.7265625,2755.9765625,2756.2265625,2756.4765625,2756.71875,2756.96875,2757.2109375,2757.4296875,2757.640625,2757.859375,2758.0703125,2758.28125,2758.5,2758.71875,2758.9453125,2759.3359375,2759.7578125,2760.15625,2761.0703125,2761.53125,2761.7734375,2761.9921875,2762.203125,2762.40625,2762.65625,2762.8984375,2763.1328125,2763.359375,2763.5859375,2763.8046875,2764.03125,2764.25,2764.4140625,2764.5859375,2764.7578125,2764.9296875,2765.1015625,2765.28125,2765.4609375,2765.6484375,2765.8203125,2765.9921875,2766.1796875,2766.375,2766.7578125,2767.5,2767.8046875,2768.125,2768.421875,2768.59375,2768.7578125,2768.921875,2769.078125,2769.234375,2769.390625,2769.546875,2769.703125,2769.859375,2770.0078125,2770.1640625,2770.3203125,2770.4765625,2770.640625,2770.8046875,2770.9765625,2771.265625,2771.578125,2771.875,2772.5859375,2772.9453125,2773.296875,2773.6171875,2773.78125,2773.9453125,2774.1015625,2774.2578125,2774.4140625,2774.5625,2774.71875,2774.8671875,2775.0078125,2775.1484375,2775.2890625,2775.4296875,2775.5703125,2775.71875,2776.015625,2776.28125,2776.5703125,2776.8515625,2777.5078125,2777.8515625,2778.03125,2778.1953125,2778.3515625,2778.5,2778.671875,2778.84375,2779.0078125,2779.1640625,2779.3203125,2779.4765625,2779.6328125,2779.78125,2779.890625,2780.0,2780.109375,2780.2109375,2780.3203125,2780.421875,2780.53125,2780.640625,2780.75,2780.859375,2780.96875,2781.078125,2781.1875,2781.3046875,2781.4140625,2781.53125,2781.71875,2781.9140625,2782.1171875,2782.3359375,2782.5234375,2782.734375,2783.4296875,2783.6875,2783.9375,2784.1640625,2784.3984375,2784.625,2784.8359375,2785.046875,2785.2578125,2785.4609375,2785.6640625,2785.859375,2786.0546875,2786.2578125,2786.453125,2786.65625,2786.7890625,2786.921875,2787.0546875,2787.1953125,2787.3359375,2787.4765625,2787.625,2787.7734375,2788.046875,2788.3515625,2788.65625,2789.5234375,2789.796875,2790.0390625,2790.3203125,2790.59375,2790.859375,2791.1171875,2791.3828125,2791.6484375,2791.921875,2792.2109375,2792.4609375,2792.734375,2793.0,2793.6328125,2793.9609375,2794.1328125,2794.2890625,2794.4375,2794.5859375,2794.7578125,2794.921875,2795.078125,2795.234375,2795.390625,2795.5390625,2795.6875,2795.8359375,2796.0078125,2796.1796875,2796.3515625,2796.53125,2796.703125,2796.8828125,2797.0625,2797.25,2797.40625,2797.5703125,2797.7421875,2797.921875,2798.2578125,2799.0546875,2799.2734375,2799.4765625,2799.6953125,2799.8984375,2800.09375,2800.28125,2800.390625,2800.5,2800.609375,2800.7109375,2800.8125,2800.9140625,2801.015625,2801.1171875,2801.21875,2801.3203125,2801.421875,2801.5234375,2801.625,2801.7265625,2801.828125,2801.921875,2802.0703125,2802.2265625,2802.3828125,2802.5390625,2802.6953125,2802.859375,2803.0234375,2803.1953125,2803.3671875,2803.546875,2803.734375,2803.9375,2804.1328125,2804.34375,2805.171875,2805.359375,2805.53125,2805.7265625,2805.90625,2806.078125,2806.25,2806.453125,2806.65625,2806.8515625,2807.0390625,2807.234375,2807.421875,2807.609375,2807.796875,2807.9765625,2808.1640625,2808.3515625,2808.546875,2808.7421875,2808.9453125,2809.1484375,2809.359375,2809.53125,2809.7109375,2809.8984375,2810.1015625,2810.4765625,2811.15625,2811.4375,2811.71875,2811.9765625,2812.2578125,2812.5234375,2812.7890625,2813.046875,2813.296875,2813.5546875,2813.8125,2814.078125,2814.34375,2814.625,2814.9140625,2815.2265625,2815.5390625,2815.875,2816.2578125,2816.703125,2817.2734375,2817.796875,2818.2265625,2818.59375,2818.875,2819.1328125,2819.3828125,2819.6171875,2819.84375,2820.0703125,2820.2890625,2820.5,2820.6953125,2820.8828125,2821.078125,2821.265625,2821.453125,2821.6484375,2821.84375,2822.046875,2822.21875,2822.390625,2822.7578125,2823.109375,2823.9140625,2824.3125,2824.515625,2824.703125,2824.8828125,2825.0546875,2825.25,2825.4375,2825.625,2825.8046875,2825.984375,2826.15625,2826.3359375,2826.5078125,2826.6953125,2826.8828125,2827.0703125,2827.265625,2827.4609375,2827.65625,2827.859375,2828.0625,2828.234375,2828.40625,2828.59375,2828.7890625,2829.1484375,2830.0,2830.21875,2830.421875,2830.6328125,2830.828125,2831.015625,2831.203125,2831.3828125,2831.5625,2831.7421875,2831.9140625,2832.0859375,2832.2578125,2832.4296875,2832.59375,2832.78125,2832.9609375,2833.140625,2833.328125,2833.515625,2833.703125,2833.8984375,2834.1015625,2834.2890625,2834.484375,2834.6875,2834.8984375,2835.1015625,2835.328125,2836.203125,2836.578125,2836.7890625,2836.984375,2837.171875,2837.3515625,2837.5703125,2837.78125,2837.9921875,2838.203125,2838.4140625,2838.625,2838.8359375,2839.046875,2839.2265625,2839.4140625,2839.609375,2839.8046875,2840.0078125,2840.21875,2840.4453125,2840.6796875,2841.15625,2842.359375,2842.9921875,2843.625,2844.890625,2845.1796875,2845.4453125,2845.7734375,2846.078125,2846.375,2846.65625,2846.9375,2847.21875,2847.4921875,2847.765625,2848.0390625,2848.3203125,2848.6015625,2848.890625,2849.1328125,2849.390625,2849.65625,2849.9375,2850.1875,2850.46875,2851.5546875,2852.0546875,2852.59375,2853.125,2853.5703125,2854.0625,2855.7109375,2857.1640625,2857.609375,2857.984375,2858.3203125,2858.4765625,2858.6328125,2858.78125,2858.921875,2859.0625,2859.203125,2859.34375,2859.4765625,2859.609375,2859.734375,2859.875,2860.015625,2860.15625,2860.2890625,2860.4296875,2860.5625,2860.6953125,2860.828125,2860.9609375,2861.09375,2861.2265625,2861.359375,2861.4921875,2861.6328125,2861.765625,2861.90625,2862.015625,2862.1328125,2862.25,2862.3671875,2862.609375,2862.859375,2863.078125,2863.3203125,2863.5546875,2864.1015625,2864.3671875,2864.625,2864.859375,2864.9765625,2865.09375,2865.2109375,2865.3203125,2865.4296875,2865.53125,2865.640625,2865.7421875,2865.8515625,2865.953125,2866.0546875,2866.15625,2866.2578125,2866.3515625,2866.453125,2866.546875,2866.6484375,2866.7421875,2866.8359375,2866.9296875,2867.0234375,2867.125,2867.21875,2867.3125,2867.4140625,2867.515625,2867.6171875,2867.71875,2867.8203125,2867.921875,2868.0234375,2868.125,2868.2265625,2868.328125,2868.4296875,2868.5390625,2868.6484375,2868.7578125,2868.8671875,2868.9765625,2869.1640625,2869.3515625,2869.546875,2869.7578125,2869.9453125,2870.1484375,2870.84375,2871.1015625,2871.359375,2871.59375,2871.71875,2871.84375,2871.9609375,2872.078125,2872.1953125,2872.3046875,2872.421875,2872.53125,2872.6484375,2872.7578125,2872.875,2872.984375,2873.1015625,2873.2109375,2873.3203125,2873.4296875,2873.5390625,2873.6484375,2873.7578125,2873.8671875,2873.9765625,2874.0859375,2874.1953125,2874.3125,2874.3984375,2874.4921875,2874.578125,2874.671875,2874.765625,2874.859375,2874.953125,2875.046875,2875.140625,2875.2421875,2875.3359375,2875.4375,2875.5390625,2875.640625,2875.8515625,2876.0234375,2876.203125,2876.390625,2876.59375,2876.7734375,2876.96875,2877.65625,2877.9296875,2878.21875,2878.4765625,2878.7578125,2879.0234375,2879.28125,2879.40625,2879.5390625,2879.7890625,2880.0390625,2880.2890625,2880.5390625,2880.796875,2881.0625,2881.3359375,2881.6171875,2881.7890625,2881.9609375,2882.3359375,2882.75,2883.25,2884.640625,2886.1171875,2886.703125,2887.078125,2887.421875,2887.7578125,2888.078125,2888.453125,2888.8203125,2889.1953125,2889.5859375,2889.953125,2890.3515625,2891.96875,2892.359375,2892.7265625,2893.15625,2893.578125,2894.0078125,2894.46875,2895.28125,2896.421875,2897.3359375,2897.6796875,2897.984375,2898.2421875,2898.4765625,2898.703125,2898.9140625,2899.125,2899.3203125,2899.5078125,2899.6953125,2899.9921875,2900.140625,2900.28125,2900.421875,2900.5625,2900.703125,2900.84375,2900.984375,2901.1171875,2901.25,2901.390625,2901.53125,2901.6640625,2901.796875,2901.9375,2902.1953125,2902.4609375,2902.734375,2903.015625,2903.2734375,2903.5625,2903.84375,2904.5546875,2904.9375,2905.1484375,2905.34375,2905.53125,2905.7109375,2905.9296875,2906.140625,2906.34375,2906.546875,2906.75,2906.9453125,2907.140625,2907.3359375,2907.515625,2907.6953125,2907.875,2908.0625,2908.25,2908.4375,2908.625,2908.8203125,2909.0,2909.1875,2909.3828125,2909.5859375,2909.7734375,2909.984375,2910.7578125,2911.0703125,2911.3984375,2911.5546875,2911.703125,2911.8828125,2912.0546875,2912.21875,2912.3828125,2912.546875,2912.703125,2912.859375,2913.015625,2913.1875,2913.359375,2913.53125,2913.7109375,2913.890625,2914.0703125,2914.25,2914.4375,2914.625,2914.8203125,2915.0234375,2915.234375,2915.4375,2915.6640625,2916.515625,2916.8828125,2917.078125,2917.265625,2917.4453125,2917.6171875,2917.828125,2918.03125,2918.234375,2918.4296875,2918.625,2918.8203125,2919.0078125,2919.203125,2919.3515625,2919.5078125,2919.6640625,2919.8203125,2919.984375,2920.1484375,2920.3125,2920.484375,2920.640625,2920.8046875,2920.9765625,2921.1640625,2921.53125,2922.2421875,2922.546875,2922.859375,2923.1484375,2923.3203125,2923.484375,2923.6484375,2923.8046875,2923.9609375,2924.1171875,2924.2734375,2924.421875,2924.59375,2924.7578125,2924.9296875,2925.1015625,2925.2734375,2925.453125,2925.6328125,2925.8125,2925.984375,2926.1640625,2926.3515625,2926.5546875,2926.953125,2927.7421875,2928.078125,2928.4375,2928.7578125,2928.9453125,2929.1328125,2929.3125,2929.4921875,2929.671875,2929.84375,2930.0234375,2930.1953125,2930.3671875,2930.546875,2930.71875,2930.8984375,2931.078125,2931.2578125,2931.4453125,2931.640625,2931.96875,2932.3359375,2932.6796875,2933.5078125,2933.9375,2934.15625,2934.359375,2934.5546875,2934.75,2934.953125,2935.1484375,2935.34375,2935.53125,2935.71875,2935.90625,2936.09375,2936.2734375,2936.515625,2936.7578125,2937.0,2937.2421875,2937.484375,2937.734375,2937.984375,2938.234375,2938.5,2938.78125,2939.0703125,2939.375,2939.671875,2939.9921875,2940.3203125,2941.1875,2941.4453125,2941.6796875,2941.953125,2942.203125,2942.4453125,2942.671875,2942.953125,2943.2265625,2943.4921875,2943.75,2943.8828125,2944.0078125,2944.2578125,2944.3828125,2944.515625,2944.765625,2944.9375,2945.1171875,2945.296875,2945.4765625,2945.65625,2945.84375,2946.03125,2946.2265625,2946.4140625,2946.6015625,2946.8046875,2947.015625,2947.4296875,2948.234375,2948.5625,2948.9140625,2949.2265625,2949.4140625,2949.59375,2949.765625,2949.9375,2950.109375,2950.2734375,2950.4453125,2950.609375,2950.78125,2950.953125,2951.125,2951.3046875,2951.4765625,2951.65625,2951.8359375,2952.0234375,2952.1796875,2952.34375,2952.6875,2953.0234375,2953.8046875,2954.0078125,2954.1953125,2954.390625,2954.578125,2954.7578125,2954.9296875,2955.125,2955.3125,2955.4921875,2955.671875,2955.8515625,2956.0234375,2956.1953125,2956.3671875,2956.5546875,2956.7421875,2956.9296875,2957.125,2957.3203125,2957.515625,2957.71875,2957.921875,2958.09375,2958.2734375,2958.4609375,2958.65625,2958.828125,2959.0234375,2959.65625,2959.890625,2960.125,2960.3359375,2960.5625,2960.7734375,2960.9765625,2961.1796875,2961.2890625,2961.3984375,2961.5078125,2961.609375,2961.71875,2961.8203125,2961.921875,2962.0234375,2962.125,2962.2265625,2962.328125,2962.4296875,2962.53125,2962.6328125,2962.7265625,2962.828125,2962.9296875,2963.0234375,2963.125,2963.2265625,2963.3203125,2963.421875,2963.5234375,2963.625,2963.7265625,2963.828125,2963.9296875,2964.0390625,2964.140625,2964.25,2964.359375,2964.46875,2964.65625,2964.8515625,2965.0625,2965.28125,2965.484375,2965.703125,2966.5,2966.8359375,2967.015625,2967.1875,2967.3515625,2967.5078125,2967.6953125,2967.875,2968.0546875,2968.2265625,2968.3984375,2968.5703125,2968.7421875,2968.9140625,2969.0703125,2969.2265625,2969.3828125,2969.546875,2969.7109375,2969.875,2970.046875,2970.21875,2970.375,2970.5390625,2970.7109375,2970.8984375,2971.265625,2971.984375,2972.2890625,2972.609375,2972.8984375,2973.0703125,2973.234375,2973.3984375,2973.5625,2973.71875,2973.875,2974.03125,2974.1875,2974.3359375,2974.4921875,2974.6484375,2974.8046875,2974.9609375,2975.125,2975.2890625,2975.4609375,2975.75,2976.0625,2976.3671875,2977.078125,2977.4453125,2977.796875,2977.9609375,2978.1171875,2978.28125,2978.4375,2978.59375,2978.7421875,2978.890625,2979.0390625,2979.1875,2979.328125,2979.5390625,2979.7421875,2979.953125,2980.1640625,2980.375,2980.59375,2980.8125,2981.03125,2981.2421875,2981.4609375,2981.6953125,2981.9375,2982.171875,2982.4296875,2983.4140625,2983.8359375,2984.0625,2984.28125,2984.484375,2984.6875,2984.9296875,2985.1640625,2985.390625,2985.6171875,2985.84375,2986.0625,2986.28125,2986.5,2986.71875,2986.9453125,2987.171875,2987.3984375,2987.6328125,2987.8671875,2988.109375,2988.3515625,2988.5546875,2988.7734375,2989.0,2989.2421875,2989.6875,2990.7578125,2991.0390625,2991.296875,2991.5703125,2991.828125,2992.078125,2992.3125,2992.5625,2992.8125,2993.0546875,2993.2890625,2993.5234375,2993.7578125,2993.9921875,2994.21875,2994.4296875,2994.640625,2994.8515625,2995.0703125,2995.2890625,2995.5078125,2995.734375,2995.9609375,2996.15625,2996.3515625,2996.5625,2996.78125,2997.1875,2998.1171875,2998.359375,2998.578125,2998.8046875,2999.015625,2999.2265625,2999.421875,2999.625,2999.8203125,3000.015625,3000.203125,3000.390625,3000.578125,3000.765625,3000.9453125,3001.140625,3001.3359375,3001.53125,3001.734375,3001.9296875,3002.1328125,3002.34375,3002.5546875,3002.734375,3002.9140625,3003.109375,3003.3125,3003.4921875,3003.6875,3004.5703125,3004.796875,3005.0078125,3005.21875,3005.421875,3005.6171875,3005.8046875,3005.9921875,3006.1796875,3006.359375,3006.5390625,3006.71875,3006.890625,3007.0625,3007.234375,3007.359375,3007.484375,3007.6171875,3007.7421875,3007.8671875,3007.9921875,3008.1171875,3008.25,3008.375,3008.5078125,3008.640625,3008.7734375,3008.90625,3009.0390625,3009.1796875,3009.3203125,3009.4296875,3009.546875,3009.78125,3010.0234375,3010.2890625,3010.5234375,3010.78125,3011.6875,3012.0625,3012.2578125,3012.4375,3012.6171875,3012.7890625,3012.984375,3013.171875,3013.359375,3013.546875,3013.7265625,3013.90625,3014.0859375,3014.265625,3014.453125,3014.640625,3014.828125,3015.015625,3015.203125,3015.3984375,3015.5859375,3015.78125,3015.9765625,3016.1796875,3016.3828125,3016.5859375,3016.7890625,3017.0,3017.2109375,3017.421875,3017.6484375,3017.875,3018.1015625,3018.3203125,3018.546875,3018.765625,3018.984375,3019.1953125,3019.40625,3019.6171875,3019.828125,3020.03125,3020.234375,3020.4375,3020.640625,3020.84375,3021.0234375,3021.2109375,3021.390625,3021.578125,3021.765625,3021.9609375,3022.15625,3022.3515625,3022.5234375,3022.703125,3022.890625,3023.0859375,3023.453125,3024.359375,3024.609375,3024.8359375,3025.09375,3025.328125,3025.5546875,3025.7734375,3025.9140625,3026.046875,3026.1796875,3026.3046875,3026.4296875,3026.5546875,3026.6796875,3026.8046875,3026.9296875,3027.0546875,3027.171875,3027.296875,3027.421875,3027.5390625,3027.65625,3027.78125,3027.9375,3028.09375,3028.25,3028.4140625,3028.578125,3028.7421875,3028.9140625,3029.0859375,3029.2578125,3029.4375,3029.625,3029.828125,3030.0234375,3030.2421875,3031.0703125,3031.421875,3031.6171875,3031.796875,3031.96875,3032.140625,3032.34375,3032.5390625,3032.734375,3032.921875,3033.109375,3033.296875,3033.484375,3033.6640625,3033.859375,3034.0546875,3034.25,3034.4453125,3034.6484375,3034.8515625,3035.0625,3035.28125,3035.4609375,3035.640625,3035.8359375,3036.046875,3036.4296875,3037.3984375,3037.6796875,3037.9296875,3038.203125,3038.4609375,3038.7109375,3038.9609375,3039.203125,3039.4375,3039.671875,3039.9140625,3040.15625,3040.40625,3040.6640625,3040.9296875,3041.171875,3041.4296875,3041.703125,3042.0078125,3042.4765625,3043.796875,3045.1171875,3045.609375,3046.03125,3046.421875,3046.7890625,3047.140625,3047.4921875,3047.84375,3048.2109375,3048.5234375,3048.859375,3049.90625,3050.2578125,3050.59375,3050.8984375,3051.1953125,3051.484375,3051.765625,3052.046875,3052.3046875,3052.5703125,3052.8359375,3053.1171875,3053.359375,3053.625,3054.7421875,3055.015625,3055.265625,3055.53125,3055.7734375,3056.015625,3056.2421875,3056.375,3056.5078125,3056.640625,3056.7734375,3056.90625,3057.03125,3057.15625,3057.28125,3057.40625,3057.53125,3057.65625,3057.7890625,3057.9140625,3058.046875,3058.171875,3058.3046875,3058.5234375,3058.7421875,3058.9765625,3059.21875,3059.4296875,3059.6640625,3060.421875,3060.6875,3060.9453125,3061.1796875,3061.421875,3061.6484375,3061.8671875,3062.078125,3062.1875,3062.2890625,3062.4921875,3062.59375,3062.6953125,3062.796875,3062.8984375,3063.0,3063.1015625,3063.203125,3063.296875,3063.3984375,3063.4921875,3063.5859375,3063.6875,3063.8359375,3063.9921875,3064.140625,3064.296875,3064.453125,3064.609375,3064.7734375,3064.9375,3065.1015625,3065.2734375,3065.4453125,3065.6328125,3065.8125,3066.0078125,3066.75,3067.0703125,3067.2421875,3067.40625,3067.5625,3067.7109375,3067.890625,3068.0703125,3068.2421875,3068.40625,3068.5703125,3068.734375,3068.8984375,3069.0625,3069.2578125,3069.453125,3069.6484375,3069.8515625,3070.0546875,3070.2578125,3070.46875,3070.6875,3070.8671875,3071.0546875,3071.25,3071.453125,3071.828125,3072.7421875,3072.9921875,3073.21875,3073.453125,3073.671875,3073.8828125,3074.09375,3074.2890625,3074.484375,3074.671875,3074.859375,3075.046875,3075.234375,3075.421875,3075.6171875,3075.8125,3076.0078125,3076.203125,3076.40625,3076.609375,3076.8203125,3077.0390625,3077.265625,3077.4453125,3077.640625,3078.0546875,3078.4609375,3079.609375,3079.9765625,3080.3125,3080.6953125,3081.0625,3081.4296875,3081.796875,3082.171875,3082.546875,3082.9296875,3083.3203125,3083.7109375,3084.09375,3084.4765625,3084.84375,3085.1484375,3085.453125,3085.75,3086.046875,3086.3359375,3086.6171875,3086.90625,3087.1953125,3087.453125,3087.7109375,3087.9765625,3088.2578125,3088.7734375,3089.6796875,3090.0234375,3090.3671875,3090.6796875,3091.0390625,3091.3828125,3091.7109375,3092.03125,3092.1953125,3092.3671875,3092.5390625,3092.7109375,3092.8828125,3093.0546875,3093.234375,3093.4140625,3093.7265625,3094.0625,3094.3828125,3095.125,3095.5,3095.859375,3096.1875,3096.359375,3096.5234375,3096.6875,3096.84375,3097.0,3097.15625,3097.3125,3097.46875,3097.625,3097.7890625,3097.953125,3098.1171875,3098.28125,3098.453125,3098.625,3098.796875,3099.09375,3099.4140625,3099.7265625,3100.4453125,3100.8046875,3100.984375,3101.1484375,3101.3125,3101.46875,3101.6328125,3101.7890625,3101.9453125,3102.09375,3102.2421875,3102.390625,3102.5390625,3102.6796875,3102.8515625,3103.0234375,3103.1953125,3103.3671875,3103.5390625,3103.71875,3103.8984375,3104.0859375,3104.2421875,3104.3984375,3104.5625,3104.7421875,3105.0703125,3105.8125,3106.0,3106.171875,3106.34375,3106.5078125,3106.6640625,3106.8125,3106.9609375,3107.1015625,3107.2421875,3107.375,3107.5078125,3107.640625,3107.7734375,3107.90625,3108.0234375,3108.140625,3108.2578125,3108.3671875,3108.484375,3108.59375,3108.703125,3108.8203125,3108.9296875,3109.046875,3109.15625,3109.2734375,3109.390625,3109.5078125,3109.625,3109.7421875,3109.8515625,3109.96875,3110.078125,3110.1953125,3110.3125,3110.4296875,3110.5546875,3110.6796875,3110.9140625,3111.171875,3111.4375,3112.140625,3112.3515625,3112.546875,3112.765625,3112.96875,3113.1640625,3113.359375,3113.4765625,3113.5859375,3113.703125,3113.8125,3113.921875,3114.03125,3114.140625,3114.25,3114.359375,3114.46875,3114.5703125,3114.6796875,3114.7890625,3114.8984375,3115.0078125,3115.1171875,3115.265625,3115.4140625,3115.5625,3115.71875,3115.875,3116.03125,3116.1953125,3116.3671875,3116.5234375,3116.6796875,3116.84375,3117.015625,3117.3671875,3118.0625,3118.359375,3118.671875,3118.9609375,3119.125,3119.2890625,3119.453125,3119.609375,3119.765625,3119.921875,3120.078125,3120.234375,3120.375,3120.515625,3120.65625,3120.8046875,3120.953125,3121.1015625,3121.25,3121.40625,3121.7109375,3122.0390625,3122.3828125,3123.0546875,3123.34375,3123.6484375,3123.921875,3124.2421875,3124.3984375,3124.546875,3124.6953125,3124.84375,3124.984375,3125.1328125,3125.28125,3125.4375,3125.59375,3125.75,3125.90625,3126.0703125,3126.234375,3126.3984375,3126.7109375,3127.0546875,3127.3984375,3128.3515625,3128.6484375,3128.9140625,3129.2265625,3129.5234375,3129.8125,3130.1015625,3130.390625,3130.6796875,3130.9765625,3131.2890625,3131.5546875,3131.8515625,3132.765625,3133.078125,3133.375,3133.6484375,3133.90625,3134.1484375,3134.3828125,3134.609375,3134.8125,3135.015625,3135.2109375,3135.4140625,3135.609375,3135.8125,3136.015625,3136.21875,3136.4296875,3136.640625,3136.8671875,3137.1015625,3137.328125,3137.5703125,3138.484375,3138.8671875,3139.078125,3139.2734375,3139.4609375,3139.640625,3139.859375,3140.0703125,3140.28125,3140.484375,3140.6875,3140.890625,3141.09375,3141.2890625,3141.484375,3141.6796875,3141.875,3142.078125,3142.28125,3142.4921875,3142.7109375,3142.9296875,3143.1171875,3143.3046875,3143.5078125,3143.71875,3144.1171875,3145.15625,3145.453125,3145.7265625,3146.03125,3146.3203125,3146.59375,3146.8671875,3147.1640625,3147.3125,3147.4609375,3147.609375,3147.7578125,3147.90625,3148.0546875,3148.203125,3148.3515625,3148.5,3148.6484375,3148.9453125,3149.25,3149.5078125,3149.7734375,3150.046875,3150.3203125,3150.6015625,3150.8984375,3151.203125,3151.515625,3151.78125,3152.0625,3152.3515625,3152.6640625,3153.2421875,3154.546875,3154.8828125,3155.1796875,3155.4921875,3155.78125,3156.0546875,3156.3203125,3156.6015625,3156.8671875,3157.1328125,3157.390625,3157.6484375,3157.8984375,3158.1484375,3158.390625,3158.640625,3158.8828125,3159.125,3159.375,3159.625,3159.8828125,3160.140625,3160.40625,3160.625,3160.859375,3161.1015625,3161.3515625,3161.8203125,3162.96875,3163.28125,3163.5703125,3163.875,3164.171875,3164.4609375,3164.734375,3165.03125,3165.3203125,3165.609375,3165.890625,3166.1796875,3166.4609375,3166.7421875,3167.03125,3167.1875,3167.34375,3167.5,3167.65625,3167.8125,3167.9765625,3168.140625,3168.3046875,3168.46875,3168.640625,3168.9765625,3169.3203125,3169.6796875,3169.8828125,3170.0859375,3170.2890625,3170.5,3170.7109375,3170.921875,3171.140625,3171.3671875,3171.78125,3172.234375,3172.671875,3173.6875,3173.9609375,3174.203125,3174.4765625,3174.734375,3174.9765625,3175.2109375,3175.359375,3175.5078125,3175.6484375,3175.7890625,3175.921875,3176.0546875,3176.1875,3176.3203125,3176.453125,3176.578125,3176.703125,3176.828125,3176.953125,3177.078125,3177.203125,3177.3203125,3177.4375,3177.5546875,3177.671875,3177.78125,3177.890625,3178.0078125,3178.125,3178.2421875,3178.359375,3178.46875,3178.5859375,3178.703125,3178.8203125,3178.9375,3179.0546875,3179.171875,3179.2890625,3179.4140625,3179.53125,3179.65625,3179.78125,3179.9140625,3180.1796875,3180.4375,3180.71875,3181.0078125,3181.765625,3181.9921875,3182.203125,3182.4375,3182.6640625,3182.875,3183.0859375,3183.2109375,3183.3359375,3183.4609375,3183.578125,3183.703125,3183.8203125,3183.9375,3184.0546875,3184.171875,3184.2890625,3184.40625,3184.5234375,3184.640625,3184.7578125,3184.875,3184.9921875,3185.1328125,3185.2734375,3185.4140625,3185.5625,3185.7109375,3185.859375,3186.0078125,3186.1640625,3186.328125,3186.4921875,3186.6640625,3186.8515625,3187.03125,3187.234375,3188.0078125,3188.3359375,3188.515625,3188.6875,3188.84375,3189.0,3189.1875,3189.375,3189.5546875,3189.7265625,3189.8984375,3190.0703125,3190.2421875,3190.4140625,3190.578125,3190.75,3190.921875,3191.09375,3191.265625,3191.4453125,3191.6328125,3191.8203125,3191.9765625,3192.140625,3192.3125,3192.4921875,3192.828125,3193.6328125,3193.8515625,3194.0546875,3194.265625,3194.46875,3194.65625,3194.84375,3195.0390625,3195.234375,3195.421875,3195.609375,3195.796875,3195.9765625,3196.15625,3196.34375,3196.4921875,3196.6484375,3196.796875,3196.953125,3197.109375,3197.2734375,3197.4375,3197.609375,3197.8984375,3198.21875,3198.5234375,3199.2578125,3199.640625,3199.8359375,3200.0234375,3200.1953125,3200.3671875,3200.546875,3200.71875,3200.890625,3201.0625,3201.234375,3201.3984375,3201.5703125,3201.734375,3201.90625,3202.078125,3202.25,3202.4296875,3202.609375,3202.7890625,3202.9765625,3203.1640625,3203.3203125,3203.484375,3203.65625,3203.84375,3204.1875,3205.0078125,3205.234375,3205.4375,3205.65625,3205.859375,3206.0546875,3206.25,3206.453125,3206.6484375,3206.84375,3207.0390625,3207.234375,3207.421875,3207.609375,3207.8046875,3207.9453125,3208.09375,3208.234375,3208.3828125,3208.53125,3208.6796875,3208.8359375,3208.9921875,3209.1484375,3209.3125,3209.65625,3210.015625,3210.7421875,3211.0546875,3211.3828125,3211.6875,3211.8671875,3212.0390625,3212.2109375,3212.375,3212.5390625,3212.703125,3212.8671875,3213.0234375,3213.1875,3213.34375,3213.5078125,3213.671875,3213.8359375,3214.0078125,3214.1796875,3214.3515625,3214.65625,3214.984375,3215.3046875,3216.0546875,3216.4453125,3216.640625,3216.828125,3217.0,3217.171875,3217.3515625,3217.5234375,3217.6953125,3217.8671875,3218.0390625,3218.203125,3218.3671875,3218.5390625,3218.6875,3218.8359375,3218.984375,3219.140625,3219.296875,3219.453125,3219.609375,3219.7734375,3220.0625,3220.375,3220.671875,3221.390625,3221.7578125,3221.953125,3222.1328125,3222.3046875,3222.46875,3222.65625,3222.84375,3223.0234375,3223.1953125,3223.3671875,3223.5390625,3223.7109375,3223.875,3223.9921875,3224.109375,3224.2265625,3224.34375,3224.4609375,3224.578125,3224.6953125,3224.8125,3224.9296875,3225.046875,3225.1640625,3225.28125,3225.3984375,3225.5234375,3225.640625,3225.765625,3225.8828125,3226.0078125,3226.1328125,3226.2578125,3226.3828125,3226.515625,3226.6484375,3226.7890625,3227.046875,3227.3359375,3227.625,3228.4140625,3228.6484375,3228.8671875,3229.109375,3229.34375,3229.5625,3229.78125,3229.9140625,3230.0390625,3230.1640625,3230.2890625,3230.4140625,3230.5390625,3230.6640625,3230.78125,3230.90625,3231.0234375,3231.1484375,3231.265625,3231.3828125,3231.5,3231.6171875,3231.7421875,3231.8515625,3231.9609375,3232.0703125,3232.1875,3232.296875,3232.4140625,3232.5234375,3232.640625,3232.7578125,3232.875,3232.9921875,3233.109375,3233.2265625,3233.3515625,3233.4765625,3233.6015625,3233.8125,3234.03125,3234.2578125,3234.5078125,3234.7265625,3234.9765625,3235.9296875,3236.34375,3236.5703125,3236.78125,3236.984375,3237.1796875,3237.4140625,3237.640625,3237.8671875,3238.0859375,3238.3125,3238.5390625,3238.765625,3239.0,3239.2265625,3239.453125,3239.6875,3239.9375,3240.1953125,3240.4609375,3240.75,3241.0625,3241.8828125,3243.75,3244.34375,3244.734375,3245.0859375,3245.4140625,3245.71875,3246.09375,3246.4453125,3246.7890625,3247.125,3247.4609375,3247.7890625,3248.125,3248.4609375,3248.7421875,3249.03125,3249.328125,3249.6484375,3249.9296875,3250.234375,3251.3125,3251.7421875,3252.1875,3252.6015625,3252.8359375,3253.0625,3253.2890625,3253.5078125,3253.7265625,3253.953125,3254.171875,3254.3984375,3254.703125,3255.0234375,3255.3515625,3255.703125,3256.0,3256.328125,3257.4765625,3257.9453125,3258.421875,3258.8828125,3259.2578125,3259.65625,3261.171875,3261.484375,3261.7734375,3262.1328125,3262.4609375,3262.78125,3263.0859375,3263.28125,3263.4765625,3263.671875,3263.859375,3264.046875,3264.234375,3264.421875,3264.6015625,3264.78125,3264.96875,3265.15625,3265.34375,3265.53125,3265.71875,3265.90625,3266.1015625,3266.4140625,3266.7421875,3267.078125,3267.4375,3267.75,3268.09375,3269.25,3269.6875,3270.1171875,3270.515625,3270.7265625,3270.9296875,3271.125,3271.3203125,3271.515625,3271.703125,3271.890625,3272.0703125,3272.2578125,3272.4375,3272.6171875,3272.796875,3272.9765625,3273.15625,3273.3359375,3273.515625,3273.6953125,3273.875,3274.0546875,3274.2421875,3274.421875,3274.609375,3274.796875,3274.984375,3275.21875,3275.4609375,3275.7109375,3275.9609375,3276.21875,3276.4921875,3276.7734375,3277.0703125,3277.3828125,3277.7265625,3279.3359375,3279.7578125,3280.1640625,3280.5625,3280.984375,3282.5546875,3282.890625,3283.1953125,3283.5703125,3283.921875,3284.2578125,3284.578125,3284.8359375,3285.0859375,3285.3359375,3285.5859375,3285.828125,3286.078125,3286.328125,3286.5859375,3286.8046875,3287.0234375,3287.2578125,3287.5,3287.9453125,3288.984375,3289.2578125,3289.5078125,3289.7734375,3290.0234375,3290.265625,3290.4921875,3290.6328125,3290.765625,3290.8984375,3291.03125,3291.1640625,3291.2890625,3291.421875,3291.546875,3291.671875,3291.796875,3291.921875,3292.046875,3292.171875,3292.296875,3292.421875,3292.546875,3292.734375,3292.921875,3293.109375,3293.3046875,3293.5,3293.6953125,3293.8984375,3294.109375,3294.2890625,3294.4765625,3294.671875,3294.875,3295.265625,3296.0078125,3296.3046875,3296.6171875,3296.90625,3297.2265625,3297.3828125,3297.5390625,3297.6953125,3297.84375,3297.9921875,3298.140625,3298.421875,3298.7109375,3299.0078125,3299.3203125,3299.5859375,3299.8828125,3300.1640625,3300.84375,3301.1953125,3301.546875,3301.859375,3302.03125,3302.203125,3302.3671875,3302.53125,3302.6875,3302.84375,3303.0,3303.15625,3303.328125,3303.5078125,3303.6875,3303.8671875,3304.046875,3304.2265625,3304.4140625,3304.6015625,3304.765625,3304.9296875,3305.1015625,3305.2890625,3305.625,3306.4375,3306.65625,3306.8515625,3307.0625,3307.265625,3307.453125,3307.640625,3307.8515625,3308.0546875,3308.25,3308.4453125,3308.640625,3308.828125,3309.0234375,3309.2109375,3309.3828125,3309.5625,3309.7421875,3309.921875,3310.1015625,3310.2890625,3310.4765625,3310.6640625,3310.84375,3311.03125,3311.2265625,3311.4296875,3311.625,3311.8359375,3312.6328125,3312.96875,3313.1484375,3313.3203125,3313.484375,3313.640625,3313.828125,3314.015625,3314.1953125,3314.3671875,3314.5390625,3314.7109375,3314.8828125,3315.0546875,3315.21875,3315.390625,3315.5625,3315.734375,3315.90625,3316.0859375,3316.265625,3316.453125,3316.609375,3316.765625,3316.9375,3317.1171875,3317.453125,3318.2578125,3318.4765625,3318.671875,3318.8828125,3319.078125,3319.265625,3319.453125,3319.6484375,3319.8359375,3320.0234375,3320.2109375,3320.3984375,3320.578125,3320.7578125,3320.9375,3321.0859375,3321.2421875,3321.3984375,3321.5546875,3321.7109375,3321.875,3322.0390625,3322.2109375,3322.5,3322.8203125,3323.125,3323.875,3324.078125,3324.2578125,3324.4609375,3324.6484375,3324.828125,3325.0,3325.1875,3325.375,3325.5546875,3325.734375,3325.9140625,3326.0859375,3326.2578125,3326.4296875,3326.625,3326.828125,3327.03125,3327.234375,3327.4375,3327.6484375,3327.8671875,3328.0859375,3328.265625,3328.4609375,3328.65625,3328.8671875,3329.2578125,3329.9609375,3330.2265625,3330.5,3330.7421875,3331.0078125,3331.2578125,3331.5,3331.734375,3331.9765625,3332.21875,3332.34375,3332.4609375,3332.6953125,3332.9296875,3333.046875,3333.171875,3333.4140625,3333.5390625,3333.6640625,3333.8515625,3334.0390625,3334.234375,3334.4296875,3334.6328125,3334.84375,3335.0546875,3335.28125,3335.65625,3336.0703125,3336.484375,3337.7265625,3338.125,3338.4921875,3338.90625,3339.3125,3339.7109375,3340.09375,3340.5,3340.8984375,3341.28125,3341.46875,3341.65625,3341.8359375,3342.015625,3342.1953125,3342.3671875,3342.5390625,3342.7109375,3342.875,3343.0390625,3343.1953125,3343.34375,3343.4921875,3343.640625,3343.7890625,3343.9375,3344.0859375,3344.2265625,3344.375,3344.515625,3344.65625,3344.8046875,3344.9453125,3345.09375,3345.234375,3345.3828125,3345.5234375,3345.671875,3345.8125,3345.9609375,3346.109375,3346.265625,3346.578125,3346.8671875,3347.1875,3347.5,3348.296875,3348.53125,3348.734375,3348.96875,3349.1953125,3349.40625,3349.609375,3349.859375,3350.09375,3350.2109375,3350.328125,3350.4453125,3350.5546875,3350.671875,3350.78125,3350.890625,3351.0,3351.109375,3351.21875,3351.328125,3351.4375,3351.5625,3351.6953125,3351.828125,3351.9609375,3352.09375,3352.21875,3352.3515625,3352.484375,3352.6171875,3352.7578125,3352.890625,3353.03125,3353.171875,3353.3125,3353.453125,3353.6015625,3353.828125,3354.0703125,3354.3203125,3354.59375,3354.8359375,3355.1015625,3356.046875,3356.4453125,3356.65625,3356.8515625,3357.046875,3357.234375,3357.4453125,3357.6484375,3357.8515625,3358.0546875,3358.2578125,3358.4609375,3358.6640625,3358.8671875,3359.0703125,3359.2734375,3359.4765625,3359.6875,3359.8984375,3360.1171875,3360.3359375,3360.5625,3360.796875,3361.0390625,3361.28125,3361.5234375,3361.765625,3362.0078125,3362.25,3362.484375,3362.703125,3362.921875,3363.1328125,3363.3359375,3363.5390625,3363.734375,3363.9296875,3364.1171875,3364.3046875,3364.484375,3364.6640625,3364.84375,3365.0234375,3365.203125,3365.3828125,3365.5546875,3365.7109375,3365.875,3366.03125,3366.1953125,3366.359375,3366.5234375,3366.6953125,3366.8671875,3367.171875,3367.5078125,3367.8359375,3368.6171875,3368.8359375,3369.0390625,3369.2578125,3369.46875,3369.6640625,3369.8515625,3370.078125,3370.3046875,3370.5234375,3370.734375,3370.9453125,3371.15625,3371.3671875,3371.5703125,3371.7265625,3371.8828125,3372.0390625,3372.203125,3372.359375,3372.5234375,3372.6875,3372.859375,3373.03125,3373.203125,3373.3828125,3373.5703125,3373.75,3373.953125,3374.6953125,3375.0078125,3375.34375,3375.4921875,3375.640625,3375.8203125,3375.9921875,3376.1640625,3376.328125,3376.4921875,3376.6484375,3376.8125,3376.96875,3377.125,3377.2890625,3377.453125,3377.6171875,3377.78125,3377.953125,3378.125,3378.3046875,3378.453125,3378.609375,3378.765625,3378.9375,3379.25,3379.984375,3380.1796875,3380.359375,3380.546875,3380.7265625,3380.8984375,3381.0625,3381.234375,3381.3984375,3381.5625,3381.7265625,3381.890625,3382.046875,3382.2109375,3382.3671875,3382.5078125,3382.65625,3382.8046875,3382.953125,3383.1015625,3383.2578125,3383.4140625,3383.5703125,3383.703125,3383.84375,3383.9921875,3384.1484375,3384.4375,3385.1328125,3385.3203125,3385.4921875,3385.6796875,3385.8515625,3386.015625,3386.1796875,3386.3671875,3386.546875,3386.71875,3386.890625,3387.0625,3387.2265625,3387.390625,3387.5546875,3387.6484375,3387.7421875,3387.8359375,3387.9296875,3388.0234375,3388.1171875,3388.2109375,3388.3125,3388.40625,3388.5,3388.59375,3388.6953125,3388.796875,3388.8984375,3389.0,3389.1015625,3389.2734375,3389.4453125,3389.6328125,3389.828125,3390.0,3390.1875,3390.796875,3391.0234375,3391.2421875,3391.4375,3391.640625,3391.8359375,3392.0234375,3392.203125,3392.296875,3392.3828125,3392.46875,3392.5546875,3392.640625,3392.7265625,3392.8125,3392.8984375,3392.984375,3393.0703125,3393.15625,3393.234375,3393.3203125,3393.3984375,3393.4765625,3393.5625,3393.6484375,3393.734375,3393.8203125,3393.9140625,3394.0078125,3394.09375,3394.1796875,3394.2734375,3394.359375,3394.453125,3394.546875,3394.640625,3394.734375,3394.828125,3394.921875,3395.0234375,3395.1875,3395.3515625,3395.5234375,3395.7109375,3395.875,3396.0546875,3396.6484375,3396.8671875,3397.078125,3397.2734375,3397.4765625,3397.671875,3397.8515625,3398.03125,3398.203125,3398.2890625,3398.375,3398.4609375,3398.546875,3398.6328125,3398.7109375,3398.7890625,3398.875,3398.953125,3399.0390625,3399.125,3399.203125,3399.2890625,3399.3671875,3399.5234375,3399.671875,3399.8203125,3399.9765625,3400.1328125,3400.2890625,3400.453125,3400.6171875,3400.7890625,3400.9609375,3401.1484375,3401.34375,3401.5390625,3401.75,3401.96875,3402.5625,3402.75,3402.9140625,3403.1015625,3403.28125,3403.453125,3403.6171875,3403.71875,3403.8203125,3403.921875,3404.015625,3404.109375,3404.203125,3404.296875,3404.390625,3404.484375,3404.578125,3404.671875,3404.7578125,3404.8515625,3404.9375,3405.03125,3405.125,3405.2734375,3405.421875,3405.5703125,3405.71875,3405.875,3406.03125,3406.1875,3406.3515625,3406.515625,3406.6875,3406.859375,3407.046875,3407.2265625,3407.4296875,3408.1953125,3408.5234375,3408.703125,3408.8671875,3409.03125,3409.1875,3409.375,3409.5625,3409.7421875,3409.9140625,3410.0859375,3410.2578125,3410.4296875,3410.6015625,3410.7734375,3410.9453125,3411.1171875,3411.296875,3411.4765625,3411.65625,3411.84375,3412.0390625,3412.2109375,3412.3828125,3412.5625,3412.7578125,3412.9375,3413.1328125,3413.8671875,3414.1796875,3414.5078125,3414.65625,3414.8046875,3414.9765625,3415.1484375,3415.3203125,3415.484375,3415.6484375,3415.8125,3415.9765625,3416.140625,3416.2734375,3416.4140625,3416.5546875,3416.6953125,3416.8359375,3416.984375,3417.1328125,3417.2890625,3417.5625,3417.8671875,3418.171875,3419.0078125,3419.265625,3419.5,3419.7734375,3420.03125,3420.28125,3420.53125,3420.7734375,3421.0234375,3421.28125,3421.546875,3421.78125,3422.03125,3422.859375,3423.15625,3423.453125,3423.71875,3424.0078125,3424.28125,3424.546875,3424.8125,3424.9765625,3425.1328125,3425.2890625,3425.453125,3425.609375,3425.7734375,3425.9375,3426.109375,3426.2734375,3426.4453125,3426.6171875,3426.8046875,3427.171875,3427.8828125,3428.171875,3428.4765625,3428.7578125,3428.921875,3429.0859375,3429.2421875,3429.390625,3429.5390625,3429.6875,3429.8359375,3429.984375,3430.140625,3430.2890625,3430.4375,3430.59375,3430.75,3430.90625,3431.0703125,3431.234375,3431.515625,3431.828125,3432.125,3432.8203125,3433.171875,3433.3515625,3433.515625,3433.6796875,3433.8359375,3434.0078125,3434.171875,3434.3359375,3434.4921875,3434.6484375,3434.8046875,3434.9609375,3435.109375,3435.265625,3435.4296875,3435.59375,3435.7578125,3435.921875,3436.09375,3436.265625,3436.4375,3436.5859375,3436.7421875,3436.8984375,3437.0703125,3437.3828125,3438.1328125,3438.3359375,3438.515625,3438.71875,3438.90625,3439.0859375,3439.2578125,3439.453125,3439.640625,3439.828125,3440.0078125,3440.1875,3440.359375,3440.5390625,3440.7109375,3440.8046875,3440.8984375,3441.0,3441.09375,3441.1875,3441.28125,3441.375,3441.4765625,3441.5703125,3441.671875,3441.765625,3441.8671875,3441.96875,3442.0703125,3442.171875,3442.28125,3442.453125,3442.6328125,3442.8203125,3443.015625,3443.1875,3443.3828125,3444.03125,3444.2734375,3444.515625,3444.7421875,3444.9765625,3445.1953125,3445.40625,3445.515625,3445.6171875,3445.7265625,3445.8359375,3445.9453125,3446.046875,3446.1484375,3446.2578125,3446.359375,3446.4609375,3446.5625,3446.6640625,3446.765625,3446.875,3446.9765625,3447.078125,3447.1796875,3447.2890625,3447.4375,3447.5859375,3447.734375,3447.890625,3448.046875,3448.2109375,3448.375,3448.546875,3448.6875,3448.8359375,3449.15625,3449.4609375,3450.21875,3450.4296875,3450.6171875,3450.8203125,3451.0078125,3451.1875,3451.3671875,3451.5390625,3451.7109375,3451.8828125,3452.046875,3452.2109375,3452.375,3452.5390625,3452.7109375,3452.859375,3453.015625,3453.171875,3453.3359375,3453.5,3453.6640625,3453.8359375,3454.015625,3454.328125,3454.671875,3455.03125,3455.7890625,3456.1328125,3456.4921875,3456.828125,3457.21875,3457.609375,3458.0,3458.40625,3458.703125,3459.0234375,3459.359375,3459.734375,3460.1953125,3460.6875,3461.1484375,3461.5546875,3461.8515625,3462.125,3462.375,3462.609375,3462.8359375,3463.0546875,3463.265625,3463.46875,3463.71875,3463.96875,3464.2109375,3464.453125,3464.6953125,3464.9296875,3465.1640625,3465.40625,3465.609375,3465.8203125,3466.03125,3466.2578125,3466.671875,3467.578125,3467.796875,3468.0,3468.1953125,3468.3828125,3468.5625,3468.734375,3468.90625,3469.0703125,3469.234375,3469.3984375,3469.5546875,3469.7109375,3469.8671875,3470.015625,3470.1171875,3470.21875,3470.3125,3470.4140625,3470.515625,3470.609375,3470.7109375,3470.8125,3470.9140625,3471.015625,3471.1171875,3471.21875,3471.3203125,3471.4296875,3471.640625,3471.8203125,3472.0,3472.1875,3472.390625,3472.5625,3472.7578125,3473.390625,3473.6171875,3473.8359375,3474.0390625,3474.2421875,3474.4375,3474.625,3474.8046875,3474.984375,3475.1640625,3475.3359375,3475.5078125,3475.59375,3475.6796875,3475.84375,3475.9296875,3476.015625,3476.1796875,3476.28125,3476.375,3476.46875,3476.5703125,3476.6640625,3476.765625,3476.8671875,3476.96875,3477.0703125,3477.171875,3477.2734375,3477.375,3477.4765625,3477.5859375,3477.6875,3477.796875,3477.9765625,3478.1640625,3478.359375,3478.5625,3478.7421875,3478.9453125,3479.609375,3479.8671875,3480.1171875,3480.34375,3480.46875,3480.5859375,3480.703125,3480.8203125,3480.9296875,3481.0390625,3481.1484375,3481.2578125,3481.375,3481.484375,3481.6015625,3481.7109375,3481.8203125,3481.9296875,3482.0390625,3482.1484375,3482.2578125,3482.3671875,3482.4765625,3482.5859375,3482.6953125,3482.8046875,3482.9140625,3483.03125,3483.1953125,3483.359375,3483.5234375,3483.6953125,3483.8671875,3484.046875,3484.234375,3484.421875,3484.5859375,3484.75,3484.921875,3485.109375,3485.46875,3486.171875,3486.4765625,3486.796875,3487.0859375,3487.2578125,3487.421875,3487.5859375,3487.7421875,3487.8984375,3488.0625,3488.2265625,3488.390625,3488.6328125,3488.8828125,3489.1484375,3489.421875,3489.6640625,3489.9296875,3490.8828125,3491.28125,3491.6953125,3492.09375,3492.4765625,3492.8828125,3493.2578125,3494.1171875,3494.5390625,3494.7578125,3494.96875,3495.1640625,3495.359375,3495.5,3495.6328125,3495.765625,3495.8984375,3496.03125,3496.15625,3496.2890625,3496.4140625,3496.546875,3496.671875,3496.796875,3496.921875,3497.046875,3497.171875,3497.296875,3497.4296875,3497.65625,3497.890625,3498.1328125,3498.390625,3498.625,3498.875,3499.125,3499.75,3500.09375,3500.28125,3500.453125,3500.6171875,3500.7734375,3500.9609375,3501.1484375,3501.328125,3501.5,3501.671875,3501.84375,3502.015625,3502.1875,3502.359375,3502.53125,3502.703125,3502.8828125,3503.0625,3503.2421875,3503.4296875,3503.6171875,3503.7734375,3503.9375,3504.109375,3504.2890625,3504.625,3505.3984375,3505.59375,3505.7734375,3505.9609375,3506.1328125,3506.296875,3506.4609375,3506.6171875,3506.7734375,3506.9296875,3507.078125,3507.2265625,3507.375,3507.5234375,3507.6640625,3507.7734375,3507.8828125,3507.984375,3508.09375,3508.1953125,3508.3046875,3508.4140625,3508.515625,3508.6171875,3508.7265625,3508.8359375,3508.9453125,3509.0546875,3509.1640625,3509.2734375,3509.3828125,3509.4921875,3509.609375,3509.71875,3509.8359375,3509.953125,3510.078125,3510.203125,3510.328125,3510.453125,3510.578125,3510.8515625,3511.1328125,3511.6796875,3511.90625,3512.140625,3512.359375,3512.609375,3512.7265625,3512.84375,3512.953125,3513.0625,3513.171875,3513.28125,3513.4140625,3513.5390625,3513.671875,3513.796875,3513.9296875,3514.0546875,3514.1796875,3514.3046875,3514.4296875,3514.5546875,3514.6796875,3514.8046875,3514.9296875,3515.0546875,3515.1796875,3515.3125,3515.484375,3515.6640625,3515.84375,3516.03125,3516.21875,3516.4140625,3516.609375,3516.8203125,3516.9921875,3517.1640625,3517.3515625,3517.546875,3517.9140625,3518.625,3518.9296875,3519.2421875,3519.5234375,3519.84375,3520.1484375,3520.453125,3520.7578125,3521.0,3521.25,3521.515625,3521.7890625,3522.0234375,3522.2890625,3523.15625,3523.4765625,3523.796875,3524.09375,3524.3984375,3524.6953125,3524.984375,3525.265625,3525.6015625,3525.9375,3526.28125,3526.6328125,3526.96875,3527.3359375,3527.6953125,3528.640625,3528.921875,3529.1796875,3529.46875,3529.7421875,3530.0078125,3530.2578125,3530.4140625,3530.5703125,3530.7265625,3530.875,3531.0234375,3531.171875,3531.3203125,3531.46875,3531.6171875,3531.765625,3531.9140625,3532.0625,3532.2109375,3532.359375,3532.5078125,3532.6640625,3532.828125,3532.9921875,3533.15625,3533.328125,3533.5,3533.671875,3533.8515625,3534.0390625,3534.3828125,3534.765625,3535.15625,3536.25,3536.59375,3536.90625,3537.2734375,3537.6171875,3537.953125,3538.2890625,3538.6171875,3538.953125,3539.296875,3539.65625,3539.96875,3540.3046875,3541.3984375,3541.796875,3542.1875,3542.5390625,3542.9140625,3543.09375,3543.2734375,3543.453125,3543.625,3543.796875,3543.96875,3544.140625,3544.3203125,3544.5,3544.6796875,3544.859375,3545.046875,3545.234375,3545.4296875,3545.7578125,3546.125,3546.4765625,3547.328125,3547.78125,3548.015625,3548.234375,3548.4453125,3548.65625,3548.890625,3549.125,3549.3515625,3549.578125,3549.796875,3550.0234375,3550.25,3550.4765625,3550.7578125,3551.046875,3551.34375,3551.6640625,3551.9375,3552.2421875,3553.328125,3553.78125,3554.25,3554.6953125,3555.125,3555.5703125,3556.0,3556.9921875,3557.2578125,3557.5,3557.7734375,3558.03125,3558.2734375,3558.515625,3558.84375,3559.0078125,3559.171875,3559.5,3559.8359375,3560.1328125,3560.453125,3560.7578125,3561.453125,3561.8046875,3561.984375,3562.15625,3562.3203125,3562.4765625,3562.6640625,3562.84375,3563.015625,3563.1875,3563.3515625,3563.515625,3563.6796875,3563.8359375,3563.953125,3564.0625,3564.1796875,3564.2890625,3564.3984375,3564.515625,3564.625,3564.734375,3564.8515625,3564.9609375,3565.0703125,3565.1875,3565.296875,3565.4140625,3565.53125,3565.6484375,3565.84375,3566.046875,3566.2578125,3566.4765625,3566.671875,3566.8828125,3567.5625,3567.8046875,3568.0390625,3568.2578125,3568.4765625,3568.5859375,3568.6875,3568.7890625,3568.8828125,3568.984375,3569.078125,3569.1796875,3569.2734375,3569.3671875,3569.4609375,3569.5546875,3569.6484375,3569.7421875,3569.828125,3569.9140625,3570.0078125,3570.1015625,3570.1875,3570.28125,3570.3671875,3570.453125,3570.546875,3570.6328125,3570.71875,3570.8046875,3570.8984375,3570.984375,3571.078125,3571.1640625,3571.2578125,3571.3515625,3571.4375,3571.5234375,3571.6171875,3571.7109375,3571.8046875,3571.8984375,3572.0,3572.171875,3572.34375,3572.53125,3572.7265625,3572.90625,3573.109375,3573.828125,3574.1171875,3574.2734375,3574.421875,3574.5625,3574.703125,3574.859375,3575.015625,3575.171875,3575.3203125,3575.46875,3575.609375,3575.7578125,3575.8984375,3575.984375,3576.078125,3576.1640625,3576.25,3576.3359375,3576.421875,3576.515625,3576.6015625,3576.6875,3576.7734375,3576.8671875,3576.953125,3577.0390625,3577.1328125,3577.2265625,3577.3203125,3577.5,3577.6796875,3577.8671875,3578.0703125,3578.2578125,3578.4609375,3578.671875,3579.2265625,3579.390625,3579.5390625,3579.7109375,3579.8671875,3580.015625,3580.1640625,3580.34375,3580.515625,3580.6875,3580.8515625,3581.015625,3581.171875,3581.3359375,3581.4921875,3581.6484375,3581.8125,3581.9765625,3582.140625,3582.3046875,3582.4765625,3582.6484375,3582.828125,3582.9765625,3583.125,3583.28125,3583.453125,3583.6015625,3583.765625,3584.296875,3584.4921875,3584.6796875,3584.8515625,3585.03125,3585.1953125,3585.3515625,3585.5078125,3585.6640625,3585.8125,3585.9609375,3586.109375,3586.25,3586.390625,3586.53125,3586.671875,3586.765625,3586.859375,3586.953125,3587.046875,3587.140625,3587.234375,3587.328125,3587.421875,3587.515625,3587.609375,3587.703125,3587.8046875,3587.8984375,3588.0,3588.09375,3588.1953125,3588.2890625,3588.3828125,3588.4765625,3588.5703125,3588.6640625,3588.765625,3588.8671875,3588.9765625,3589.171875,3589.390625,3589.6015625,3590.171875,3590.34375,3590.4921875,3590.6640625,3590.828125,3590.984375,3591.1328125,3591.2265625,3591.3125,3591.3984375,3591.484375,3591.5703125,3591.65625,3591.7421875,3591.8203125,3591.90625,3591.984375,3592.0703125,3592.1484375,3592.2265625,3592.3125,3592.390625,3592.46875,3592.5625,3592.65625,3592.7421875,3592.8359375,3592.9296875,3593.015625,3593.109375,3593.203125,3593.296875,3593.390625,3593.484375,3593.578125,3593.671875,3593.7734375,3593.8671875,3593.96875,3594.0625,3594.15625,3594.25,3594.3515625,3594.453125,3594.5546875,3594.65625,3594.765625,3594.96875,3595.1875,3595.40625,3596.0,3596.1796875,3596.3359375,3596.5234375,3596.6953125,3596.859375,3597.0234375,3597.125,3597.21875,3597.3125,3597.40625,3597.5,3597.59375,3597.6875,3597.7734375,3597.8671875,3597.953125,3598.0390625,3598.125,3598.2109375,3598.3046875,3598.390625,3598.4765625,3598.5625,3598.6484375,3598.734375,3598.8203125,3598.90625,3598.9921875,3599.078125,3599.171875,3599.2578125,3599.3515625,3599.4375,3599.53125,3599.625,3599.71875,3599.8125,3599.9140625,3600.0703125,3600.234375,3600.40625,3600.59375,3600.7578125,3600.9375,3601.53125,3601.75,3601.96875,3602.171875,3602.28125,3602.3828125,3602.484375,3602.578125,3602.671875,3602.765625,3602.859375,3602.953125,3603.046875,3603.140625,3603.234375,3603.3203125,3603.40625,3603.5,3603.5859375,3603.671875,3603.7578125,3603.8515625,3603.9375,3604.0234375,3604.109375,3604.1953125,3604.2890625,3604.375,3604.5234375,3604.671875,3604.8203125,3604.9765625,3605.1328125,3605.2890625,3605.453125,3605.6171875,3605.78125,3605.9453125,3606.1171875,3606.296875,3606.46875,3606.6640625,3607.3984375,3607.7109375,3607.8828125,3608.0390625,3608.1953125,3608.34375,3608.515625,3608.6875,3608.859375,3609.0234375,3609.1875,3609.3515625,3609.515625,3609.671875,3609.8359375,3610.0,3610.1640625,3610.3359375,3610.5078125,3610.6796875,3610.8515625,3611.03125,3611.203125,3611.3828125,3611.5703125,3611.765625,3611.953125,3612.1640625,3612.96875,3613.1484375,3613.3125,3613.5,3613.671875,3613.8359375,3614.0,3614.1953125,3614.3828125,3614.5703125,3614.75,3614.9296875,3615.109375,3615.2890625,3615.46875,3615.640625,3615.8125,3615.984375,3616.1640625,3616.34375,3616.5234375,3616.7109375,3616.8984375,3617.0703125,3617.25,3617.4375,3617.6328125,3617.8125,3618.015625,3618.7890625,3619.1171875,3619.296875,3619.4609375,3619.625,3619.78125,3619.96875,3620.1484375,3620.328125,3620.5,3620.671875,3620.84375,3621.015625,3621.1875,3621.3828125,3621.578125,3621.7734375,3621.9765625,3622.1796875,3622.390625,3622.609375,3622.828125,3623.046875,3623.28125,3623.53125,3623.796875,3624.078125,3624.3984375,3625.265625,3626.171875,3626.7890625,3627.0546875,3627.3046875,3627.5390625,3627.7578125,3627.984375,3628.203125,3628.4140625,3628.6171875,3628.8203125,3629.015625,3629.2109375,3629.40625,3629.5859375,3629.765625,3629.9453125,3630.125,3630.3046875,3630.4921875,3630.6796875,3630.8671875,3631.203125,3631.5703125,3631.921875,3632.8046875,3633.0546875,3633.2734375,3633.5234375,3633.7578125,3633.984375,3634.203125,3634.4609375,3634.71875,3634.96875,3635.2109375,3635.453125,3635.578125,3635.703125,3635.953125,3636.203125,3636.46875,3636.609375,3636.75,3637.0390625,3637.34375,3637.6015625,3637.890625,3638.828125,3639.171875,3639.5,3639.8046875,3640.0859375,3640.3515625,3640.6171875,3640.875,3641.0234375,3641.1796875,3641.3359375,3641.4921875,3641.6484375,3641.8125,3642.1484375,3642.4375,3642.7578125,3643.0625,3643.8125,3644.1953125,3644.390625,3644.578125,3644.7578125,3644.9296875,3645.125,3645.3203125,3645.5078125,3645.6875,3645.8671875,3646.046875,3646.2265625,3646.40625,3646.6015625,3646.796875,3646.9921875,3647.1953125,3647.390625,3647.59375,3647.8046875,3648.015625,3648.1953125,3648.3828125,3648.578125,3648.78125,3649.1640625,3650.09375,3650.3515625,3650.5859375,3650.8359375,3651.078125,3651.3125,3651.53125,3651.65625,3651.78125,3651.90625,3652.03125,3652.15625,3652.2734375,3652.3984375,3652.515625,3652.6328125,3652.75,3652.8671875,3652.984375,3653.1015625,3653.21875,3653.3359375,3653.453125,3653.5625,3653.671875,3653.7890625,3653.8984375,3654.0078125,3654.125,3654.2421875,3654.3515625,3654.578125,3654.8125,3655.0546875,3655.3046875,3655.5078125,3655.7265625,3655.953125,3656.1953125,3656.40625,3656.640625,3657.4296875,3657.734375,3658.0390625,3658.3203125,3658.6171875,3658.8984375,3659.171875,3659.3046875,3659.4375,3659.578125,3659.7109375,3659.8515625,3659.984375,3660.125,3660.2578125,3660.390625,3660.5234375,3660.65625,3660.7890625,3660.921875,3661.0546875,3661.1875,3661.3203125,3661.4609375,3661.59375,3661.8046875,3662.015625,3662.234375,3662.453125,3662.6796875,3662.90625,3663.140625,3663.390625,3663.59375,3663.8046875,3664.0234375,3664.2578125,3664.6875,3665.734375,3666.0234375,3666.28125,3666.5546875,3666.8125,3667.0546875,3667.296875,3667.5234375,3667.75,3667.9765625,3668.1953125,3668.4140625,3668.6328125,3668.8515625,3669.0625,3669.28125,3669.5,3669.71875,3669.9375,3670.1640625,3670.390625,3670.625,3670.859375,3671.0859375,3671.3125,3671.5546875,3671.8046875,3672.3046875,3673.265625,3673.6640625,3674.078125,3674.453125,3674.671875,3674.890625,3675.1015625,3675.3046875,3675.5078125,3675.703125,3675.8984375,3676.09375,3676.3359375,3676.5703125,3676.8046875,3677.0390625,3677.2734375,3677.515625,3677.7578125,3678.0078125,3678.2421875,3678.4765625,3678.7265625,3678.9921875,3679.234375,3679.5078125,3680.484375,3680.8828125,3681.1015625,3681.3046875,3681.5,3681.6796875,3681.8984375,3682.1171875,3682.328125,3682.53125,3682.734375,3682.9296875,3683.1328125,3683.328125,3683.53125,3683.734375,3683.9375,3684.1484375,3684.3515625,3684.5625,3684.78125,3685.0,3685.1875,3685.375,3685.578125,3685.7890625,3686.1796875,3687.09375,3687.328125,3687.546875,3687.7734375,3687.984375,3688.1875,3688.390625,3688.6015625,3688.8125,3689.015625,3689.2109375,3689.40625,3689.6015625,3689.796875,3689.984375,3690.109375,3690.234375,3690.359375,3690.484375,3690.609375,3690.734375,3690.859375,3690.9921875,3691.125,3691.25,3691.375,3691.5078125,3691.640625,3691.7734375,3691.90625,3692.046875,3692.2734375,3692.5078125,3692.75,3693.0078125,3693.234375,3693.484375,3694.3359375,3694.6640625,3694.9921875,3695.2890625,3695.453125,3695.609375,3695.765625,3695.9140625,3696.0625,3696.203125,3696.3515625,3696.4921875,3696.640625,3696.7890625,3696.9375,3697.0859375,3697.234375,3697.3828125,3697.53125,3697.6796875,3697.828125,3697.9765625,3698.125,3698.2734375,3698.421875,3698.578125,3698.7265625,3698.8828125,3699.0625,3699.2421875,3699.4296875,3699.6171875,3699.8125,3700.015625,3700.2265625,3700.4453125,3700.8046875,3701.2109375,3701.609375,3702.765625,3703.140625,3703.484375,3703.875,3704.25,3704.625,3704.9921875,3705.3828125,3705.78125,3706.1875,3706.59375,3707.0078125,3707.4140625,3707.8203125,3708.21875,3708.6015625,3708.984375,3709.359375,3709.7265625,3710.0859375,3710.4453125,3710.8046875,3711.1640625,3711.4609375,3711.765625,3712.0859375,3712.4140625,3713.015625,3714.3125,3714.6171875,3714.8984375,3715.171875,3715.4375,3715.6875,3715.921875,3716.171875,3716.4140625,3716.65625,3716.890625,3717.1171875,3717.34375,3717.5703125,3717.796875,3718.046875,3718.3046875,3718.5625,3718.8203125,3719.078125,3719.34375,3719.6171875,3719.890625,3720.1171875,3720.359375,3720.609375,3720.8671875,3721.3515625,3722.46875,3722.7578125,3723.015625,3723.28125,3723.5390625,3723.78125,3724.015625,3724.25,3724.484375,3724.7109375,3724.9296875,3725.1484375,3725.3671875,3725.578125,3725.7890625,3725.921875,3726.046875,3726.171875,3726.3046875,3726.4375,3726.5625,3726.6953125,3726.828125,3726.953125,3727.0859375,3727.21875,3727.3515625,3727.484375,3727.625,3727.7578125,3727.8984375,3728.140625,3728.3984375,3728.6640625,3728.9375,3729.1953125,3729.4765625,3730.484375,3730.890625,3731.109375,3731.3203125,3731.515625,3731.703125,3731.9296875,3732.1484375,3732.359375,3732.5703125,3732.78125,3732.984375,3733.1875,3733.390625,3733.5859375,3733.78125,3733.9765625,3734.1796875,3734.3828125,3734.5859375,3734.796875,3735.0078125,3735.203125,3735.3984375,3735.6015625,3735.8203125,3736.2421875,3737.0546875,3737.390625,3737.7421875,3738.0625,3738.25,3738.4296875,3738.609375,3738.78125,3738.953125,3739.125,3739.2890625,3739.4609375,3739.625,3739.7890625,3739.953125,3740.125,3740.296875,3740.46875,3740.6484375,3740.8359375,3741.1484375,3741.484375,3741.8046875,3742.5625,3742.9296875,3743.28125,3743.6015625,3743.7578125,3743.90625,3744.0546875,3744.1953125,3744.3359375,3744.4765625,3744.6171875,3744.75,3744.984375,3745.2109375,3745.4375,3745.6640625,3745.890625,3746.125,3746.359375,3746.59375,3746.828125,3747.078125,3747.3359375,3747.6015625,3747.8671875,3748.1640625,3748.46875,3749.3359375,3749.609375,3749.859375,3750.1484375,3750.421875,3750.6796875,3750.9375,3751.25,3751.5546875,3751.859375,3752.1640625,3752.46875,3752.78125,3753.09375,3753.4140625,3753.625,3753.84375,3754.0703125,3754.296875,3754.5234375,3754.7578125,3754.9921875,3755.234375,3755.4765625,3755.7265625,3755.9765625,3756.2265625,3756.4765625,3756.71875,3756.96875,3757.2109375,3757.4296875,3757.640625,3757.8515625,3758.0703125,3758.28125,3758.5,3758.71875,3758.9453125,3759.3359375,3759.7578125,3760.15625,3761.0703125,3761.53125,3761.765625,3761.9921875,3762.203125,3762.40625,3762.65625,3762.8984375,3763.1328125,3763.359375,3763.5859375,3763.8125,3764.0390625,3764.2578125,3764.421875,3764.59375,3764.765625,3764.9375,3765.109375,3765.2890625,3765.46875,3765.65625,3765.828125,3766.0,3766.1875,3766.3828125,3766.765625,3767.5,3767.8046875,3768.125,3768.421875,3768.59375,3768.7578125,3768.921875,3769.078125,3769.234375,3769.390625,3769.546875,3769.703125,3769.8515625,3770.0078125,3770.1640625,3770.3203125,3770.4765625,3770.640625,3770.8046875,3770.9765625,3771.265625,3771.578125,3771.875,3772.5859375,3772.9453125,3773.296875,3773.6171875,3773.78125,3773.9453125,3774.1015625,3774.2578125,3774.4140625,3774.5625,3774.71875,3774.8671875,3775.0078125,3775.1484375,3775.2890625,3775.4296875,3775.5703125,3775.71875,3776.015625,3776.28125,3776.5703125,3776.8515625,3777.5078125,3777.8515625,3778.03125,3778.1953125,3778.3515625,3778.5,3778.671875,3778.84375,3779.0078125,3779.1640625,3779.3203125,3779.4765625,3779.6328125,3779.78125,3779.890625,3780.0,3780.109375,3780.2109375,3780.3125,3780.421875,3780.53125,3780.640625,3780.75,3780.859375,3780.96875,3781.078125,3781.1875,3781.3046875,3781.4140625,3781.53125,3781.71875,3781.9140625,3782.1171875,3782.3359375,3782.5234375,3782.734375,3783.4296875,3783.6875,3783.9375,3784.1640625,3784.3984375,3784.625,3784.8359375,3785.046875,3785.2578125,3785.4609375,3785.6640625,3785.859375,3786.0625,3786.2578125,3786.453125,3786.65625,3786.7890625,3786.921875,3787.0546875,3787.1953125,3787.3359375,3787.4765625,3787.625,3787.7734375,3788.046875,3788.3515625,3788.65625,3789.5234375,3789.7890625,3790.0390625,3790.3203125,3790.59375,3790.859375,3791.1171875,3791.3828125,3791.6484375,3791.921875,3792.2109375,3792.4609375,3792.734375,3793.0,3793.6328125,3793.9609375,3794.1328125,3794.2890625,3794.4375,3794.5859375,3794.7578125,3794.921875,3795.078125,3795.234375,3795.390625,3795.5390625,3795.6875,3795.8359375,3796.0078125,3796.1796875,3796.3515625,3796.53125,3796.703125,3796.8828125,3797.0625,3797.25,3797.40625,3797.5703125,3797.7421875,3797.921875,3798.2578125,3799.0625,3799.28125,3799.4765625,3799.6953125,3799.8984375,3800.09375,3800.28125,3800.390625,3800.5,3800.609375,3800.7109375,3800.8125,3800.9140625,3801.015625,3801.1171875,3801.21875,3801.3203125,3801.421875,3801.5234375,3801.625,3801.7265625,3801.8203125,3801.921875,3802.0703125,3802.2265625,3802.3828125,3802.5390625,3802.6953125,3802.859375,3803.0234375,3803.1953125,3803.3671875,3803.546875,3803.734375,3803.9375,3804.1328125,3804.34375,3805.171875,3805.359375,3805.53125,3805.7265625,3805.90625,3806.078125,3806.25,3806.453125,3806.65625,3806.8515625,3807.0390625,3807.234375,3807.421875,3807.609375,3807.796875,3807.984375,3808.171875,3808.359375,3808.546875,3808.7421875,3808.9453125,3809.1484375,3809.359375,3809.53125,3809.7109375,3809.8984375,3810.1015625,3810.4765625,3811.1640625,3811.4375,3811.71875,3811.9765625,3812.2578125,3812.5234375,3812.7890625,3813.046875,3813.296875,3813.5546875,3813.8125,3814.078125,3814.34375,3814.625,3814.9140625,3815.2265625,3815.5390625,3815.875,3816.2578125,3816.703125,3817.2734375,3817.796875,3818.2265625,3818.59375,3818.875,3819.1328125,3819.3828125,3819.6171875,3819.84375,3820.0703125,3820.2890625,3820.5,3820.6953125,3820.8828125,3821.078125,3821.265625,3821.453125,3821.6484375,3821.84375,3822.046875,3822.21875,3822.390625,3822.7578125,3823.109375,3823.9140625,3824.3125,3824.515625,3824.703125,3824.8828125,3825.0546875,3825.25,3825.4375,3825.625,3825.8046875,3825.984375,3826.15625,3826.3359375,3826.5078125,3826.6953125,3826.8828125,3827.0703125,3827.265625,3827.4609375,3827.65625,3827.859375,3828.0625,3828.234375,3828.40625,3828.59375,3828.7890625,3829.1484375,3830.0,3830.21875,3830.421875,3830.6328125,3830.828125,3831.015625,3831.203125,3831.3828125,3831.5625,3831.7421875,3831.9140625,3832.0859375,3832.2578125,3832.421875,3832.59375,3832.7734375,3832.9609375,3833.140625,3833.328125,3833.515625,3833.703125,3833.8984375,3834.1015625,3834.2890625,3834.484375,3834.6875,3834.8984375,3835.1015625,3835.328125,3836.203125,3836.5859375,3836.796875,3836.9921875,3837.1796875,3837.359375,3837.578125,3837.796875,3838.0078125,3838.21875,3838.4296875,3838.640625,3838.8515625,3839.0625,3839.25,3839.4375,3839.6328125,3839.828125,3840.03125,3840.2421875,3840.46875,3840.7109375,3841.171875,3842.359375,3842.9921875,3843.625,3844.8984375,3845.1953125,3845.46875,3845.8125,3846.1328125,3846.4375,3846.734375,3847.0078125,3847.28125,3847.546875,3847.8125,3848.078125,3848.3515625,3848.625,3848.90625,3849.1484375,3849.3984375,3849.6640625,3849.9453125,3850.1953125,3850.46875,3851.5546875,3852.0546875,3852.59375,3853.1171875,3853.5625,3854.0546875,3855.71875,3857.15625,3857.6015625,3857.9765625,3858.3125,3858.46875,3858.625,3858.7734375,3858.921875,3859.0625,3859.203125,3859.34375,3859.4765625,3859.609375,3859.734375,3859.875,3860.015625,3860.15625,3860.2890625,3860.4296875,3860.5625,3860.6953125,3860.828125,3860.9609375,3861.09375,3861.2265625,3861.359375,3861.4921875,3861.625,3861.7578125,3861.8984375,3862.0078125,3862.125,3862.2421875,3862.359375,3862.4765625,3862.6015625,3862.859375,3863.078125,3863.3203125,3863.5546875,3864.09375,3864.3671875,3864.625,3864.859375,3864.9765625,3865.09375,3865.2109375,3865.3203125,3865.4296875,3865.53125,3865.640625,3865.7421875,3865.84375,3865.9453125,3866.046875,3866.1484375,3866.25,3866.3515625,3866.453125,3866.546875,3866.6484375,3866.7421875,3866.8359375,3866.9296875,3867.0234375,3867.1171875,3867.21875,3867.3125,3867.4140625,3867.515625,3867.6171875,3867.7109375,3867.8125,3867.9140625,3868.015625,3868.1171875,3868.21875,3868.328125,3868.4296875,3868.5390625,3868.6484375,3868.7578125,3868.8671875,3868.9765625,3869.1640625,3869.3515625,3869.546875,3869.7578125,3869.9453125,3870.1484375,3870.84375,3871.1015625,3871.359375,3871.59375,3871.71875,3871.84375,3871.9609375,3872.078125,3872.1953125,3872.3046875,3872.421875,3872.53125,3872.6484375,3872.7578125,3872.875,3872.984375,3873.1015625,3873.2109375,3873.3203125,3873.4296875,3873.5390625,3873.6484375,3873.7578125,3873.8671875,3873.9765625,3874.0859375,3874.1953125,3874.3125,3874.3984375,3874.4921875,3874.5859375,3874.671875,3874.765625,3874.859375,3874.953125,3875.046875,3875.140625,3875.2421875,3875.3359375,3875.4375,3875.5390625,3875.640625,3875.8515625,3876.0234375,3876.203125,3876.390625,3876.59375,3876.7734375,3876.96875,3877.65625,3877.9296875,3878.2109375,3878.46875,3878.75,3879.015625,3879.2734375,3879.3984375,3879.53125,3879.78125,3880.03125,3880.28125,3880.5390625,3880.796875,3881.0625,3881.3359375,3881.6171875,3881.7890625,3881.9609375,3882.3359375,3882.75,3883.25,3884.640625,3886.1171875,3886.703125,3887.078125,3887.421875,3887.7578125,3888.078125,3888.453125,3888.8203125,3889.1953125,3889.5859375,3889.9453125,3890.34375,3890.7578125,3891.96875,3892.359375,3892.7265625,3893.15625,3893.578125,3894.0078125,3894.46875,3895.28125,3896.421875,3897.3359375,3897.6796875,3897.984375,3898.2421875,3898.4765625,3898.703125,3898.9140625,3899.1171875,3899.3203125,3899.5078125,3899.6953125,3899.9921875,3900.140625,3900.28125,3900.421875,3900.5625,3900.703125,3900.84375,3900.984375,3901.1171875,3901.2578125,3901.390625,3901.5234375,3901.6640625,3901.796875,3901.9375,3902.1953125,3902.4609375,3902.734375,3903.015625,3903.2734375,3903.5625,3903.84375,3904.5546875,3904.9453125,3905.15625,3905.3515625,3905.5390625,3905.71875,3905.9375,3906.1484375,3906.3515625,3906.5546875,3906.75,3906.9453125,3907.140625,3907.3359375,3907.515625,3907.6953125,3907.875,3908.0625,3908.25,3908.4375,3908.625,3908.8203125,3909.0,3909.1875,3909.3828125,3909.5859375,3909.7734375,3909.984375,3910.75,3911.0703125,3911.3984375,3911.5546875,3911.703125,3911.8828125,3912.0546875,3912.21875,3912.3828125,3912.546875,3912.703125,3912.859375,3913.015625,3913.1875,3913.359375,3913.53125,3913.7109375,3913.890625,3914.0703125,3914.25,3914.4375,3914.625,3914.8125,3915.015625,3915.2265625,3915.4296875,3915.65625,3916.515625,3916.8828125,3917.078125,3917.265625,3917.4453125,3917.6171875,3917.828125,3918.03125,3918.234375,3918.4296875,3918.625,3918.8203125,3919.0078125,3919.203125,3919.359375,3919.515625,3919.671875,3919.828125,3919.9921875,3920.15625,3920.3203125,3920.4921875,3920.6484375,3920.8125,3920.984375,3921.171875,3921.53125,3922.2421875,3922.546875,3922.859375,3923.1484375,3923.3203125,3923.484375,3923.6484375,3923.8046875,3923.9609375,3924.1171875,3924.2734375,3924.421875,3924.5859375,3924.7578125,3924.9296875,3925.1015625,3925.2734375,3925.453125,3925.6328125,3925.8125,3925.984375,3926.1640625,3926.3515625,3926.5546875,3926.953125,3927.7421875,3928.078125,3928.4296875,3928.7578125,3928.9453125,3929.1328125,3929.3125,3929.4921875,3929.671875,3929.84375,3930.015625,3930.1953125,3930.3671875,3930.546875,3930.71875,3930.8984375,3931.078125,3931.2578125,3931.4453125,3931.640625,3931.96875,3932.3359375,3932.6796875,3933.5078125,3933.9375,3934.15625,3934.359375,3934.5546875,3934.75,3934.953125,3935.1484375,3935.34375,3935.53125,3935.71875,3935.90625,3936.09375,3936.2734375,3936.515625,3936.7578125,3937.0,3937.2421875,3937.484375,3937.734375,3937.984375,3938.234375,3938.5078125,3938.78125,3939.0703125,3939.375,3939.671875,3939.9921875,3940.3125,3941.1875,3941.4453125,3941.6796875,3941.953125,3942.203125,3942.4453125,3942.671875,3942.953125,3943.2265625,3943.4921875,3943.75,3943.8828125,3944.0078125,3944.2578125,3944.5078125,3944.640625,3944.765625,3944.9375,3945.1171875,3945.296875,3945.4765625,3945.65625,3945.84375,3946.03125,3946.2265625,3946.4140625,3946.6015625,3946.8046875,3947.015625,3947.4296875,3948.234375,3948.5625,3948.9140625,3949.2265625,3949.4140625,3949.59375,3949.765625,3949.9375,3950.109375,3950.2734375,3950.4453125,3950.609375,3950.78125,3950.953125,3951.125,3951.3046875,3951.4765625,3951.65625,3951.8359375,3952.0234375,3952.1796875,3952.34375,3952.6875,3953.015625,3953.8046875,3954.0078125,3954.1953125,3954.390625,3954.578125,3954.7578125,3954.9296875,3955.125,3955.3125,3955.4921875,3955.671875,3955.8515625,3956.0234375,3956.1953125,3956.3671875,3956.5546875,3956.75,3956.9375,3957.1328125,3957.328125,3957.5234375,3957.7265625,3957.9296875,3958.1015625,3958.28125,3958.46875,3958.6640625,3958.8359375,3959.0234375,3959.65625,3959.890625,3960.1171875,3960.328125,3960.5546875,3960.765625,3960.96875,3961.1640625,3961.2734375,3961.3828125,3961.4921875,3961.59375,3961.6953125,3961.796875,3961.8984375,3962.0,3962.1015625,3962.203125,3962.3046875,3962.3984375,3962.4921875,3962.59375,3962.6875,3962.7890625,3962.890625,3962.984375,3963.0859375,3963.1875,3963.2890625,3963.390625,3963.4921875,3963.59375,3963.6953125,3963.8046875,3963.90625,3964.015625,3964.125,3964.234375,3964.34375,3964.453125,3964.6484375,3964.84375,3965.0546875,3965.2734375,3965.4765625,3965.6953125,3966.5078125,3966.84375,3967.0234375,3967.1953125,3967.359375,3967.515625,3967.703125,3967.8828125,3968.0625,3968.234375,3968.40625,3968.578125,3968.75,3968.921875,3969.078125,3969.234375,3969.390625,3969.5546875,3969.71875,3969.8828125,3970.0546875,3970.2265625,3970.3828125,3970.546875,3970.71875,3970.90625,3971.265625,3971.984375,3972.2890625,3972.609375,3972.8984375,3973.0703125,3973.234375,3973.3984375,3973.5546875,3973.7109375,3973.8671875,3974.0234375,3974.1796875,3974.328125,3974.484375,3974.640625,3974.796875,3974.953125,3975.1171875,3975.28125,3975.453125,3975.7421875,3976.0625,3976.359375,3977.0859375,3977.4609375,3977.65625,3977.8359375,3978.0078125,3978.171875,3978.3515625,3978.5234375,3978.6953125,3978.859375,3979.0234375,3979.1875,3979.3515625,3979.5078125,3979.703125,3979.890625,3980.0859375,3980.28125,3980.4765625,3980.671875,3980.875,3981.078125,3981.2890625,3981.5,3981.7265625,3981.9609375,3982.1875,3982.4375,3983.4140625,3983.828125,3984.0546875,3984.2734375,3984.4765625,3984.6796875,3984.921875,3985.15625,3985.3828125,3985.609375,3985.8359375,3986.0546875,3986.2734375,3986.5,3986.71875,3986.9453125,3987.171875,3987.3984375,3987.625,3987.859375,3988.1015625,3988.3515625,3988.5546875,3988.7734375,3989.0,3989.2421875,3989.6875,3990.7578125,3991.0390625,3991.296875,3991.5703125,3991.828125,3992.078125,3992.3125,3992.5625,3992.8125,3993.0546875,3993.2890625,3993.5234375,3993.7578125,3993.9921875,3994.21875,3994.421875,3994.625,3994.828125,3995.0390625,3995.25,3995.4609375,3995.671875,3995.890625,3996.0859375,3996.2890625,3996.5,3996.71875,3996.921875,3997.1484375,3997.9140625,3998.21875,3998.5234375,3998.8046875,3998.96875,3999.125,3999.2734375,3999.421875,3999.5703125,3999.7109375,3999.8515625,3999.9921875,4000.0,4000.0078125,4250.0
0.0,0.0,0.012936,0.012961,0.012979,0.012991,0.012997,0.012997,0.012991,0.012979,0.012961,0.012937,0.012907,0.01287,0.012828,0.012779,0.012724,0.012664,0.012598,0.012521,0.012437,0.012348,0.012253,0.012153,0.01204,0.011922,0.011792,0.01154,0.011241,0.01093,0.010089,0.0098402,0.0096317,0.0094027,0.0092027,0.0090246,0.0088688,0.0087812,0.0087005,0.008627,0.0085648,0.0085094,0.0084611,0.00842,0.0083863,0.0083617,0.0083428,0.0083318,0.0083286,0.0083323,0.0083441,0.0083639,0.0083897,0.0084226,0.0084624,0.0085091,0.0085627,0.0086231,0.0086902,0.0087638,0.0088439,0.0089303,0.0090297,0.0091286,0.009241,0.0093598,0.0094847,0.0096155,0.0097611,0.01001,0.010284,0.010582,0.010914,0.011223,0.011573,0.012888,0.013418,0.013694,0.013953,0.014195,0.01442,0.01467,0.014911,0.015133,0.015346,0.015549,0.015735,0.015911,0.016085,0.016262,0.016428,0.016581,0.016728,0.016857,0.016979,0.017089,0.017188,0.017274,0.017352,0.017419,0.017476,0.017522,0.017556,0.01758,0.017593,0.017594,0.017584,0.017564,0.017533,0.017491,0.017437,0.017373,0.017299,0.017214,0.017121,0.017016,0.016901,0.016773,0.016634,0.016482,0.016325,0.01617,0.015999,0.015825,0.015633,0.015432,0.015221,0.014991,0.014752,0.014535,0.014302,0.014062,0.013796,0.013284,0.011996,0.01165,0.011344,0.011008,0.010717,0.010452,0.010212,0.010067,0.0099372,0.0098148,0.0097067,0.0096055,0.0095117,0.0094253,0.0093465,0.0092755,0.0092125,0.0091574,0.0091131,0.0090738,0.0090442,0.0090218,0.0090058,0.0089969,0.0090004,0.0090159,0.0090447,0.009086,0.0091391,0.0092068,0.009286,0.0093802,0.0094849,0.0096042,0.0097433,0.009885,0.010045,0.010699,0.010967,0.011108,0.011231,0.011342,0.011444,0.011554,0.011647,0.011728,0.011791,0.011842,0.011879,0.011901,0.01191,0.011904,0.011883,0.011848,0.011798,0.011732,0.011651,0.011554,0.01144,0.011336,0.011226,0.011098,0.010954,0.010677,0.0099546,0.0097536,0.0095826,0.009406,0.009251,0.0091125,0.0089864,0.0088765,0.0087818,0.0086984,0.008624,0.008561,0.0085072,0.0084627,0.0084274,0.0084033,0.008385,0.0083722,0.0083643,0.0083608,0.0083637,0.0083563,0.0083602,0.0083725,0.0083945,0.0084267,0.0084693,0.0085244,0.0085918,0.0086748,0.0087544,0.0088474,0.0091599,0.0092612,0.0093505,0.0094228,0.009483,0.0095306,0.0095653,0.009588,0.0095979,0.0095975,0.0095869,0.0095654,0.0095396,0.0095051,0.0093382,0.0093064,0.0092859,0.009276,0.0092797,0.0092979,0.0093295,0.0093552,0.0093865,0.0094237,0.0094668,0.0095131,0.0095684,0.0096263,0.0096899,0.0097594,0.0098347,0.0099158,0.010008,0.010101,0.010206,0.01031,0.010427,0.010632,0.010851,0.011101,0.011372,0.011618,0.011899,0.012831,0.013154,0.013457,0.013722,0.013981,0.014208,0.01441,0.014587,0.014671,0.014745,0.014878,0.014938,0.014992,0.015041,0.015085,0.015124,0.015157,0.015186,0.015207,0.015224,0.015236,0.015243,0.015246,0.01524,0.015222,0.015194,0.015153,0.0151,0.015038,0.014961,0.014874,0.014777,0.014672,0.014549,0.014411,0.014273,0.014117,0.013497,0.013246,0.013115,0.012994,0.012885,0.012787,0.012677,0.012581,0.012495,0.01242,0.012358,0.012307,0.012268,0.012239,0.012219,0.012216,0.012228,0.012257,0.012303,0.012364,0.012442,0.012539,0.012629,0.012732,0.012848,0.012976,0.013229,0.01387,0.014037,0.01418,0.014319,0.014438,0.014541,0.014633,0.014706,0.014768,0.014816,0.014853,0.014878,0.014891,0.014893,0.014883,0.014862,0.014828,0.014783,0.014725,0.014653,0.01457,0.014474,0.014364,0.014271,0.014164,0.013921,0.013669,0.012938,0.012714,0.012516,0.012302,0.012109,0.011928,0.01176,0.011601,0.011454,0.011316,0.011188,0.011072,0.01097,0.010881,0.010808,0.010756,0.010714,0.010683,0.010662,0.010651,0.01065,0.010658,0.010677,0.010702,0.010734,0.010775,0.010824,0.010931,0.011136,0.011211,0.011279,0.011331,0.011376,0.011402,0.011409,0.011397,0.011383,0.011363,0.011338,0.011308,0.011272,0.011231,0.011182,0.011129,0.011026,0.010902,0.010776,0.010471,0.010329,0.010205,0.010108,0.010066,0.010031,0.010002,0.0099798,0.0099641,0.0099546,0.0099515,0.0099548,0.0099648,0.0099823,0.010006,0.010037,0.010075,0.010122,0.010176,0.010236,0.010354,0.010499,0.010649,0.011005,0.011173,0.01125,0.011316,0.011377,0.011428,0.011476,0.011515,0.011546,0.011568,0.011583,0.011591,0.011591,0.011583,0.011564,0.011534,0.011493,0.011441,0.011379,0.011303,0.011217,0.011116,0.011024,0.010927,0.010818,0.010693,0.010453,0.0098909,0.0097542,0.0096336,0.0095191,0.0094167,0.0093263,0.009248,0.0091777,0.0091191,0.009069,0.00903,0.0089995,0.0089778,0.0089655,0.0089627,0.0089684,0.0089819,0.0090034,0.0090308,0.0090681,0.0091103,0.0091597,0.0092206,0.0092897,0.0093616,0.0094405,0.0095328,0.009633,0.0097408,0.0098561,0.0099786,0.010099,0.010235,0.010368,0.010516,0.010669,0.010829,0.011004,0.011184,0.011535,0.011937,0.012361,0.013499,0.013834,0.014136,0.014463,0.014755,0.015023,0.015276,0.01542,0.015549,0.015681,0.015799,0.015911,0.016017,0.016116,0.01621,0.016298,0.016379,0.016448,0.016517,0.01658,0.016636,0.016686,0.01673,0.01678,0.016819,0.016847,0.016866,0.016874,0.016872,0.016859,0.016836,0.016808,0.016772,0.016728,0.016672,0.016549,0.016281,0.016172,0.01607,0.015991,0.015954,0.015924,0.015901,0.015886,0.015878,0.015877,0.015884,0.015898,0.015917,0.015942,0.015973,0.016011,0.016056,0.016107,0.016163,0.016227,0.016368,0.016537,0.016727,0.017116,0.017279,0.017443,0.017579,0.017723,0.017785,0.01784,0.01789,0.017934,0.017973,0.018006,0.018035,0.018059,0.018078,0.018091,0.018099,0.018101,0.018097,0.018088,0.018059,0.018011,0.01795,0.017768,0.01772,0.017685,0.017657,0.017645,0.01765,0.01767,0.017707,0.01776,0.017831,0.017921,0.018008,0.018115,0.01847,0.018587,0.01869,0.018774,0.018841,0.018891,0.018928,0.01895,0.018958,0.018955,0.01894,0.018914,0.018878,0.018829,0.018768,0.018693,0.018608,0.018512,0.018403,0.018276,0.018145,0.017999,0.017421,0.017188,0.017066,0.01696,0.016865,0.016781,0.016688,0.01661,0.016544,0.016493,0.016455,0.016429,0.016416,0.016417,0.016429,0.016454,0.016491,0.016541,0.016603,0.016679,0.016771,0.016873,0.016969,0.017072,0.017189,0.017317,0.017572,0.018257,0.018444,0.018608,0.018779,0.018927,0.019054,0.019165,0.019268,0.019313,0.019352,0.019386,0.019416,0.01944,0.019459,0.019473,0.019482,0.019486,0.019486,0.01947,0.019434,0.01939,0.019331,0.019257,0.01917,0.019069,0.018949,0.018815,0.018666,0.018531,0.018381,0.018221,0.018041,0.017694,0.016893,0.016693,0.016521,0.016348,0.016196,0.016061,0.01594,0.015823,0.015725,0.01564,0.01557,0.015515,0.015474,0.015448,0.015437,0.01544,0.015457,0.015488,0.015534,0.015595,0.015671,0.015762,0.015869,0.015966,0.016079,0.016204,0.01634,0.016611,0.017299,0.017477,0.017634,0.017788,0.017926,0.018043,0.018145,0.018236,0.018307,0.01836,0.018393,0.018409,0.018406,0.018386,0.018347,0.018319,0.018285,0.018246,0.018203,0.018154,0.018098,0.018037,0.017971,0.017901,0.017821,0.017653,0.017461,0.017243,0.017111,0.016974,0.016832,0.016679,0.016521,0.016357,0.016183,0.015997,0.015646,0.015247,0.01485,0.013916,0.01367,0.013456,0.013222,0.013011,0.012822,0.01265,0.012547,0.01245,0.012363,0.012281,0.012209,0.012142,0.012081,0.012026,0.011978,0.011938,0.011903,0.011875,0.011853,0.011838,0.011829,0.011826,0.01183,0.011839,0.011855,0.011874,0.0119,0.011933,0.011972,0.012017,0.012068,0.012122,0.012185,0.012253,0.012328,0.012409,0.012495,0.012586,0.012683,0.012792,0.012899,0.013018,0.013143,0.01328,0.01357,0.013867,0.014205,0.014563,0.015516,0.015804,0.016046,0.016316,0.016564,0.016782,0.016985,0.017099,0.017206,0.017307,0.017396,0.017484,0.017561,0.017632,0.017696,0.017755,0.017806,0.017852,0.017891,0.017923,0.017949,0.017969,0.017982,0.017989,0.017988,0.017978,0.017958,0.01793,0.017892,0.017847,0.017791,0.017724,0.01765,0.017564,0.017463,0.017361,0.017239,0.016756,0.016559,0.016457,0.016365,0.016286,0.016214,0.016135,0.016067,0.016012,0.015969,0.015936,0.015914,0.015903,0.015903,0.015913,0.015935,0.015967,0.016009,0.016062,0.016127,0.016206,0.016295,0.016376,0.016467,0.016568,0.01668,0.016899,0.017442,0.017583,0.017709,0.017832,0.017941,0.018033,0.018115,0.01819,0.01825,0.018298,0.018333,0.018356,0.018366,0.018363,0.018348,0.018326,0.018295,0.018258,0.01821,0.018155,0.018089,0.018016,0.017931,0.017774,0.017583,0.017389,0.016907,0.01667,0.016556,0.016454,0.016368,0.016289,0.016214,0.016152,0.016099,0.016056,0.016022,0.016,0.015987,0.015985,0.015992,0.01601,0.016039,0.016079,0.016131,0.016192,0.016265,0.016349,0.016424,0.01651,0.016605,0.016714,0.016926,0.017447,0.017586,0.017704,0.017824,0.017926,0.018016,0.018096,0.018168,0.018226,0.018272,0.018306,0.018326,0.018334,0.01833,0.018312,0.018292,0.018264,0.01823,0.018188,0.01814,0.018086,0.018022,0.017952,0.017877,0.017793,0.017602,0.017386,0.01693,0.016739,0.016548,0.016385,0.016296,0.016218,0.016145,0.016082,0.016025,0.015975,0.015932,0.015897,0.015867,0.015844,0.015827,0.015817,0.015812,0.015814,0.015822,0.015835,0.015872,0.015925,0.015987,0.016143,0.016214,0.016243,0.016265,0.016281,0.01629,0.016294,0.016291,0.01628,0.016262,0.016237,0.016205,0.016165,0.016116,0.016067,0.016012,0.015952,0.015881,0.015805,0.015723,0.015635,0.015537,0.015353,0.01514,0.014928,0.014403,0.014146,0.014017,0.013904,0.013803,0.013714,0.013621,0.013539,0.013472,0.013419,0.013377,0.013348,0.013331,0.013328,0.013333,0.013345,0.013363,0.013387,0.013419,0.013457,0.013501,0.013552,0.01361,0.013675,0.013746,0.013823,0.013907,0.014003,0.014099,0.014208,0.014317,0.014438,0.014566,0.014699,0.014837,0.01499,0.015148,0.015321,0.015649,0.016034,0.016429,0.017523,0.017841,0.018129,0.018438,0.018722,0.018973,0.019208,0.019343,0.019463,0.019577,0.019685,0.019786,0.01988,0.019967,0.020042,0.020115,0.020177,0.020235,0.020283,0.020325,0.020359,0.020387,0.02041,0.020423,0.020431,0.020433,0.020429,0.020418,0.020403,0.020382,0.020355,0.020321,0.020282,0.020237,0.020187,0.020132,0.020068,0.019999,0.019925,0.019789,0.019636,0.019466,0.019266,0.019084,0.018868,0.01802,0.017661,0.017471,0.0173,0.017142,0.016995,0.016827,0.016675,0.016531,0.016402,0.016278,0.016163,0.016057,0.015958,0.01587,0.01579,0.015716,0.015644,0.015578,0.015517,0.015456,0.015397,0.01526,0.014966,0.014878,0.014826,0.014787,0.014759,0.014743,0.014737,0.014748,0.014777,0.014822,0.014887,0.014968,0.015071,0.015192,0.015307,0.015437,0.015582,0.015749,0.015904,0.016079,0.016718,0.016967,0.017212,0.017424,0.017535,0.017637,0.017732,0.017817,0.017896,0.017971,0.018037,0.018098,0.018171,0.018236,0.018291,0.01834,0.018374,0.018407,0.018504,0.018547,0.0186,0.018661,0.018718,0.018785,0.019061,0.019111,0.019152,0.019192,0.019216,0.019225,0.019218,0.019206,0.019186,0.019159,0.019126,0.019085,0.019037,0.018982,0.018921,0.01885,0.018775,0.018689,0.018595,0.018493,0.018384,0.018267,0.018139,0.017918,0.017667,0.017393,0.017084,0.016803,0.016485,0.015385,0.014976,0.014587,0.014243,0.014068,0.013907,0.013757,0.013613,0.013476,0.013351,0.013232,0.013125,0.01302,0.012926,0.012838,0.012757,0.012683,0.012616,0.012556,0.012502,0.012456,0.012416,0.012383,0.012356,0.012336,0.012322,0.012316,0.012315,0.012324,0.012342,0.012372,0.01241,0.012459,0.01252,0.01259,0.012673,0.012768,0.012879,0.01343,0.013569,0.013696,0.013815,0.013935,0.014359,0.014456,0.014552,0.014681,0.014816,0.014958,0.015114,0.015252,0.015398,0.015556,0.015727,0.015905,0.016101,0.01631,0.016538,0.016741,0.016952,0.017187,0.017437,0.017922,0.019068,0.019359,0.019617,0.019887,0.02012,0.020332,0.020522,0.020628,0.020727,0.020816,0.020898,0.020973,0.021042,0.021105,0.02116,0.021209,0.021248,0.021283,0.021309,0.021329,0.021343,0.02135,0.02135,0.021339,0.021315,0.021277,0.021226,0.021163,0.021085,0.020995,0.02089,0.020789,0.02068,0.020559,0.020422,0.020149,0.019611,0.019389,0.019171,0.018986,0.018792,0.018704,0.018622,0.018544,0.018476,0.018412,0.018354,0.018257,0.018176,0.018111,0.01806,0.018029,0.018006,0.017964,0.017941,0.017905,0.017881,0.017853,0.017817,0.017773,0.017724,0.017668,0.017604,0.017535,0.017459,0.017375,0.017268,0.017157,0.017036,0.016899,0.016752,0.016596,0.016423,0.01624,0.016074,0.015901,0.015714,0.015514,0.015119,0.014166,0.013916,0.013699,0.013472,0.013263,0.013081,0.012909,0.01273,0.012573,0.012438,0.012319,0.012217,0.012135,0.012068,0.01202,0.011991,0.011976,0.011975,0.01199,0.012019,0.012064,0.012123,0.012196,0.012276,0.012372,0.012482,0.012606,0.012733,0.012876,0.013444,0.013675,0.013792,0.013898,0.013993,0.014077,0.01417,0.014248,0.014315,0.014372,0.014415,0.014446,0.014466,0.014475,0.014472,0.014458,0.014433,0.014396,0.014349,0.014289,0.014218,0.014134,0.014057,0.013974,0.013877,0.013769,0.013556,0.013026,0.012888,0.012771,0.012653,0.012552,0.012465,0.012388,0.012319,0.012266,0.012225,0.012197,0.012183,0.012183,0.012195,0.01222,0.012251,0.012292,0.012342,0.012401,0.012469,0.012548,0.012636,0.012736,0.01292,0.013144,0.01337,0.013936,0.014085,0.014218,0.014356,0.014474,0.01458,0.014673,0.014763,0.014842,0.014905,0.014956,0.014994,0.015018,0.01503,0.015029,0.015012,0.014978,0.014926,0.014857,0.014772,0.014667,0.014542,0.014401,0.014269,0.014128,0.013972,0.013795,0.01345,0.012807,0.012567,0.012329,0.012126,0.011917,0.011735,0.011574,0.011433,0.011306,0.011197,0.011149,0.011108,0.011041,0.010992,0.010974,0.010961,0.010949,0.010951,0.010957,0.010976,0.011004,0.011045,0.011095,0.011157,0.011232,0.011315,0.011414,0.011594,0.011812,0.012043,0.012753,0.012971,0.013163,0.013368,0.013555,0.013724,0.013871,0.01401,0.014129,0.014225,0.014265,0.0143,0.014328,0.014352,0.014371,0.014383,0.01439,0.014392,0.014388,0.014379,0.014348,0.014325,0.014297,0.014264,0.014227,0.014184,0.014137,0.014086,0.014029,0.013967,0.0139,0.013828,0.013751,0.013668,0.013576,0.013483,0.013379,0.013271,0.013157,0.013038,0.012908,0.012633,0.012356,0.012036,0.011713,0.010874,0.01064,0.010435,0.010201,0.009999,0.0098156,0.0096567,0.0095594,0.009473,0.0093918,0.009316,0.009246,0.0091857,0.0091308,0.0090815,0.0090378,0.009,0.0089681,0.0089438,0.0089236,0.0089104,0.0089023,0.0089004,0.0089049,0.0089167,0.0089355,0.0089634,0.008997,0.0090375,0.009085,0.0091428,0.0092041,0.0092764,0.0093558,0.009442,0.0095349,0.0096402,0.0097524,0.0098709,0.010075,0.0103,0.010547,0.010831,0.01109,0.011384,0.012477,0.012924,0.013365,0.013566,0.013761,0.013974,0.014171,0.014362,0.014537,0.014712,0.014873,0.015027,0.015179,0.015324,0.015461,0.015596,0.015723,0.015848,0.015966,0.016081,0.016189,0.016294,0.016396,0.016492,0.016583,0.016668,0.016745,0.016814,0.016877,0.016928,0.016972,0.017009,0.017039,0.017062,0.017079,0.017088,0.017091,0.017086,0.017075,0.017057,0.017032,0.017,0.016961,0.016914,0.016862,0.016808,0.016746,0.016682,0.016608,0.016528,0.016443,0.016348,0.016247,0.016057,0.015832,0.015602,0.015043,0.014891,0.014755,0.014615,0.014488,0.014379,0.014284,0.014181,0.014094,0.014027,0.013978,0.013945,0.01393,0.013932,0.013952,0.013978,0.014013,0.014059,0.014116,0.01418,0.014257,0.014343,0.014442,0.01455,0.014666,0.014795,0.014936,0.015078,0.015243,0.01587,0.016125,0.016378,0.016491,0.016593,0.01671,0.016812,0.016906,0.016987,0.017058,0.017117,0.017169,0.017209,0.017241,0.017264,0.017277,0.01728,0.017274,0.017258,0.017232,0.017198,0.017162,0.017118,0.017069,0.017011,0.016893,0.016601,0.016529,0.016467,0.01641,0.016362,0.016324,0.016297,0.016278,0.01627,0.016272,0.016285,0.016309,0.016343,0.01639,0.016446,0.016506,0.016579,0.016661,0.016752,0.016853,0.016967,0.017091,0.017223,0.017342,0.017473,0.017616,0.017772,0.018071,0.018806,0.018999,0.01917,0.019348,0.019502,0.019639,0.019766,0.019896,0.020004,0.020092,0.020163,0.020216,0.02025,0.020266,0.020264,0.020255,0.02024,0.020219,0.020192,0.020159,0.02012,0.020076,0.020021,0.019964,0.019902,0.019834,0.019755,0.019669,0.019578,0.01948,0.019378,0.019192,0.018993,0.018762,0.018509,0.018277,0.018017,0.01715,0.016832,0.016535,0.01628,0.016029,0.015805,0.015608,0.015437,0.015355,0.015285,0.01522,0.01516,0.015105,0.015055,0.015011,0.014972,0.014939,0.014911,0.014889,0.014874,0.014864,0.014859,0.01486,0.014865,0.014877,0.014895,0.014918,0.014951,0.01499,0.015032,0.015079,0.015138,0.015197,0.015267,0.015344,0.015427,0.015515,0.015609,0.015709,0.015822,0.016017,0.016225,0.016456,0.016721,0.016961,0.017231,0.018144,0.018476,0.018787,0.019064,0.019337,0.019583,0.019791,0.019981,0.020145,0.020219,0.020288,0.020406,0.020455,0.020504,0.020547,0.020582,0.020636,0.020656,0.020672,0.020682,0.020687,0.020683,0.02066,0.020617,0.020556,0.020477,0.020376,0.020256,0.020118,0.019957,0.019772,0.019561,0.019327,0.019079,0.018799,0.0185,0.017678,0.017425,0.01721,0.016974,0.016758,0.016564,0.016392,0.016292,0.016197,0.016108,0.016032,0.01596,0.015894,0.015834,0.015779,0.01573,0.015686,0.015649,0.01562,0.015594,0.015576,0.015561,0.015553,0.015552,0.015567,0.015595,0.015638,0.015698,0.015773,0.015861,0.015968,0.016088,0.016226,0.016376,0.016551,0.016728,0.016937,0.017754,0.018093,0.018269,0.018422,0.018566,0.018695,0.018837,0.018963,0.019068,0.019154,0.019224,0.019279,0.019318,0.01934,0.019347,0.019337,0.019311,0.019268,0.019209,0.019134,0.019041,0.018929,0.018818,0.018698,0.018563,0.018407,0.018257,0.018088,0.017434,0.017162,0.016892,0.016776,0.016666,0.016544,0.016431,0.016326,0.016234,0.016151,0.016075,0.016008,0.01595,0.015909,0.015871,0.015839,0.015812,0.015791,0.015774,0.015763,0.015755,0.015754,0.015766,0.015788,0.015859,0.015875,0.015883,0.015883,0.015873,0.015852,0.01582,0.015778,0.015724,0.015657,0.015578,0.0155,0.015412,0.015099,0.014991,0.014891,0.014812,0.01474,0.014687,0.014652,0.014635,0.014634,0.014639,0.014651,0.014671,0.014696,0.014729,0.014769,0.014817,0.01487,0.01493,0.014996,0.015073,0.015236,0.015568,0.015703,0.015833,0.01594,0.015995,0.016045,0.016086,0.01612,0.016147,0.016169,0.016184,0.016193,0.016195,0.016191,0.01618,0.016162,0.016137,0.016105,0.016065,0.016019,0.015927,0.015808,0.015685,0.015384,0.015243,0.015178,0.015124,0.015076,0.015037,0.015002,0.014978,0.014963,0.014957,0.01496,0.014974,0.014996,0.015027,0.01507,0.015125,0.015191,0.015268,0.015355,0.015458,0.01557,0.015693,0.015806,0.015931,0.016063,0.016213,0.016498,0.017201,0.017385,0.017541,0.017709,0.017854,0.017981,0.018092,0.018202,0.018292,0.018365,0.018417,0.018451,0.018467,0.018465,0.018445,0.018427,0.018403,0.018372,0.018337,0.018298,0.018253,0.018198,0.018143,0.018083,0.018012,0.017942,0.017861,0.017774,0.017683,0.017587,0.017478,0.017297,0.017096,0.016875,0.016634,0.016414,0.016159,0.01529,0.01497,0.014659,0.01438,0.014106,0.013868,0.013655,0.013552,0.013461,0.013368,0.013282,0.013201,0.013131,0.013066,0.013003,0.01295,0.012902,0.012859,0.012823,0.012791,0.012764,0.012744,0.012729,0.01272,0.012716,0.012721,0.012736,0.012761,0.012798,0.012845,0.012905,0.012974,0.013057,0.01313,0.013213,0.013409,0.013608,0.014121,0.014258,0.014375,0.014495,0.014598,0.01469,0.014773,0.014844,0.014907,0.014961,0.015005,0.015039,0.015066,0.015084,0.015094,0.015095,0.01509,0.015078,0.015057,0.01503,0.014997,0.014955,0.014905,0.014805,0.014679,0.014535,0.014217,0.014077,0.013938,0.013819,0.013695,0.013587,0.013496,0.013418,0.01337,0.013327,0.013286,0.013249,0.013209,0.013173,0.013144,0.013125,0.013116,0.013113,0.013115,0.013124,0.013139,0.01316,0.013188,0.013222,0.013275,0.013342,0.013419,0.013511,0.013616,0.013732,0.013862,0.014009,0.014143,0.014286,0.014449,0.014626,0.014966,0.015739,0.015918,0.016079,0.016226,0.016358,0.016476,0.016579,0.016672,0.016751,0.016818,0.016874,0.016916,0.016946,0.016965,0.016971,0.016969,0.016961,0.016949,0.01693,0.016907,0.01688,0.016847,0.016807,0.016763,0.016713,0.016658,0.016598,0.016534,0.016459,0.016299,0.016149,0.015987,0.015807,0.015601,0.015418,0.015205,0.014494,0.014243,0.014008,0.0138,0.013605,0.013431,0.013278,0.013148,0.013034,0.012939,0.012866,0.012811,0.012791,0.012776,0.012761,0.01276,0.012765,0.012789,0.012814,0.012843,0.012881,0.012924,0.012972,0.013032,0.013098,0.013172,0.013253,0.013341,0.013435,0.013536,0.013643,0.013765,0.013884,0.014019,0.014254,0.014515,0.014802,0.015114,0.0154,0.015732,0.016841,0.017266,0.017666,0.018014,0.018199,0.018366,0.018528,0.018683,0.018823,0.018956,0.019082,0.019202,0.019323,0.019429,0.019534,0.019624,0.019706,0.01978,0.019847,0.019905,0.019956,0.019998,0.020032,0.020058,0.020076,0.020086,0.020089,0.020083,0.02006,0.020021,0.019963,0.019888,0.019798,0.019687,0.019556,0.019411,0.019274,0.019127,0.018966,0.018782,0.018413,0.017665,0.017347,0.017025,0.016749,0.016593,0.01645,0.016313,0.016189,0.016065,0.015953,0.015842,0.015737,0.015593,0.015458,0.015332,0.015207,0.015107,0.015005,0.014663,0.014513,0.014343,0.014164,0.013975,0.013757,0.013545,0.013044,0.012811,0.012699,0.012599,0.012514,0.012438,0.01239,0.012349,0.012313,0.012283,0.012258,0.01224,0.012227,0.012221,0.01222,0.012225,0.012236,0.012253,0.012276,0.012304,0.012338,0.01238,0.012466,0.012572,0.012699,0.012851,0.013001,0.013172,0.013351,0.013806,0.014045,0.014168,0.014273,0.014367,0.014449,0.014537,0.014612,0.014671,0.014714,0.014745,0.014762,0.014765,0.014753,0.014728,0.014687,0.014632,0.01456,0.014472,0.01437,0.014249,0.014114,0.013992,0.013856,0.013704,0.013538,0.013211,0.012434,0.012245,0.012078,0.011918,0.011776,0.011649,0.011533,0.011435,0.011348,0.011277,0.011218,0.011173,0.011142,0.011123,0.011118,0.011123,0.011135,0.011156,0.011183,0.01122,0.011265,0.011315,0.011376,0.01144,0.011517,0.011602,0.011695,0.011796,0.011904,0.01202,0.012152,0.012282,0.01243,0.012584,0.012746,0.012914,0.0131,0.013293,0.013504,0.013709,0.013919,0.014391,0.014892,0.015881,0.016287,0.016699,0.017073,0.017485,0.017671,0.017851,0.018015,0.018174,0.018328,0.018476,0.018648,0.018802,0.018956,0.019094,0.01923,0.019349,0.01946,0.019561,0.019654,0.019737,0.019812,0.019877,0.019934,0.019982,0.020021,0.020053,0.020081,0.020094,0.020091,0.020072,0.020038,0.019987,0.019922,0.019838,0.019764,0.019675,0.019574,0.019462,0.019239,0.018788,0.018599,0.018413,0.018255,0.01809,0.017948,0.017822,0.017712,0.017636,0.017567,0.017503,0.017446,0.017403,0.01736,0.017235,0.017186,0.01713,0.017069,0.016995,0.016912,0.016817,0.016712,0.01657,0.016409,0.016226,0.016021,0.015811,0.015568,0.015321,0.01466,0.014469,0.014299,0.014118,0.013957,0.013812,0.013687,0.013615,0.013547,0.013485,0.013432,0.013383,0.013339,0.0133,0.013266,0.013238,0.013215,0.013198,0.013185,0.013178,0.013176,0.013179,0.013188,0.013203,0.013223,0.01325,0.013283,0.013321,0.013365,0.013415,0.013473,0.013592,0.013738,0.013898,0.01436,0.014497,0.014614,0.014739,0.014843,0.01493,0.015002,0.015058,0.015101,0.015131,0.015148,0.015152,0.015149,0.015113,0.015105,0.015108,0.015124,0.015158,0.015181,0.015209,0.015243,0.01528,0.015322,0.01537,0.015422,0.015483,0.015549,0.015621,0.015698,0.015784,0.015875,0.015976,0.016155,0.016368,0.016581,0.017108,0.017378,0.01751,0.017628,0.017735,0.017836,0.017939,0.018033,0.018114,0.018185,0.018244,0.018295,0.018335,0.018366,0.018392,0.018404,0.018403,0.018388,0.018367,0.018337,0.018204,0.018155,0.018119,0.0181,0.018099,0.018113,0.018138,0.01821,0.018224,0.018232,0.018234,0.018228,0.018214,0.01819,0.018142,0.018111,0.018075,0.017988,0.017881,0.017771,0.01764,0.017506,0.017192,0.017042,0.016972,0.01691,0.016857,0.016813,0.016768,0.016737,0.016717,0.016708,0.016712,0.016727,0.016755,0.016793,0.01683,0.016871,0.016921,0.016975,0.017035,0.017107,0.01718,0.01726,0.017353,0.017446,0.017546,0.017659,0.017771,0.017898,0.018032,0.018172,0.018418,0.018692,0.018991,0.019317,0.019619,0.019953,0.021055,0.021443,0.021808,0.022125,0.022437,0.022709,0.022953,0.023071,0.023176,0.023275,0.023369,0.023457,0.023539,0.023616,0.02368,0.023745,0.023798,0.023851,0.023893,0.023929,0.023959,0.023986,0.024005,0.024017,0.024024,0.024025,0.024019,0.024008,0.023989,0.023965,0.023933,0.023894,0.023849,0.023796,0.023738,0.023673,0.023602,0.023526,0.023443,0.023355,0.023254,0.023069,0.02286,0.022625,0.022355,0.022106,0.021814,0.020748,0.02033,0.020111,0.01991,0.019727,0.019551,0.019358,0.019186,0.019028,0.01889,0.018765,0.01866,0.018563,0.018485,0.018444,0.018408,0.018378,0.018352,0.018332,0.018316,0.018305,0.018301,0.018301,0.018306,0.018316,0.018333,0.018353,0.01838,0.018412,0.01845,0.018535,0.018636,0.018758,0.018906,0.019054,0.019224,0.019409,0.019905,0.020046,0.02017,0.020306,0.020421,0.020522,0.020613,0.02071,0.020786,0.020845,0.020885,0.020907,0.020912,0.020899,0.020868,0.02082,0.020752,0.020665,0.020559,0.020436,0.020288,0.020123,0.019932,0.019763,0.019583,0.019384,0.019155,0.018951,0.01872,0.017956,0.017678,0.017419,0.017189,0.016961,0.016765,0.016591,0.016431,0.016286,0.016164,0.016059,0.015971,0.015904,0.015854,0.015822,0.015807,0.015808,0.015817,0.015834,0.015859,0.015892,0.015934,0.015984,0.016043,0.016109,0.016183,0.016273,0.016364,0.016462,0.016577,0.01669,0.016821,0.016948,0.017082,0.017222,0.017368,0.017519,0.017689,0.017864,0.018058,0.018418,0.018837,0.019252,0.020387,0.020722,0.021005,0.021323,0.021615,0.021879,0.022118,0.022261,0.022386,0.022507,0.022622,0.02273,0.022833,0.02293,0.023012,0.023096,0.023167,0.023238,0.023296,0.023353,0.023399,0.023439,0.023473,0.023505,0.023528,0.023542,0.023548,0.023546,0.023534,0.023514,0.023486,0.023448,0.023402,0.023348,0.023285,0.023214,0.023128,0.023041,0.022939,0.022837,0.022728,0.022613,0.022481,0.022342,0.022198,0.022047,0.021879,0.021552,0.021184,0.020803,0.019756,0.019447,0.019186,0.018884,0.018622,0.018386,0.018165,0.018038,0.017927,0.017822,0.017724,0.017633,0.017556,0.017485,0.017415,0.017352,0.017302,0.017255,0.017218,0.017186,0.017164,0.017149,0.017141,0.01714,0.017146,0.017158,0.017177,0.017204,0.017236,0.017276,0.017326,0.017379,0.017444,0.017509,0.017587,0.017672,0.017764,0.017861,0.017974,0.018159,0.018369,0.018604,0.018874,0.019108,0.019385,0.02034,0.020682,0.021013,0.021306,0.021457,0.021592,0.021722,0.021837,0.021947,0.022051,0.02215,0.022243,0.02233,0.02241,0.022484,0.022545,0.022606,0.022655,0.022698,0.022735,0.022768,0.022792,0.02281,0.022821,0.022826,0.022824,0.022815,0.022801,0.02276,0.022701,0.022624,0.022524,0.022405,0.022268,0.022106,0.021927,0.021733,0.021524,0.021292,0.021036,0.020781,0.020483,0.019327,0.018847,0.018592,0.018369,0.018155,0.017961,0.017749,0.017553,0.017372,0.017215,0.017075,0.016952,0.016846,0.016762,0.01669,0.016637,0.016601,0.016581,0.01658,0.016596,0.016629,0.016681,0.016745,0.016826,0.016924,0.017038,0.017159,0.017303,0.017889,0.018016,0.018127,0.018247,0.018348,0.018436,0.018515,0.018595,0.018656,0.018701,0.018728,0.018739,0.018733,0.018711,0.018671,0.018617,0.018548,0.018463,0.018359,0.01824,0.018107,0.017952,0.017785,0.01762,0.017446,0.017247,0.01703,0.016815,0.016577,0.015647,0.01526,0.015054,0.01487,0.014692,0.014528,0.014338,0.014166,0.014002,0.013854,0.013715,0.013585,0.013464,0.013353,0.013238,0.013134,0.013041,0.012957,0.012883,0.012818,0.012761,0.012715,0.012677,0.012646,0.012621,0.012603,0.01259,0.012581,0.012576,0.012582,0.012598,0.012612,0.012631,0.012655,0.012683,0.01272,0.012763,0.012813,0.01287,0.012935,0.013007,0.013087,0.013176,0.013266,0.013363,0.013469,0.013582,0.013702,0.013836,0.013977,0.014125,0.014405,0.01473,0.015055,0.015886,0.016115,0.01631,0.016523,0.016713,0.016886,0.017041,0.017209,0.017357,0.017483,0.017586,0.01767,0.017707,0.017739,0.017788,0.017818,0.017827,0.017831,0.017824,0.017797,0.017752,0.017701,0.017634,0.017388,0.017303,0.017233,0.017181,0.017147,0.017128,0.017123,0.017133,0.017146,0.017164,0.017187,0.017215,0.017249,0.017289,0.017386,0.017483,0.017604,0.017726,0.018038,0.018188,0.018258,0.01832,0.018374,0.018419,0.018463,0.018498,0.018523,0.018537,0.018542,0.018538,0.018523,0.018499,0.01846,0.01841,0.018347,0.018269,0.018183,0.018081,0.017964,0.017835,0.017717,0.017587,0.017444,0.017289,0.016984,0.01622,0.016016,0.015839,0.015661,0.015501,0.01536,0.015242,0.015182,0.015127,0.015077,0.015032,0.014994,0.014963,0.014935,0.014915,0.014901,0.014892,0.014889,0.014892,0.0149,0.014914,0.014934,0.014959,0.014988,0.015022,0.015064,0.015109,0.015158,0.015216,0.015274,0.015343,0.015489,0.015659,0.015855,0.016075,0.016267,0.016485,0.016721,0.016984,0.01722,0.017488,0.018409,0.01876,0.019102,0.019407,0.019713,0.019986,0.020232,0.020345,0.020452,0.02056,0.020657,0.020753,0.020838,0.020922,0.020995,0.021062,0.021123,0.021178,0.021227,0.02127,0.021306,0.021336,0.02136,0.02138,0.021391,0.021398,0.02139,0.021367,0.02133,0.021278,0.021211,0.021129,0.021028,0.020941,0.020838,0.020725,0.020597,0.020343,0.01971,0.019544,0.019403,0.019262,0.019139,0.019034,0.018939,0.018861,0.018794,0.01874,0.018698,0.018667,0.018647,0.01864,0.018644,0.018659,0.018687,0.018726,0.018776,0.01884,0.018914,0.019002,0.019101,0.019205,0.019317,0.019445,0.019585,0.019881,0.020476,0.020717,0.020955,0.021154,0.021261,0.02136,0.021448,0.021525,0.021595,0.021653,0.021703,0.021745,0.021786,0.021812,0.021826,0.021827,0.021816,0.021792,0.021756,0.021706,0.02165,0.021583,0.021503,0.02141,0.021317,0.021207,0.020791,0.020628,0.020544,0.020471,0.020408,0.02035,0.02029,0.020239,0.020199,0.020169,0.020148,0.020138,0.020137,0.020145,0.020164,0.020194,0.020234,0.020286,0.020347,0.02042,0.020506,0.020602,0.020691,0.020786,0.020896,0.021015,0.021248,0.02181,0.021949,0.022073,0.022194,0.022302,0.022395,0.022474,0.022549,0.022612,0.02266,0.022693,0.022713,0.02272,0.022714,0.022694,0.022673,0.022646,0.022614,0.022575,0.02253,0.02248,0.022423,0.022356,0.022288,0.022209,0.022129,0.022038,0.02194,0.021838,0.021729,0.021609,0.021403,0.021177,0.020929,0.020654,0.020403,0.020119,0.01913,0.018754,0.018389,0.018073,0.017905,0.01775,0.017601,0.017465,0.017334,0.017216,0.017098,0.016991,0.016885,0.016785,0.016693,0.016608,0.016529,0.016458,0.016394,0.016337,0.016287,0.016244,0.016209,0.01618,0.016157,0.016141,0.016132,0.016129,0.016133,0.016146,0.016168,0.016197,0.016236,0.016284,0.016341,0.016407,0.01653,0.016683,0.016844,0.017323,0.017472,0.017601,0.01774,0.017862,0.017974,0.018074,0.018168,0.018253,0.018327,0.01839,0.018442,0.018482,0.01851,0.018526,0.01853,0.018522,0.018502,0.018471,0.018427,0.018371,0.018302,0.018221,0.018144,0.018057,0.017959,0.017846,0.017626,0.017126,0.017015,0.016918,0.016831,0.016754,0.01669,0.016639,0.016594,0.016562,0.01654,0.016531,0.016534,0.016548,0.016574,0.016612,0.016668,0.016742,0.016832,0.016938,0.017059,0.0172,0.01736,0.017535,0.01769,0.017866,0.01805,0.01826,0.01866,0.019611,0.019849,0.020054,0.020256,0.020441,0.020604,0.020749,0.020882,0.020997,0.021098,0.021182,0.021251,0.021303,0.021342,0.021364,0.021371,0.021371,0.021366,0.021355,0.021339,0.021316,0.021287,0.021252,0.021211,0.021167,0.021115,0.021058,0.020994,0.020922,0.020848,0.020764,0.020602,0.020425,0.020221,0.019991,0.019769,0.019518,0.018587,0.018221,0.018032,0.017862,0.017699,0.017557,0.017394,0.017249,0.017117,0.017001,0.016899,0.016813,0.01674,0.016679,0.016633,0.016599,0.016577,0.016566,0.016567,0.016579,0.016603,0.016638,0.016679,0.016728,0.016787,0.016857,0.017007,0.017322,0.017446,0.017566,0.01766,0.017707,0.017747,0.017779,0.017804,0.017822,0.017834,0.017838,0.017836,0.017827,0.017811,0.01779,0.01776,0.017724,0.017682,0.017632,0.017576,0.017469,0.017333,0.017197,0.016864,0.016711,0.01658,0.016477,0.016434,0.016398,0.016368,0.016344,0.016326,0.016312,0.016305,0.016303,0.016312,0.016338,0.016379,0.016436,0.016509,0.016601,0.016709,0.016833,0.016975,0.017131,0.017312,0.01751,0.01772,0.017964,0.018222,0.018966,0.019195,0.019398,0.019623,0.019826,0.020006,0.020175,0.020363,0.020528,0.020674,0.020801,0.02091,0.021002,0.021077,0.021135,0.021164,0.021187,0.021202,0.02121,0.021211,0.021205,0.021192,0.021172,0.021145,0.02111,0.021069,0.021021,0.020966,0.020907,0.020839,0.020766,0.020695,0.020621,0.020539,0.020455,0.020366,0.020268,0.020166,0.020054,0.01985,0.01962,0.019389,0.018847,0.018585,0.018459,0.018343,0.018241,0.01815,0.018049,0.017963,0.017892,0.017835,0.017792,0.017764,0.017747,0.017745,0.017753,0.017767,0.01779,0.017821,0.01786,0.017908,0.017963,0.018029,0.018095,0.018166,0.01825,0.018342,0.018534,0.018926,0.019086,0.019242,0.019371,0.019442,0.019504,0.019562,0.019611,0.019656,0.019695,0.019728,0.019756,0.019777,0.019794,0.019805,0.01981,0.019811,0.019806,0.019795,0.019779,0.019741,0.019688,0.01963,0.01948,0.019412,0.019361,0.019332,0.019325,0.019324,0.019328,0.019339,0.019357,0.019379,0.019409,0.019444,0.019482,0.019526,0.019575,0.019629,0.019688,0.019756,0.019906,0.020055,0.020229,0.020407,0.020833,0.021046,0.021151,0.021241,0.021322,0.021392,0.021466,0.021531,0.021583,0.021624,0.021654,0.021675,0.021685,0.021685,0.021678,0.021666,0.021648,0.021627,0.021598,0.021564,0.021527,0.021482,0.021431,0.021375,0.021313,0.021247,0.021175,0.021092,0.02101,0.020917,0.020758,0.02058,0.020383,0.020159,0.019959,0.019727,0.018943,0.018656,0.018387,0.018154,0.017926,0.017722,0.017547,0.017389,0.017249,0.017133,0.017034,0.016958,0.016897,0.016857,0.016834,0.016829,0.016835,0.016848,0.016869,0.016898,0.016935,0.016978,0.017031,0.01709,0.017218,0.017376,0.017546,0.01805,0.018194,0.01832,0.018448,0.018556,0.018643,0.01871,0.01876,0.018792,0.018807,0.018805,0.018791,0.018764,0.01873,0.018642,0.018604,0.018591,0.018583,0.018581,0.018584,0.018594,0.018613,0.018639,0.018673,0.018717,0.018767,0.018826,0.018893,0.018983,0.019085,0.0192,0.019332,0.019471,0.019629,0.019799,0.019988,0.020154,0.020336,0.020534,0.020748,0.021163,0.02217,0.022439,0.02267,0.02291,0.023128,0.023317,0.023491,0.023585,0.023668,0.023746,0.023819,0.023886,0.023948,0.023999,0.02405,0.024095,0.024131,0.024164,0.024189,0.024208,0.024224,0.024233,0.024235,0.024228,0.024204,0.024165,0.02411,0.02404,0.023951,0.023846,0.023728,0.02359,0.02344,0.02327,0.023074,0.022875,0.022644,0.021734,0.021532,0.021351,0.021154,0.02098,0.020823,0.020676,0.020515,0.020371,0.020249,0.020148,0.020061,0.019993,0.019943,0.01991,0.019894,0.019895,0.019912,0.019944,0.019994,0.02006,0.020142,0.020247,0.02034,0.020445,0.020562,0.020697,0.020962,0.021467,0.021664,0.02186,0.02203,0.022203,0.022352,0.022486,0.022601,0.022699,0.022784,0.022855,0.022913,0.022957,0.02299,0.023011,0.02302,0.023018,0.023007,0.022986,0.022954,0.022906,0.022855,0.022806,0.022755,0.022709,0.02266,0.022604,0.022543,0.022475,0.022399,0.022314,0.022224,0.022131,0.022034,0.021928,0.02181,0.021688,0.021552,0.021408,0.021249,0.021109,0.020963,0.020637,0.02031,0.019546,0.019181,0.019004,0.018848,0.018707,0.018579,0.018444,0.018327,0.018221,0.018133,0.018057,0.017997,0.017947,0.017913,0.01789,0.017883,0.017891,0.017915,0.017955,0.018011,0.018084,0.018172,0.018257,0.01835,0.01846,0.018584,0.018827,0.01943,0.019576,0.019705,0.01983,0.019934,0.020023,0.0201,0.02016,0.020208,0.020242,0.02026,0.020265,0.020255,0.020232,0.020193,0.020137,0.020062,0.019973,0.019864,0.019739,0.019598,0.019436,0.019251,0.019068,0.018865,0.018642,0.0184,0.018159,0.017882,0.016786,0.016326,0.016076,0.015852,0.015643,0.015452,0.015229,0.015026,0.014837,0.01466,0.014496,0.014345,0.014208,0.014083,0.013987,0.013895,0.013809,0.013731,0.013659,0.013593,0.013532,0.013473,0.013423,0.013371,0.013153,0.013026,0.012879,0.01256,0.012493,0.012439,0.012382,0.012341,0.012317,0.012308,0.012316,0.01234,0.012383,0.012442,0.012518,0.012615,0.012732,0.012866,0.01299,0.013133,0.013291,0.013468,0.013632,0.013821,0.014574,0.014913,0.015263,0.01559,0.015851,0.016128,0.017023,0.017825,0.01806,0.018245,0.018395,0.018458,0.018516,0.018566,0.018609,0.018646,0.018678,0.018703,0.018722,0.018734,0.01874,0.018739,0.018731,0.018714,0.018691,0.018659,0.01862,0.018573,0.018518,0.018455,0.018384,0.018305,0.018217,0.018122,0.018018,0.017907,0.017781,0.017677,0.017561,0.017439,0.017312,0.017181,0.017035,0.01672,0.01644,0.016118,0.015799,0.015047,0.014689,0.014353,0.014063,0.013925,0.013792,0.013664,0.013551,0.013443,0.013348,0.013253,0.01317,0.013093,0.013023,0.012959,0.012902,0.012852,0.012809,0.012776,0.012747,0.012726,0.012714,0.012709,0.01271,0.012719,0.012735,0.012758,0.012787,0.012827,0.012876,0.012932,0.012991,0.013063,0.013144,0.013231,0.013327,0.01343,0.01355,0.013669,0.013804,0.013948,0.014099,0.014257,0.014422,0.014721,0.015037,0.015382,0.015771,0.016128,0.016524,0.017908,0.018415,0.018909,0.019341,0.019563,0.019779,0.019975,0.020165,0.020348,0.020511,0.020679,0.020829,0.020981,0.021115,0.02125,0.021368,0.021485,0.021586,0.021678,0.021762,0.021837,0.021904,0.021962,0.022011,0.022052,0.022084,0.022108,0.022124,0.022129,0.02213,0.022125,0.022115,0.022099,0.022077,0.02205,0.022017,0.02198,0.021934,0.021886,0.02183,0.021768,0.021702,0.021549,0.021412,0.021257,0.021086,0.02089,0.02071,0.020509,0.019785,0.019501,0.019219,0.018972,0.018719,0.018498,0.018302,0.018208,0.018125,0.017973,0.017839,0.017725,0.017626,0.017547,0.017483,0.017435,0.017403,0.017392,0.017385,0.017386,0.017405,0.017447,0.017592,0.017733,0.017796,0.017845,0.017897,0.017956,0.018022,0.01811,0.018209,0.018324,0.018455,0.018586,0.01874,0.018907,0.019406,0.019561,0.019701,0.019856,0.019999,0.020135,0.020271,0.020494,0.020787,0.021013,0.021092,0.021158,0.021209,0.021251,0.021286,0.021313,0.021333,0.021347,0.021353,0.021353,0.021338,0.021323,0.021303,0.021279,0.02125,0.021216,0.021176,0.021131,0.021083,0.021027,0.020969,0.020906,0.020833,0.020759,0.020676,0.020509,0.020319,0.020106,0.01987,0.019641,0.019373,0.019104,0.018414,0.018047,0.017858,0.017691,0.017539,0.017401,0.017247,0.017112,0.016998,0.016899,0.016819,0.016755,0.016707,0.016676,0.016662,0.016662,0.016676,0.016706,0.01675,0.016807,0.016879,0.016966,0.017057,0.017163,0.017283,0.017417,0.017547,0.0177,0.018281,0.018509,0.018734,0.018833,0.018922,0.019022,0.019109,0.019183,0.019248,0.019303,0.019347,0.01938,0.019405,0.01942,0.019424,0.019415,0.019394,0.01936,0.019314,0.019257,0.019185,0.019101,0.019008,0.018896,0.01877,0.018641,0.018489,0.017888,0.017641,0.017517,0.017404,0.017304,0.017215,0.017117,0.017035,0.016967,0.016914,0.016874,0.016848,0.016836,0.016837,0.016847,0.016866,0.016894,0.01693,0.016975,0.017029,0.017091,0.017163,0.017235,0.017315,0.017406,0.01751,0.017722,0.018159,0.018342,0.01852,0.018672,0.018755,0.018829,0.018898,0.018957,0.01901,0.019058,0.019099,0.019132,0.019162,0.019186,0.019202,0.01921,0.019211,0.019205,0.019192,0.019171,0.019146,0.019113,0.019074,0.019026,0.01892,0.018689,0.018596,0.018509,0.018441,0.01841,0.018384,0.018366,0.018354,0.018349,0.01835,0.018357,0.018371,0.018391,0.018419,0.018452,0.018493,0.01854,0.018593,0.018654,0.018723,0.018852,0.019011,0.019169,0.019561,0.019754,0.019845,0.019925,0.019997,0.020063,0.020124,0.020175,0.020219,0.020254,0.02028,0.020298,0.020308,0.02031,0.020299,0.020273,0.020232,0.020177,0.020106,0.020019,0.019916,0.0198,0.019658,0.019501,0.019321,0.019117,0.018907,0.01867,0.018426,0.017749,0.017555,0.017383,0.017191,0.017024,0.016872,0.016739,0.01659,0.016463,0.016358,0.016274,0.016239,0.01621,0.016166,0.01615,0.01614,0.016135,0.016143,0.016161,0.016188,0.016225,0.016271,0.016328,0.016395,0.016473,0.016557,0.016647,0.016753,0.016869,0.017114,0.017613,0.017811,0.018011,0.018173,0.018261,0.018338,0.018405,0.018464,0.018515,0.018556,0.01859,0.018615,0.018632,0.01864,0.01864,0.01863,0.018611,0.018583,0.018547,0.0185,0.018455,0.018402,0.018276,0.018138,0.017804,0.017719,0.017647,0.01758,0.017523,0.017477,0.017442,0.017413,0.017398,0.017397,0.017409,0.017434,0.017472,0.017524,0.01759,0.017677,0.017782,0.017904,0.018048,0.01821,0.018389,0.018593,0.018812,0.01901,0.019226,0.019463,0.019718,0.019949,0.020218,0.021115,0.02144,0.021757,0.022032,0.022313,0.022569,0.022798,0.022993,0.023101,0.023195,0.023283,0.023365,0.023439,0.023502,0.023559,0.023614,0.02366,0.023697,0.023727,0.02375,0.023768,0.023777,0.02378,0.023776,0.023766,0.02375,0.023729,0.023699,0.023666,0.023624,0.023579,0.023525,0.023465,0.023398,0.023326,0.023248,0.023165,0.02307,0.022976,0.022869,0.022675,0.022457,0.022217,0.021954,0.021702,0.02141,0.020321,0.019871,0.019638,0.01943,0.01923,0.019045,0.018834,0.018642,0.018461,0.018299,0.018148,0.018009,0.017881,0.017765,0.01767,0.017584,0.017508,0.017437,0.017376,0.017322,0.017277,0.017241,0.017214,0.017194,0.017179,0.017168,0.017162,0.01717,0.017169,0.017156,0.01713,0.017108,0.01708,0.017046,0.017008,0.016961,0.016909,0.016851,0.016787,0.016719,0.016642,0.016558,0.016467,0.016371,0.016264,0.016151,0.016027,0.015806,0.015554,0.015298,0.014692,0.014388,0.014114,0.013993,0.013882,0.013772,0.013674,0.013582,0.0135,0.013425,0.013356,0.013294,0.013242,0.013176,0.013124,0.013087,0.013064,0.013054,0.013059,0.013078,0.01311,0.013155,0.013211,0.013279,0.013363,0.013452,0.013558,0.01399,0.014165,0.014251,0.014324,0.014388,0.014444,0.014499,0.01454,0.014567,0.014581,0.014582,0.014568,0.014541,0.014501,0.014447,0.014378,0.014295,0.014198,0.014089,0.013963,0.01382,0.013659,0.013521,0.013363,0.013193,0.013004,0.012642,0.01175,0.011523,0.011322,0.011118,0.010937,0.010773,0.010631,0.010494,0.010372,0.010271,0.01019,0.010125,0.010078,0.010048,0.010037,0.010041,0.010061,0.010095,0.010146,0.010211,0.010292,0.010389,0.0105,0.010606,0.010721,0.010853,0.010998,0.011283,0.011961,0.01213,0.012276,0.012417,0.012539,0.012646,0.012741,0.012822,0.012887,0.012938,0.012972,0.012992,0.012997,0.012987,0.012963,0.01292,0.01286,0.012783,0.012685,0.012569,0.012437,0.012283,0.012114,0.011958,0.011792,0.011602,0.011396,0.010998,0.010047,0.0098076,0.0095926,0.0093806,0.0091958,0.0090309,0.0088859,0.0087553,0.0086402,0.0085456,0.0084671,0.0084056,0.0083633,0.0083375,0.0083286,0.0083328,0.0083474,0.0083706,0.008403,0.0084445,0.008495,0.0085546,0.0086277,0.0087054,0.0087974,0.0088987,0.0090093,0.0091286,0.0092565,0.0094008,0.0095537,0.0096784,0.0098172,0.01011,0.010431,0.010802,0.011142,0.011526,0.012912,0.013475,0.013762,0.014019,0.014271,0.014505,0.014762,0.014999,0.015227,0.015444,0.015643,0.015832,0.01601,0.016179,0.016343,0.016497,0.016639,0.016771,0.016891,0.017006,0.017105,0.017198,0.01728,0.017355,0.017419,0.017473,0.017516,0.017551,0.017576,0.01759,0.017595,0.017588,0.017569,0.01754,0.017501,0.01745,0.017387,0.017313,0.01723,0.017136,0.017029,0.016915,0.016789,0.016651,0.0165,0.016338,0.016184,0.016013,0.01584,0.015649,0.015449,0.01523,0.015,0.014762,0.014545,0.014312,0.014062,0.013796,0.013284,0.011996,0.01165,0.011344,0.011008,0.010717,0.010452,0.010212,0.010075,0.0099446,0.0098218,0.0097067,0.0096055,0.0095117,0.0094253,0.0093465,0.0092755,0.0092125,0.0091574,0.0091131,0.009076,0.0090442,0.0090206,0.0090058,0.0089969,0.0090004,0.0090159,0.0090447,0.009086,0.0091391,0.0092068,0.009286,0.0093802,0.0094849,0.0096042,0.0097433,0.009885,0.010045,0.010699,0.010967,0.011108,0.011231,0.011342,0.011444,0.011554,0.011647,0.011728,0.011791,0.011842,0.011879,0.011901,0.01191,0.011905,0.011884,0.011849,0.011798,0.011732,0.011651,0.011554,0.01144,0.011336,0.011226,0.011098,0.010954,0.010677,0.0099546,0.0097591,0.0095826,0.009406,0.009251,0.0091125,0.0089864,0.0088798,0.0087818,0.0086984,0.008624,0.008561,0.0085072,0.0084627,0.0084274,0.0084033,0.008385,0.0083722,0.0083644,0.0083608,0.0083637,0.0083563,0.0083602,0.0083725,0.0083945,0.0084267,0.0084693,0.0085244,0.0085918,0.0086748,0.0087544,0.0088474,0.0091599,0.0092612,0.0093505,0.0094228,0.009483,0.0095306,0.0095653,0.009588,0.0095979,0.0095975,0.0095869,0.0095654,0.0095396,0.0095051,0.0093382,0.0093064,0.0092859,0.009276,0.0092797,0.009297,0.0093295,0.0093552,0.0093865,0.0094237,0.0094668,0.0095162,0.0095684,0.0096263,0.0096899,0.0097594,0.0098347,0.0099158,0.010008,0.010101,0.010206,0.01031,0.010427,0.010632,0.010851,0.011101,0.011372,0.011618,0.011899,0.012831,0.013154,0.013457,0.013722,0.013981,0.014208,0.01441,0.014587,0.014671,0.014745,0.014878,0.014938,0.014992,0.015082,0.015121,0.015155,0.015184,0.015205,0.015223,0.015236,0.015244,0.015246,0.01524,0.015222,0.015194,0.015153,0.0151,0.015038,0.014961,0.014874,0.014777,0.014672,0.014549,0.014411,0.014273,0.014117,0.013504,0.013246,0.013115,0.012994,0.012885,0.012787,0.012677,0.012577,0.012491,0.01242,0.012358,0.012307,0.012268,0.012239,0.012219,0.012216,0.012228,0.012257,0.012303,0.012364,0.012442,0.012539,0.012629,0.012728,0.012843,0.012976,0.013229,0.01387,0.014037,0.01418,0.014319,0.014438,0.014541,0.014633,0.014706,0.014768,0.014816,0.014853,0.014878,0.014891,0.014893,0.014883,0.014862,0.014828,0.014783,0.014725,0.014653,0.01457,0.014474,0.014364,0.014271,0.014164,0.013921,0.013669,0.012938,0.012714,0.012516,0.012306,0.012113,0.011932,0.011763,0.011604,0.011457,0.011319,0.01119,0.011074,0.01097,0.010883,0.010808,0.010756,0.010714,0.010683,0.010662,0.010651,0.01065,0.010658,0.010677,0.010702,0.010734,0.010775,0.010824,0.01093,0.011136,0.011211,0.011279,0.011331,0.011376,0.011402,0.011409,0.011397,0.011382,0.011363,0.011338,0.011308,0.011272,0.011231,0.011182,0.011129,0.011026,0.010902,0.010776,0.010474,0.010329,0.010205,0.010108,0.010066,0.010031,0.010002,0.0099798,0.0099641,0.0099546,0.0099515,0.0099548,0.0099655,0.0099823,0.010006,0.010037,0.010075,0.010122,0.010176,0.010236,0.010354,0.010499,0.010649,0.011005,0.011173,0.01125,0.011316,0.011377,0.011428,0.011476,0.011515,0.011546,0.011568,0.011583,0.011591,0.011591,0.011583,0.011564,0.011534,0.011493,0.011441,0.011379,0.011303,0.011217,0.011116,0.011024,0.010927,0.010818,0.010693,0.010453,0.0098909,0.0097542,0.0096336,0.0095191,0.0094167,0.0093263,0.009248,0.0091777,0.0091191,0.009069,0.00903,0.0089995,0.0089778,0.0089655,0.0089627,0.0089684,0.0089819,0.0090034,0.0090308,0.0090681,0.0091103,0.0091635,0.0092206,0.0092849,0.0093616,0.0094465,0.0095328,0.009633,0.0097408,0.0098561,0.0099786,0.010099,0.010235,0.010368,0.010516,0.010669,0.010829,0.011004,0.011184,0.011535,0.011937,0.012361,0.013499,0.013834,0.014136,0.014463,0.014755,0.015023,0.015276,0.01542,0.015549,0.015681,0.015799,0.015911,0.016017,0.016116,0.01621,0.016298,0.016379,0.016453,0.016517,0.01658,0.016636,0.016686,0.01673,0.01678,0.016819,0.016847,0.016866,0.016874,0.016872,0.016859,0.016836,0.016808,0.016772,0.016728,0.016672,0.016549,0.016281,0.016172,0.01607,0.015991,0.015954,0.015924,0.015901,0.015886,0.015878,0.015877,0.015884,0.015898,0.015917,0.015942,0.015973,0.016011,0.016056,0.016107,0.016163,0.016227,0.016368,0.016537,0.016727,0.017116,0.017279,0.017443,0.017579,0.017723,0.017785,0.01784,0.01789,0.017934,0.017973,0.018006,0.018035,0.018059,0.018078,0.018091,0.018099,0.018101,0.018097,0.018088,0.018059,0.018012,0.01795,0.017768,0.01772,0.017685,0.017657,0.017645,0.01765,0.01767,0.017707,0.01776,0.017831,0.017921,0.018008,0.018115,0.01847,0.018587,0.01869,0.018774,0.018841,0.018891,0.018928,0.01895,0.018958,0.018955,0.01894,0.018914,0.018878,0.018829,0.018768,0.018696,0.018611,0.018516,0.018403,0.018276,0.018145,0.017999,0.017421,0.017188,0.017066,0.01696,0.016865,0.016781,0.016688,0.01661,0.016544,0.016493,0.016455,0.016429,0.016416,0.016417,0.016429,0.016455,0.016492,0.016543,0.016606,0.016683,0.016771,0.016873,0.016965,0.017072,0.017189,0.017317,0.017572,0.018257,0.018444,0.018608,0.018779,0.018927,0.019054,0.019165,0.019222,0.019271,0.019315,0.019354,0.019388,0.019417,0.019459,0.019473,0.019482,0.019486,0.019486,0.01947,0.019434,0.01939,0.019331,0.019257,0.01917,0.019069,0.018949,0.018815,0.018666,0.018531,0.018381,0.018221,0.018041,0.017694,0.016888,0.016693,0.016521,0.016348,0.016196,0.016061,0.01594,0.015823,0.015725,0.01564,0.01557,0.015515,0.015474,0.015448,0.015437,0.01544,0.015457,0.015488,0.015534,0.015595,0.015671,0.015762,0.015869,0.015966,0.016079,0.016204,0.01634,0.016611,0.017299,0.017477,0.017634,0.017792,0.017926,0.018046,0.018145,0.018236,0.018307,0.01836,0.018393,0.018409,0.018406,0.018385,0.018346,0.018317,0.018283,0.018244,0.0182,0.018152,0.018095,0.018034,0.017968,0.017897,0.017818,0.017648,0.017457,0.017238,0.017106,0.016969,0.016827,0.016673,0.016515,0.016351,0.016177,0.015991,0.015639,0.015247,0.01485,0.013916,0.01367,0.013456,0.013216,0.013005,0.012816,0.01265,0.012547,0.01245,0.012363,0.012281,0.012205,0.012139,0.012078,0.012027,0.011978,0.011938,0.011903,0.011875,0.011853,0.011839,0.011829,0.011826,0.011829,0.011838,0.011853,0.011873,0.011898,0.01193,0.011969,0.012014,0.012065,0.012118,0.01218,0.012249,0.012323,0.012403,0.012489,0.01258,0.012676,0.012785,0.012899,0.013018,0.013143,0.01328,0.01357,0.013867,0.014205,0.014563,0.015516,0.015794,0.016046,0.016316,0.016564,0.01679,0.016985,0.017099,0.017206,0.017307,0.017396,0.017484,0.017561,0.017632,0.017696,0.017755,0.017806,0.017852,0.017891,0.017923,0.017949,0.017969,0.017982,0.017989,0.017988,0.017978,0.017958,0.01793,0.017892,0.017847,0.017791,0.017724,0.01765,0.017564,0.017463,0.017361,0.017239,0.016756,0.016559,0.016457,0.016369,0.016286,0.016214,0.016135,0.016067,0.016012,0.015969,0.015936,0.015914,0.015903,0.015903,0.015913,0.015935,0.015967,0.016009,0.016062,0.016127,0.016206,0.016295,0.016376,0.016467,0.016568,0.01668,0.016899,0.017442,0.017583,0.017709,0.017832,0.017941,0.018033,0.018115,0.01819,0.018252,0.018299,0.018334,0.018357,0.018366,0.018363,0.018347,0.018325,0.018293,0.018255,0.018208,0.018152,0.018089,0.018016,0.017931,0.017774,0.017583,0.017389,0.016907,0.01667,0.016556,0.016454,0.016368,0.016289,0.016214,0.016152,0.016099,0.016056,0.016022,0.016,0.015988,0.015985,0.015992,0.01601,0.016039,0.016079,0.016131,0.016192,0.016265,0.016349,0.016424,0.01651,0.016605,0.016714,0.016926,0.017447,0.017586,0.017704,0.017824,0.017926,0.018016,0.018096,0.018168,0.018226,0.018272,0.018306,0.018326,0.018334,0.01833,0.018312,0.018292,0.018265,0.018232,0.018191,0.018143,0.018089,0.018025,0.017956,0.017881,0.017797,0.017606,0.017386,0.01693,0.016739,0.016548,0.016385,0.016296,0.016218,0.016145,0.016082,0.016025,0.015975,0.015934,0.015897,0.015868,0.015844,0.015827,0.015817,0.015812,0.015814,0.015821,0.015835,0.015872,0.015925,0.015987,0.016143,0.016214,0.016243,0.016265,0.016281,0.01629,0.016294,0.016291,0.01628,0.016262,0.016237,0.016205,0.016163,0.016116,0.016067,0.016012,0.015952,0.015881,0.015805,0.015723,0.015635,0.015537,0.015358,0.015145,0.014928,0.014403,0.014146,0.014017,0.013904,0.013803,0.013714,0.013621,0.013539,0.013472,0.013417,0.013376,0.013347,0.013331,0.013328,0.013333,0.013345,0.013363,0.013387,0.013419,0.013457,0.013501,0.013552,0.01361,0.013675,0.013746,0.013823,0.013907,0.014003,0.014099,0.014208,0.014317,0.014438,0.014566,0.014699,0.014837,0.01499,0.015148,0.015321,0.015649,0.016034,0.016429,0.017523,0.017851,0.018129,0.018438,0.018722,0.018982,0.019208,0.019343,0.019463,0.019577,0.019685,0.019786,0.01988,0.019967,0.020042,0.020115,0.020177,0.020235,0.020283,0.020325,0.020359,0.020387,0.02041,0.020423,0.020431,0.020433,0.020429,0.020419,0.020404,0.020384,0.020357,0.020323,0.020285,0.02024,0.020191,0.020136,0.020072,0.020003,0.019925,0.019789,0.019636,0.01946,0.019266,0.019084,0.018868,0.01802,0.017661,0.017471,0.0173,0.017142,0.016995,0.016827,0.016675,0.016531,0.016402,0.016278,0.016163,0.016057,0.015958,0.01587,0.01579,0.015716,0.015644,0.015578,0.015517,0.015456,0.015397,0.01526,0.014965,0.014878,0.014826,0.014787,0.014759,0.014743,0.014737,0.014748,0.014777,0.014822,0.014887,0.014968,0.015071,0.015192,0.015307,0.015437,0.015582,0.015749,0.015904,0.016079,0.016718,0.016971,0.017216,0.017424,0.017535,0.017637,0.017732,0.017817,0.017896,0.017971,0.018037,0.018098,0.018171,0.018236,0.018291,0.01834,0.018374,0.018407,0.018503,0.018547,0.018599,0.01866,0.018717,0.018783,0.019061,0.019112,0.019152,0.019192,0.019216,0.019225,0.019218,0.019206,0.019186,0.019159,0.019126,0.019085,0.019037,0.018982,0.018921,0.018853,0.018775,0.018689,0.018595,0.018493,0.018384,0.018267,0.018139,0.017918,0.017667,0.017393,0.017084,0.016803,0.016485,0.015385,0.014976,0.014587,0.014243,0.014068,0.013907,0.013757,0.013613,0.013476,0.013351,0.013232,0.013125,0.01302,0.012926,0.012838,0.012757,0.012683,0.012616,0.012556,0.012502,0.012456,0.012416,0.012383,0.012356,0.012336,0.012322,0.012316,0.012315,0.012324,0.012342,0.012372,0.01241,0.012459,0.01252,0.01259,0.012673,0.012768,0.012879,0.01343,0.013569,0.013696,0.013815,0.013935,0.014359,0.014456,0.014552,0.014681,0.014816,0.014962,0.015118,0.015256,0.015403,0.015561,0.015732,0.015911,0.016107,0.016317,0.016545,0.016749,0.01696,0.017195,0.017445,0.017922,0.01906,0.019351,0.019609,0.019872,0.020106,0.020319,0.020504,0.020605,0.0207,0.02079,0.020874,0.020952,0.021019,0.02108,0.021138,0.02119,0.021232,0.021268,0.021297,0.02132,0.021336,0.021347,0.021351,0.021345,0.021325,0.021291,0.021242,0.02118,0.021105,0.021014,0.020907,0.020807,0.020694,0.020569,0.020433,0.020155,0.019605,0.019389,0.019171,0.018981,0.018787,0.0187,0.018618,0.01854,0.018472,0.018409,0.018351,0.018255,0.018174,0.018109,0.018059,0.018029,0.018006,0.017991,0.017964,0.017941,0.017904,0.017853,0.017817,0.017773,0.017724,0.017668,0.017607,0.017539,0.017463,0.017379,0.017273,0.017162,0.017036,0.016899,0.016752,0.016596,0.016423,0.01624,0.016074,0.015901,0.015714,0.015514,0.015119,0.014166,0.013916,0.013699,0.013472,0.013263,0.013081,0.012909,0.01273,0.012573,0.012438,0.012319,0.012217,0.012135,0.01207,0.012022,0.011992,0.011976,0.011975,0.011989,0.012017,0.012062,0.01212,0.012196,0.012276,0.012372,0.012482,0.012606,0.012733,0.012876,0.013444,0.013675,0.013792,0.013898,0.013993,0.014077,0.01417,0.014251,0.014318,0.014372,0.014415,0.014446,0.014466,0.014475,0.014472,0.014458,0.014433,0.014396,0.014349,0.014289,0.014218,0.014134,0.014057,0.013974,0.013877,0.013769,0.013556,0.013026,0.012888,0.012771,0.012653,0.012552,0.012465,0.012388,0.012319,0.012266,0.012225,0.012197,0.012183,0.012183,0.012195,0.01222,0.012251,0.012292,0.012342,0.012401,0.012469,0.012548,0.012636,0.012736,0.01292,0.013144,0.01337,0.013941,0.014091,0.014218,0.014356,0.014474,0.01458,0.014673,0.014763,0.014842,0.014905,0.014956,0.014994,0.015018,0.01503,0.015029,0.015011,0.014978,0.014926,0.014857,0.014772,0.014667,0.014542,0.014401,0.014269,0.014128,0.013972,0.013795,0.01345,0.012807,0.012567,0.012329,0.012126,0.011917,0.011735,0.011574,0.011433,0.011365,0.011302,0.011194,0.011146,0.011106,0.011039,0.010991,0.010973,0.01096,0.010949,0.010957,0.010976,0.011004,0.011045,0.011095,0.011157,0.011232,0.011315,0.011414,0.011594,0.011812,0.012043,0.012753,0.012971,0.013167,0.013372,0.013558,0.013727,0.013874,0.014013,0.014131,0.014227,0.014266,0.014301,0.01433,0.014353,0.014371,0.014383,0.01439,0.014392,0.014388,0.014378,0.014364,0.014346,0.014322,0.014294,0.01426,0.014221,0.014176,0.014129,0.014073,0.014016,0.013953,0.013884,0.013807,0.013728,0.013644,0.01355,0.013456,0.013351,0.013247,0.013132,0.012888,0.012612,0.012334,0.012021,0.011705,0.010882,0.010648,0.01045,0.010229,0.010033,0.0098538,0.0096923,0.0095102,0.0093579,0.0092891,0.0092253,0.0091668,0.0091171,0.0090693,0.0090298,0.0089954,0.0089662,0.0089423,0.0089236,0.0089104,0.0089027,0.0089006,0.0089066,0.0089207,0.0089414,0.0089692,0.0090065,0.0090516,0.0091045,0.009165,0.009233,0.0093082,0.0093955,0.0094904,0.0095926,0.0097017,0.0098241,0.010031,0.010261,0.010514,0.010805,0.011064,0.011366,0.012477,0.012933,0.013169,0.013382,0.013591,0.013785,0.013997,0.014194,0.014383,0.014565,0.014739,0.014904,0.015063,0.015213,0.015356,0.015491,0.01562,0.015746,0.015865,0.015982,0.016092,0.0162,0.016304,0.016403,0.016498,0.016586,0.016671,0.016747,0.016816,0.016877,0.016928,0.016973,0.01701,0.01704,0.017063,0.017079,0.017088,0.017091,0.017086,0.017075,0.017057,0.017032,0.017,0.016961,0.016916,0.016862,0.016808,0.016746,0.016682,0.016608,0.016528,0.016443,0.016348,0.016247,0.016057,0.015832,0.015608,0.015043,0.014891,0.014755,0.014615,0.014488,0.014379,0.014284,0.014181,0.014094,0.014027,0.013978,0.013945,0.01393,0.013932,0.013952,0.013978,0.014013,0.014059,0.014116,0.01418,0.014257,0.014343,0.014442,0.014545,0.014661,0.014789,0.014936,0.015078,0.015243,0.01587,0.016125,0.016378,0.016485,0.016588,0.016705,0.016808,0.016902,0.016983,0.017055,0.017114,0.017167,0.017207,0.017239,0.017263,0.017276,0.01728,0.017274,0.017258,0.017233,0.017198,0.017162,0.017118,0.017069,0.017011,0.016893,0.016601,0.016529,0.016467,0.01641,0.016362,0.016324,0.016297,0.016278,0.01627,0.016272,0.016285,0.016309,0.016343,0.016388,0.016446,0.016506,0.016579,0.016661,0.016752,0.016853,0.016967,0.017091,0.017223,0.017342,0.017473,0.017616,0.017772,0.018071,0.018806,0.018999,0.01917,0.019348,0.019502,0.019639,0.019766,0.019896,0.020004,0.020092,0.020163,0.020216,0.02025,0.020266,0.020264,0.020255,0.02024,0.020219,0.020192,0.020159,0.02012,0.020072,0.020021,0.019964,0.019902,0.019834,0.019755,0.019669,0.019578,0.01948,0.019378,0.019192,0.018993,0.018762,0.018509,0.018277,0.018017,0.01715,0.016832,0.016535,0.01628,0.016029,0.015805,0.015608,0.015437,0.015355,0.015285,0.01522,0.01516,0.015105,0.015055,0.015011,0.014972,0.014939,0.014911,0.014891,0.014874,0.014864,0.014859,0.01486,0.014865,0.014877,0.014895,0.014918,0.014951,0.014986,0.015032,0.015079,0.015138,0.015202,0.015267,0.015344,0.015427,0.015515,0.015609,0.015709,0.015822,0.016017,0.016225,0.016456,0.016721,0.016961,0.017231,0.018144,0.018476,0.018787,0.019064,0.019337,0.019583,0.019791,0.019981,0.020145,0.020219,0.020288,0.020352,0.020411,0.020464,0.020508,0.020551,0.020585,0.020616,0.02064,0.020661,0.020675,0.020683,0.020687,0.020681,0.020654,0.020612,0.020549,0.020469,0.02037,0.02025,0.020111,0.01995,0.019763,0.019561,0.019327,0.019079,0.018799,0.0185,0.017678,0.017425,0.01721,0.016974,0.016758,0.016564,0.016392,0.016292,0.016197,0.016108,0.016032,0.01596,0.015894,0.015834,0.015779,0.01573,0.015686,0.015652,0.01562,0.015594,0.015574,0.015561,0.015553,0.015552,0.015567,0.015595,0.015638,0.015698,0.015773,0.015861,0.015968,0.016088,0.016226,0.016376,0.016551,0.016728,0.016937,0.017754,0.018093,0.018269,0.018429,0.018566,0.018695,0.018837,0.018958,0.019064,0.019154,0.019227,0.019281,0.019319,0.019341,0.019346,0.019336,0.01931,0.019266,0.019206,0.019131,0.019037,0.018929,0.018818,0.018698,0.018563,0.018407,0.018257,0.018088,0.017434,0.017162,0.016892,0.016776,0.016666,0.016544,0.016431,0.016326,0.016234,0.016151,0.016075,0.016008,0.01595,0.015909,0.015871,0.015839,0.015812,0.015791,0.015774,0.015763,0.015755,0.015754,0.015766,0.015788,0.015859,0.015875,0.015883,0.015883,0.015873,0.015852,0.01582,0.015778,0.015724,0.015657,0.015578,0.015503,0.015412,0.015099,0.014991,0.014891,0.014812,0.01474,0.014687,0.014652,0.014635,0.014634,0.014639,0.014651,0.014671,0.014696,0.014729,0.014769,0.014817,0.01487,0.01493,0.014996,0.015073,0.015236,0.015568,0.015703,0.015833,0.01594,0.015995,0.016043,0.016084,0.01612,0.016147,0.016169,0.016184,0.016193,0.016195,0.016191,0.01618,0.016162,0.016137,0.016105,0.016065,0.016019,0.015927,0.015808,0.015685,0.015384,0.015243,0.015178,0.015121,0.015076,0.015037,0.015002,0.014978,0.014963,0.014957,0.01496,0.014974,0.014996,0.015027,0.015072,0.015125,0.015191,0.015268,0.015355,0.015458,0.01557,0.015693,0.015806,0.015931,0.016063,0.016213,0.016498,0.017201,0.017385,0.017541,0.017709,0.017854,0.017981,0.018092,0.018202,0.018292,0.018365,0.018417,0.018451,0.018467,0.018465,0.018445,0.018427,0.018401,0.018372,0.018337,0.018298,0.018253,0.018203,0.018143,0.018083,0.018012,0.017942,0.017861,0.017774,0.017683,0.017587,0.017478,0.017297,0.017096,0.016875,0.016634,0.016414,0.016159,0.01529,0.01497,0.014659,0.01438,0.014106,0.013868,0.013655,0.013552,0.013461,0.013368,0.013282,0.013201,0.013131,0.013062,0.013003,0.01295,0.012902,0.012856,0.01282,0.012789,0.012764,0.012744,0.012729,0.01272,0.012716,0.012721,0.012736,0.012761,0.012798,0.012845,0.012905,0.012974,0.013057,0.01313,0.013213,0.013409,0.013608,0.014121,0.014258,0.014375,0.014495,0.014598,0.01469,0.014773,0.014844,0.014907,0.014961,0.015005,0.015039,0.015066,0.015084,0.015094,0.015095,0.01509,0.015077,0.015057,0.01503,0.014997,0.014955,0.014905,0.014805,0.014679,0.014535,0.014217,0.014077,0.013938,0.013819,0.013695,0.013587,0.013496,0.013418,0.01337,0.013326,0.013286,0.013249,0.013209,0.013173,0.013144,0.013125,0.013116,0.013113,0.013115,0.013124,0.013139,0.01316,0.013188,0.013222,0.013275,0.013342,0.013419,0.013511,0.013613,0.013732,0.013862,0.014009,0.014143,0.014286,0.014449,0.014626,0.014966,0.015739,0.015918,0.016079,0.016226,0.016358,0.016476,0.016579,0.016672,0.016751,0.016818,0.016874,0.016916,0.016946,0.016965,0.016971,0.016968,0.016961,0.016947,0.01693,0.016909,0.01688,0.016847,0.016807,0.016763,0.016713,0.016658,0.016598,0.016534,0.016459,0.016299,0.016149,0.015987,0.015807,0.015601,0.015418,0.015205,0.014494,0.014243,0.014008,0.0138,0.013605,0.013431,0.013278,0.013148,0.013034,0.012939,0.012866,0.012811,0.012791,0.012776,0.012761,0.01276,0.012765,0.012789,0.012811,0.012843,0.012878,0.012924,0.012976,0.013032,0.013098,0.013172,0.013253,0.013341,0.013435,0.013536,0.013643,0.013765,0.013884,0.014019,0.014254,0.014515,0.014802,0.015114,0.0154,0.015732,0.016841,0.017266,0.017666,0.018014,0.018199,0.018366,0.018528,0.018683,0.018823,0.018956,0.019082,0.019202,0.019323,0.019429,0.019534,0.019624,0.019706,0.01978,0.019847,0.019905,0.019956,0.019998,0.020032,0.020058,0.020076,0.020086,0.020089,0.020083,0.02006,0.020021,0.019963,0.019888,0.019798,0.019687,0.019556,0.019411,0.019274,0.019127,0.018966,0.018782,0.018421,0.017665,0.017347,0.017025,0.016749,0.016593,0.01645,0.016313,0.016189,0.016071,0.015953,0.015842,0.015737,0.015593,0.015458,0.015332,0.015207,0.015107,0.015005,0.014663,0.014513,0.014343,0.014164,0.013975,0.013757,0.013545,0.013044,0.012811,0.012696,0.012596,0.012511,0.012435,0.012387,0.012346,0.012311,0.012281,0.012257,0.012239,0.012227,0.012221,0.01222,0.012225,0.012236,0.012253,0.012276,0.012304,0.012338,0.01238,0.012466,0.012572,0.012699,0.012851,0.013001,0.013172,0.013351,0.013806,0.014045,0.014168,0.014273,0.014367,0.014449,0.014537,0.014612,0.014671,0.014714,0.014745,0.014762,0.014765,0.014753,0.014728,0.014687,0.014632,0.01456,0.014472,0.01437,0.014249,0.014114,0.013992,0.013856,0.013704,0.013538,0.013211,0.012434,0.012238,0.012071,0.011905,0.011763,0.011638,0.011523,0.011425,0.01134,0.011267,0.01121,0.011167,0.011138,0.011121,0.011118,0.011125,0.011141,0.011164,0.011193,0.011232,0.011276,0.011327,0.01139,0.011461,0.011535,0.011621,0.011716,0.011818,0.011928,0.012046,0.01217,0.012302,0.01245,0.012595,0.012757,0.012925,0.013112,0.013305,0.013504,0.013709,0.013919,0.014391,0.014892,0.015881,0.016287,0.016699,0.017073,0.017485,0.017671,0.017851,0.018015,0.018174,0.018328,0.018476,0.018648,0.018811,0.018965,0.019102,0.01923,0.019349,0.01946,0.019561,0.019654,0.019737,0.019812,0.019877,0.019934,0.019982,0.020021,0.020053,0.020081,0.020094,0.020091,0.020072,0.020038,0.019987,0.019922,0.019838,0.019764,0.019675,0.019574,0.019462,0.019239,0.018788,0.018599,0.018417,0.018255,0.01809,0.017948,0.017822,0.017712,0.017636,0.017567,0.017504,0.017446,0.017403,0.01736,0.017237,0.017186,0.01713,0.017069,0.016995,0.016912,0.016817,0.016712,0.01657,0.016409,0.016226,0.016021,0.015811,0.015568,0.015321,0.01466,0.014469,0.014299,0.014118,0.013957,0.013812,0.013687,0.013615,0.013547,0.013485,0.013432,0.013383,0.013339,0.0133,0.013266,0.013238,0.013216,0.013198,0.013186,0.013178,0.013176,0.013179,0.013187,0.013202,0.013222,0.013248,0.013281,0.013319,0.013365,0.013415,0.013473,0.013592,0.013738,0.013898,0.01436,0.014497,0.014614,0.014737,0.014843,0.01493,0.015002,0.015058,0.015101,0.015131,0.015148,0.015152,0.015149,0.015113,0.015105,0.015108,0.015124,0.015158,0.015181,0.015209,0.015243,0.01528,0.015322,0.01537,0.015422,0.015483,0.015549,0.015621,0.015698,0.015784,0.015875,0.015976,0.016155,0.016368,0.016581,0.017108,0.017378,0.01751,0.017628,0.017735,0.017836,0.017939,0.018033,0.018114,0.018185,0.018246,0.018295,0.018335,0.018366,0.018392,0.018404,0.018403,0.018388,0.018367,0.018337,0.018204,0.018155,0.018119,0.0181,0.018099,0.018113,0.018138,0.01821,0.018224,0.018232,0.018234,0.018228,0.018214,0.01819,0.018142,0.018111,0.018075,0.017988,0.017881,0.017771,0.01764,0.017506,0.017192,0.017042,0.016972,0.01691,0.016857,0.016813,0.016768,0.016737,0.016717,0.016708,0.016712,0.016727,0.016755,0.016793,0.01683,0.016871,0.016921,0.016975,0.017035,0.017102,0.01718,0.01726,0.017346,0.017446,0.017546,0.017659,0.017771,0.017898,0.018032,0.018172,0.018418,0.018692,0.018991,0.019317,0.019619,0.019953,0.021055,0.021443,0.021808,0.022136,0.022448,0.022596,0.022729,0.022858,0.022971,0.023089,0.023193,0.023299,0.023391,0.023478,0.023559,0.023634,0.023703,0.023765,0.023817,0.023867,0.023906,0.023944,0.023972,0.023994,0.024011,0.024022,0.024025,0.024023,0.024015,0.024001,0.023979,0.02395,0.023918,0.02388,0.023832,0.023782,0.023722,0.023656,0.023584,0.023505,0.023422,0.023332,0.023238,0.023052,0.02285,0.022615,0.022355,0.022106,0.021814,0.020748,0.02033,0.020111,0.01991,0.019727,0.019551,0.019358,0.019186,0.019028,0.01889,0.018765,0.01866,0.018563,0.018485,0.018444,0.018405,0.018375,0.01835,0.01833,0.018315,0.018305,0.018301,0.018301,0.018306,0.018316,0.018333,0.018353,0.01838,0.018412,0.01845,0.018535,0.018636,0.018758,0.018906,0.019054,0.019224,0.019409,0.019898,0.020164,0.0203,0.020421,0.020522,0.020613,0.02071,0.020786,0.020845,0.020885,0.020907,0.020912,0.020898,0.020868,0.020818,0.020752,0.020665,0.020559,0.020436,0.020288,0.020123,0.019932,0.019763,0.019583,0.019384,0.019155,0.018951,0.01872,0.017956,0.017678,0.017419,0.017189,0.016961,0.016765,0.016591,0.016431,0.016286,0.016164,0.016059,0.015971,0.015904,0.015854,0.015822,0.015807,0.015808,0.015817,0.015834,0.015859,0.015892,0.015934,0.015984,0.016043,0.016109,0.016183,0.016266,0.016356,0.016453,0.016567,0.01668,0.01681,0.016937,0.017071,0.01721,0.017355,0.017519,0.017689,0.017864,0.018058,0.018418,0.018837,0.019267,0.020387,0.020722,0.021005,0.021323,0.021615,0.021879,0.022118,0.022261,0.022386,0.022507,0.022622,0.02273,0.022833,0.02293,0.023012,0.023089,0.023167,0.023238,0.023296,0.023353,0.023399,0.023439,0.023473,0.023505,0.023527,0.023542,0.023548,0.023546,0.023534,0.023514,0.023486,0.023448,0.023402,0.023348,0.023285,0.023214,0.023128,0.023041,0.022939,0.022837,0.022728,0.022613,0.022491,0.022353,0.022209,0.022059,0.021891,0.021565,0.021197,0.020803,0.019756,0.019447,0.019173,0.018872,0.01861,0.018375,0.018165,0.018038,0.017927,0.017822,0.017724,0.017633,0.017556,0.017479,0.017415,0.017352,0.017302,0.017258,0.017218,0.017189,0.017166,0.01715,0.017141,0.01714,0.017146,0.017158,0.017177,0.017204,0.017236,0.017276,0.017326,0.017379,0.017444,0.017509,0.017587,0.017672,0.017764,0.017861,0.017974,0.018159,0.018369,0.018604,0.018874,0.01912,0.019398,0.020327,0.020682,0.021013,0.021306,0.021457,0.021592,0.021722,0.021837,0.021947,0.022051,0.02215,0.022243,0.02233,0.02241,0.022484,0.022545,0.022606,0.022655,0.022698,0.022735,0.022768,0.022792,0.02281,0.022821,0.022826,0.022824,0.022817,0.022801,0.02276,0.022701,0.022624,0.022524,0.022405,0.022268,0.022106,0.021927,0.021742,0.021534,0.021302,0.021036,0.020781,0.020483,0.019327,0.018847,0.018592,0.018369,0.018155,0.017961,0.01774,0.017544,0.017372,0.017215,0.017075,0.016952,0.016846,0.016762,0.01669,0.016637,0.016601,0.016581,0.01658,0.016596,0.016629,0.016681,0.016745,0.016826,0.016924,0.017038,0.017159,0.017303,0.017889,0.018016,0.018127,0.018247,0.018348,0.018436,0.018515,0.018595,0.018656,0.018701,0.018728,0.018739,0.018733,0.018711,0.018671,0.018617,0.018548,0.018463,0.018359,0.01824,0.018107,0.017952,0.017785,0.01762,0.017438,0.017238,0.017021,0.016815,0.016577,0.015647,0.01526,0.015054,0.01487,0.014692,0.014528,0.014338,0.014166,0.014002,0.013854,0.013715,0.013585,0.013464,0.013353,0.013238,0.013134,0.013041,0.012957,0.012883,0.012818,0.012763,0.012715,0.012677,0.012646,0.012621,0.012603,0.01259,0.012581,0.012576,0.012582,0.012598,0.012612,0.012631,0.012655,0.012683,0.01272,0.012763,0.012813,0.01287,0.012935,0.013007,0.013087,0.013176,0.013266,0.013363,0.013469,0.013582,0.013702,0.013836,0.013977,0.014125,0.014405,0.01473,0.015055,0.015886,0.016115,0.01631,0.016523,0.016713,0.016886,0.017041,0.017209,0.017353,0.017479,0.017535,0.017586,0.01767,0.017707,0.017739,0.017788,0.017818,0.01783,0.017824,0.017798,0.017753,0.017701,0.017634,0.017388,0.017303,0.017233,0.017181,0.017147,0.017128,0.017123,0.017133,0.017146,0.017164,0.017187,0.017215,0.017249,0.017289,0.017386,0.017483,0.017604,0.01773,0.018038,0.018188,0.018258,0.01832,0.018374,0.018419,0.018463,0.018498,0.018523,0.018537,0.018542,0.018538,0.018523,0.018499,0.01846,0.01841,0.018347,0.018269,0.018183,0.018081,0.017964,0.017835,0.017717,0.017587,0.017444,0.017289,0.016984,0.01622,0.016016,0.015839,0.015661,0.015501,0.01536,0.015242,0.015182,0.015127,0.015077,0.015032,0.014994,0.014963,0.014935,0.014915,0.014901,0.014892,0.014889,0.014892,0.0149,0.014914,0.014934,0.014959,0.014988,0.015022,0.015061,0.015109,0.015161,0.015216,0.015274,0.015343,0.015489,0.015659,0.015855,0.016075,0.016267,0.016485,0.016721,0.016984,0.01722,0.017488,0.018409,0.01876,0.019102,0.019407,0.019713,0.019986,0.020232,0.020345,0.020452,0.02056,0.020657,0.020753,0.020838,0.020922,0.020995,0.021062,0.021123,0.021178,0.021227,0.02127,0.021306,0.021336,0.02136,0.021379,0.021391,0.021398,0.02139,0.021367,0.02133,0.021278,0.021211,0.021129,0.021028,0.020937,0.020834,0.020721,0.020592,0.020343,0.01971,0.019544,0.019403,0.019262,0.019139,0.019034,0.018939,0.018861,0.018794,0.01874,0.018698,0.018667,0.018647,0.01864,0.018644,0.018659,0.018687,0.018726,0.018776,0.01884,0.018914,0.019002,0.019101,0.019201,0.019317,0.019445,0.019585,0.019881,0.020476,0.020717,0.020955,0.021154,0.021261,0.02136,0.021448,0.021525,0.021595,0.021653,0.021703,0.021745,0.021784,0.021811,0.021825,0.021827,0.021816,0.021792,0.021756,0.021706,0.02165,0.021583,0.021503,0.02141,0.021317,0.021207,0.020791,0.020628,0.020474,0.02041,0.020352,0.020292,0.020241,0.0202,0.020169,0.020148,0.020138,0.020137,0.020145,0.020164,0.020194,0.020234,0.020286,0.020347,0.02042,0.020506,0.020602,0.020691,0.020786,0.020896,0.021015,0.021248,0.02181,0.021949,0.022073,0.022194,0.022302,0.022395,0.022474,0.022549,0.022612,0.02266,0.022693,0.022713,0.02272,0.022714,0.022694,0.022673,0.022646,0.022614,0.022575,0.02253,0.02248,0.022423,0.022356,0.022288,0.022209,0.022129,0.022038,0.02194,0.021838,0.021729,0.021609,0.021403,0.021177,0.020929,0.020654,0.020403,0.020119,0.01913,0.018754,0.018389,0.018073,0.017905,0.01775,0.017601,0.017465,0.017334,0.01721,0.017098,0.016991,0.016885,0.016785,0.016693,0.016608,0.016529,0.016458,0.016394,0.016337,0.016287,0.016244,0.016209,0.01618,0.016157,0.016141,0.016132,0.016129,0.016133,0.016146,0.016168,0.016197,0.016236,0.016284,0.016341,0.016407,0.01653,0.016683,0.016844,0.017323,0.017472,0.017601,0.01774,0.017862,0.017974,0.018074,0.01817,0.018254,0.018327,0.01839,0.018442,0.018482,0.01851,0.018526,0.01853,0.018522,0.018502,0.018471,0.018427,0.018371,0.018302,0.018221,0.018142,0.018054,0.017956,0.017846,0.017626,0.017126,0.017015,0.016918,0.016828,0.016754,0.01669,0.016639,0.016594,0.016562,0.01654,0.016531,0.016534,0.016548,0.016575,0.016612,0.01667,0.016742,0.016832,0.016938,0.017059,0.0172,0.017355,0.017535,0.017696,0.017866,0.018056,0.01826,0.01866,0.019611,0.019849,0.020054,0.020256,0.020441,0.020604,0.020749,0.020882,0.021001,0.021102,0.021185,0.021253,0.021305,0.021343,0.021365,0.021371,0.021371,0.021365,0.021354,0.021338,0.021314,0.021285,0.02125,0.021209,0.021164,0.021112,0.021054,0.020991,0.020918,0.020843,0.020759,0.020597,0.020419,0.020215,0.019991,0.019769,0.019518,0.018587,0.018221,0.018032,0.017856,0.017699,0.017557,0.017394,0.017249,0.017117,0.017001,0.016899,0.016813,0.01674,0.016679,0.016633,0.016599,0.016577,0.016566,0.016567,0.016579,0.016603,0.016638,0.016679,0.016728,0.016787,0.016857,0.017007,0.017322,0.017446,0.017566,0.01766,0.017707,0.017747,0.017779,0.017804,0.017822,0.017834,0.017838,0.017836,0.017827,0.017811,0.01779,0.01776,0.017724,0.017682,0.017632,0.017576,0.017466,0.017333,0.017197,0.016864,0.016711,0.01658,0.016477,0.016434,0.016398,0.016368,0.016344,0.016326,0.016312,0.016305,0.016303,0.016312,0.016338,0.016379,0.016436,0.016509,0.016601,0.016709,0.016833,0.016975,0.017131,0.017312,0.01751,0.01772,0.017957,0.018215,0.018966,0.019195,0.019398,0.019623,0.019826,0.020006,0.020175,0.020363,0.020528,0.020674,0.020801,0.02091,0.021002,0.021077,0.021135,0.021164,0.021187,0.021202,0.02121,0.021211,0.021205,0.021192,0.021172,0.021146,0.021112,0.021071,0.021023,0.020968,0.020909,0.020841,0.020769,0.020698,0.020624,0.020542,0.020458,0.020369,0.020272,0.020169,0.020058,0.019854,0.01962,0.019389,0.018847,0.018585,0.018454,0.018343,0.018241,0.01815,0.018049,0.017963,0.017892,0.017835,0.017792,0.017764,0.017747,0.017745,0.017752,0.017767,0.01779,0.017821,0.01786,0.017908,0.017963,0.018029,0.018095,0.018166,0.01825,0.018342,0.018534,0.018926,0.019082,0.019238,0.019371,0.019442,0.019504,0.019562,0.019611,0.019656,0.019695,0.019728,0.019756,0.019778,0.019794,0.019805,0.01981,0.019811,0.019806,0.019795,0.019779,0.019741,0.019688,0.01963,0.01948,0.019412,0.019361,0.019332,0.019325,0.019324,0.019328,0.019339,0.019357,0.019379,0.019409,0.019444,0.019482,0.019526,0.019575,0.019629,0.019688,0.019756,0.019906,0.020055,0.020229,0.020407,0.020833,0.021046,0.021151,0.021241,0.021322,0.021392,0.021466,0.021531,0.021583,0.021624,0.021654,0.021675,0.021685,0.021685,0.021678,0.021666,0.021648,0.021627,0.021598,0.021566,0.021527,0.021482,0.021431,0.021375,0.021313,0.021247,0.021175,0.021092,0.02101,0.020917,0.020758,0.02058,0.020383,0.020159,0.019959,0.019727,0.018943,0.018656,0.018387,0.018154,0.017926,0.017722,0.017547,0.017389,0.017249,0.017133,0.017034,0.016958,0.016899,0.016857,0.016834,0.016829,0.016836,0.016849,0.01687,0.0169,0.016937,0.016981,0.017034,0.017094,0.017218,0.017376,0.017546,0.01805,0.018198,0.01832,0.018448,0.018556,0.018643,0.01871,0.01876,0.018792,0.018807,0.018805,0.018791,0.018764,0.01873,0.018642,0.018604,0.018591,0.018583,0.018581,0.018584,0.018594,0.018613,0.018639,0.018673,0.018717,0.018767,0.018826,0.018893,0.018983,0.019085,0.0192,0.019332,0.019471,0.019629,0.019799,0.019988,0.020154,0.020336,0.020534,0.020748,0.021163,0.02217,0.022439,0.02268,0.022927,0.023145,0.023339,0.023512,0.023605,0.023693,0.023775,0.023845,0.02391,0.02397,0.024024,0.024071,0.024113,0.024149,0.024179,0.024202,0.02422,0.02423,0.024235,0.024234,0.024221,0.024193,0.024151,0.024094,0.024025,0.023937,0.023836,0.023717,0.023584,0.023433,0.023263,0.023066,0.022867,0.022644,0.021734,0.021532,0.021351,0.021154,0.02098,0.020823,0.020676,0.020515,0.020371,0.020249,0.020148,0.020061,0.019993,0.019943,0.01991,0.019895,0.019894,0.019911,0.019944,0.019994,0.020062,0.020146,0.020247,0.02034,0.020445,0.020562,0.020697,0.020962,0.021461,0.021664,0.02186,0.02203,0.022203,0.022352,0.022486,0.022601,0.022699,0.022784,0.022855,0.022913,0.022957,0.02299,0.023011,0.02302,0.023018,0.023007,0.022986,0.022954,0.022906,0.022855,0.022806,0.022755,0.022709,0.02266,0.022604,0.022543,0.022475,0.022399,0.022314,0.022224,0.022131,0.022034,0.021924,0.02181,0.021688,0.021552,0.021408,0.021249,0.021109,0.020963,0.020637,0.02031,0.019546,0.019181,0.019004,0.018848,0.018707,0.018579,0.018444,0.018327,0.018221,0.018133,0.018057,0.017997,0.017947,0.017913,0.01789,0.017883,0.017891,0.017915,0.017955,0.018011,0.018084,0.018172,0.018257,0.01835,0.01846,0.018584,0.018827,0.01943,0.019576,0.019705,0.01983,0.019934,0.020023,0.0201,0.02016,0.020208,0.020242,0.02026,0.020265,0.020255,0.02023,0.020193,0.020135,0.020062,0.019973,0.019864,0.019739,0.019598,0.019436,0.019251,0.019068,0.018865,0.018642,0.0184,0.018159,0.017882,0.016786,0.016326,0.016076,0.015852,0.015643,0.015452,0.015229,0.015026,0.014837,0.01466,0.014496,0.014345,0.014208,0.014083,0.013987,0.013895,0.013809,0.013731,0.013659,0.013593,0.013529,0.013472,0.013371,0.013153,0.013026,0.012879,0.01256,0.012493,0.012438,0.012381,0.012341,0.012316,0.012308,0.012317,0.012342,0.012384,0.012444,0.012521,0.012618,0.012732,0.012866,0.01299,0.013133,0.013291,0.013468,0.013632,0.013821,0.014574,0.014913,0.015263,0.01559,0.015851,0.016128,0.017023,0.017825,0.01806,0.018245,0.018395,0.018458,0.018516,0.018566,0.018609,0.018646,0.018678,0.018703,0.018722,0.018734,0.01874,0.018739,0.018731,0.018714,0.018691,0.018659,0.01862,0.018573,0.018518,0.018455,0.018384,0.018305,0.018217,0.018122,0.018012,0.0179,0.017774,0.01767,0.017553,0.017431,0.017304,0.017026,0.01672,0.01644,0.016118,0.015799,0.015047,0.014689,0.014353,0.014063,0.013925,0.013792,0.013664,0.013551,0.013443,0.013348,0.013253,0.01317,0.013087,0.013017,0.012954,0.012898,0.012848,0.012809,0.012773,0.012747,0.012726,0.012714,0.012709,0.01271,0.012718,0.012735,0.012758,0.012787,0.012827,0.012876,0.012932,0.012997,0.013069,0.01315,0.013239,0.013335,0.013439,0.01355,0.013669,0.013804,0.013948,0.014099,0.014257,0.014422,0.014721,0.015037,0.015382,0.015771,0.016128,0.016524,0.017908,0.018415,0.018909,0.019341,0.019563,0.019779,0.019975,0.020165,0.020348,0.020511,0.020679,0.020829,0.020981,0.021115,0.02125,0.021368,0.021485,0.021586,0.021678,0.021762,0.021837,0.021904,0.021962,0.022011,0.022052,0.022084,0.022108,0.022124,0.022129,0.02213,0.022125,0.022115,0.022099,0.022077,0.02205,0.022017,0.02198,0.021934,0.021886,0.02183,0.021768,0.021702,0.021549,0.021412,0.021257,0.021086,0.02089,0.02071,0.020509,0.019785,0.019501,0.019211,0.018965,0.018712,0.018492,0.018296,0.018208,0.01812,0.017968,0.017835,0.017722,0.017626,0.017547,0.017483,0.017435,0.017403,0.017392,0.017385,0.017386,0.017405,0.017447,0.017592,0.017733,0.017796,0.017845,0.017897,0.017956,0.018022,0.01811,0.018209,0.018324,0.018455,0.018589,0.018743,0.019406,0.019561,0.019701,0.019856,0.019999,0.020135,0.020271,0.020494,0.020787,0.021013,0.021092,0.021158,0.021209,0.021251,0.021286,0.021313,0.021333,0.021347,0.021353,0.021353,0.021338,0.021323,0.021303,0.021279,0.02125,0.021216,0.021176,0.021131,0.021083,0.02103,0.020969,0.020902,0.020833,0.020759,0.020676,0.020509,0.020319,0.020106,0.01987,0.019641,0.019373,0.019104,0.018414,0.018055,0.017865,0.017698,0.017545,0.017407,0.017252,0.017117,0.017002,0.016902,0.016819,0.016755,0.016707,0.016676,0.016662,0.016662,0.016676,0.016706,0.01675,0.016807,0.016879,0.016966,0.017057,0.017163,0.017283,0.017417,0.017547,0.0177,0.018281,0.018509,0.018734,0.018833,0.018922,0.019022,0.019109,0.019183,0.019248,0.019303,0.019347,0.01938,0.019405,0.01942,0.019424,0.019415,0.019394,0.01936,0.019314,0.019257,0.019185,0.019101,0.019004,0.018892,0.018765,0.018636,0.018484,0.017888,0.017641,0.017517,0.017404,0.017304,0.017215,0.017117,0.017035,0.016967,0.016914,0.016874,0.016848,0.016836,0.016837,0.016847,0.016865,0.016892,0.016928,0.016973,0.017026,0.017088,0.017159,0.017231,0.017312,0.017402,0.017506,0.017722,0.018159,0.018342,0.01852,0.018672,0.018755,0.018829,0.018898,0.018957,0.01901,0.019058,0.019099,0.019132,0.019163,0.019186,0.019202,0.01921,0.019211,0.019205,0.019192,0.019171,0.019146,0.019113,0.019074,0.019026,0.01892,0.018689,0.018596,0.018507,0.018441,0.01841,0.018384,0.018366,0.018354,0.018349,0.01835,0.018357,0.018371,0.018391,0.018419,0.018452,0.018493,0.01854,0.018593,0.018654,0.018723,0.018852,0.019011,0.019169,0.019561,0.019754,0.019845,0.019925,0.019997,0.020063,0.020124,0.020175,0.020219,0.020254,0.02028,0.020298,0.020308,0.02031,0.020299,0.020273,0.020232,0.020177,0.020106,0.020019,0.019916,0.0198,0.019662,0.019501,0.019321,0.019117,0.018907,0.01867,0.01842,0.017749,0.017555,0.017383,0.017191,0.017024,0.016872,0.016739,0.01659,0.016463,0.016358,0.016274,0.016239,0.01621,0.016166,0.016151,0.01614,0.016135,0.016143,0.016161,0.016188,0.016225,0.016271,0.016328,0.016395,0.016473,0.016557,0.016647,0.016753,0.016869,0.017114,0.017613,0.017811,0.018011,0.018173,0.018261,0.018338,0.018405,0.018464,0.018515,0.018556,0.01859,0.018615,0.018632,0.01864,0.01864,0.01863,0.018611,0.018583,0.018547,0.0185,0.018455,0.018402,0.018276,0.018138,0.017801,0.017719,0.017647,0.01758,0.017523,0.017477,0.017442,0.017413,0.017398,0.017397,0.017409,0.017434,0.017472,0.017524,0.01759,0.017677,0.017782,0.017904,0.018048,0.01821,0.018389,0.018593,0.018812,0.01901,0.019226,0.019463,0.019718,0.019949,0.020218,0.021105,0.021429,0.021746,0.022022,0.022304,0.022552,0.022774,0.022978,0.02308,0.023175,0.023265,0.023342,0.023419,0.023484,0.023542,0.023595,0.023641,0.023681,0.023714,0.02374,0.02376,0.023773,0.023779,0.023779,0.023772,0.02376,0.02374,0.023713,0.023683,0.023644,0.023598,0.023547,0.023489,0.023425,0.023355,0.023273,0.023191,0.023098,0.022998,0.022893,0.0227,0.022484,0.022236,0.021964,0.021702,0.02141,0.020321,0.019871,0.019638,0.019421,0.01922,0.019036,0.018825,0.018634,0.018453,0.018292,0.018141,0.018003,0.017876,0.01776,0.017665,0.01758,0.017504,0.017434,0.017373,0.017322,0.017277,0.017241,0.017216,0.017195,0.017179,0.017169,0.017162,0.01717,0.017169,0.017156,0.01713,0.017108,0.01708,0.017046,0.017006,0.016961,0.016909,0.016851,0.016787,0.016719,0.016642,0.016558,0.016467,0.016371,0.016264,0.016151,0.016027,0.015806,0.015554,0.015298,0.014692,0.014388,0.014114,0.013993,0.013882,0.013772,0.013674,0.013582,0.0135,0.013425,0.013356,0.013294,0.013242,0.013176,0.013125,0.013087,0.013064,0.013054,0.013059,0.013078,0.01311,0.013153,0.013209,0.013279,0.013363,0.013452,0.013558,0.01399,0.014165,0.014251,0.014327,0.01439,0.014446,0.014501,0.014542,0.014568,0.014582,0.014581,0.014568,0.014541,0.014501,0.014447,0.014378,0.014295,0.014198,0.014085,0.013958,0.013815,0.013659,0.013521,0.013363,0.013193,0.013004,0.012642,0.01175,0.011523,0.011322,0.011118,0.010937,0.010773,0.010631,0.010494,0.010372,0.010271,0.01019,0.010125,0.010078,0.010048,0.010037,0.010041,0.010061,0.010095,0.010146,0.010211,0.010292,0.010389,0.0105,0.010606,0.010721,0.010853,0.010998,0.011283,0.011961,0.01213,0.012276,0.012417,0.012539,0.01265,0.012741,0.012822,0.012887,0.012938,0.012972,0.012992,0.012997,0.012987,0.012963,0.01292,0.01286,0.012783,0.012685,0.012574,0.012443,0.012289,0.01212,0.011965,0.011799,0.01161,0.011404,0.011216,0.011006,0.010039,0.0097995,0.0095848,0.0093806,0.0091958,0.0090309,0.0088859,0.0087553,0.0086402,0.0085456,0.0084671,0.0084056,0.0083633,0.0083375,0.0083286,0.0083328,0.0083463,0.0083706,0.008403,0.0084445,0.008495,0.0085546,0.0086277,0.0087054,0.0087974,0.0088987,0.0090093,0.0091286,0.0092565,0.0094008,0.0095537,0.0096784,0.0098172,0.01011,0.010431,0.010802,0.011142,0.011526,0.012912,0.013475,0.013762,0.014019,0.014271,0.014505,0.014762,0.014999,0.015227,0.015444,0.015643,0.015832,0.01601,0.016179,0.016343,0.016497,0.016639,0.016771,0.016891,0.017006,0.017105,0.017198,0.01728,0.017355,0.017419,0.017473,0.017516,0.017551,0.017576,0.01759,0.017595,0.017588,0.017569,0.01754,0.017499,0.017448,0.017385,0.017313,0.01723,0.017136,0.017029,0.016915,0.016789,0.016651,0.0165,0.016338,0.016184,0.016013,0.01584,0.015649,0.015449,0.01523,0.015,0.014762,0.014545,0.014312,0.014062,0.013796,0.013284,0.011996,0.01165,0.011344,0.011008,0.010717,0.010452,0.010212,0.010067,0.0099372,0.0098148,0.0097067,0.0096055,0.0095117,0.0094253,0.0093465,0.0092755,0.0092125,0.0091606,0.0091131,0.0090738,0.0090442,0.0090218,0.0090058,0.0089969,0.0090004,0.0090159,0.0090447,0.009086,0.0091391,0.0092068,0.009286,0.0093758,0.0094801,0.009599,0.0097377,0.0098792,0.010045,0.010699,0.010967,0.011108,0.011231,0.011342,0.011444,0.011554,0.011647,0.011728,0.011791,0.011842,0.011879,0.011901,0.01191,0.011904,0.011883,0.011848,0.011798,0.011732,0.011651,0.011554,0.01144,0.011336,0.011226,0.011098,0.010954,0.010677,0.0099546,0.0097536,0.0095826,0.009406,0.009251,0.0091125,0.0089864,0.0088765,0.0087818,0.0086984,0.008624,0.008561,0.0085072,0.0084627,0.0084274,0.0084033,0.008385,0.0083722,0.0083644,0.0083608,0.0083637,0.0083563,0.0083602,0.0083725,0.0083945,0.0084267,0.0084693,0.0085244,0.0085918,0.0086748,0.0087544,0.0088474,0.0091599,0.0092612,0.0093505,0.0094228,0.009483,0.0095306,0.0095653,0.009588,0.0095979,0.0095975,0.0095869,0.0095654,0.0095396,0.0095051,0.0093382,0.0093064,0.0092859,0.0092759,0.0092797,0.0092979,0.0093295,0.0093552,0.0093865,0.0094237,0.0094668,0.0095162,0.0095684,0.0096263,0.0096899,0.0097594,0.0098347,0.0099158,0.010008,0.010101,0.010206,0.01031,0.010427,0.010632,0.010851,0.011101,0.011372,0.011618,0.011899,0.012831,0.013154,0.013457,0.013722,0.013981,0.014208,0.01441,0.014587,0.014671,0.014745,0.014878,0.014938,0.014992,0.015041,0.015085,0.015124,0.015157,0.015186,0.015207,0.015224,0.015236,0.015243,0.015246,0.01524,0.015222,0.015194,0.015153,0.0151,0.015038,0.014961,0.014874,0.014777,0.014667,0.014549,0.014411,0.014273,0.014117,0.013504,0.013246,0.013115,0.012994,0.012885,0.012787,0.012677,0.012577,0.012491,0.01242,0.012358,0.012307,0.012268,0.012239,0.012219,0.012216,0.012228,0.012257,0.012303,0.012364,0.012442,0.012539,0.012629,0.012732,0.012848,0.012976,0.013229,0.01387,0.014037,0.01418,0.014319,0.014438,0.014541,0.014633,0.014706,0.014768,0.014816,0.014853,0.014878,0.014891,0.014893,0.014883,0.014861,0.014826,0.014781,0.014723,0.014653,0.01457,0.014474,0.014364,0.014271,0.014164,0.013921,0.013669,0.012938,0.012714,0.012516,0.012302,0.012109,0.011928,0.01176,0.011601,0.011454,0.011316,0.011188,0.011072,0.01097,0.010881,0.010808,0.010756,0.010714,0.010683,0.010662,0.010651,0.01065,0.010658,0.010677,0.010702,0.010734,0.010775,0.010824,0.01093,0.011136,0.011211,0.011279,0.011331,0.011376,0.011402,0.011409,0.011397,0.011383,0.011363,0.011338,0.011308,0.011272,0.011231,0.011182,0.011129,0.011026,0.010902,0.010776,0.010474,0.010329,0.010205,0.010108,0.010066,0.010031,0.010002,0.0099798,0.0099641,0.0099546,0.0099515,0.0099548,0.0099648,0.0099823,0.010007,0.010039,0.010077,0.010125,0.010179,0.010239,0.010357,0.010499,0.010649,0.011005,0.011173,0.01125,0.011316,0.011377,0.011428,0.011476,0.011515,0.011546,0.011568,0.011583,0.011591,0.011591,0.011583,0.011564,0.011534,0.011493,0.011441,0.011379,0.011303,0.011217,0.011116,0.011024,0.010927,0.010818,0.010693,0.010453,0.0098909,0.0097542,0.0096336,0.0095191,0.0094167,0.0093263,0.009248,0.0091777,0.0091191,0.009069,0.00903,0.0089995,0.0089778,0.0089655,0.0089626,0.0089684,0.0089819,0.0090034,0.0090308,0.0090681,0.0091103,0.0091597,0.0092206,0.0092849,0.0093616,0.0094406,0.0095328,0.009633,0.0097408,0.0098561,0.0099786,0.010099,0.010235,0.010368,0.010516,0.010669,0.010829,0.011004,0.011184,0.011535,0.011937,0.012361,0.013499,0.013834,0.014136,0.014463,0.014755,0.015023,0.015276,0.01542,0.015549,0.015681,0.015799,0.015911,0.016017,0.016116,0.01621,0.016298,0.016379,0.016448,0.016517,0.01658,0.016636,0.016686,0.01673,0.01678,0.016819,0.016847,0.016866,0.016874,0.016872,0.016859,0.016836,0.016807,0.01677,0.016726,0.016672,0.016549,0.016281,0.016172,0.01607,0.015991,0.015954,0.015924,0.015901,0.015886,0.015878,0.015877,0.015884,0.015898,0.015917,0.015942,0.015973,0.016011,0.016056,0.016107,0.016163,0.016227,0.016368,0.016537,0.016727,0.017116,0.017279,0.017443,0.017579,0.017723,0.017785,0.01784,0.01789,0.017934,0.017972,0.018006,0.018035,0.018059,0.018078,0.018091,0.018099,0.018101,0.018097,0.018088,0.018059,0.018011,0.01795,0.017768,0.01772,0.017685,0.017657,0.017645,0.01765,0.01767,0.017707,0.01776,0.017831,0.017921,0.018008,0.018115,0.01847,0.018587,0.01869,0.018774,0.018841,0.018891,0.018928,0.01895,0.018958,0.018955,0.01894,0.018914,0.018878,0.018829,0.018768,0.018696,0.018611,0.018516,0.018403,0.018276,0.018145,0.017999,0.017421,0.017188,0.017066,0.01696,0.016865,0.016781,0.016688,0.01661,0.016544,0.016493,0.016455,0.016429,0.016416,0.016417,0.016429,0.016454,0.016491,0.016541,0.016603,0.016679,0.016771,0.016873,0.016969,0.017072,0.017189,0.017317,0.017572,0.018257,0.018444,0.018608,0.018779,0.018927,0.019054,0.019165,0.019268,0.019313,0.019352,0.019386,0.019416,0.01944,0.019459,0.019473,0.019482,0.019486,0.019486,0.01947,0.019434,0.01939,0.019331,0.019257,0.01917,0.019069,0.018949,0.018815,0.018666,0.018531,0.018381,0.018221,0.018041,0.017694,0.016893,0.016693,0.016521,0.016348,0.016196,0.016061,0.01594,0.015823,0.015725,0.01564,0.01557,0.015515,0.015474,0.015448,0.015437,0.01544,0.015457,0.015488,0.015534,0.015595,0.015671,0.015762,0.015869,0.015966,0.016079,0.016204,0.01634,0.016611,0.017299,0.017477,0.017634,0.017788,0.017926,0.018046,0.018145,0.018236,0.018307,0.01836,0.018393,0.018409,0.018406,0.018386,0.018347,0.018319,0.018285,0.018246,0.018203,0.018154,0.018098,0.018037,0.017971,0.017901,0.017821,0.017653,0.017461,0.017243,0.017111,0.016974,0.016832,0.016679,0.016521,0.016357,0.016183,0.015997,0.015646,0.015247,0.01485,0.013916,0.01367,0.013456,0.013222,0.013011,0.012822,0.01265,0.012547,0.01245,0.012363,0.012281,0.012209,0.012142,0.012081,0.012027,0.011978,0.011938,0.011903,0.011875,0.011853,0.011838,0.011829,0.011826,0.01183,0.011839,0.011855,0.011874,0.0119,0.011933,0.011972,0.012017,0.012068,0.012122,0.012185,0.012253,0.012328,0.012409,0.012495,0.012586,0.012683,0.012792,0.012899,0.013018,0.013143,0.01328,0.01357,0.013867,0.014205,0.014563,0.015516,0.015794,0.016046,0.016316,0.016564,0.016782,0.016985,0.017099,0.017206,0.017307,0.017396,0.017484,0.017561,0.017632,0.017696,0.017755,0.017806,0.017852,0.017891,0.017923,0.017949,0.017969,0.017982,0.017989,0.017988,0.017978,0.017958,0.01793,0.017892,0.017847,0.017791,0.017724,0.01765,0.017564,0.017463,0.017361,0.017239,0.016756,0.016559,0.016457,0.016365,0.016286,0.016214,0.016135,0.016067,0.016012,0.015969,0.015936,0.015914,0.015903,0.015903,0.015913,0.015935,0.015967,0.016009,0.016062,0.016127,0.016206,0.016295,0.016376,0.016467,0.016568,0.01668,0.016899,0.017442,0.017583,0.017709,0.017832,0.017941,0.018033,0.018115,0.01819,0.018252,0.018299,0.018334,0.018357,0.018366,0.018363,0.018348,0.018326,0.018295,0.018258,0.01821,0.018155,0.018089,0.018016,0.017931,0.017774,0.017583,0.017389,0.016907,0.01667,0.016556,0.016454,0.016368,0.016289,0.016214,0.016152,0.016099,0.016056,0.016022,0.016,0.015987,0.015985,0.015992,0.01601,0.016039,0.016079,0.016131,0.016192,0.016265,0.016349,0.016424,0.01651,0.016605,0.016714,0.016926,0.017447,0.017586,0.017704,0.017824,0.017926,0.018016,0.018096,0.018168,0.018226,0.018272,0.018306,0.018326,0.018334,0.01833,0.018312,0.018292,0.018264,0.01823,0.018188,0.01814,0.018086,0.018022,0.017952,0.017877,0.017793,0.017602,0.017386,0.01693,0.016739,0.016548,0.016385,0.016296,0.016218,0.016145,0.016082,0.016025,0.015975,0.015932,0.015897,0.015867,0.015844,0.015827,0.015817,0.015812,0.015814,0.015822,0.015835,0.015872,0.015925,0.015987,0.016143,0.016214,0.016243,0.016265,0.016281,0.01629,0.016294,0.016291,0.01628,0.016262,0.016237,0.016205,0.016165,0.016116,0.016067,0.016012,0.015952,0.015881,0.015805,0.015723,0.015635,0.015537,0.015353,0.01514,0.014928,0.014403,0.014146,0.014017,0.013904,0.013803,0.013714,0.013621,0.013539,0.013472,0.013419,0.013377,0.013348,0.013331,0.013328,0.013333,0.013345,0.013363,0.013387,0.013419,0.013457,0.013501,0.013552,0.01361,0.013675,0.013746,0.013823,0.013907,0.014003,0.014099,0.014208,0.014317,0.014438,0.014566,0.014699,0.014837,0.01499,0.015148,0.015321,0.015649,0.016034,0.016429,0.017523,0.017841,0.018129,0.018438,0.018722,0.018973,0.019208,0.019343,0.019463,0.019577,0.019685,0.019786,0.01988,0.019967,0.020042,0.020115,0.020177,0.020235,0.020283,0.020325,0.020359,0.020387,0.02041,0.020423,0.020431,0.020433,0.020429,0.020419,0.020403,0.020382,0.020355,0.020321,0.020282,0.020237,0.020187,0.020132,0.020068,0.019999,0.019925,0.019789,0.019636,0.019466,0.019266,0.019084,0.018868,0.01802,0.017661,0.017471,0.0173,0.017142,0.016995,0.016827,0.016675,0.016531,0.016402,0.016278,0.016163,0.016057,0.015958,0.01587,0.01579,0.015716,0.015644,0.015578,0.015517,0.015456,0.015397,0.01526,0.014966,0.014878,0.014826,0.014787,0.014759,0.014743,0.014737,0.014748,0.014777,0.014822,0.014887,0.014968,0.015071,0.015192,0.015307,0.015437,0.015582,0.015749,0.015904,0.016079,0.016718,0.016967,0.017212,0.017424,0.017535,0.017637,0.017732,0.017817,0.017896,0.017971,0.018037,0.018098,0.018171,0.018236,0.018291,0.01834,0.018374,0.018407,0.018503,0.018547,0.018599,0.01866,0.018717,0.018783,0.019061,0.019111,0.019152,0.019192,0.019216,0.019225,0.019218,0.019206,0.019186,0.019159,0.019126,0.019085,0.019037,0.018982,0.018921,0.018853,0.018775,0.018689,0.018595,0.018493,0.018384,0.018267,0.018139,0.017918,0.017667,0.017393,0.017084,0.016803,0.016485,0.015385,0.014976,0.014587,0.014243,0.014068,0.013907,0.013757,0.013613,0.013476,0.013351,0.013232,0.013125,0.01302,0.012926,0.012838,0.012757,0.012683,0.012616,0.012556,0.012502,0.012456,0.012416,0.012383,0.012356,0.012336,0.012322,0.012316,0.012315,0.012324,0.012342,0.012372,0.01241,0.012459,0.01252,0.01259,0.012673,0.012768,0.012879,0.01343,0.013569,0.013696,0.013815,0.013935,0.014359,0.014456,0.014552,0.014681,0.014816,0.014962,0.015118,0.015256,0.015403,0.015561,0.015732,0.015911,0.016107,0.016317,0.016545,0.016749,0.01696,0.017195,0.017445,0.017922,0.01906,0.019351,0.019609,0.019872,0.020106,0.020319,0.020504,0.020611,0.020706,0.020795,0.020879,0.020956,0.021023,0.021087,0.021141,0.02119,0.021232,0.021268,0.021297,0.02132,0.021336,0.021347,0.021351,0.021345,0.021325,0.021291,0.021242,0.02118,0.021105,0.021014,0.020907,0.020807,0.020694,0.020569,0.020433,0.020155,0.019605,0.019389,0.019171,0.018981,0.018787,0.0187,0.018618,0.01854,0.018472,0.018409,0.018351,0.018255,0.018174,0.018109,0.018059,0.018029,0.018006,0.017991,0.017964,0.017941,0.017904,0.017853,0.017817,0.017773,0.017724,0.017668,0.017607,0.017539,0.017463,0.017379,0.017278,0.017162,0.017036,0.016899,0.016752,0.016596,0.016423,0.01624,0.016074,0.015901,0.015714,0.015505,0.015119,0.014166,0.013916,0.013699,0.013472,0.013263,0.013081,0.012909,0.01273,0.012573,0.012438,0.012319,0.012217,0.012135,0.012068,0.01202,0.011991,0.011976,0.011975,0.01199,0.012019,0.012064,0.012123,0.012196,0.012276,0.012372,0.012482,0.012606,0.012733,0.012876,0.013444,0.013675,0.013792,0.013898,0.013993,0.014077,0.01417,0.014251,0.014318,0.014372,0.014415,0.014446,0.014466,0.014475,0.014472,0.014458,0.014433,0.014396,0.014349,0.014289,0.014218,0.014134,0.014057,0.013974,0.013877,0.013769,0.013556,0.013026,0.012888,0.012771,0.012653,0.012552,0.012465,0.012388,0.012319,0.012266,0.012225,0.012197,0.012183,0.012183,0.012195,0.01222,0.012251,0.012292,0.012342,0.012401,0.012469,0.012548,0.012636,0.012736,0.01292,0.013144,0.01337,0.013941,0.014091,0.014218,0.014356,0.014474,0.01458,0.014673,0.014763,0.014842,0.014905,0.014956,0.014994,0.015018,0.01503,0.015029,0.015012,0.014978,0.014926,0.014857,0.014772,0.014667,0.014542,0.014401,0.014275,0.014128,0.013972,0.013795,0.01345,0.012807,0.012567,0.012329,0.012126,0.011917,0.011735,0.011574,0.011433,0.011306,0.011197,0.011149,0.011108,0.011041,0.010992,0.010974,0.010961,0.010949,0.010951,0.010957,0.010976,0.011004,0.011045,0.011095,0.011157,0.011232,0.011315,0.011414,0.011594,0.011812,0.012043,0.012753,0.012971,0.013163,0.013368,0.013555,0.013724,0.013871,0.01401,0.014129,0.014225,0.014265,0.0143,0.014328,0.014352,0.014371,0.014383,0.01439,0.014392,0.014388,0.014379,0.014365,0.014347,0.014324,0.014295,0.014262,0.014223,0.014179,0.014132,0.014076,0.014019,0.013956,0.013884,0.013811,0.013728,0.013644,0.01355,0.013456,0.013351,0.013247,0.013132,0.013012,0.012881,0.012605,0.012334,0.012021,0.011705,0.01089,0.010655,0.010457,0.010236,0.010033,0.0098538,0.0096923,0.0095102,0.0093579,0.0092891,0.0092253,0.0091668,0.0091171,0.0090693,0.0090298,0.0089954,0.0089662,0.0089422,0.0089236,0.0089104,0.0089027,0.0089005,0.008906,0.0089197,0.0089414,0.0089712,0.0090065,0.0090516,0.0091045,0.009165,0.0092372,0.0093129,0.0094006,0.0094959,0.0095985,0.009708,0.0098307,0.010031,0.010261,0.010514,0.010805,0.011073,0.011375,0.012477,0.012933,0.013169,0.013382,0.013591,0.013785,0.013997,0.014194,0.014383,0.014565,0.014739,0.014904,0.015063,0.015213,0.015356,0.015491,0.01562,0.015746,0.015865,0.015982,0.016092,0.0162,0.016304,0.016406,0.0165,0.016589,0.016671,0.016747,0.016816,0.016877,0.016928,0.016973,0.01701,0.01704,0.017063,0.017079,0.017088,0.017091,0.017086,0.017075,0.017057,0.017032,0.017,0.016961,0.016914,0.016862,0.016808,0.016746,0.016682,0.016608,0.016528,0.016443,0.016348,0.016247,0.016057,0.015832,0.015602,0.015043,0.014891,0.014755,0.014615,0.014488,0.014379,0.014284,0.014181,0.014094,0.014027,0.013978,0.013945,0.01393,0.013932,0.013952,0.013978,0.014013,0.014059,0.014116,0.01418,0.014257,0.014343,0.014442,0.01455,0.014666,0.014795,0.014936,0.015078,0.015243,0.015863,0.016119,0.016378,0.016485,0.016588,0.016705,0.016808,0.016902,0.016983,0.017055,0.017114,0.017167,0.017207,0.017239,0.017263,0.017276,0.01728,0.017274,0.017258,0.017233,0.017198,0.017162,0.017118,0.017069,0.017011,0.016893,0.016601,0.016529,0.016467,0.01641,0.016362,0.016324,0.016297,0.016278,0.01627,0.016272,0.016285,0.016309,0.016343,0.01639,0.016446,0.016506,0.016579,0.016661,0.016752,0.016853,0.016967,0.017091,0.017223,0.017342,0.017473,0.017616,0.017772,0.018071,0.018806,0.018999,0.01917,0.019348,0.019502,0.019639,0.019766,0.019896,0.020004,0.020092,0.020163,0.020216,0.02025,0.020266,0.020264,0.020255,0.02024,0.020219,0.020192,0.020159,0.02012,0.020076,0.020021,0.019964,0.019902,0.019834,0.019755,0.019669,0.019578,0.01948,0.019378,0.019192,0.018993,0.018762,0.018509,0.018277,0.018017,0.01715,0.016832,0.016535,0.01628,0.016029,0.015805,0.015608,0.015437,0.015355,0.015285,0.01522,0.01516,0.015105,0.015055,0.015011,0.014972,0.014939,0.014911,0.014889,0.014874,0.014864,0.014859,0.014859,0.014865,0.014877,0.014895,0.014918,0.014951,0.01499,0.015032,0.015079,0.015138,0.015197,0.015267,0.015344,0.015427,0.015515,0.015609,0.015709,0.015822,0.016017,0.016225,0.016456,0.016721,0.016961,0.017231,0.018144,0.018476,0.018787,0.019064,0.019337,0.019583,0.019791,0.019981,0.020145,0.020219,0.020288,0.020352,0.020411,0.020464,0.020508,0.020547,0.020585,0.020614,0.02064,0.020661,0.020675,0.020684,0.020687,0.02068,0.020654,0.020612,0.020549,0.020469,0.02037,0.02025,0.020111,0.01995,0.019772,0.019561,0.019327,0.019079,0.018799,0.0185,0.017678,0.017425,0.01721,0.016974,0.016758,0.016564,0.016392,0.016292,0.016197,0.016108,0.016032,0.01596,0.015894,0.015834,0.015779,0.01573,0.015686,0.015649,0.01562,0.015594,0.015576,0.015561,0.015553,0.015552,0.015567,0.015595,0.015638,0.015698,0.015773,0.015861,0.015968,0.016088,0.016226,0.016376,0.016551,0.016728,0.016937,0.017754,0.018093,0.018269,0.018422,0.018566,0.018695,0.018837,0.018963,0.019068,0.019154,0.019224,0.019279,0.019318,0.01934,0.019347,0.019337,0.019311,0.019268,0.019209,0.019134,0.019041,0.018929,0.018818,0.018698,0.018563,0.018407,0.018257,0.018088,0.017434,0.017162,0.016892,0.016776,0.016666,0.016544,0.016431,0.016326,0.016234,0.016151,0.016075,0.016008,0.01595,0.015909,0.015871,0.015839,0.015812,0.015791,0.015774,0.015763,0.015755,0.015754,0.015766,0.015788,0.015859,0.015875,0.015883,0.015883,0.015873,0.015852,0.01582,0.015778,0.015724,0.015657,0.015578,0.0155,0.015412,0.015099,0.014991,0.014891,0.014812,0.01474,0.014687,0.014652,0.014635,0.014634,0.014639,0.014651,0.014671,0.014696,0.014729,0.014769,0.014817,0.01487,0.01493,0.014996,0.015073,0.015236,0.015571,0.015703,0.015833,0.01594,0.015995,0.016045,0.016086,0.01612,0.016147,0.016169,0.016184,0.016193,0.016195,0.016191,0.01618,0.016162,0.016137,0.016105,0.016065,0.016019,0.015927,0.015808,0.015685,0.015384,0.015243,0.015178,0.015124,0.015076,0.015037,0.015002,0.014978,0.014963,0.014957,0.01496,0.014974,0.014996,0.015027,0.01507,0.015125,0.015191,0.015268,0.015355,0.015458,0.01557,0.015693,0.015806,0.015931,0.016063,0.016213,0.016498,0.017201,0.017385,0.017541,0.017709,0.017854,0.017981,0.018092,0.018202,0.018292,0.018365,0.018417,0.018451,0.018467,0.018465,0.018445,0.018427,0.018403,0.018372,0.018337,0.018298,0.018253,0.018203,0.018143,0.018083,0.018012,0.017942,0.017861,0.017774,0.017683,0.017587,0.017478,0.017297,0.017096,0.016875,0.016634,0.016414,0.016159,0.01529,0.01497,0.014659,0.01438,0.014106,0.013868,0.013655,0.013552,0.013461,0.013368,0.013282,0.013201,0.013131,0.013066,0.013003,0.01295,0.012902,0.012859,0.012823,0.012791,0.012764,0.012744,0.012729,0.01272,0.012716,0.012721,0.012736,0.012761,0.012798,0.012845,0.012905,0.012974,0.013057,0.01313,0.013213,0.013409,0.013608,0.014121,0.014258,0.014375,0.014495,0.014598,0.01469,0.014773,0.014844,0.014907,0.014961,0.015005,0.015039,0.015066,0.015084,0.015094,0.015095,0.01509,0.015078,0.015057,0.01503,0.014997,0.014955,0.014905,0.014805,0.014679,0.014535,0.014217,0.014077,0.013938,0.013819,0.013695,0.013587,0.013496,0.013418,0.01337,0.013326,0.013286,0.013249,0.013209,0.013173,0.013144,0.013125,0.013116,0.013113,0.013115,0.013124,0.013139,0.01316,0.013188,0.013222,0.013275,0.013342,0.013419,0.013511,0.013616,0.013732,0.013862,0.014009,0.014143,0.014292,0.014449,0.014626,0.014966,0.015739,0.015918,0.016079,0.016226,0.016358,0.016476,0.016579,0.016672,0.016751,0.016818,0.016874,0.016916,0.016946,0.016965,0.016971,0.016968,0.016961,0.016949,0.01693,0.016907,0.01688,0.016847,0.016807,0.016763,0.016713,0.016658,0.016598,0.016534,0.016459,0.016299,0.016149,0.015987,0.015807,0.015601,0.015418,0.015205,0.014494,0.014243,0.014008,0.0138,0.013605,0.013431,0.013278,0.013148,0.013034,0.012939,0.012866,0.012811,0.012791,0.012776,0.012761,0.01276,0.012765,0.012789,0.012814,0.012843,0.012878,0.012924,0.012972,0.013032,0.013098,0.013172,0.013253,0.013341,0.013435,0.013536,0.013643,0.013765,0.013884,0.014019,0.014254,0.014515,0.014802,0.015114,0.0154,0.015732,0.016841,0.017266,0.017666,0.018014,0.018199,0.018366,0.018528,0.018683,0.018823,0.018956,0.019082,0.019202,0.019323,0.019429,0.019534,0.019624,0.019706,0.01978,0.019847,0.019905,0.019956,0.019998,0.020032,0.020058,0.020076,0.020086,0.020089,0.020082,0.020059,0.020019,0.019963,0.019888,0.019798,0.019687,0.019556,0.019411,0.019274,0.019127,0.018966,0.018782,0.018413,0.017665,0.017347,0.017025,0.016749,0.016593,0.01645,0.016313,0.016189,0.016071,0.015953,0.015842,0.015737,0.015593,0.015458,0.015328,0.015207,0.015107,0.015005,0.014663,0.014513,0.014343,0.014164,0.013975,0.013757,0.013545,0.013044,0.012811,0.012699,0.012599,0.012514,0.012438,0.01239,0.012349,0.012313,0.012283,0.012258,0.01224,0.012227,0.012221,0.01222,0.012225,0.012236,0.012253,0.012276,0.012304,0.012338,0.01238,0.012466,0.012572,0.012699,0.012851,0.013001,0.013172,0.013351,0.013806,0.014045,0.014168,0.014273,0.014367,0.014449,0.014537,0.014612,0.014671,0.014714,0.014745,0.014762,0.014765,0.014753,0.014728,0.014687,0.014632,0.01456,0.014472,0.01437,0.014249,0.014114,0.013992,0.013856,0.013704,0.013538,0.013211,0.012434,0.012245,0.012078,0.011912,0.011769,0.011643,0.011528,0.01143,0.011344,0.01127,0.011213,0.011169,0.011138,0.011121,0.011118,0.011125,0.011141,0.011162,0.011193,0.011229,0.011276,0.011331,0.01139,0.011456,0.011535,0.011621,0.011716,0.011818,0.011928,0.012046,0.01217,0.012302,0.01245,0.012595,0.012757,0.012925,0.013112,0.013305,0.013504,0.013709,0.013919,0.014391,0.014892,0.015881,0.016287,0.016699,0.017073,0.017485,0.017671,0.017851,0.018015,0.018174,0.018328,0.018476,0.018648,0.018802,0.018956,0.019094,0.01923,0.019349,0.01946,0.019561,0.019654,0.019737,0.019812,0.019877,0.019934,0.019982,0.020021,0.020053,0.020081,0.020094,0.020091,0.020072,0.020038,0.019987,0.019922,0.019838,0.01976,0.019675,0.019574,0.019462,0.019239,0.018788,0.018599,0.018413,0.018255,0.01809,0.017948,0.017822,0.017712,0.017636,0.017567,0.017503,0.017446,0.017403,0.01736,0.017235,0.017186,0.01713,0.017069,0.016995,0.016912,0.016817,0.016712,0.01657,0.016409,0.016226,0.016021,0.015811,0.015568,0.015321,0.01466,0.014469,0.014299,0.014118,0.013957,0.013812,0.013687,0.013615,0.013547,0.013485,0.013432,0.013383,0.013339,0.0133,0.013266,0.013238,0.013215,0.013198,0.013185,0.013178,0.013176,0.013179,0.013188,0.013203,0.013223,0.01325,0.013283,0.013321,0.013365,0.013415,0.013473,0.013592,0.013738,0.013898,0.01436,0.014497,0.014614,0.014739,0.014843,0.01493,0.015002,0.015058,0.015101,0.015131,0.015148,0.015152,0.015149,0.015113,0.015105,0.015108,0.015124,0.015158,0.015181,0.015209,0.015243,0.01528,0.015322,0.01537,0.015422,0.015483,0.015549,0.015621,0.015698,0.015784,0.015875,0.015976,0.016155,0.016368,0.016581,0.017108,0.017378,0.01751,0.017628,0.017735,0.017836,0.017939,0.018033,0.018114,0.018185,0.018244,0.018295,0.018335,0.018366,0.018392,0.018404,0.018403,0.018388,0.018367,0.018337,0.018204,0.018155,0.018119,0.0181,0.018099,0.018113,0.018138,0.01821,0.018224,0.018232,0.018234,0.018228,0.018214,0.01819,0.018142,0.018111,0.018075,0.017988,0.017881,0.017771,0.01764,0.017506,0.017192,0.017042,0.016972,0.01691,0.016857,0.016813,0.016768,0.016737,0.016717,0.016708,0.016712,0.016727,0.016755,0.016793,0.01683,0.016871,0.016921,0.016975,0.017035,0.017107,0.01718,0.01726,0.017353,0.017446,0.017546,0.017659,0.017771,0.017898,0.018032,0.018172,0.018418,0.018692,0.018991,0.019317,0.019619,0.019953,0.021055,0.021443,0.021808,0.022136,0.022448,0.022596,0.022729,0.022858,0.022971,0.023089,0.023193,0.023299,0.023391,0.023478,0.023559,0.023634,0.023703,0.023765,0.023817,0.023863,0.023906,0.023944,0.023972,0.023995,0.024011,0.024021,0.024025,0.024023,0.024015,0.024001,0.023979,0.023953,0.023918,0.02388,0.023832,0.023778,0.023722,0.023662,0.02359,0.023512,0.023429,0.02334,0.023238,0.023052,0.02285,0.022615,0.022355,0.022106,0.021814,0.020748,0.02033,0.020111,0.01991,0.019727,0.019551,0.019367,0.019195,0.019035,0.018897,0.018771,0.018666,0.018568,0.018489,0.018448,0.018408,0.018378,0.018352,0.018332,0.018316,0.018305,0.018301,0.018301,0.018306,0.018317,0.018333,0.018353,0.01838,0.018412,0.01845,0.018535,0.018636,0.018758,0.018906,0.019054,0.019224,0.019409,0.019905,0.020046,0.02017,0.020306,0.020421,0.020522,0.020613,0.02071,0.020786,0.020845,0.020885,0.020907,0.020912,0.020898,0.020868,0.02082,0.020752,0.020665,0.020559,0.020436,0.020288,0.020123,0.019932,0.019763,0.019583,0.019384,0.019155,0.018951,0.01872,0.017956,0.017678,0.017419,0.017189,0.016961,0.016765,0.016591,0.016431,0.016286,0.016164,0.016059,0.015971,0.015904,0.015854,0.015822,0.015807,0.015808,0.015817,0.015834,0.015859,0.015892,0.015934,0.015984,0.016043,0.016109,0.016183,0.016266,0.016364,0.016462,0.016577,0.01669,0.016821,0.016948,0.017082,0.017222,0.017368,0.017519,0.017689,0.017864,0.018058,0.018418,0.018837,0.019252,0.020387,0.020722,0.021005,0.021323,0.021615,0.021879,0.022118,0.022261,0.022386,0.022507,0.022622,0.02273,0.022833,0.02293,0.023012,0.023096,0.023167,0.023238,0.023296,0.023348,0.023399,0.023439,0.023473,0.023505,0.023528,0.023542,0.023548,0.023545,0.023534,0.023514,0.023486,0.023448,0.023402,0.023348,0.023285,0.023214,0.023128,0.023041,0.022939,0.022837,0.022728,0.022613,0.022481,0.022342,0.022198,0.022047,0.021879,0.021552,0.021184,0.020803,0.019756,0.019447,0.019186,0.018884,0.018622,0.018386,0.018165,0.018038,0.017927,0.017822,0.017724,0.017633,0.017549,0.017473,0.017409,0.017347,0.017298,0.017255,0.017218,0.017189,0.017164,0.017149,0.017141,0.01714,0.017146,0.017158,0.017177,0.017204,0.017236,0.017276,0.017326,0.017379,0.017444,0.017509,0.017587,0.017672,0.017764,0.017861,0.017974,0.018159,0.018369,0.018604,0.018874,0.01912,0.019398,0.02034,0.020682,0.021013,0.021306,0.021457,0.021592,0.021722,0.021837,0.021947,0.022051,0.02215,0.022243,0.02233,0.02241,0.022484,0.022545,0.022601,0.022655,0.022698,0.022735,0.022766,0.022792,0.02281,0.022821,0.022826,0.022824,0.022815,0.022801,0.02276,0.022701,0.022624,0.022524,0.022405,0.022268,0.022106,0.021927,0.021733,0.021524,0.021292,0.021036,0.020781,0.020483,0.019327,0.018847,0.018592,0.018369,0.018155,0.017961,0.017749,0.017553,0.017372,0.017215,0.017075,0.016952,0.016846,0.016762,0.01669,0.016637,0.016601,0.016581,0.01658,0.016596,0.016629,0.016681,0.016745,0.016826,0.016924,0.017038,0.017159,0.017303,0.017889,0.018016,0.018127,0.018247,0.018348,0.018436,0.018515,0.018595,0.018656,0.018701,0.018728,0.018739,0.018733,0.018711,0.018671,0.018617,0.018548,0.018463,0.018359,0.01824,0.018107,0.017952,0.017785,0.01762,0.017438,0.017238,0.017021,0.016815,0.016577,0.015647,0.01526,0.015054,0.01487,0.014692,0.014528,0.014338,0.014166,0.014002,0.013854,0.013715,0.013585,0.013464,0.013353,0.013238,0.013134,0.013041,0.012957,0.012883,0.012818,0.012761,0.012715,0.012677,0.012646,0.012621,0.012603,0.01259,0.012581,0.012576,0.012582,0.012598,0.012612,0.012631,0.012655,0.012683,0.01272,0.012763,0.012813,0.01287,0.012935,0.013007,0.013087,0.013176,0.013266,0.013363,0.013469,0.013582,0.013702,0.013836,0.013977,0.014125,0.014405,0.01473,0.015055,0.015886,0.016115,0.01631,0.016523,0.016713,0.016886,0.017041,0.017209,0.017357,0.017483,0.017586,0.01767,0.017707,0.017739,0.017788,0.017818,0.01783,0.01783,0.017824,0.017797,0.017752,0.017701,0.017634,0.017388,0.017303,0.017233,0.017181,0.017147,0.017128,0.017123,0.017133,0.017146,0.017164,0.017187,0.017215,0.017249,0.017289,0.017386,0.017483,0.017604,0.017726,0.018038,0.018188,0.018258,0.01832,0.018374,0.018419,0.018463,0.018498,0.018523,0.018537,0.018542,0.018538,0.018523,0.018499,0.01846,0.01841,0.018347,0.018269,0.018183,0.018081,0.017964,0.017835,0.017717,0.017587,0.017444,0.017289,0.016984,0.01622,0.016016,0.015839,0.015661,0.015501,0.01536,0.015242,0.015182,0.015127,0.015077,0.015032,0.014994,0.014963,0.014935,0.014915,0.014901,0.014892,0.014889,0.014892,0.0149,0.014914,0.014934,0.014959,0.014988,0.015022,0.015064,0.015109,0.015158,0.015216,0.015279,0.015343,0.015489,0.015659,0.015855,0.016075,0.016267,0.016485,0.016721,0.016984,0.01722,0.017488,0.018409,0.01876,0.019102,0.019407,0.019713,0.019986,0.020232,0.020345,0.020452,0.02056,0.020657,0.020753,0.020838,0.020922,0.020995,0.021062,0.021123,0.021178,0.021227,0.02127,0.021306,0.021336,0.02136,0.02138,0.021391,0.021398,0.02139,0.021367,0.02133,0.021278,0.021211,0.021129,0.021028,0.020937,0.020834,0.020721,0.020592,0.020343,0.019715,0.019549,0.019407,0.019266,0.019143,0.019037,0.018942,0.018863,0.018796,0.01874,0.018698,0.018667,0.018647,0.01864,0.018644,0.018659,0.018687,0.018726,0.018776,0.01884,0.018914,0.019002,0.019101,0.019205,0.019317,0.019445,0.019585,0.019881,0.020476,0.020717,0.020955,0.021154,0.021261,0.02136,0.021448,0.021525,0.021595,0.021653,0.021703,0.021745,0.021786,0.021812,0.021826,0.021827,0.021816,0.021792,0.021756,0.021706,0.02165,0.021583,0.021503,0.02141,0.021317,0.021207,0.020791,0.020628,0.020544,0.020471,0.020405,0.02035,0.02029,0.020239,0.020199,0.020169,0.020148,0.020138,0.020137,0.020145,0.020164,0.020194,0.020234,0.020286,0.020347,0.02042,0.020506,0.020602,0.020691,0.020786,0.020896,0.021015,0.021248,0.02181,0.021949,0.022073,0.022194,0.022299,0.022391,0.022474,0.022549,0.022612,0.02266,0.022693,0.022713,0.02272,0.022714,0.022694,0.022673,0.022646,0.022614,0.022575,0.02253,0.02248,0.022423,0.022356,0.022283,0.022209,0.022129,0.022038,0.02194,0.021838,0.021729,0.021609,0.021403,0.021177,0.020929,0.020654,0.020403,0.020119,0.01913,0.018754,0.018389,0.018073,0.017905,0.01775,0.017601,0.017465,0.017334,0.017216,0.017098,0.016991,0.016885,0.016785,0.016693,0.016608,0.016529,0.016458,0.016394,0.016337,0.016287,0.016244,0.016209,0.01618,0.016157,0.016141,0.016132,0.016129,0.016133,0.016146,0.016168,0.016197,0.016236,0.016284,0.016341,0.016407,0.01653,0.016683,0.016844,0.017323,0.017472,0.017601,0.01774,0.017862,0.017974,0.018074,0.018168,0.018253,0.018327,0.01839,0.018442,0.018482,0.01851,0.018526,0.01853,0.018522,0.018502,0.018471,0.018427,0.018371,0.018302,0.018221,0.018144,0.018057,0.017956,0.017846,0.017626,0.017126,0.017015,0.016918,0.016831,0.016754,0.01669,0.016639,0.016594,0.016562,0.01654,0.016531,0.016534,0.016548,0.016574,0.016612,0.016668,0.016742,0.016832,0.016938,0.017059,0.0172,0.01736,0.017535,0.01769,0.017866,0.018056,0.01826,0.01866,0.019611,0.019849,0.020054,0.020256,0.020441,0.020604,0.020749,0.020882,0.021001,0.021102,0.021185,0.021253,0.021306,0.021343,0.021365,0.021371,0.021371,0.021366,0.021354,0.021336,0.021314,0.021285,0.02125,0.021211,0.021164,0.021112,0.021054,0.020991,0.020918,0.020843,0.020759,0.020602,0.020419,0.020215,0.019991,0.019769,0.019518,0.018587,0.018221,0.018032,0.017856,0.017699,0.017557,0.017394,0.017249,0.017121,0.017005,0.016902,0.016816,0.016742,0.016681,0.016635,0.0166,0.016578,0.016566,0.016567,0.016579,0.016603,0.016638,0.016679,0.016728,0.016787,0.016857,0.017007,0.017322,0.017446,0.017566,0.01766,0.017707,0.017747,0.017779,0.017804,0.017822,0.017834,0.017838,0.017836,0.017827,0.017812,0.017791,0.017762,0.017726,0.017684,0.017634,0.017576,0.017466,0.017333,0.017197,0.016864,0.016711,0.01658,0.016477,0.016434,0.016398,0.016368,0.016344,0.016326,0.016312,0.016305,0.016303,0.016312,0.016338,0.016379,0.016436,0.016509,0.016601,0.016709,0.016833,0.01697,0.017131,0.017312,0.01751,0.01772,0.017964,0.018222,0.018966,0.019195,0.019398,0.019623,0.019826,0.020006,0.020175,0.020363,0.020528,0.020674,0.020801,0.02091,0.021002,0.021077,0.021135,0.021164,0.021186,0.021202,0.02121,0.021211,0.021205,0.021192,0.021172,0.021146,0.021112,0.021071,0.021023,0.020968,0.020909,0.020841,0.020769,0.020698,0.020624,0.020545,0.020458,0.020369,0.020272,0.020169,0.020058,0.019854,0.01962,0.019389,0.018847,0.018585,0.018459,0.018343,0.018241,0.01815,0.018049,0.017963,0.017892,0.017835,0.017792,0.017763,0.017747,0.017745,0.017753,0.017768,0.017792,0.017823,0.017862,0.01791,0.017966,0.018032,0.018098,0.01817,0.018253,0.018346,0.018538,0.018926,0.019082,0.019238,0.019371,0.019442,0.019504,0.019562,0.019611,0.019656,0.019695,0.019728,0.019756,0.019777,0.019794,0.019805,0.01981,0.019811,0.019806,0.019795,0.019779,0.019741,0.019688,0.01963,0.01948,0.019412,0.019361,0.019332,0.019325,0.019324,0.019328,0.019339,0.019357,0.019379,0.019409,0.019444,0.019482,0.019526,0.019575,0.019629,0.019688,0.019756,0.019906,0.020055,0.020229,0.020407,0.020833,0.021046,0.021151,0.021241,0.021322,0.021392,0.021466,0.021531,0.021583,0.021624,0.021654,0.021675,0.021685,0.021685,0.021678,0.021666,0.021648,0.021627,0.0216,0.021566,0.021527,0.021482,0.021431,0.021375,0.021313,0.021247,0.021175,0.021092,0.02101,0.020917,0.020758,0.02058,0.020383,0.020159,0.019959,0.019727,0.018943,0.018656,0.018387,0.018154,0.017926,0.017722,0.017547,0.017389,0.017249,0.017133,0.017034,0.016958,0.016897,0.016857,0.016834,0.016829,0.016836,0.016849,0.01687,0.0169,0.016937,0.016981,0.017034,0.017094,0.017218,0.017376,0.017546,0.01805,0.018194,0.01832,0.018448,0.018556,0.018643,0.01871,0.01876,0.018792,0.018807,0.018805,0.018791,0.018764,0.01873,0.018642,0.018604,0.018591,0.018583,0.018581,0.018584,0.018594,0.018613,0.018639,0.018673,0.018717,0.018767,0.018826,0.018893,0.018983,0.019085,0.0192,0.019332,0.019471,0.019629,0.019799,0.019988,0.020154,0.020336,0.020534,0.020748,0.021163,0.02218,0.022448,0.02268,0.022927,0.023145,0.023339,0.023512,0.023605,0.023693,0.023775,0.023845,0.02391,0.02397,0.024024,0.024071,0.024113,0.024149,0.024179,0.024202,0.02422,0.02423,0.024235,0.024234,0.024221,0.024193,0.024151,0.024094,0.024025,0.023937,0.023836,0.023717,0.023584,0.023433,0.023263,0.023066,0.022867,0.022644,0.021734,0.021532,0.021351,0.021154,0.02098,0.020823,0.020676,0.020515,0.020371,0.020249,0.020148,0.020061,0.019993,0.019943,0.01991,0.019894,0.019895,0.019912,0.019944,0.019994,0.020062,0.020146,0.020247,0.02034,0.020445,0.020562,0.020697,0.020962,0.021467,0.021664,0.02186,0.02203,0.022203,0.022352,0.022486,0.022601,0.022699,0.022784,0.022855,0.022913,0.022957,0.02299,0.023011,0.02302,0.023018,0.023007,0.022986,0.022954,0.022906,0.022855,0.022806,0.022755,0.022709,0.02266,0.022604,0.022543,0.022475,0.022399,0.022314,0.022224,0.022131,0.022034,0.021924,0.02181,0.021688,0.021552,0.021408,0.021249,0.021109,0.020963,0.020637,0.02031,0.019546,0.019181,0.019004,0.018848,0.018707,0.018579,0.018444,0.018327,0.018221,0.018133,0.018057,0.017997,0.017947,0.017913,0.01789,0.017883,0.017891,0.017915,0.017955,0.018011,0.018084,0.018172,0.018257,0.01835,0.01846,0.018584,0.018827,0.01943,0.019576,0.019705,0.01983,0.019934,0.020023,0.0201,0.02016,0.020208,0.020242,0.02026,0.020265,0.020255,0.020232,0.020193,0.020137,0.020062,0.019973,0.019864,0.019739,0.019598,0.019436,0.019251,0.019068,0.018865,0.018642,0.0184,0.018159,0.017882,0.016786,0.016317,0.016067,0.015843,0.015635,0.015443,0.015221,0.015012,0.014823,0.014647,0.014484,0.014335,0.014198,0.014074,0.013975,0.013884,0.013799,0.013723,0.013651,0.013586,0.013523,0.013464,0.013368,0.013153,0.013026,0.012879,0.012558,0.01249,0.012433,0.012375,0.012335,0.012313,0.012309,0.012321,0.01235,0.012395,0.012456,0.012533,0.01263,0.012742,0.012874,0.012999,0.013138,0.013296,0.013473,0.013637,0.013821,0.014574,0.014913,0.015263,0.015586,0.015847,0.016124,0.017028,0.01782,0.018056,0.018241,0.018391,0.018455,0.018513,0.018564,0.018609,0.018646,0.018678,0.018703,0.018722,0.018734,0.01874,0.018739,0.018731,0.018714,0.018691,0.018659,0.01862,0.018573,0.018518,0.018455,0.018384,0.018305,0.018217,0.018122,0.018018,0.017907,0.017781,0.017677,0.017561,0.017439,0.017312,0.017181,0.017035,0.01672,0.01644,0.016118,0.015799,0.015058,0.014689,0.014353,0.014063,0.013925,0.013792,0.013664,0.013551,0.013443,0.013348,0.013253,0.01317,0.013093,0.013023,0.012959,0.012902,0.012852,0.012809,0.012773,0.012747,0.012726,0.012714,0.012709,0.01271,0.012718,0.012733,0.012758,0.012787,0.012827,0.012876,0.012932,0.012991,0.013063,0.013144,0.013231,0.013327,0.01343,0.01355,0.013669,0.013804,0.013948,0.014099,0.014257,0.014422,0.014721,0.015037,0.015382,0.015771,0.016128,0.016524,0.017908,0.018415,0.018909,0.019341,0.019563,0.019779,0.019975,0.020165,0.020348,0.020511,0.020679,0.020829,0.020981,0.021115,0.02125,0.021368,0.021485,0.021586,0.021678,0.021762,0.021837,0.021904,0.021962,0.022011,0.022052,0.022084,0.022108,0.022124,0.022129,0.02213,0.022125,0.022115,0.022099,0.022077,0.02205,0.022017,0.02198,0.021934,0.021886,0.02183,0.021768,0.021702,0.021549,0.021412,0.021257,0.021086,0.02089,0.02071,0.020509,0.019785,0.019501,0.019219,0.018972,0.018719,0.018498,0.018302,0.018214,0.018125,0.017973,0.017839,0.017725,0.017626,0.017547,0.017483,0.017435,0.017403,0.017392,0.017385,0.017386,0.017405,0.017447,0.017592,0.017733,0.017796,0.017845,0.017897,0.017956,0.018022,0.01811,0.018209,0.018324,0.018455,0.018586,0.01874,0.018907,0.019406,0.019561,0.019701,0.019856,0.019999,0.020135,0.020271,0.020494,0.020787,0.021013,0.021092,0.021158,0.021209,0.021251,0.021286,0.021313,0.021333,0.021347,0.021353,0.021353,0.021338,0.021323,0.021303,0.021279,0.02125,0.021216,0.021176,0.021131,0.021083,0.021027,0.020969,0.020906,0.020833,0.020759,0.020676,0.020509,0.020319,0.020106,0.01987,0.019641,0.019373,0.019104,0.018414,0.018047,0.017858,0.017691,0.017539,0.017401,0.017247,0.017112,0.016998,0.016899,0.016819,0.016755,0.016707,0.016676,0.016662,0.016662,0.016676,0.016706,0.01675,0.016807,0.016879,0.016966,0.017057,0.017163,0.017283,0.017417,0.017547,0.0177,0.018275,0.018509,0.018734,0.018833,0.018922,0.019022,0.019109,0.019183,0.019248,0.019303,0.019347,0.01938,0.019405,0.01942,0.019424,0.019415,0.019394,0.01936,0.019314,0.019257,0.019185,0.019101,0.019008,0.018896,0.01877,0.018641,0.018489,0.017888,0.017641,0.017517,0.017404,0.017304,0.017215,0.017117,0.017035,0.016967,0.016914,0.016874,0.016848,0.016836,0.016837,0.016847,0.016866,0.016894,0.01693,0.016975,0.017029,0.017091,0.017163,0.017235,0.017315,0.017406,0.01751,0.017722,0.018159,0.018342,0.01852,0.018672,0.018755,0.018829,0.018898,0.018957,0.01901,0.019058,0.019099,0.019132,0.019162,0.019186,0.019202,0.01921,0.019211,0.019205,0.019192,0.019171,0.019146,0.019113,0.019074,0.019026,0.01892,0.018689,0.018596,0.018509,0.018441,0.01841,0.018384,0.018366,0.018354,0.018349,0.01835,0.018357,0.018371,0.018391,0.018419,0.018452,0.018493,0.01854,0.018593,0.018654,0.018723,0.018852,0.019011,0.019169,0.019561,0.019754,0.019845,0.019925,0.019997,0.020063,0.020124,0.020175,0.020219,0.020254,0.02028,0.020298,0.020308,0.02031,0.020299,0.020273,0.020232,0.020177,0.020106,0.020019,0.019916,0.0198,0.019658,0.019501,0.019321,0.019117,0.018907,0.01867,0.018426,0.017749,0.017555,0.017383,0.017191,0.017024,0.016872,0.016739,0.01659,0.016463,0.016358,0.016274,0.016239,0.01621,0.016166,0.016141,0.016136,0.016135,0.016143,0.016161,0.016188,0.016225,0.016271,0.016328,0.016395,0.016473,0.016557,0.016647,0.016753,0.016869,0.017114,0.017613,0.017811,0.018011,0.018173,0.018261,0.018338,0.018405,0.018464,0.018515,0.018556,0.01859,0.018615,0.018632,0.01864,0.01864,0.01863,0.018611,0.018583,0.018547,0.0185,0.018455,0.018402,0.018276,0.018141,0.017801,0.017719,0.017647,0.01758,0.017523,0.017477,0.017442,0.017413,0.017398,0.017397,0.017409,0.017434,0.017472,0.017524,0.01759,0.017677,0.017787,0.017909,0.018054,0.018217,0.018397,0.018601,0.018821,0.019019,0.019236,0.019473,0.019729,0.01996,0.020218,0.021105,0.021429,0.021736,0.022012,0.022295,0.022543,0.022765,0.022963,0.023065,0.023162,0.023252,0.023331,0.023403,0.023469,0.023529,0.023583,0.023631,0.023672,0.023707,0.023733,0.023753,0.023769,0.023777,0.02378,0.023776,0.023766,0.023748,0.023724,0.023694,0.023657,0.023613,0.023563,0.023507,0.02344,0.023371,0.023291,0.023204,0.023111,0.023012,0.022908,0.022708,0.022493,0.022245,0.021974,0.021712,0.021421,0.02031,0.019861,0.019628,0.019411,0.019211,0.019027,0.018817,0.018625,0.018446,0.018285,0.018135,0.017997,0.01787,0.017755,0.017661,0.017576,0.017501,0.017431,0.017371,0.01732,0.017276,0.01724,0.017214,0.017194,0.017179,0.017168,0.017162,0.01717,0.017169,0.017156,0.01713,0.017108,0.01708,0.017046,0.017008,0.016963,0.016912,0.016854,0.01679,0.016723,0.016646,0.016562,0.016472,0.016376,0.016269,0.016157,0.016033,0.015812,0.015554,0.015305,0.014685,0.014376,0.014221,0.014084,0.013959,0.013845,0.013727,0.013622,0.013525,0.01344,0.013363,0.013294,0.013234,0.013185,0.013134,0.013097,0.013071,0.013057,0.013055,0.013064,0.013086,0.013119,0.013164,0.01322,0.01329,0.013372,0.013459,0.013561,0.01399,0.014162,0.014248,0.014324,0.014388,0.014444,0.014499,0.01454,0.014567,0.014581,0.014582,0.014568,0.014542,0.014501,0.014447,0.014378,0.014295,0.014198,0.014089,0.013963,0.01382,0.013659,0.013521,0.013363,0.013193,0.013004,0.012642,0.01175,0.011523,0.011322,0.011118,0.010937,0.010773,0.010631,0.010494,0.010372,0.010271,0.01019,0.010125,0.010078,0.010048,0.010037,0.010041,0.010059,0.010091,0.010138,0.010199,0.010273,0.010361,0.010464,0.010567,0.010683,0.010813,0.010955,0.011094,0.011255,0.011815,0.012033,0.01224,0.012417,0.012513,0.012598,0.012673,0.012741,0.012802,0.012852,0.012896,0.012932,0.0071041,0.0,0.0
