0.0078125,1000.0,1000.0078125,1000.1328125,1000.25,1000.3671875,1000.484375,1000.6015625,1000.71875,1000.8359375,1000.953125,1001.0703125,1001.1875,1001.3046875,1001.421875,1001.5390625,1001.65625,1001.7734375,1001.890625,1002.015625,1002.140625,1002.265625,1002.390625,1002.515625,1002.6484375,1002.78125,1002.921875,1003.1796875,1003.46875,1003.7578125,1004.53125,1004.7578125,1004.9609375,1005.1953125,1005.421875,1005.6328125,1005.8359375,1005.9609375,1006.078125,1006.203125,1006.3203125,1006.4375,1006.5546875,1006.671875,1006.7890625,1006.90625,1007.015625,1007.1328125,1007.2421875,1007.359375,1007.46875,1007.578125,1007.6953125,1007.8046875,1007.9140625,1008.0234375,1008.1328125,1008.2421875,1008.3515625,1008.4609375,1008.5703125,1008.6796875,1008.796875,1008.90625,1009.0234375,1009.140625,1009.2578125,1009.375,1009.5,1009.703125,1009.9140625,1010.1328125,1010.3671875,1010.578125,1010.8125,1011.671875,1012.0234375,1012.2109375,1012.3828125,1012.5546875,1012.71875,1012.90625,1013.09375,1013.28125,1013.4609375,1013.640625,1013.8125,1013.9921875,1014.1640625,1014.359375,1014.5546875,1014.75,1014.953125,1015.1484375,1015.3515625,1015.5546875,1015.7578125,1015.9609375,1016.171875,1016.3828125,1016.6015625,1016.8203125,1017.0390625,1017.2578125,1017.484375,1017.703125,1017.9296875,1018.1484375,1018.3671875,1018.5859375,1018.8046875,1019.0234375,1019.234375,1019.4453125,1019.6484375,1019.8515625,1020.0546875,1020.2578125,1020.4609375,1020.6640625,1020.859375,1021.0390625,1021.2265625,1021.40625,1021.59375,1021.78125,1021.96875,1022.1640625,1022.359375,1022.53125,1022.7109375,1022.890625,1023.0859375,1023.453125,1024.359375,1024.609375,1024.8359375,1025.09375,1025.328125,1025.5546875,1025.7734375,1025.9140625,1026.046875,1026.1796875,1026.3046875,1026.4296875,1026.5546875,1026.6796875,1026.8046875,1026.9296875,1027.0546875,1027.1796875,1027.296875,1027.421875,1027.5390625,1027.65625,1027.78125,1027.9375,1028.09375,1028.25,1028.4140625,1028.578125,1028.7421875,1028.9140625,1029.0859375,1029.265625,1029.4453125,1029.6328125,1029.8359375,1030.03125,1030.2421875,1031.0703125,1031.421875,1031.6171875,1031.796875,1031.96875,1032.140625,1032.34375,1032.5390625,1032.734375,1032.921875,1033.109375,1033.296875,1033.484375,1033.6640625,1033.859375,1034.0546875,1034.25,1034.4453125,1034.6484375,1034.8515625,1035.0625,1035.28125,1035.4609375,1035.640625,1035.8359375,1036.046875,1036.4296875,1037.3984375,1037.671875,1037.9296875,1038.203125,1038.4609375,1038.7109375,1038.9609375,1039.203125,1039.4375,1039.671875,1039.9140625,1040.15625,1040.40625,1040.6640625,1040.9296875,1041.171875,1041.4296875,1041.703125,1042.0078125,1042.4765625,1043.796875,1045.1171875,1045.609375,1046.03125,1046.421875,1046.7890625,1047.140625,1047.4921875,1047.84375,1048.2109375,1048.5234375,1048.859375,1049.90625,1050.2578125,1050.59375,1050.8984375,1051.1953125,1051.484375,1051.765625,1052.046875,1052.3046875,1052.5703125,1052.8359375,1053.1171875,1053.359375,1053.625,1054.7421875,1055.015625,1055.265625,1055.5234375,1055.7734375,1056.015625,1056.2421875,1056.375,1056.5078125,1056.640625,1056.7734375,1056.90625,1057.03125,1057.15625,1057.28125,1057.40625,1057.53125,1057.65625,1057.7890625,1057.9140625,1058.046875,1058.171875,1058.3046875,1058.5234375,1058.7421875,1058.9765625,1059.21875,1059.4296875,1059.6640625,1060.421875,1060.6875,1060.9453125,1061.1796875,1061.421875,1061.6484375,1061.8671875,1062.078125,1062.1875,1062.2890625,1062.4921875,1062.59375,1062.6953125,1062.796875,1062.8984375,1063.0,1063.1015625,1063.203125,1063.296875,1063.390625,1063.4921875,1063.5859375,1063.6875,1063.8359375,1063.9921875,1064.140625,1064.296875,1064.453125,1064.609375,1064.7734375,1064.9375,1065.1015625,1065.265625,1065.4453125,1065.6328125,1065.8125,1066.0078125,1066.75,1067.0703125,1067.2421875,1067.40625,1067.5625,1067.7109375,1067.890625,1068.0703125,1068.2421875,1068.40625,1068.5703125,1068.734375,1068.8984375,1069.0625,1069.2578125,1069.453125,1069.6484375,1069.8515625,1070.0546875,1070.2578125,1070.46875,1070.6875,1070.8671875,1071.0546875,1071.25,1071.453125,1071.828125,1072.7421875,1072.9921875,1073.21875,1073.453125,1073.671875,1073.8828125,1074.09375,1074.2890625,1074.484375,1074.671875,1074.859375,1075.046875,1075.234375,1075.421875,1075.6171875,1075.8046875,1076.0,1076.1953125,1076.3984375,1076.609375,1076.8203125,1077.0390625,1077.265625,1077.4453125,1077.640625,1078.0546875,1078.4609375,1079.609375,1079.9765625,1080.3203125,1080.6953125,1081.0625,1081.4296875,1081.796875,1082.171875,1082.546875,1082.9296875,1083.3203125,1083.7109375,1084.09375,1084.4765625,1084.84375,1085.1484375,1085.453125,1085.75,1086.046875,1086.3359375,1086.6171875,1086.90625,1087.1953125,1087.453125,1087.7109375,1087.9765625,1088.2578125,1088.7734375,1089.6796875,1090.0234375,1090.3671875,1090.6796875,1091.0390625,1091.3828125,1091.7109375,1092.03125,1092.203125,1092.3671875,1092.5390625,1092.7109375,1092.8828125,1093.0546875,1093.234375,1093.4140625,1093.7265625,1094.0625,1094.3828125,1095.125,1095.5,1095.859375,1096.1875,1096.359375,1096.5234375,1096.6875,1096.84375,1097.0,1097.15625,1097.3125,1097.46875,1097.625,1097.7890625,1097.9453125,1098.109375,1098.2734375,1098.4453125,1098.6171875,1098.7890625,1099.0859375,1099.4140625,1099.7265625,1100.4453125,1100.8046875,1100.984375,1101.1484375,1101.3125,1101.46875,1101.6328125,1101.7890625,1101.9453125,1102.09375,1102.2421875,1102.390625,1102.5390625,1102.6796875,1102.8515625,1103.0234375,1103.1953125,1103.3671875,1103.5390625,1103.71875,1103.8984375,1104.0859375,1104.2421875,1104.3984375,1104.5625,1104.7421875,1105.0703125,1105.8125,1106.0,1106.171875,1106.34375,1106.5078125,1106.6640625,1106.8125,1106.9609375,1107.1015625,1107.2421875,1107.375,1107.5078125,1107.640625,1107.7734375,1107.90625,1108.0234375,1108.140625,1108.2578125,1108.3671875,1108.484375,1108.59375,1108.703125,1108.8203125,1108.9296875,1109.046875,1109.15625,1109.2734375,1109.390625,1109.5078125,1109.625,1109.7421875,1109.8515625,1109.96875,1110.078125,1110.1953125,1110.3125,1110.4296875,1110.5546875,1110.6796875,1110.9140625,1111.171875,1111.4375,1112.140625,1112.3515625,1112.546875,1112.765625,1112.96875,1113.1640625,1113.359375,1113.4765625,1113.5859375,1113.703125,1113.8125,1113.921875,1114.03125,1114.140625,1114.25,1114.359375,1114.46875,1114.578125,1114.6796875,1114.7890625,1114.8984375,1115.0078125,1115.1171875,1115.265625,1115.4140625,1115.5625,1115.71875,1115.875,1116.03125,1116.1953125,1116.3671875,1116.515625,1116.671875,1116.8359375,1117.015625,1117.3671875,1118.0625,1118.359375,1118.671875,1118.9609375,1119.125,1119.2890625,1119.453125,1119.609375,1119.765625,1119.921875,1120.078125,1120.234375,1120.375,1120.515625,1120.65625,1120.8046875,1120.953125,1121.1015625,1121.25,1121.40625,1121.7109375,1122.0390625,1122.3828125,1123.0546875,1123.34375,1123.6484375,1123.921875,1124.2421875,1124.3984375,1124.546875,1124.6953125,1124.84375,1124.9921875,1125.1328125,1125.28125,1125.4375,1125.59375,1125.75,1125.90625,1126.0703125,1126.234375,1126.3984375,1126.7109375,1127.0546875,1127.3984375,1128.3515625,1128.6484375,1128.9140625,1129.2265625,1129.5234375,1129.8125,1130.1015625,1130.390625,1130.6796875,1130.9765625,1131.2890625,1131.5546875,1131.8515625,1132.765625,1133.078125,1133.375,1133.6484375,1133.90625,1134.1484375,1134.3828125,1134.609375,1134.8125,1135.015625,1135.21875,1135.4140625,1135.609375,1135.8125,1136.015625,1136.21875,1136.4296875,1136.640625,1136.8671875,1137.1015625,1137.328125,1137.5703125,1138.484375,1138.8671875,1139.078125,1139.2734375,1139.4609375,1139.640625,1139.859375,1140.0703125,1140.28125,1140.484375,1140.6875,1140.890625,1141.09375,1141.2890625,1141.484375,1141.6875,1141.8828125,1142.0859375,1142.2890625,1142.5,1142.7109375,1142.9296875,1143.1171875,1143.3046875,1143.5078125,1143.71875,1144.1171875,1145.15625,1145.453125,1145.7265625,1146.03125,1146.3203125,1146.59375,1146.8671875,1147.1640625,1147.3125,1147.4609375,1147.609375,1147.7578125,1147.90625,1148.0546875,1148.203125,1148.3515625,1148.5,1148.6484375,1148.9453125,1149.25,1149.5078125,1149.7734375,1150.046875,1150.3203125,1150.6015625,1150.8984375,1151.203125,1151.515625,1151.78125,1152.0625,1152.3515625,1152.6640625,1153.2421875,1154.5546875,1154.8828125,1155.1796875,1155.4921875,1155.78125,1156.0546875,1156.3203125,1156.6015625,1156.8671875,1157.1328125,1157.390625,1157.6484375,1157.8984375,1158.1484375,1158.390625,1158.640625,1158.8828125,1159.125,1159.375,1159.625,1159.8828125,1160.140625,1160.40625,1160.625,1160.859375,1161.1015625,1161.3515625,1161.8203125,1162.96875,1163.28125,1163.5703125,1163.875,1164.171875,1164.4609375,1164.734375,1165.03125,1165.3203125,1165.609375,1165.890625,1166.171875,1166.4609375,1166.7421875,1167.03125,1167.1875,1167.34375,1167.5,1167.65625,1167.8125,1167.9765625,1168.140625,1168.3046875,1168.46875,1168.640625,1168.9765625,1169.328125,1169.6796875,1169.8828125,1170.0859375,1170.2890625,1170.5,1170.7109375,1170.921875,1171.140625,1171.3671875,1171.78125,1172.234375,1172.671875,1173.6875,1173.9609375,1174.203125,1174.4765625,1174.734375,1174.9765625,1175.2109375,1175.359375,1175.5078125,1175.6484375,1175.7890625,1175.9296875,1176.0625,1176.1953125,1176.3203125,1176.453125,1176.578125,1176.703125,1176.828125,1176.953125,1177.078125,1177.203125,1177.3203125,1177.4375,1177.5546875,1177.671875,1177.78125,1177.8984375,1178.0078125,1178.125,1178.2421875,1178.3515625,1178.46875,1178.5859375,1178.703125,1178.8203125,1178.9375,1179.0546875,1179.171875,1179.2890625,1179.4140625,1179.53125,1179.65625,1179.78125,1179.9140625,1180.1796875,1180.4375,1180.71875,1181.0078125,1181.765625,1181.9921875,1182.203125,1182.4375,1182.6640625,1182.875,1183.0859375,1183.2109375,1183.3359375,1183.4609375,1183.578125,1183.703125,1183.8203125,1183.9375,1184.0546875,1184.171875,1184.2890625,1184.40625,1184.5234375,1184.640625,1184.7578125,1184.875,1184.9921875,1185.1328125,1185.2734375,1185.4140625,1185.5625,1185.7109375,1185.859375,1186.0078125,1186.1640625,1186.328125,1186.4921875,1186.6640625,1186.8515625,1187.03125,1187.234375,1188.0078125,1188.3359375,1188.515625,1188.6875,1188.84375,1189.0,1189.1875,1189.375,1189.5546875,1189.7265625,1189.8984375,1190.0703125,1190.2421875,1190.4140625,1190.578125,1190.75,1190.921875,1191.09375,1191.265625,1191.4453125,1191.6328125,1191.8203125,1191.9765625,1192.140625,1192.3125,1192.4921875,1192.828125,1193.6328125,1193.8515625,1194.0546875,1194.265625,1194.46875,1194.65625,1194.84375,1195.0390625,1195.234375,1195.421875,1195.609375,1195.796875,1195.984375,1196.1640625,1196.3515625,1196.5,1196.65625,1196.8046875,1196.9609375,1197.1171875,1197.2734375,1197.4375,1197.609375,1197.8984375,1198.21875,1198.5234375,1199.2578125,1199.640625,1199.8359375,1200.0234375,1200.1953125,1200.3671875,1200.546875,1200.71875,1200.890625,1201.0625,1201.234375,1201.3984375,1201.5703125,1201.734375,1201.90625,1202.078125,1202.25,1202.4296875,1202.609375,1202.7890625,1202.9765625,1203.1640625,1203.3203125,1203.484375,1203.65625,1203.84375,1204.1875,1205.0078125,1205.234375,1205.4375,1205.65625,1205.859375,1206.0546875,1206.25,1206.453125,1206.6484375,1206.84375,1207.0390625,1207.234375,1207.421875,1207.609375,1207.8046875,1207.9453125,1208.0859375,1208.2265625,1208.375,1208.5234375,1208.671875,1208.828125,1208.984375,1209.140625,1209.3046875,1209.6484375,1210.015625,1210.7421875,1211.0546875,1211.3828125,1211.6875,1211.8671875,1212.0390625,1212.2109375,1212.375,1212.5390625,1212.703125,1212.8671875,1213.0234375,1213.1796875,1213.34375,1213.5078125,1213.671875,1213.8359375,1214.0,1214.171875,1214.3515625,1214.65625,1214.984375,1215.3046875,1216.0546875,1216.4453125,1216.640625,1216.828125,1217.0,1217.171875,1217.3515625,1217.5234375,1217.6953125,1217.8671875,1218.0390625,1218.203125,1218.375,1218.5390625,1218.6875,1218.8359375,1218.984375,1219.140625,1219.296875,1219.453125,1219.609375,1219.7734375,1220.0625,1220.375,1220.671875,1221.3828125,1221.7578125,1221.953125,1222.1328125,1222.3046875,1222.46875,1222.65625,1222.84375,1223.0234375,1223.1953125,1223.3671875,1223.5390625,1223.7109375,1223.875,1223.9921875,1224.109375,1224.2265625,1224.34375,1224.4609375,1224.578125,1224.6953125,1224.8125,1224.9296875,1225.046875,1225.1640625,1225.28125,1225.3984375,1225.5234375,1225.640625,1225.765625,1225.8828125,1226.0078125,1226.1328125,1226.2578125,1226.3828125,1226.515625,1226.6484375,1226.7890625,1227.046875,1227.3359375,1227.625,1228.4140625,1228.65625,1228.8671875,1229.109375,1229.34375,1229.5703125,1229.78125,1229.9140625,1230.0390625,1230.1640625,1230.2890625,1230.4140625,1230.5390625,1230.6640625,1230.78125,1230.90625,1231.0234375,1231.1484375,1231.265625,1231.3828125,1231.5,1231.6171875,1231.7421875,1231.8515625,1231.9609375,1232.0703125,1232.1875,1232.296875,1232.4140625,1232.5234375,1232.640625,1232.7578125,1232.875,1232.9921875,1233.109375,1233.2265625,1233.3515625,1233.4765625,1233.6015625,1233.8125,1234.03125,1234.2578125,1234.5078125,1234.7265625,1234.9765625,1235.9296875,1236.34375,1236.5703125,1236.78125,1236.984375,1237.1796875,1237.4140625,1237.640625,1237.8671875,1238.0859375,1238.3125,1238.5390625,1238.765625,1239.0,1239.2265625,1239.453125,1239.6875,1239.9375,1240.1953125,1240.4609375,1240.75,1241.0625,1241.8828125,1243.75,1244.34375,1244.734375,1245.0859375,1245.4140625,1245.71875,1246.09375,1246.4453125,1246.7890625,1247.125,1247.4609375,1247.7890625,1248.125,1248.4609375,1248.7421875,1249.03125,1249.328125,1249.6484375,1249.9296875,1250.234375,1251.3203125,1251.75,1252.1953125,1252.6015625,1252.8359375,1253.0625,1253.2890625,1253.5078125,1253.7265625,1253.953125,1254.171875,1254.3984375,1254.703125,1255.0234375,1255.3515625,1255.703125,1256.0,1256.328125,1257.4765625,1257.9453125,1258.421875,1258.8828125,1259.2578125,1259.65625,1261.171875,1261.484375,1261.7734375,1262.1328125,1262.4609375,1262.78125,1263.0859375,1263.28125,1263.4765625,1263.671875,1263.859375,1264.046875,1264.234375,1264.421875,1264.6015625,1264.78125,1264.96875,1265.15625,1265.34375,1265.53125,1265.71875,1265.90625,1266.1015625,1266.4140625,1266.7421875,1267.078125,1267.4375,1267.75,1268.09375,1269.25,1269.6875,1270.1171875,1270.515625,1270.7265625,1270.9296875,1271.125,1271.3203125,1271.515625,1271.703125,1271.890625,1272.0703125,1272.2578125,1272.4375,1272.6171875,1272.796875,1272.9765625,1273.15625,1273.3359375,1273.515625,1273.6953125,1273.875,1274.0546875,1274.2421875,1274.421875,1274.609375,1274.796875,1274.984375,1275.21875,1275.4609375,1275.7109375,1275.9609375,1276.21875,1276.4921875,1276.7734375,1277.0703125,1277.3828125,1277.7265625,1279.3359375,1279.7578125,1280.1640625,1280.5625,1280.984375,1282.5546875,1282.890625,1283.1953125,1283.5703125,1283.921875,1284.25,1284.5703125,1284.828125,1285.078125,1285.328125,1285.578125,1285.8203125,1286.0703125,1286.3203125,1286.578125,1286.796875,1287.015625,1287.25,1287.4921875,1287.9453125,1288.9921875,1289.265625,1289.515625,1289.7890625,1290.0390625,1290.28125,1290.515625,1290.65625,1290.796875,1290.9375,1291.0703125,1291.203125,1291.3359375,1291.46875,1291.59375,1291.7265625,1291.8515625,1291.984375,1292.109375,1292.234375,1292.3671875,1292.4921875,1292.625,1292.8046875,1292.984375,1293.171875,1293.359375,1293.546875,1293.7421875,1293.9375,1294.140625,1294.3203125,1294.5,1294.6875,1294.890625,1295.2734375,1296.0,1296.3046875,1296.6171875,1296.8984375,1297.21875,1297.375,1297.53125,1297.6875,1297.8359375,1297.984375,1298.1328125,1298.4140625,1298.703125,1299.0,1299.3125,1299.5859375,1299.8828125,1300.84375,1301.1953125,1301.546875,1301.859375,1302.03125,1302.203125,1302.3671875,1302.53125,1302.6953125,1302.8515625,1303.0078125,1303.1640625,1303.34375,1303.515625,1303.6875,1303.8671875,1304.046875,1304.2265625,1304.4140625,1304.6015625,1304.765625,1304.9296875,1305.1015625,1305.28125,1305.625,1306.4375,1306.65625,1306.8515625,1307.0625,1307.265625,1307.453125,1307.640625,1307.8515625,1308.0546875,1308.25,1308.4453125,1308.640625,1308.828125,1309.0234375,1309.2109375,1309.3828125,1309.5625,1309.7421875,1309.921875,1310.1015625,1310.2890625,1310.4765625,1310.6640625,1310.84375,1311.03125,1311.2265625,1311.4296875,1311.625,1311.8359375,1312.6328125,1312.96875,1313.1484375,1313.3203125,1313.484375,1313.640625,1313.828125,1314.015625,1314.1953125,1314.3671875,1314.5390625,1314.7109375,1314.8828125,1315.0546875,1315.21875,1315.390625,1315.5625,1315.734375,1315.90625,1316.0859375,1316.265625,1316.453125,1316.609375,1316.765625,1316.9375,1317.1171875,1317.453125,1318.2578125,1318.4765625,1318.671875,1318.8828125,1319.078125,1319.265625,1319.453125,1319.6484375,1319.8359375,1320.0234375,1320.2109375,1320.3984375,1320.578125,1320.7578125,1320.9375,1321.0859375,1321.2421875,1321.3984375,1321.5546875,1321.7109375,1321.875,1322.0390625,1322.2109375,1322.5,1322.8203125,1323.125,1323.875,1324.078125,1324.2578125,1324.4609375,1324.6484375,1324.828125,1325.0,1325.1875,1325.375,1325.5546875,1325.734375,1325.9140625,1326.0859375,1326.2578125,1326.4296875,1326.625,1326.828125,1327.03125,1327.234375,1327.4375,1327.6484375,1327.8671875,1328.0859375,1328.2734375,1328.4609375,1328.65625,1328.8671875,1329.2578125,1329.9609375,1330.2265625,1330.5,1330.7421875,1331.0078125,1331.2578125,1331.5,1331.734375,1331.9765625,1332.21875,1332.34375,1332.4609375,1332.6953125,1332.9296875,1333.046875,1333.171875,1333.4140625,1333.5390625,1333.6640625,1333.8515625,1334.0390625,1334.234375,1334.4296875,1334.6328125,1334.84375,1335.0546875,1335.28125,1335.65625,1336.0703125,1336.484375,1337.7265625,1338.125,1338.4921875,1338.90625,1339.3125,1339.7109375,1340.09375,1340.5,1340.8984375,1341.28125,1341.46875,1341.65625,1341.8359375,1342.015625,1342.1953125,1342.3671875,1342.5390625,1342.7109375,1342.875,1343.0390625,1343.3359375,1343.484375,1343.6328125,1343.78125,1343.921875,1344.0703125,1344.2109375,1344.3515625,1344.4921875,1344.6328125,1344.7734375,1344.9140625,1345.0546875,1345.1953125,1345.34375,1345.484375,1345.6328125,1345.78125,1345.9296875,1346.078125,1346.234375,1346.546875,1346.84375,1347.171875,1347.4921875,1348.3125,1348.546875,1348.7578125,1349.0078125,1349.234375,1349.453125,1349.65625,1349.7890625,1349.9140625,1350.0390625,1350.1640625,1350.2890625,1350.40625,1350.5234375,1350.640625,1350.7578125,1350.875,1350.9921875,1351.1015625,1351.21875,1351.328125,1351.4453125,1351.5546875,1351.6796875,1351.8046875,1351.9296875,1352.0625,1352.1875,1352.3125,1352.4375,1352.5703125,1352.6953125,1352.828125,1352.9609375,1353.09375,1353.2265625,1353.3671875,1353.5078125,1353.6484375,1353.875,1354.109375,1354.3515625,1354.6171875,1354.8515625,1355.109375,1356.046875,1356.4375,1356.8359375,1357.0234375,1357.2109375,1357.421875,1357.625,1357.828125,1358.0234375,1358.2265625,1358.421875,1358.6171875,1358.8203125,1359.0234375,1359.2265625,1359.4375,1359.6484375,1359.8671875,1360.0859375,1360.3125,1360.5390625,1360.7734375,1361.015625,1361.2578125,1361.5078125,1361.7578125,1362.0,1362.2421875,1362.484375,1362.703125,1362.921875,1363.1328125,1363.3359375,1363.5390625,1363.734375,1363.9296875,1364.1171875,1364.3046875,1364.484375,1364.6640625,1364.84375,1365.0234375,1365.203125,1365.3828125,1365.5546875,1365.7109375,1365.875,1366.03125,1366.1953125,1366.359375,1366.5234375,1366.6953125,1366.8671875,1367.171875,1367.5078125,1367.828125,1368.6171875,1368.8359375,1369.0390625,1369.2578125,1369.46875,1369.6640625,1369.8515625,1370.078125,1370.3046875,1370.5234375,1370.734375,1370.9453125,1371.15625,1371.3671875,1371.5703125,1371.7265625,1371.8828125,1372.0390625,1372.203125,1372.359375,1372.5234375,1372.6875,1372.859375,1373.03125,1373.203125,1373.3828125,1373.5703125,1373.75,1373.953125,1374.6953125,1375.0078125,1375.34375,1375.4921875,1375.640625,1375.8203125,1375.9921875,1376.1640625,1376.328125,1376.4921875,1376.6484375,1376.8125,1376.96875,1377.125,1377.2890625,1377.453125,1377.6171875,1377.78125,1377.953125,1378.125,1378.3046875,1378.453125,1378.609375,1378.765625,1378.9375,1379.25,1379.984375,1380.1796875,1380.359375,1380.546875,1380.7265625,1380.8984375,1381.0625,1381.234375,1381.3984375,1381.5625,1381.7265625,1381.890625,1382.046875,1382.2109375,1382.3671875,1382.5078125,1382.65625,1382.8046875,1382.953125,1383.1015625,1383.2578125,1383.4140625,1383.5703125,1383.703125,1383.84375,1383.9921875,1384.1484375,1384.4375,1385.1328125,1385.3203125,1385.4921875,1385.6796875,1385.8515625,1386.015625,1386.1796875,1386.3671875,1386.546875,1386.71875,1386.890625,1387.0625,1387.2265625,1387.390625,1387.5546875,1387.6484375,1387.7421875,1387.8359375,1387.9296875,1388.0234375,1388.1171875,1388.2109375,1388.3125,1388.40625,1388.5,1388.59375,1388.6953125,1388.796875,1388.8984375,1389.0,1389.1015625,1389.2734375,1389.4453125,1389.6328125,1389.828125,1390.0,1390.1875,1390.796875,1391.0234375,1391.2421875,1391.4375,1391.640625,1391.8359375,1392.0234375,1392.203125,1392.296875,1392.3828125,1392.46875,1392.5546875,1392.640625,1392.7265625,1392.8125,1392.8984375,1392.984375,1393.0703125,1393.15625,1393.234375,1393.3203125,1393.3984375,1393.484375,1393.5625,1393.6484375,1393.734375,1393.8203125,1393.9140625,1394.0,1394.09375,1394.1796875,1394.2734375,1394.359375,1394.453125,1394.546875,1394.640625,1394.734375,1394.828125,1394.921875,1395.0234375,1395.1875,1395.3515625,1395.5234375,1395.7109375,1395.875,1396.0546875,1396.6484375,1396.8671875,1397.078125,1397.2734375,1397.4765625,1397.671875,1397.8515625,1398.03125,1398.203125,1398.2890625,1398.375,1398.5390625,1398.625,1398.703125,1398.7890625,1398.8671875,1399.0234375,1399.109375,1399.1875,1399.265625,1399.34375,1399.4921875,1399.6484375,1399.8046875,1399.9609375,1400.1171875,1400.28125,1400.4453125,1400.609375,1400.78125,1400.9609375,1401.1484375,1401.34375,1401.5390625,1401.75,1401.96875,1402.5625,1402.75,1402.9140625,1403.1015625,1403.28125,1403.453125,1403.6171875,1403.71875,1403.8203125,1403.921875,1404.015625,1404.109375,1404.203125,1404.296875,1404.390625,1404.484375,1404.578125,1404.671875,1404.7578125,1404.8515625,1404.9453125,1405.03125,1405.125,1405.2734375,1405.421875,1405.5703125,1405.71875,1405.875,1406.03125,1406.1875,1406.3515625,1406.515625,1406.6875,1406.859375,1407.046875,1407.2265625,1407.4296875,1408.1953125,1408.5234375,1408.703125,1408.8671875,1409.03125,1409.1875,1409.375,1409.5625,1409.7421875,1409.9140625,1410.0859375,1410.2578125,1410.4296875,1410.6015625,1410.7734375,1410.9453125,1411.1171875,1411.296875,1411.4765625,1411.65625,1411.84375,1412.0390625,1412.2109375,1412.3828125,1412.5625,1412.7578125,1412.9375,1413.1328125,1413.8671875,1414.1796875,1414.5078125,1414.65625,1414.8046875,1414.9765625,1415.1484375,1415.3203125,1415.484375,1415.6484375,1415.8125,1415.9765625,1416.140625,1416.2734375,1416.4140625,1416.5546875,1416.6953125,1416.8359375,1416.984375,1417.1328125,1417.2890625,1417.5625,1417.8671875,1418.171875,1419.0078125,1419.265625,1419.5,1419.7734375,1420.03125,1420.28125,1420.53125,1420.7734375,1421.0234375,1421.28125,1421.546875,1421.78125,1422.03125,1422.859375,1423.15625,1423.453125,1423.71875,1424.0078125,1424.28125,1424.546875,1424.8125,1424.9765625,1425.1328125,1425.2890625,1425.453125,1425.609375,1425.7734375,1425.9375,1426.109375,1426.2734375,1426.4453125,1426.6171875,1426.8046875,1427.171875,1427.875,1428.171875,1428.4765625,1428.7578125,1428.921875,1429.0859375,1429.2421875,1429.390625,1429.5390625,1429.6875,1429.8359375,1429.984375,1430.1328125,1430.2890625,1430.4375,1430.59375,1430.75,1430.90625,1431.0703125,1431.234375,1431.515625,1431.828125,1432.125,1432.8203125,1433.171875,1433.3515625,1433.515625,1433.6796875,1433.8359375,1434.0078125,1434.171875,1434.3359375,1434.4921875,1434.6484375,1434.8046875,1434.9609375,1435.109375,1435.265625,1435.4296875,1435.59375,1435.7578125,1435.921875,1436.09375,1436.265625,1436.4375,1436.5859375,1436.7421875,1436.8984375,1437.0703125,1437.3828125,1438.1328125,1438.3359375,1438.515625,1438.71875,1438.90625,1439.0859375,1439.2578125,1439.453125,1439.640625,1439.828125,1440.0078125,1440.1875,1440.359375,1440.5390625,1440.7109375,1440.8046875,1440.8984375,1440.9921875,1441.09375,1441.1875,1441.28125,1441.375,1441.4765625,1441.5703125,1441.671875,1441.765625,1441.8671875,1441.96875,1442.0703125,1442.171875,1442.28125,1442.453125,1442.6328125,1442.8203125,1443.015625,1443.1875,1443.3828125,1444.03125,1444.2734375,1444.515625,1444.7421875,1444.9765625,1445.1953125,1445.40625,1445.515625,1445.6171875,1445.7265625,1445.8359375,1445.9453125,1446.046875,1446.15625,1446.2578125,1446.359375,1446.4609375,1446.5625,1446.6640625,1446.765625,1446.875,1446.9765625,1447.078125,1447.1796875,1447.2890625,1447.4375,1447.5859375,1447.734375,1447.890625,1448.046875,1448.2109375,1448.375,1448.546875,1448.6875,1448.8359375,1449.15625,1449.4609375,1450.21875,1450.4296875,1450.6171875,1450.8203125,1451.0078125,1451.1875,1451.3671875,1451.5390625,1451.7109375,1451.8828125,1452.046875,1452.2109375,1452.375,1452.5390625,1452.7109375,1452.859375,1453.015625,1453.171875,1453.3359375,1453.5,1453.6640625,1453.8359375,1454.015625,1454.328125,1454.671875,1455.03125,1455.7890625,1456.1328125,1456.4921875,1456.828125,1457.21875,1457.609375,1458.0,1458.40625,1458.703125,1459.0234375,1459.359375,1459.734375,1460.1953125,1460.6875,1461.1484375,1461.5546875,1461.8515625,1462.1171875,1462.3671875,1462.609375,1462.8359375,1463.0546875,1463.265625,1463.46875,1463.71875,1463.96875,1464.2109375,1464.453125,1464.6953125,1464.9296875,1465.1640625,1465.40625,1465.609375,1465.8125,1466.03125,1466.2578125,1466.671875,1467.578125,1467.796875,1468.0,1468.1953125,1468.3828125,1468.5625,1468.734375,1468.90625,1469.0703125,1469.234375,1469.3984375,1469.5546875,1469.7109375,1469.8671875,1470.015625,1470.1171875,1470.21875,1470.3203125,1470.4140625,1470.5078125,1470.609375,1470.7109375,1470.8125,1470.9140625,1471.015625,1471.1171875,1471.21875,1471.3203125,1471.4296875,1471.640625,1471.8203125,1472.0,1472.1875,1472.390625,1472.5625,1472.7578125,1473.390625,1473.6171875,1473.8359375,1474.0390625,1474.2421875,1474.4375,1474.625,1474.8046875,1474.984375,1475.1640625,1475.3359375,1475.5078125,1475.59375,1475.6796875,1475.84375,1475.9296875,1476.015625,1476.1796875,1476.28125,1476.375,1476.46875,1476.5703125,1476.6640625,1476.765625,1476.8671875,1476.96875,1477.0703125,1477.171875,1477.2734375,1477.375,1477.4765625,1477.5859375,1477.6875,1477.796875,1477.9765625,1478.1640625,1478.359375,1478.5625,1478.7421875,1478.9453125,1479.609375,1479.8671875,1480.1171875,1480.34375,1480.46875,1480.5859375,1480.703125,1480.8203125,1480.9296875,1481.0390625,1481.1484375,1481.2578125,1481.375,1481.484375,1481.6015625,1481.7109375,1481.8203125,1481.9296875,1482.0390625,1482.1484375,1482.2578125,1482.3671875,1482.4765625,1482.5859375,1482.6953125,1482.8046875,1482.9140625,1483.0234375,1483.1875,1483.3515625,1483.5234375,1483.6953125,1483.8671875,1484.046875,1484.234375,1484.421875,1484.5859375,1484.75,1484.921875,1485.109375,1485.46875,1486.171875,1486.4765625,1486.796875,1487.0859375,1487.2578125,1487.421875,1487.5859375,1487.7421875,1487.90625,1488.0625,1488.2265625,1488.390625,1488.6328125,1488.8828125,1489.140625,1489.421875,1489.6640625,1489.9296875,1490.8828125,1491.28125,1491.6953125,1492.09375,1492.4765625,1492.8828125,1493.2578125,1494.1171875,1494.5390625,1494.7578125,1494.96875,1495.171875,1495.359375,1495.5,1495.6328125,1495.765625,1495.8984375,1496.03125,1496.15625,1496.2890625,1496.4140625,1496.546875,1496.671875,1496.796875,1496.921875,1497.046875,1497.171875,1497.296875,1497.4296875,1497.65625,1497.890625,1498.1328125,1498.390625,1498.625,1498.875,1499.125,1499.75,1500.09375,1500.28125,1500.453125,1500.6171875,1500.7734375,1500.9609375,1501.1484375,1501.328125,1501.5,1501.671875,1501.84375,1502.015625,1502.1875,1502.359375,1502.53125,1502.703125,1502.8828125,1503.0625,1503.2421875,1503.4296875,1503.6171875,1503.7734375,1503.9375,1504.109375,1504.2890625,1504.625,1505.3984375,1505.59375,1505.7734375,1505.953125,1506.125,1506.2890625,1506.453125,1506.609375,1506.765625,1506.9140625,1507.0625,1507.2109375,1507.3515625,1507.4921875,1507.6328125,1507.7421875,1507.8515625,1507.9609375,1508.0625,1508.171875,1508.2734375,1508.3828125,1508.4921875,1508.6015625,1508.7109375,1508.8203125,1508.9296875,1509.0390625,1509.1484375,1509.2578125,1509.375,1509.484375,1509.6015625,1509.71875,1509.8359375,1509.953125,1510.078125,1510.203125,1510.328125,1510.453125,1510.578125,1510.8515625,1511.1328125,1511.6796875,1511.90625,1512.140625,1512.359375,1512.609375,1512.7265625,1512.84375,1512.953125,1513.0625,1513.171875,1513.28125,1513.4140625,1513.5390625,1513.671875,1513.796875,1513.9296875,1514.0546875,1514.1796875,1514.3046875,1514.4296875,1514.5546875,1514.6796875,1514.8046875,1514.9296875,1515.0546875,1515.1796875,1515.3125,1515.484375,1515.6640625,1515.84375,1516.03125,1516.21875,1516.4140625,1516.609375,1516.8203125,1516.984375,1517.1640625,1517.3515625,1517.546875,1517.9140625,1518.625,1518.9296875,1519.234375,1519.5234375,1519.84375,1520.1484375,1520.453125,1520.7578125,1521.0,1521.25,1521.515625,1521.7890625,1522.0234375,1522.2890625,1523.15625,1523.4765625,1523.796875,1524.09375,1524.3984375,1524.6953125,1524.984375,1525.265625,1525.6015625,1525.9375,1526.28125,1526.6328125,1526.96875,1527.3359375,1527.6953125,1528.640625,1528.921875,1529.1796875,1529.46875,1529.7421875,1530.0078125,1530.2578125,1530.4140625,1530.5703125,1530.7265625,1530.875,1531.0234375,1531.171875,1531.3203125,1531.46875,1531.6171875,1531.765625,1531.9140625,1532.0625,1532.2109375,1532.359375,1532.5078125,1532.6640625,1532.828125,1532.9921875,1533.15625,1533.328125,1533.5,1533.671875,1533.8515625,1534.0390625,1534.3828125,1534.765625,1535.15625,1536.25,1536.59375,1536.90625,1537.265625,1537.6171875,1537.953125,1538.2890625,1538.6171875,1538.953125,1539.296875,1539.65625,1539.96875,1540.3046875,1541.3984375,1541.796875,1542.1875,1542.5390625,1542.9140625,1543.09375,1543.2734375,1543.453125,1543.625,1543.796875,1543.96875,1544.140625,1544.3203125,1544.5,1544.6796875,1544.859375,1545.046875,1545.234375,1545.4296875,1545.7578125,1546.125,1546.4765625,1547.328125,1547.78125,1548.015625,1548.234375,1548.4453125,1548.65625,1548.890625,1549.125,1549.3515625,1549.578125,1549.796875,1550.0234375,1550.25,1550.4765625,1550.7578125,1551.046875,1551.34375,1551.6640625,1551.9375,1552.2421875,1553.328125,1553.78125,1554.25,1554.6953125,1555.125,1555.5703125,1556.0,1556.9921875,1557.2578125,1557.5,1557.7734375,1558.03125,1558.2734375,1558.515625,1558.84375,1559.0078125,1559.171875,1559.5,1559.8359375,1560.1328125,1560.453125,1560.7578125,1561.453125,1561.8046875,1561.984375,1562.15625,1562.3203125,1562.4765625,1562.6640625,1562.84375,1563.015625,1563.1875,1563.3515625,1563.515625,1563.6796875,1563.8359375,1563.953125,1564.0625,1564.1796875,1564.2890625,1564.40625,1564.515625,1564.625,1564.734375,1564.84375,1564.9609375,1565.0703125,1565.1875,1565.296875,1565.4140625,1565.53125,1565.6484375,1565.84375,1566.046875,1566.2578125,1566.4765625,1566.671875,1566.8828125,1567.5625,1567.8046875,1568.0390625,1568.25,1568.46875,1568.671875,1568.8671875,1568.96875,1569.0625,1569.15625,1569.25,1569.34375,1569.4375,1569.53125,1569.6171875,1569.7109375,1569.796875,1569.890625,1569.9765625,1570.0625,1570.1484375,1570.2421875,1570.328125,1570.4140625,1570.5,1570.5859375,1570.6796875,1570.765625,1570.859375,1570.9453125,1571.0390625,1571.125,1571.21875,1571.3046875,1571.3984375,1571.4921875,1571.5859375,1571.6796875,1571.78125,1571.875,1571.9765625,1572.1484375,1572.328125,1572.515625,1572.71875,1572.8984375,1573.1015625,1573.828125,1574.125,1574.28125,1574.4296875,1574.5703125,1574.703125,1574.8671875,1575.0234375,1575.1796875,1575.328125,1575.4765625,1575.6171875,1575.765625,1575.90625,1575.9921875,1576.078125,1576.1640625,1576.25,1576.3359375,1576.421875,1576.5078125,1576.6015625,1576.6875,1576.7734375,1576.859375,1576.953125,1577.0390625,1577.1328125,1577.2265625,1577.3203125,1577.5,1577.6796875,1577.8671875,1578.0703125,1578.2578125,1578.4609375,1578.671875,1579.2265625,1579.390625,1579.5390625,1579.7109375,1579.8671875,1580.015625,1580.1640625,1580.34375,1580.515625,1580.6875,1580.8515625,1581.015625,1581.171875,1581.3359375,1581.4921875,1581.6484375,1581.8125,1581.9765625,1582.140625,1582.3046875,1582.4765625,1582.6484375,1582.828125,1582.9765625,1583.125,1583.28125,1583.453125,1583.6015625,1583.765625,1584.296875,1584.4921875,1584.6796875,1584.8515625,1585.03125,1585.1953125,1585.3515625,1585.5078125,1585.6640625,1585.8125,1585.9609375,1586.109375,1586.25,1586.390625,1586.53125,1586.671875,1586.765625,1586.859375,1586.953125,1587.046875,1587.140625,1587.234375,1587.328125,1587.421875,1587.515625,1587.609375,1587.703125,1587.8046875,1587.8984375,1588.0,1588.09375,1588.1953125,1588.2890625,1588.3828125,1588.4765625,1588.5703125,1588.6640625,1588.765625,1588.8671875,1588.9765625,1589.171875,1589.390625,1589.6015625,1590.171875,1590.34375,1590.4921875,1590.6640625,1590.828125,1590.984375,1591.1328125,1591.2265625,1591.3125,1591.3984375,1591.484375,1591.5703125,1591.65625,1591.7421875,1591.8203125,1591.90625,1591.984375,1592.0703125,1592.1484375,1592.234375,1592.3125,1592.390625,1592.46875,1592.5625,1592.65625,1592.7421875,1592.8359375,1592.921875,1593.015625,1593.109375,1593.203125,1593.296875,1593.390625,1593.484375,1593.578125,1593.671875,1593.7734375,1593.8671875,1593.96875,1594.0625,1594.15625,1594.25,1594.3515625,1594.453125,1594.5546875,1594.65625,1594.765625,1594.96875,1595.1875,1595.40625,1596.0,1596.1796875,1596.3359375,1596.5234375,1596.6953125,1596.859375,1597.0234375,1597.125,1597.21875,1597.3125,1597.40625,1597.5,1597.5859375,1597.6796875,1597.765625,1597.859375,1597.9453125,1598.0390625,1598.125,1598.21875,1598.3046875,1598.390625,1598.4765625,1598.5625,1598.6484375,1598.734375,1598.8203125,1598.90625,1598.9921875,1599.078125,1599.171875,1599.2578125,1599.3515625,1599.4375,1599.53125,1599.625,1599.71875,1599.8125,1599.9140625,1600.0703125,1600.234375,1600.40625,1600.59375,1600.7578125,1600.9375,1601.53125,1601.75,1601.96875,1602.171875,1602.28125,1602.3828125,1602.484375,1602.578125,1602.671875,1602.765625,1602.859375,1602.953125,1603.046875,1603.140625,1603.234375,1603.3203125,1603.4140625,1603.5,1603.5859375,1603.671875,1603.765625,1603.8515625,1603.9375,1604.0234375,1604.109375,1604.1953125,1604.28125,1604.375,1604.5234375,1604.671875,1604.8203125,1604.9765625,1605.1328125,1605.2890625,1605.453125,1605.6171875,1605.7734375,1605.9375,1606.109375,1606.296875,1606.46875,1606.6640625,1607.3984375,1607.7109375,1607.8828125,1608.0390625,1608.1953125,1608.34375,1608.515625,1608.6875,1608.859375,1609.0234375,1609.1875,1609.3515625,1609.515625,1609.671875,1609.8359375,1610.0,1610.1640625,1610.3359375,1610.5078125,1610.6796875,1610.8515625,1611.03125,1611.203125,1611.3828125,1611.5703125,1611.765625,1611.953125,1612.1640625,1612.96875,1613.1484375,1613.3125,1613.5,1613.671875,1613.8359375,1614.0,1614.1953125,1614.3828125,1614.5703125,1614.75,1614.9296875,1615.109375,1615.2890625,1615.46875,1615.640625,1615.8125,1615.984375,1616.1640625,1616.34375,1616.5234375,1616.7109375,1616.8984375,1617.0703125,1617.25,1617.4375,1617.6328125,1617.8125,1618.015625,1618.7890625,1619.1171875,1619.296875,1619.4609375,1619.625,1619.78125,1619.96875,1620.1484375,1620.328125,1620.5,1620.671875,1620.84375,1621.015625,1621.1875,1621.3828125,1621.578125,1621.7734375,1621.9765625,1622.1796875,1622.390625,1622.609375,1622.828125,1623.046875,1623.28125,1623.53125,1623.796875,1624.078125,1624.3984375,1625.265625,1626.171875,1626.7890625,1627.0546875,1627.3046875,1627.5390625,1627.7578125,1627.984375,1628.203125,1628.4140625,1628.6171875,1628.8203125,1629.015625,1629.2109375,1629.40625,1629.5859375,1629.765625,1629.9453125,1630.125,1630.3046875,1630.4921875,1630.6796875,1630.8671875,1631.203125,1631.5703125,1631.921875,1632.8046875,1633.0546875,1633.2734375,1633.5234375,1633.7578125,1633.984375,1634.203125,1634.4609375,1634.71875,1634.96875,1635.2109375,1635.453125,1635.578125,1635.703125,1635.953125,1636.203125,1636.46875,1636.609375,1636.75,1637.0390625,1637.34375,1637.6015625,1637.890625,1638.828125,1639.171875,1639.5,1639.8046875,1640.0859375,1640.3515625,1640.6171875,1640.875,1641.0234375,1641.1796875,1641.3359375,1641.4921875,1641.6484375,1641.8125,1642.1484375,1642.4375,1642.7578125,1643.0625,1643.8125,1644.1953125,1644.390625,1644.578125,1644.7578125,1644.9296875,1645.125,1645.3203125,1645.5078125,1645.6875,1645.8671875,1646.046875,1646.2265625,1646.40625,1646.6015625,1646.796875,1646.9921875,1647.1953125,1647.390625,1647.59375,1647.8046875,1648.015625,1648.1953125,1648.3828125,1648.578125,1648.78125,1649.1640625,1650.09375,1650.3515625,1650.5859375,1650.8359375,1651.078125,1651.3125,1651.53125,1651.65625,1651.78125,1651.90625,1652.03125,1652.15625,1652.2734375,1652.3984375,1652.515625,1652.6328125,1652.75,1652.8671875,1652.984375,1653.1015625,1653.21875,1653.3359375,1653.453125,1653.5625,1653.671875,1653.78125,1653.8984375,1654.0078125,1654.125,1654.234375,1654.3515625,1654.578125,1654.8125,1655.0546875,1655.3046875,1655.5078125,1655.7265625,1655.953125,1656.1953125,1656.40625,1656.640625,1657.4296875,1657.734375,1658.0390625,1658.3203125,1658.6171875,1658.8984375,1659.171875,1659.3046875,1659.4375,1659.578125,1659.7109375,1659.8515625,1659.984375,1660.125,1660.2578125,1660.390625,1660.5234375,1660.65625,1660.7890625,1660.921875,1661.0546875,1661.1875,1661.3203125,1661.453125,1661.59375,1661.8046875,1662.015625,1662.234375,1662.453125,1662.6796875,1662.90625,1663.140625,1663.390625,1663.59375,1663.8046875,1664.0234375,1664.2578125,1664.6875,1665.7421875,1666.03125,1666.2890625,1666.5625,1666.8203125,1667.0625,1667.3046875,1667.53125,1667.7578125,1667.9765625,1668.1953125,1668.4140625,1668.6328125,1668.84375,1669.0625,1669.28125,1669.5,1669.71875,1669.9375,1670.1640625,1670.390625,1670.625,1670.859375,1671.078125,1671.3125,1671.5546875,1671.8046875,1672.3046875,1673.265625,1673.6640625,1674.078125,1674.453125,1674.671875,1674.890625,1675.1015625,1675.3046875,1675.5078125,1675.703125,1675.8984375,1676.09375,1676.3359375,1676.5703125,1676.8046875,1677.0390625,1677.2734375,1677.515625,1677.7578125,1678.0078125,1678.2421875,1678.4765625,1678.7265625,1678.9921875,1679.234375,1679.5078125,1680.484375,1680.8828125,1681.296875,1681.484375,1681.671875,1681.890625,1682.109375,1682.3203125,1682.53125,1682.734375,1682.9296875,1683.1328125,1683.328125,1683.53125,1683.734375,1683.9375,1684.1484375,1684.3515625,1684.5625,1684.78125,1685.0,1685.1875,1685.375,1685.578125,1685.7890625,1686.1796875,1687.09375,1687.328125,1687.546875,1687.7734375,1687.9921875,1688.1953125,1688.390625,1688.6015625,1688.8125,1689.015625,1689.2109375,1689.40625,1689.6015625,1689.796875,1689.984375,1690.109375,1690.234375,1690.359375,1690.484375,1690.609375,1690.734375,1690.859375,1690.9921875,1691.1171875,1691.25,1691.375,1691.5078125,1691.640625,1691.7734375,1691.90625,1692.046875,1692.2734375,1692.5078125,1692.75,1693.0078125,1693.234375,1693.484375,1694.3359375,1694.6640625,1694.9921875,1695.2890625,1695.453125,1695.609375,1695.765625,1695.9140625,1696.0625,1696.203125,1696.3515625,1696.4921875,1696.640625,1696.7890625,1696.9375,1697.0859375,1697.234375,1697.3828125,1697.53125,1697.6796875,1697.828125,1697.9765625,1698.125,1698.2734375,1698.421875,1698.578125,1698.7265625,1698.8828125,1699.0625,1699.2421875,1699.4296875,1699.6171875,1699.8125,1700.015625,1700.2265625,1700.4453125,1700.8046875,1701.2109375,1701.609375,1702.765625,1703.140625,1703.484375,1703.875,1704.25,1704.625,1704.9921875,1705.390625,1705.7890625,1706.1875,1706.59375,1707.0078125,1707.4140625,1707.8203125,1708.21875,1708.6015625,1708.984375,1709.359375,1709.7265625,1710.0859375,1710.4453125,1710.8046875,1711.1640625,1711.4609375,1711.765625,1712.0859375,1712.4140625,1713.015625,1714.3125,1714.6171875,1714.8984375,1715.1796875,1715.4375,1715.6875,1715.921875,1716.171875,1716.4140625,1716.65625,1716.890625,1717.125,1717.3515625,1717.578125,1717.796875,1718.0546875,1718.3046875,1718.5625,1718.8203125,1719.078125,1719.34375,1719.6171875,1719.890625,1720.1171875,1720.359375,1720.609375,1720.8671875,1721.3515625,1722.46875,1722.7578125,1723.015625,1723.28125,1723.5390625,1723.78125,1724.015625,1724.25,1724.484375,1724.7109375,1724.9296875,1725.1484375,1725.3671875,1725.578125,1725.7890625,1725.921875,1726.046875,1726.1796875,1726.3046875,1726.4296875,1726.5625,1726.6953125,1726.828125,1726.953125,1727.0859375,1727.21875,1727.3515625,1727.484375,1727.625,1727.7578125,1727.8984375,1728.140625,1728.3984375,1728.6640625,1728.9375,1729.1953125,1729.4765625,1730.484375,1730.890625,1731.109375,1731.3125,1731.5078125,1731.703125,1731.9296875,1732.1484375,1732.359375,1732.5703125,1732.78125,1732.984375,1733.1875,1733.390625,1733.5859375,1733.78125,1733.9765625,1734.1796875,1734.3828125,1734.5859375,1734.796875,1735.0078125,1735.203125,1735.3984375,1735.6015625,1735.8203125,1736.2421875,1737.0546875,1737.390625,1737.7421875,1738.0625,1738.25,1738.4296875,1738.609375,1738.78125,1738.953125,1739.125,1739.296875,1739.4609375,1739.625,1739.796875,1739.9609375,1740.1328125,1740.3046875,1740.4765625,1740.65625,1740.8359375,1741.1484375,1741.484375,1741.8046875,1742.5625,1742.9296875,1743.28125,1743.6015625,1743.7578125,1743.90625,1744.0546875,1744.1953125,1744.3359375,1744.4765625,1744.6171875,1744.75,1744.984375,1745.2109375,1745.4375,1745.6640625,1745.890625,1746.125,1746.359375,1746.59375,1746.8359375,1747.078125,1747.3359375,1747.6015625,1747.8671875,1748.15625,1748.4609375,1749.3359375,1749.609375,1749.859375,1750.1484375,1750.421875,1750.6796875,1750.9375,1751.25,1751.5546875,1751.859375,1752.1640625,1752.46875,1752.78125,1753.09375,1753.4140625,1753.6328125,1753.8515625,1754.0703125,1754.296875,1754.53125,1754.765625,1755.0,1755.2421875,1755.484375,1755.734375,1755.984375,1756.234375,1756.484375,1756.7265625,1756.9765625,1757.21875,1757.4375,1757.6484375,1757.859375,1758.078125,1758.2890625,1758.5078125,1758.7265625,1758.953125,1759.34375,1759.7578125,1760.15625,1761.0703125,1761.53125,1761.765625,1761.9921875,1762.203125,1762.40625,1762.65625,1762.8984375,1763.1328125,1763.359375,1763.5859375,1763.8046875,1764.03125,1764.25,1764.4140625,1764.5859375,1764.7578125,1764.9296875,1765.1015625,1765.28125,1765.4609375,1765.6484375,1765.8203125,1765.9921875,1766.1796875,1766.375,1766.7578125,1767.5,1767.8046875,1768.125,1768.421875,1768.59375,1768.7578125,1768.921875,1769.078125,1769.234375,1769.390625,1769.546875,1769.703125,1769.8515625,1770.0078125,1770.1640625,1770.3203125,1770.4765625,1770.640625,1770.8046875,1770.9765625,1771.265625,1771.578125,1771.875,1772.5859375,1772.9453125,1773.296875,1773.6171875,1773.78125,1773.9453125,1774.1015625,1774.2578125,1774.4140625,1774.5625,1774.71875,1774.8671875,1775.0078125,1775.1484375,1775.2890625,1775.4296875,1775.5703125,1775.71875,1776.015625,1776.28125,1776.5703125,1776.8515625,1777.5078125,1777.8515625,1778.03125,1778.1953125,1778.3515625,1778.5,1778.671875,1778.84375,1779.0078125,1779.1640625,1779.3203125,1779.4765625,1779.6328125,1779.78125,1779.890625,1780.0,1780.109375,1780.2109375,1780.3125,1780.421875,1780.53125,1780.640625,1780.75,1780.859375,1780.96875,1781.078125,1781.1875,1781.3046875,1781.4140625,1781.53125,1781.71875,1781.9140625,1782.1171875,1782.3359375,1782.5234375,1782.734375,1783.4296875,1783.6875,1783.9375,1784.1640625,1784.3984375,1784.625,1784.8359375,1785.046875,1785.2578125,1785.4609375,1785.6640625,1785.859375,1786.0546875,1786.2578125,1786.453125,1786.65625,1786.7890625,1786.921875,1787.0546875,1787.1953125,1787.3359375,1787.4765625,1787.625,1787.7734375,1788.046875,1788.3515625,1788.65625,1789.5234375,1789.796875,1790.0390625,1790.3203125,1790.59375,1790.859375,1791.1171875,1791.3828125,1791.6484375,1791.921875,1792.2109375,1792.4609375,1792.734375,1793.0,1793.6328125,1793.9609375,1794.1328125,1794.2890625,1794.4375,1794.5859375,1794.7578125,1794.921875,1795.078125,1795.234375,1795.390625,1795.5390625,1795.6875,1795.8359375,1796.0078125,1796.1796875,1796.3515625,1796.53125,1796.703125,1796.8828125,1797.0625,1797.25,1797.40625,1797.5703125,1797.7421875,1797.921875,1798.2578125,1799.0546875,1799.2734375,1799.46875,1799.6796875,1799.8828125,1800.0703125,1800.2578125,1800.3671875,1800.46875,1800.578125,1800.6796875,1800.78125,1800.8828125,1800.984375,1801.078125,1801.1796875,1801.2734375,1801.375,1801.46875,1801.5703125,1801.6640625,1801.7578125,1801.8515625,1802.0078125,1802.171875,1802.3359375,1802.5,1802.6640625,1802.8359375,1803.0078125,1803.1796875,1803.359375,1803.5390625,1803.7265625,1803.9296875,1804.125,1804.34375,1805.171875,1805.359375,1805.53125,1805.7265625,1805.90625,1806.078125,1806.25,1806.453125,1806.65625,1806.8515625,1807.0390625,1807.234375,1807.421875,1807.609375,1807.796875,1807.9765625,1808.1640625,1808.3515625,1808.546875,1808.7421875,1808.9453125,1809.1484375,1809.359375,1809.53125,1809.7109375,1809.8984375,1810.1015625,1810.4765625,1811.15625,1811.4375,1811.71875,1811.9765625,1812.2578125,1812.5234375,1812.7890625,1813.046875,1813.296875,1813.5546875,1813.8125,1814.078125,1814.34375,1814.625,1814.9140625,1815.2265625,1815.5390625,1815.875,1816.2578125,1816.703125,1817.2734375,1817.796875,1818.2265625,1818.59375,1818.875,1819.1328125,1819.3828125,1819.6171875,1819.84375,1820.0703125,1820.2890625,1820.5,1820.6953125,1820.8828125,1821.0703125,1821.265625,1821.453125,1821.6484375,1821.84375,1822.046875,1822.21875,1822.390625,1822.7578125,1823.109375,1823.9140625,1824.3125,1824.515625,1824.703125,1824.8828125,1825.0546875,1825.25,1825.4375,1825.625,1825.8046875,1825.984375,1826.15625,1826.3359375,1826.5078125,1826.6953125,1826.8828125,1827.0703125,1827.265625,1827.4609375,1827.65625,1827.859375,1828.0625,1828.234375,1828.40625,1828.59375,1828.7890625,1829.1484375,1830.0,1830.21875,1830.421875,1830.6328125,1830.828125,1831.015625,1831.203125,1831.3828125,1831.5625,1831.7421875,1831.9140625,1832.0859375,1832.2578125,1832.4296875,1832.59375,1832.7734375,1832.9609375,1833.140625,1833.328125,1833.515625,1833.703125,1833.8984375,1834.1015625,1834.2890625,1834.484375,1834.6875,1834.8984375,1835.1015625,1835.328125,1836.203125,1836.578125,1836.7890625,1836.984375,1837.171875,1837.3515625,1837.5703125,1837.78125,1837.9921875,1838.203125,1838.4140625,1838.625,1838.8359375,1839.046875,1839.2265625,1839.4140625,1839.609375,1839.8046875,1840.0078125,1840.21875,1840.4375,1840.671875,1840.8984375,1841.15625,1842.359375,1842.9921875,1843.625,1844.890625,1845.1796875,1845.4375,1845.765625,1846.0703125,1846.359375,1846.640625,1846.921875,1847.203125,1847.484375,1847.7578125,1848.03125,1848.3125,1848.6015625,1848.890625,1849.1328125,1849.390625,1849.65625,1849.9375,1850.1875,1850.46875,1851.5546875,1852.0546875,1852.59375,1853.125,1853.5703125,1854.0625,1855.7109375,1857.1640625,1857.609375,1857.984375,1858.3203125,1858.4765625,1858.6328125,1858.78125,1858.921875,1859.0625,1859.203125,1859.34375,1859.4765625,1859.609375,1859.734375,1859.875,1860.015625,1860.15625,1860.2890625,1860.4296875,1860.5625,1860.6953125,1860.828125,1860.9609375,1861.09375,1861.2265625,1861.359375,1861.4921875,1861.625,1861.7578125,1861.8984375,1862.0078125,1862.125,1862.2421875,1862.359375,1862.4765625,1862.6015625,1862.859375,1863.078125,1863.3203125,1863.5546875,1864.1015625,1864.3671875,1864.625,1864.859375,1864.9765625,1865.09375,1865.2109375,1865.3203125,1865.4296875,1865.53125,1865.640625,1865.7421875,1865.84375,1865.9453125,1866.046875,1866.1484375,1866.25,1866.3515625,1866.453125,1866.546875,1866.6484375,1866.7421875,1866.8359375,1866.9296875,1867.03125,1867.125,1867.21875,1867.3125,1867.40625,1867.5078125,1867.609375,1867.7109375,1867.8125,1867.9140625,1868.015625,1868.1171875,1868.21875,1868.328125,1868.4296875,1868.5390625,1868.6484375,1868.7578125,1868.8671875,1868.9765625,1869.1640625,1869.3515625,1869.546875,1869.7578125,1869.9453125,1870.1484375,1870.84375,1871.1015625,1871.359375,1871.59375,1871.71875,1871.84375,1871.9609375,1872.078125,1872.1953125,1872.3046875,1872.421875,1872.53125,1872.6484375,1872.7578125,1872.875,1872.984375,1873.1015625,1873.2109375,1873.3203125,1873.4296875,1873.5390625,1873.6484375,1873.7578125,1873.8671875,1873.9765625,1874.0859375,1874.1953125,1874.3125,1874.3984375,1874.4921875,1874.578125,1874.671875,1874.765625,1874.859375,1874.953125,1875.046875,1875.140625,1875.2421875,1875.3359375,1875.4375,1875.5390625,1875.640625,1875.8515625,1876.0234375,1876.203125,1876.390625,1876.59375,1876.7734375,1876.96875,1877.65625,1877.9296875,1878.21875,1878.4765625,1878.7578125,1879.0234375,1879.28125,1879.4140625,1879.5390625,1879.7890625,1880.0390625,1880.2890625,1880.5390625,1880.796875,1881.0625,1881.3359375,1881.6171875,1881.7890625,1881.9609375,1882.3359375,1882.75,1883.25,1884.640625,1886.1171875,1886.703125,1887.078125,1887.421875,1887.7578125,1888.078125,1888.453125,1888.8203125,1889.1953125,1889.5859375,1889.953125,1890.3515625,1891.96875,1892.359375,1892.7265625,1893.15625,1893.578125,1894.0078125,1894.46875,1895.28125,1896.421875,1897.3359375,1897.6796875,1897.984375,1898.2421875,1898.4765625,1898.703125,1898.9140625,1899.1171875,1899.3203125,1899.5078125,1899.6953125,1899.9921875,1900.140625,1900.28125,1900.421875,1900.5625,1900.703125,1900.84375,1900.984375,1901.1171875,1901.2578125,1901.390625,1901.5234375,1901.6640625,1901.796875,1901.9375,1902.1953125,1902.4609375,1902.734375,1903.015625,1903.2734375,1903.5625,1903.84375,1904.546875,1904.9375,1905.1484375,1905.34375,1905.53125,1905.7109375,1905.9296875,1906.140625,1906.34375,1906.546875,1906.75,1906.9453125,1907.140625,1907.3359375,1907.515625,1907.6953125,1907.875,1908.0625,1908.25,1908.4375,1908.625,1908.8203125,1909.0,1909.1875,1909.3828125,1909.5859375,1909.7734375,1909.984375,1910.7578125,1911.0703125,1911.3984375,1911.5546875,1911.703125,1911.8828125,1912.0546875,1912.21875,1912.3828125,1912.546875,1912.703125,1912.859375,1913.015625,1913.1875,1913.359375,1913.53125,1913.7109375,1913.890625,1914.0703125,1914.25,1914.4375,1914.625,1914.8203125,1915.0234375,1915.234375,1915.4375,1915.6640625,1916.515625,1916.8828125,1917.078125,1917.265625,1917.4453125,1917.6171875,1917.828125,1918.03125,1918.234375,1918.4296875,1918.625,1918.8203125,1919.0078125,1919.203125,1919.359375,1919.515625,1919.671875,1919.828125,1919.9921875,1920.15625,1920.3203125,1920.4921875,1920.6484375,1920.8125,1920.984375,1921.171875,1921.53125,1922.2421875,1922.546875,1922.859375,1923.1484375,1923.3203125,1923.484375,1923.6484375,1923.8046875,1923.9609375,1924.1171875,1924.2734375,1924.421875,1924.5859375,1924.7578125,1924.9296875,1925.1015625,1925.2734375,1925.453125,1925.6328125,1925.8125,1925.984375,1926.1640625,1926.3515625,1926.5546875,1926.953125,1927.7421875,1928.078125,1928.4375,1928.7578125,1928.9453125,1929.1328125,1929.3125,1929.4921875,1929.671875,1929.84375,1930.0234375,1930.1953125,1930.3671875,1930.546875,1930.71875,1930.8984375,1931.078125,1931.2578125,1931.4453125,1931.640625,1931.96875,1932.3359375,1932.6796875,1933.5078125,1933.9375,1934.15625,1934.359375,1934.5546875,1934.75,1934.953125,1935.1484375,1935.34375,1935.53125,1935.71875,1935.90625,1936.09375,1936.2734375,1936.515625,1936.7578125,1937.0,1937.2421875,1937.484375,1937.734375,1937.984375,1938.234375,1938.5,1938.78125,1939.0703125,1939.375,1939.671875,1939.9921875,1940.3203125,1941.1875,1941.4453125,1941.6796875,1941.953125,1942.203125,1942.4453125,1942.671875,1942.953125,1943.2265625,1943.4921875,1943.75,1943.8828125,1944.0078125,1944.2578125,1944.390625,1944.515625,1944.765625,1944.9375,1945.1171875,1945.296875,1945.4765625,1945.65625,1945.84375,1946.03125,1946.2265625,1946.4140625,1946.6015625,1946.8046875,1947.015625,1947.4296875,1948.234375,1948.5625,1948.9140625,1949.2265625,1949.4140625,1949.59375,1949.765625,1949.9375,1950.109375,1950.2734375,1950.4453125,1950.609375,1950.78125,1950.953125,1951.125,1951.3046875,1951.4765625,1951.65625,1951.8359375,1952.0234375,1952.1796875,1952.34375,1952.6875,1953.015625,1953.8046875,1954.0078125,1954.1953125,1954.390625,1954.578125,1954.7578125,1954.9296875,1955.125,1955.3125,1955.4921875,1955.671875,1955.8515625,1956.0234375,1956.1953125,1956.3671875,1956.5546875,1956.7421875,1956.9296875,1957.125,1957.3203125,1957.515625,1957.71875,1957.921875,1958.09375,1958.2734375,1958.4609375,1958.65625,1958.828125,1959.0234375,1959.65625,1959.8984375,1960.1328125,1960.34375,1960.5703125,1960.7890625,1960.9921875,1961.1953125,1961.3125,1961.421875,1961.53125,1961.640625,1961.75,1961.8515625,1961.9609375,1962.0625,1962.171875,1962.2734375,1962.375,1962.4765625,1962.5859375,1962.6875,1962.7890625,1962.890625,1962.984375,1963.078125,1963.171875,1963.2734375,1963.3671875,1963.46875,1963.5625,1963.6640625,1963.765625,1963.8671875,1963.96875,1964.0703125,1964.171875,1964.28125,1964.3828125,1964.4921875,1964.6796875,1964.875,1965.078125,1965.2890625,1965.484375,1965.703125,1966.5,1966.8359375,1967.015625,1967.1796875,1967.34375,1967.5,1967.6875,1967.8671875,1968.046875,1968.21875,1968.390625,1968.5625,1968.734375,1968.90625,1969.0625,1969.21875,1969.375,1969.5390625,1969.703125,1969.875,1970.046875,1970.21875,1970.375,1970.5390625,1970.7109375,1970.8984375,1971.265625,1971.984375,1972.2890625,1972.609375,1972.8984375,1973.0703125,1973.234375,1973.3984375,1973.5546875,1973.71875,1973.875,1974.03125,1974.1875,1974.3359375,1974.4921875,1974.6484375,1974.8046875,1974.9609375,1975.125,1975.2890625,1975.4609375,1975.75,1976.0625,1976.3671875,1977.078125,1977.4453125,1977.796875,1977.9609375,1978.1171875,1978.28125,1978.4375,1978.59375,1978.7421875,1978.890625,1979.0390625,1979.1875,1979.328125,1979.5390625,1979.7421875,1979.953125,1980.1640625,1980.375,1980.59375,1980.8125,1981.03125,1981.25,1981.46875,1981.6953125,1981.9375,1982.171875,1982.4296875,1983.4140625,1983.8359375,1984.0625,1984.28125,1984.484375,1984.6875,1984.9296875,1985.1640625,1985.390625,1985.6171875,1985.84375,1986.0625,1986.28125,1986.5,1986.71875,1986.9453125,1987.171875,1987.3984375,1987.625,1987.859375,1988.1015625,1988.3515625,1988.5546875,1988.7734375,1989.0,1989.2421875,1989.6875,1990.7578125,1991.0390625,1991.296875,1991.5703125,1991.828125,1992.078125,1992.3125,1992.5625,1992.8125,1993.0546875,1993.2890625,1993.5234375,1993.7578125,1993.9921875,1994.21875,1994.4296875,1994.640625,1994.8515625,1995.0703125,1995.2890625,1995.5078125,1995.734375,1995.9609375,1996.15625,1996.3515625,1996.5625,1996.78125,1997.1875,1998.1171875,1998.359375,1998.578125,1998.8046875,1999.015625,1999.21875,1999.421875,1999.625,1999.8203125,2000.015625,2000.203125,2000.390625,2000.578125,2000.765625,2000.9453125,2001.140625,2001.3359375,2001.53125,2001.734375,2001.9296875,2002.1328125,2002.34375,2002.5546875,2002.734375,2002.9140625,2003.109375,2003.3125,2003.4921875,2003.6875,2004.5703125,2004.796875,2005.0078125,2005.21875,2005.421875,2005.6171875,2005.8046875,2005.9921875,2006.1796875,2006.359375,2006.5390625,2006.71875,2006.890625,2007.0625,2007.234375,2007.3671875,2007.4921875,2007.6171875,2007.7421875,2007.8671875,2007.9921875,2008.1171875,2008.25,2008.375,2008.5078125,2008.640625,2008.7734375,2008.90625,2009.0390625,2009.1796875,2009.3203125,2009.4296875,2009.546875,2009.78125,2010.0234375,2010.2890625,2010.5234375,2010.78125,2011.6875,2012.0625,2012.2578125,2012.4375,2012.6171875,2012.7890625,2012.984375,2013.171875,2013.359375,2013.546875,2013.7265625,2013.90625,2014.0859375,2014.265625,2014.453125,2014.640625,2014.828125,2015.015625,2015.203125,2015.3984375,2015.5859375,2015.78125,2015.9765625,2016.1796875,2016.3828125,2016.5859375,2016.7890625,2017.0,2017.2109375,2017.421875,2017.6484375,2017.875,2018.1015625,2018.3203125,2018.546875,2018.765625,2018.984375,2019.1953125,2019.40625,2019.6171875,2019.828125,2020.03125,2020.234375,2020.4375,2020.640625,2020.84375,2021.0234375,2021.2109375,2021.390625,2021.578125,2021.765625,2021.9609375,2022.15625,2022.3515625,2022.5234375,2022.703125,2022.890625,2023.0859375,2023.453125,2024.359375,2024.609375,2024.8359375,2025.09375,2025.328125,2025.5546875,2025.7734375,2025.9140625,2026.046875,2026.1796875,2026.3046875,2026.4296875,2026.5546875,2026.6796875,2026.8046875,2026.9296875,2027.0546875,2027.1796875,2027.296875,2027.4140625,2027.5390625,2027.65625,2027.78125,2027.9375,2028.09375,2028.25,2028.4140625,2028.578125,2028.7421875,2028.9140625,2029.0859375,2029.265625,2029.4453125,2029.6328125,2029.8359375,2030.03125,2030.2421875,2031.0703125,2031.421875,2031.6171875,2031.796875,2031.96875,2032.140625,2032.34375,2032.5390625,2032.734375,2032.921875,2033.109375,2033.296875,2033.484375,2033.6640625,2033.859375,2034.0546875,2034.25,2034.4453125,2034.6484375,2034.8515625,2035.0625,2035.28125,2035.4609375,2035.640625,2035.8359375,2036.046875,2036.4296875,2037.3984375,2037.671875,2037.9296875,2038.203125,2038.4609375,2038.7109375,2038.9609375,2039.203125,2039.4375,2039.671875,2039.9140625,2040.15625,2040.40625,2040.6640625,2040.9296875,2041.171875,2041.4296875,2041.703125,2042.0078125,2042.4765625,2043.796875,2045.1171875,2045.609375,2046.03125,2046.421875,2046.7890625,2047.140625,2047.4921875,2047.84375,2048.2109375,2048.5234375,2048.859375,2049.90625,2050.2578125,2050.59375,2050.8984375,2051.1953125,2051.484375,2051.765625,2052.046875,2052.3046875,2052.5703125,2052.8359375,2053.1171875,2053.359375,2053.625,2054.7421875,2055.015625,2055.265625,2055.5234375,2055.7734375,2056.015625,2056.2421875,2056.375,2056.5078125,2056.640625,2056.7734375,2056.90625,2057.03125,2057.15625,2057.28125,2057.40625,2057.53125,2057.65625,2057.7890625,2057.9140625,2058.046875,2058.171875,2058.3046875,2058.5234375,2058.7421875,2058.9765625,2059.21875,2059.4296875,2059.6640625,2060.421875,2060.6875,2060.9453125,2061.1796875,2061.421875,2061.6484375,2061.8671875,2062.078125,2062.1875,2062.2890625,2062.4921875,2062.59375,2062.6953125,2062.796875,2062.8984375,2063.0,2063.1015625,2063.203125,2063.296875,2063.390625,2063.4921875,2063.5859375,2063.6875,2063.8359375,2063.9921875,2064.140625,2064.296875,2064.453125,2064.609375,2064.7734375,2064.9375,2065.1015625,2065.265625,2065.4453125,2065.6328125,2065.8125,2066.0078125,2066.75,2067.0703125,2067.2421875,2067.40625,2067.5625,2067.7109375,2067.890625,2068.0703125,2068.2421875,2068.40625,2068.5703125,2068.734375,2068.8984375,2069.0625,2069.2578125,2069.453125,2069.6484375,2069.8515625,2070.0546875,2070.2578125,2070.46875,2070.6875,2070.8671875,2071.0546875,2071.25,2071.453125,2071.828125,2072.7421875,2072.9921875,2073.21875,2073.453125,2073.671875,2073.8828125,2074.09375,2074.2890625,2074.484375,2074.671875,2074.859375,2075.046875,2075.234375,2075.421875,2075.6171875,2075.8046875,2076.0,2076.1953125,2076.3984375,2076.609375,2076.8203125,2077.0390625,2077.265625,2077.4453125,2077.640625,2078.0546875,2078.4609375,2079.609375,2079.9765625,2080.3203125,2080.6953125,2081.0625,2081.4296875,2081.796875,2082.171875,2082.546875,2082.9296875,2083.3203125,2083.7109375,2084.09375,2084.4765625,2084.84375,2085.1484375,2085.453125,2085.75,2086.046875,2086.3359375,2086.6171875,2086.90625,2087.1953125,2087.453125,2087.7109375,2087.9765625,2088.2578125,2088.7734375,2089.6796875,2090.0234375,2090.3671875,2090.6796875,2091.0390625,2091.3828125,2091.7109375,2092.03125,2092.203125,2092.3671875,2092.5390625,2092.7109375,2092.8828125,2093.0546875,2093.234375,2093.4140625,2093.7265625,2094.0625,2094.3828125,2095.125,2095.5,2095.859375,2096.1875,2096.359375,2096.5234375,2096.6875,2096.84375,2097.0,2097.15625,2097.3125,2097.46875,2097.625,2097.7890625,2097.9453125,2098.109375,2098.2734375,2098.4453125,2098.6171875,2098.7890625,2099.0859375,2099.4140625,2099.7265625,2100.4453125,2100.8046875,2100.984375,2101.1484375,2101.3125,2101.46875,2101.6328125,2101.7890625,2101.9453125,2102.09375,2102.2421875,2102.390625,2102.5390625,2102.6796875,2102.8515625,2103.0234375,2103.1953125,2103.3671875,2103.5390625,2103.71875,2103.8984375,2104.0859375,2104.2421875,2104.3984375,2104.5625,2104.7421875,2105.0703125,2105.8125,2106.0,2106.171875,2106.34375,2106.5078125,2106.6640625,2106.8125,2106.9609375,2107.1015625,2107.2421875,2107.375,2107.5078125,2107.640625,2107.7734375,2107.90625,2108.0234375,2108.140625,2108.2578125,2108.3671875,2108.484375,2108.59375,2108.703125,2108.8203125,2108.9296875,2109.046875,2109.15625,2109.2734375,2109.390625,2109.5078125,2109.625,2109.7421875,2109.8515625,2109.96875,2110.078125,2110.1953125,2110.3125,2110.4296875,2110.5546875,2110.6796875,2110.9140625,2111.171875,2111.4375,2112.140625,2112.3515625,2112.546875,2112.765625,2112.96875,2113.1640625,2113.359375,2113.4765625,2113.5859375,2113.703125,2113.8125,2113.921875,2114.03125,2114.140625,2114.25,2114.359375,2114.46875,2114.578125,2114.6796875,2114.7890625,2114.8984375,2115.0078125,2115.1171875,2115.265625,2115.4140625,2115.5625,2115.71875,2115.875,2116.03125,2116.1953125,2116.3671875,2116.515625,2116.671875,2116.8359375,2117.015625,2117.3671875,2118.0625,2118.359375,2118.671875,2118.9609375,2119.125,2119.2890625,2119.453125,2119.609375,2119.765625,2119.921875,2120.078125,2120.234375,2120.375,2120.515625,2120.65625,2120.8046875,2120.953125,2121.1015625,2121.25,2121.40625,2121.7109375,2122.0390625,2122.3828125,2123.0546875,2123.34375,2123.6484375,2123.921875,2124.2421875,2124.3984375,2124.546875,2124.6953125,2124.84375,2124.9921875,2125.1328125,2125.28125,2125.4375,2125.59375,2125.75,2125.90625,2126.0703125,2126.234375,2126.3984375,2126.7109375,2127.0546875,2127.3984375,2128.3515625,2128.6484375,2128.9140625,2129.2265625,2129.5234375,2129.8125,2130.1015625,2130.390625,2130.6796875,2130.9765625,2131.2890625,2131.5546875,2131.8515625,2132.765625,2133.078125,2133.375,2133.6484375,2133.90625,2134.1484375,2134.3828125,2134.609375,2134.8125,2135.015625,2135.21875,2135.4140625,2135.609375,2135.8125,2136.015625,2136.21875,2136.4296875,2136.640625,2136.8671875,2137.1015625,2137.328125,2137.5703125,2138.484375,2138.8671875,2139.078125,2139.2734375,2139.4609375,2139.640625,2139.859375,2140.0703125,2140.28125,2140.484375,2140.6875,2140.890625,2141.09375,2141.2890625,2141.484375,2141.6875,2141.8828125,2142.0859375,2142.2890625,2142.5,2142.7109375,2142.9296875,2143.1171875,2143.3046875,2143.5078125,2143.71875,2144.1171875,2145.15625,2145.453125,2145.7265625,2146.03125,2146.3203125,2146.59375,2146.8671875,2147.1640625,2147.3125,2147.4609375,2147.609375,2147.7578125,2147.90625,2148.0546875,2148.203125,2148.3515625,2148.5,2148.6484375,2148.9453125,2149.25,2149.5078125,2149.7734375,2150.046875,2150.3203125,2150.6015625,2150.8984375,2151.203125,2151.515625,2151.78125,2152.0625,2152.3515625,2152.6640625,2153.2421875,2154.5546875,2154.8828125,2155.1796875,2155.4921875,2155.78125,2156.0546875,2156.3203125,2156.6015625,2156.8671875,2157.1328125,2157.390625,2157.6484375,2157.8984375,2158.1484375,2158.390625,2158.640625,2158.8828125,2159.125,2159.375,2159.625,2159.8828125,2160.140625,2160.40625,2160.625,2160.859375,2161.1015625,2161.3515625,2161.8203125,2162.96875,2163.28125,2163.5703125,2163.875,2164.171875,2164.4609375,2164.734375,2165.03125,2165.3203125,2165.609375,2165.890625,2166.171875,2166.4609375,2166.7421875,2167.03125,2167.1875,2167.34375,2167.5,2167.65625,2167.8125,2167.9765625,2168.140625,2168.3046875,2168.46875,2168.640625,2168.9765625,2169.328125,2169.6796875,2169.8828125,2170.0859375,2170.2890625,2170.5,2170.7109375,2170.921875,2171.140625,2171.3671875,2171.78125,2172.234375,2172.671875,2173.6875,2173.9609375,2174.203125,2174.4765625,2174.734375,2174.9765625,2175.2109375,2175.359375,2175.5078125,2175.6484375,2175.7890625,2175.9296875,2176.0625,2176.1953125,2176.3203125,2176.453125,2176.578125,2176.703125,2176.828125,2176.953125,2177.078125,2177.203125,2177.3203125,2177.4375,2177.5546875,2177.671875,2177.78125,2177.8984375,2178.0078125,2178.125,2178.2421875,2178.3515625,2178.46875,2178.5859375,2178.703125,2178.8203125,2178.9375,2179.0546875,2179.171875,2179.2890625,2179.4140625,2179.53125,2179.65625,2179.78125,2179.9140625,2180.1796875,2180.4375,2180.71875,2181.0078125,2181.765625,2181.9921875,2182.203125,2182.4375,2182.6640625,2182.875,2183.0859375,2183.2109375,2183.3359375,2183.4609375,2183.578125,2183.703125,2183.8203125,2183.9375,2184.0546875,2184.171875,2184.2890625,2184.40625,2184.5234375,2184.640625,2184.7578125,2184.875,2184.9921875,2185.1328125,2185.2734375,2185.4140625,2185.5625,2185.7109375,2185.859375,2186.0078125,2186.1640625,2186.328125,2186.4921875,2186.6640625,2186.8515625,2187.03125,2187.234375,2188.0078125,2188.3359375,2188.515625,2188.6875,2188.84375,2189.0,2189.1875,2189.375,2189.5546875,2189.7265625,2189.8984375,2190.0703125,2190.2421875,2190.4140625,2190.578125,2190.75,2190.921875,2191.09375,2191.265625,2191.4453125,2191.6328125,2191.8203125,2191.9765625,2192.140625,2192.3125,2192.4921875,2192.828125,2193.6328125,2193.8515625,2194.0546875,2194.265625,2194.46875,2194.65625,2194.84375,2195.0390625,2195.234375,2195.421875,2195.609375,2195.796875,2195.984375,2196.1640625,2196.3515625,2196.5,2196.65625,2196.8046875,2196.9609375,2197.1171875,2197.2734375,2197.4375,2197.609375,2197.8984375,2198.21875,2198.5234375,2199.2578125,2199.640625,2199.8359375,2200.0234375,2200.1953125,2200.3671875,2200.546875,2200.71875,2200.890625,2201.0625,2201.234375,2201.3984375,2201.5703125,2201.734375,2201.90625,2202.078125,2202.25,2202.4296875,2202.609375,2202.7890625,2202.9765625,2203.1640625,2203.3203125,2203.484375,2203.65625,2203.84375,2204.1875,2205.0078125,2205.234375,2205.4375,2205.65625,2205.859375,2206.0546875,2206.25,2206.453125,2206.6484375,2206.84375,2207.0390625,2207.234375,2207.421875,2207.609375,2207.8046875,2207.9453125,2208.0859375,2208.2265625,2208.375,2208.5234375,2208.671875,2208.828125,2208.984375,2209.140625,2209.3046875,2209.6484375,2210.015625,2210.7421875,2211.0546875,2211.3828125,2211.6875,2211.8671875,2212.0390625,2212.2109375,2212.375,2212.5390625,2212.703125,2212.8671875,2213.0234375,2213.1796875,2213.34375,2213.5078125,2213.671875,2213.8359375,2214.0,2214.171875,2214.3515625,2214.65625,2214.984375,2215.3046875,2216.0546875,2216.4453125,2216.640625,2216.828125,2217.0,2217.171875,2217.3515625,2217.5234375,2217.6953125,2217.8671875,2218.0390625,2218.203125,2218.375,2218.5390625,2218.6875,2218.8359375,2218.984375,2219.140625,2219.296875,2219.453125,2219.609375,2219.7734375,2220.0546875,2220.3671875,2220.671875,2221.390625,2221.7578125,2221.953125,2222.1328125,2222.3046875,2222.46875,2222.65625,2222.84375,2223.0234375,2223.1953125,2223.3671875,2223.5390625,2223.7109375,2223.875,2223.9921875,2224.109375,2224.2265625,2224.34375,2224.4609375,2224.578125,2224.6953125,2224.8125,2224.9296875,2225.046875,2225.1640625,2225.28125,2225.3984375,2225.5234375,2225.640625,2225.765625,2225.8828125,2226.0078125,2226.1328125,2226.2578125,2226.3828125,2226.515625,2226.6484375,2226.7890625,2227.046875,2227.3359375,2227.625,2228.4140625,2228.65625,2228.8671875,2229.109375,2229.34375,2229.5703125,2229.78125,2229.9140625,2230.0390625,2230.1640625,2230.2890625,2230.4140625,2230.5390625,2230.6640625,2230.78125,2230.90625,2231.0234375,2231.1484375,2231.265625,2231.3828125,2231.5,2231.6171875,2231.7421875,2231.8515625,2231.9609375,2232.0703125,2232.1875,2232.296875,2232.4140625,2232.5234375,2232.640625,2232.7578125,2232.875,2232.9921875,2233.109375,2233.2265625,2233.3515625,2233.4765625,2233.6015625,2233.8125,2234.03125,2234.2578125,2234.5078125,2234.7265625,2234.9765625,2235.9296875,2236.34375,2236.5703125,2236.78125,2236.984375,2237.1796875,2237.4140625,2237.640625,2237.8671875,2238.0859375,2238.3125,2238.5390625,2238.765625,2239.0,2239.2265625,2239.453125,2239.6875,2239.9375,2240.1953125,2240.4609375,2240.75,2241.0625,2241.8828125,2243.75,2244.34375,2244.734375,2245.0859375,2245.4140625,2245.71875,2246.09375,2246.4453125,2246.7890625,2247.125,2247.4609375,2247.7890625,2248.125,2248.4609375,2248.7421875,2249.03125,2249.328125,2249.6484375,2249.9296875,2250.234375,2251.3203125,2251.75,2252.1953125,2252.6015625,2252.8359375,2253.0625,2253.2890625,2253.5078125,2253.7265625,2253.953125,2254.171875,2254.3984375,2254.703125,2255.0234375,2255.3515625,2255.703125,2256.0,2256.328125,2257.4765625,2257.9453125,2258.421875,2258.8828125,2259.2578125,2259.65625,2261.171875,2261.484375,2261.7734375,2262.1328125,2262.4609375,2262.78125,2263.0859375,2263.28125,2263.4765625,2263.671875,2263.859375,2264.046875,2264.234375,2264.421875,2264.6015625,2264.78125,2264.96875,2265.15625,2265.34375,2265.53125,2265.71875,2265.90625,2266.1015625,2266.4140625,2266.7421875,2267.078125,2267.4375,2267.75,2268.09375,2269.25,2269.6875,2270.1171875,2270.515625,2270.7265625,2270.9296875,2271.125,2271.3203125,2271.515625,2271.703125,2271.890625,2272.0703125,2272.2578125,2272.4375,2272.6171875,2272.796875,2272.9765625,2273.15625,2273.3359375,2273.515625,2273.6953125,2273.875,2274.0546875,2274.2421875,2274.421875,2274.609375,2274.796875,2274.984375,2275.21875,2275.4609375,2275.7109375,2275.9609375,2276.21875,2276.4921875,2276.7734375,2277.0703125,2277.3828125,2277.7265625,2279.3359375,2279.7578125,2280.1640625,2280.5625,2280.984375,2282.5546875,2282.890625,2283.1953125,2283.5703125,2283.921875,2284.2578125,2284.578125,2284.8359375,2285.0859375,2285.3359375,2285.5859375,2285.828125,2286.078125,2286.328125,2286.5859375,2286.8046875,2287.0234375,2287.2578125,2287.5,2287.9453125,2288.984375,2289.2578125,2289.5078125,2289.7734375,2290.0234375,2290.265625,2290.4921875,2290.6328125,2290.765625,2290.8984375,2291.03125,2291.1640625,2291.2890625,2291.421875,2291.546875,2291.671875,2291.796875,2291.921875,2292.046875,2292.171875,2292.296875,2292.421875,2292.546875,2292.734375,2292.921875,2293.109375,2293.3046875,2293.5,2293.6953125,2293.8984375,2294.109375,2294.2890625,2294.4765625,2294.671875,2294.875,2295.265625,2296.0078125,2296.3046875,2296.6171875,2296.90625,2297.2265625,2297.3828125,2297.5390625,2297.6953125,2297.84375,2297.9921875,2298.140625,2298.421875,2298.7109375,2299.0078125,2299.3203125,2299.5859375,2299.8828125,2300.84375,2301.1953125,2301.546875,2301.859375,2302.03125,2302.203125,2302.3671875,2302.53125,2302.6875,2302.84375,2303.0,2303.15625,2303.3359375,2303.5078125,2303.6875,2303.8671875,2304.046875,2304.2265625,2304.4140625,2304.6015625,2304.765625,2304.9296875,2305.1015625,2305.28125,2305.625,2306.4375,2306.65625,2306.8515625,2307.0625,2307.265625,2307.453125,2307.640625,2307.8515625,2308.0546875,2308.25,2308.4453125,2308.640625,2308.828125,2309.0234375,2309.2109375,2309.3828125,2309.5625,2309.7421875,2309.921875,2310.1015625,2310.2890625,2310.4765625,2310.6640625,2310.84375,2311.03125,2311.2265625,2311.4296875,2311.625,2311.8359375,2312.6328125,2312.96875,2313.1484375,2313.3203125,2313.484375,2313.640625,2313.828125,2314.015625,2314.1953125,2314.3671875,2314.5390625,2314.7109375,2314.8828125,2315.0546875,2315.21875,2315.390625,2315.5625,2315.734375,2315.90625,2316.0859375,2316.265625,2316.453125,2316.609375,2316.765625,2316.9375,2317.1171875,2317.453125,2318.2578125,2318.4765625,2318.671875,2318.8828125,2319.078125,2319.265625,2319.453125,2319.6484375,2319.8359375,2320.0234375,2320.2109375,2320.3984375,2320.578125,2320.7578125,2320.9375,2321.0859375,2321.2421875,2321.3984375,2321.5546875,2321.7109375,2321.875,2322.0390625,2322.2109375,2322.5,2322.8203125,2323.125,2323.875,2324.078125,2324.2578125,2324.4609375,2324.6484375,2324.828125,2325.0,2325.1875,2325.375,2325.5546875,2325.734375,2325.9140625,2326.0859375,2326.2578125,2326.4296875,2326.625,2326.828125,2327.03125,2327.234375,2327.4375,2327.6484375,2327.8671875,2328.0859375,2328.2734375,2328.4609375,2328.65625,2328.8671875,2329.2578125,2329.9609375,2330.2265625,2330.5,2330.7421875,2331.0078125,2331.2578125,2331.5,2331.734375,2331.9765625,2332.21875,2332.34375,2332.4609375,2332.6953125,2332.9296875,2333.046875,2333.171875,2333.4140625,2333.5390625,2333.6640625,2333.8515625,2334.0390625,2334.234375,2334.4296875,2334.6328125,2334.84375,2335.0546875,2335.28125,2335.65625,2336.0703125,2336.484375,2337.7265625,2338.125,2338.4921875,2338.90625,2339.3125,2339.7109375,2340.09375,2340.5,2340.8984375,2341.28125,2341.46875,2341.65625,2341.8359375,2342.015625,2342.1953125,2342.3671875,2342.5390625,2342.7109375,2342.875,2343.0390625,2343.1953125,2343.34375,2343.4921875,2343.640625,2343.7890625,2343.9375,2344.0859375,2344.2265625,2344.375,2344.515625,2344.6640625,2344.8046875,2344.9453125,2345.09375,2345.234375,2345.3828125,2345.5234375,2345.671875,2345.8125,2345.9609375,2346.109375,2346.265625,2346.578125,2346.8671875,2347.1875,2347.5,2348.296875,2348.53125,2348.734375,2348.96875,2349.1953125,2349.40625,2349.609375,2349.859375,2350.09375,2350.2109375,2350.328125,2350.4453125,2350.5546875,2350.671875,2350.78125,2350.890625,2351.0,2351.109375,2351.21875,2351.328125,2351.4375,2351.5703125,2351.6953125,2351.828125,2351.9609375,2352.0859375,2352.21875,2352.3515625,2352.484375,2352.6171875,2352.75,2352.8828125,2353.0234375,2353.1640625,2353.3046875,2353.4453125,2353.59375,2353.828125,2354.0703125,2354.3203125,2354.59375,2354.828125,2355.09375,2356.0546875,2356.4453125,2356.65625,2356.8515625,2357.046875,2357.234375,2357.4453125,2357.6484375,2357.8515625,2358.0546875,2358.2578125,2358.4609375,2358.6640625,2358.8671875,2359.0703125,2359.2734375,2359.4765625,2359.6875,2359.8984375,2360.1171875,2360.3359375,2360.5625,2360.796875,2361.03125,2361.2734375,2361.515625,2361.765625,2362.0078125,2362.25,2362.484375,2362.703125,2362.921875,2363.1328125,2363.3359375,2363.5390625,2363.734375,2363.9296875,2364.1171875,2364.3046875,2364.484375,2364.6640625,2364.84375,2365.0234375,2365.203125,2365.3828125,2365.5546875,2365.7109375,2365.875,2366.03125,2366.1953125,2366.359375,2366.5234375,2366.6953125,2366.8671875,2367.171875,2367.5078125,2367.828125,2368.6171875,2368.8359375,2369.0390625,2369.2578125,2369.46875,2369.6640625,2369.8515625,2370.078125,2370.3046875,2370.5234375,2370.734375,2370.9453125,2371.15625,2371.3671875,2371.5703125,2371.7265625,2371.8828125,2372.0390625,2372.203125,2372.359375,2372.5234375,2372.6875,2372.859375,2373.03125,2373.203125,2373.3828125,2373.5703125,2373.75,2373.953125,2374.6953125,2375.0078125,2375.34375,2375.4921875,2375.640625,2375.8203125,2375.9921875,2376.1640625,2376.328125,2376.4921875,2376.6484375,2376.8125,2376.96875,2377.125,2377.2890625,2377.453125,2377.6171875,2377.78125,2377.953125,2378.125,2378.3046875,2378.453125,2378.609375,2378.765625,2378.9375,2379.25,2379.984375,2380.1796875,2380.359375,2380.546875,2380.7265625,2380.8984375,2381.0625,2381.234375,2381.3984375,2381.5625,2381.7265625,2381.890625,2382.046875,2382.2109375,2382.3671875,2382.5078125,2382.65625,2382.8046875,2382.953125,2383.1015625,2383.2578125,2383.4140625,2383.5703125,2383.703125,2383.84375,2383.9921875,2384.1484375,2384.4375,2385.1328125,2385.3203125,2385.4921875,2385.6796875,2385.8515625,2386.015625,2386.1796875,2386.3671875,2386.546875,2386.71875,2386.890625,2387.0625,2387.2265625,2387.390625,2387.5546875,2387.6484375,2387.7421875,2387.8359375,2387.9296875,2388.0234375,2388.1171875,2388.2109375,2388.3125,2388.40625,2388.5,2388.59375,2388.6953125,2388.796875,2388.8984375,2389.0,2389.1015625,2389.2734375,2389.4453125,2389.6328125,2389.828125,2390.0,2390.1875,2390.796875,2391.0234375,2391.2421875,2391.4375,2391.640625,2391.8359375,2392.0234375,2392.203125,2392.296875,2392.3828125,2392.46875,2392.5546875,2392.640625,2392.7265625,2392.8125,2392.8984375,2392.984375,2393.0703125,2393.15625,2393.234375,2393.3203125,2393.3984375,2393.484375,2393.5625,2393.6484375,2393.734375,2393.8203125,2393.9140625,2394.0,2394.09375,2394.1796875,2394.2734375,2394.359375,2394.453125,2394.546875,2394.640625,2394.734375,2394.828125,2394.921875,2395.0234375,2395.1875,2395.3515625,2395.5234375,2395.7109375,2395.875,2396.0546875,2396.6484375,2396.8671875,2397.078125,2397.2734375,2397.4765625,2397.671875,2397.8515625,2398.03125,2398.203125,2398.2890625,2398.375,2398.4609375,2398.546875,2398.6328125,2398.7109375,2398.796875,2398.875,2398.9609375,2399.0390625,2399.125,2399.203125,2399.28125,2399.3671875,2399.515625,2399.671875,2399.8203125,2399.9765625,2400.1328125,2400.2890625,2400.453125,2400.6171875,2400.7890625,2400.96875,2401.1484375,2401.34375,2401.5390625,2401.75,2401.96875,2402.5625,2402.75,2402.9140625,2403.1015625,2403.28125,2403.453125,2403.6171875,2403.71875,2403.8203125,2403.921875,2404.015625,2404.109375,2404.203125,2404.296875,2404.390625,2404.484375,2404.578125,2404.671875,2404.7578125,2404.8515625,2404.9375,2405.03125,2405.125,2405.2734375,2405.421875,2405.5703125,2405.71875,2405.875,2406.03125,2406.1875,2406.3515625,2406.515625,2406.6875,2406.859375,2407.046875,2407.2265625,2407.4296875,2408.1953125,2408.5234375,2408.703125,2408.8671875,2409.03125,2409.1875,2409.375,2409.5546875,2409.734375,2409.9140625,2410.0859375,2410.2578125,2410.4296875,2410.6015625,2410.7734375,2410.9453125,2411.1171875,2411.296875,2411.4765625,2411.65625,2411.84375,2412.0390625,2412.2109375,2412.3828125,2412.5625,2412.7578125,2412.9375,2413.1328125,2413.8671875,2414.1796875,2414.5078125,2414.65625,2414.8046875,2414.9765625,2415.1484375,2415.3203125,2415.484375,2415.6484375,2415.8125,2415.9765625,2416.140625,2416.2734375,2416.4140625,2416.5546875,2416.6953125,2416.8359375,2416.984375,2417.1328125,2417.2890625,2417.5625,2417.8671875,2418.171875,2419.0078125,2419.265625,2419.5,2419.7734375,2420.03125,2420.28125,2420.53125,2420.7734375,2421.0234375,2421.28125,2421.546875,2421.78125,2422.03125,2422.859375,2423.15625,2423.453125,2423.71875,2424.0078125,2424.28125,2424.546875,2424.8125,2424.9765625,2425.1328125,2425.2890625,2425.453125,2425.609375,2425.7734375,2425.9375,2426.109375,2426.2734375,2426.4453125,2426.6171875,2426.8046875,2427.171875,2427.875,2428.171875,2428.4765625,2428.7578125,2428.921875,2429.0859375,2429.2421875,2429.390625,2429.5390625,2429.6875,2429.8359375,2429.984375,2430.1328125,2430.2890625,2430.4375,2430.59375,2430.75,2430.90625,2431.0703125,2431.234375,2431.515625,2431.828125,2432.125,2432.8203125,2433.171875,2433.3515625,2433.515625,2433.6796875,2433.8359375,2434.0078125,2434.171875,2434.3359375,2434.4921875,2434.6484375,2434.8046875,2434.9609375,2435.109375,2435.265625,2435.4296875,2435.59375,2435.7578125,2435.921875,2436.09375,2436.265625,2436.4375,2436.5859375,2436.7421875,2436.8984375,2437.0703125,2437.3828125,2438.1328125,2438.3359375,2438.515625,2438.71875,2438.90625,2439.0859375,2439.2578125,2439.453125,2439.640625,2439.828125,2440.0078125,2440.1875,2440.359375,2440.5390625,2440.7109375,2440.8046875,2440.8984375,2440.9921875,2441.09375,2441.1875,2441.28125,2441.375,2441.4765625,2441.5703125,2441.671875,2441.765625,2441.8671875,2441.96875,2442.0703125,2442.171875,2442.28125,2442.453125,2442.6328125,2442.8203125,2443.015625,2443.1875,2443.3828125,2444.03125,2444.2734375,2444.515625,2444.7421875,2444.9765625,2445.1953125,2445.40625,2445.515625,2445.6171875,2445.7265625,2445.8359375,2445.9453125,2446.046875,2446.15625,2446.2578125,2446.359375,2446.4609375,2446.5625,2446.6640625,2446.765625,2446.875,2446.9765625,2447.078125,2447.1796875,2447.2890625,2447.4375,2447.5859375,2447.734375,2447.890625,2448.046875,2448.2109375,2448.375,2448.546875,2448.6875,2448.8359375,2449.15625,2449.4609375,2450.21875,2450.4296875,2450.6171875,2450.8203125,2451.0078125,2451.1875,2451.3671875,2451.5390625,2451.7109375,2451.8828125,2452.046875,2452.2109375,2452.375,2452.5390625,2452.7109375,2452.859375,2453.015625,2453.171875,2453.3359375,2453.5,2453.6640625,2453.8359375,2454.015625,2454.328125,2454.671875,2455.03125,2455.7890625,2456.1328125,2456.4921875,2456.828125,2457.21875,2457.609375,2458.0,2458.40625,2458.703125,2459.0234375,2459.359375,2459.734375,2460.1953125,2460.6875,2461.1484375,2461.5546875,2461.8515625,2462.1171875,2462.3671875,2462.609375,2462.8359375,2463.0546875,2463.265625,2463.46875,2463.71875,2463.96875,2464.2109375,2464.453125,2464.6953125,2464.9296875,2465.1640625,2465.40625,2465.609375,2465.8125,2466.03125,2466.2578125,2466.671875,2467.578125,2467.796875,2468.0,2468.1953125,2468.3828125,2468.5625,2468.734375,2468.90625,2469.0703125,2469.234375,2469.3984375,2469.5546875,2469.7109375,2469.8671875,2470.015625,2470.1171875,2470.21875,2470.3203125,2470.4140625,2470.5078125,2470.609375,2470.7109375,2470.8125,2470.9140625,2471.015625,2471.1171875,2471.21875,2471.3203125,2471.4296875,2471.640625,2471.8203125,2472.0,2472.1875,2472.390625,2472.5625,2472.7578125,2473.390625,2473.6171875,2473.8359375,2474.0390625,2474.2421875,2474.4375,2474.625,2474.8046875,2474.984375,2475.1640625,2475.3359375,2475.5078125,2475.59375,2475.6796875,2475.84375,2475.9296875,2476.015625,2476.1796875,2476.28125,2476.375,2476.46875,2476.5703125,2476.6640625,2476.765625,2476.8671875,2476.96875,2477.0703125,2477.171875,2477.2734375,2477.375,2477.4765625,2477.5859375,2477.6875,2477.796875,2477.9765625,2478.1640625,2478.359375,2478.5625,2478.7421875,2478.9453125,2479.609375,2479.8671875,2480.1171875,2480.34375,2480.46875,2480.5859375,2480.703125,2480.8203125,2480.9296875,2481.0390625,2481.1484375,2481.2578125,2481.375,2481.484375,2481.6015625,2481.7109375,2481.8203125,2481.9296875,2482.0390625,2482.1484375,2482.2578125,2482.3671875,2482.4765625,2482.5859375,2482.6953125,2482.8046875,2482.9140625,2483.0234375,2483.1875,2483.3515625,2483.5234375,2483.6953125,2483.8671875,2484.046875,2484.234375,2484.421875,2484.5859375,2484.75,2484.921875,2485.109375,2485.46875,2486.171875,2486.4765625,2486.796875,2487.0859375,2487.2578125,2487.421875,2487.5859375,2487.7421875,2487.8984375,2488.0625,2488.2265625,2488.390625,2488.6328125,2488.8828125,2489.140625,2489.421875,2489.6640625,2489.9296875,2490.8828125,2491.28125,2491.6953125,2492.09375,2492.4765625,2492.8828125,2493.2578125,2494.1171875,2494.5390625,2494.765625,2494.9765625,2495.1796875,2495.3671875,2495.5078125,2495.640625,2495.7734375,2495.90625,2496.0390625,2496.1640625,2496.296875,2496.421875,2496.546875,2496.671875,2496.796875,2496.921875,2497.046875,2497.171875,2497.296875,2497.4296875,2497.65625,2497.890625,2498.1328125,2498.390625,2498.625,2498.875,2499.125,2499.75,2500.09375,2500.28125,2500.453125,2500.6171875,2500.7734375,2500.9609375,2501.1484375,2501.328125,2501.5,2501.671875,2501.84375,2502.015625,2502.1875,2502.359375,2502.53125,2502.703125,2502.8828125,2503.0625,2503.2421875,2503.4296875,2503.6171875,2503.7734375,2503.9375,2504.109375,2504.2890625,2504.625,2505.3984375,2505.59375,2505.7734375,2505.9609375,2506.1328125,2506.296875,2506.4609375,2506.6171875,2506.7734375,2506.9296875,2507.078125,2507.2265625,2507.375,2507.5234375,2507.6640625,2507.7734375,2507.8828125,2507.9921875,2508.09375,2508.203125,2508.3046875,2508.40625,2508.515625,2508.6171875,2508.7265625,2508.8359375,2508.9453125,2509.0546875,2509.1640625,2509.2734375,2509.3828125,2509.4921875,2509.609375,2509.71875,2509.8359375,2509.953125,2510.078125,2510.203125,2510.328125,2510.453125,2510.578125,2510.8515625,2511.1328125,2511.6796875,2511.90625,2512.140625,2512.359375,2512.609375,2512.7265625,2512.84375,2512.953125,2513.0625,2513.171875,2513.28125,2513.4140625,2513.5390625,2513.671875,2513.796875,2513.9296875,2514.0546875,2514.1796875,2514.3046875,2514.4296875,2514.5546875,2514.6796875,2514.8046875,2514.9296875,2515.0546875,2515.1796875,2515.3125,2515.484375,2515.6640625,2515.84375,2516.03125,2516.21875,2516.4140625,2516.609375,2516.8203125,2516.984375,2517.1640625,2517.3515625,2517.546875,2517.9140625,2518.625,2518.9296875,2519.234375,2519.5234375,2519.84375,2520.1484375,2520.453125,2520.7578125,2521.0,2521.25,2521.515625,2521.7890625,2522.0234375,2522.2890625,2523.15625,2523.4765625,2523.796875,2524.09375,2524.3984375,2524.6953125,2524.984375,2525.265625,2525.6015625,2525.9375,2526.28125,2526.6328125,2526.96875,2527.3359375,2527.6953125,2528.640625,2528.921875,2529.1796875,2529.46875,2529.7421875,2530.0078125,2530.2578125,2530.4140625,2530.5703125,2530.7265625,2530.875,2531.0234375,2531.171875,2531.3203125,2531.46875,2531.6171875,2531.765625,2531.9140625,2532.0625,2532.2109375,2532.359375,2532.5078125,2532.6640625,2532.828125,2532.9921875,2533.15625,2533.328125,2533.5,2533.671875,2533.8515625,2534.0390625,2534.3828125,2534.765625,2535.15625,2536.25,2536.59375,2536.90625,2537.265625,2537.6171875,2537.953125,2538.2890625,2538.6171875,2538.953125,2539.296875,2539.65625,2539.96875,2540.3046875,2541.3984375,2541.796875,2542.1875,2542.5390625,2542.9140625,2543.09375,2543.2734375,2543.453125,2543.625,2543.796875,2543.96875,2544.140625,2544.3203125,2544.5,2544.6796875,2544.859375,2545.046875,2545.234375,2545.4296875,2545.7578125,2546.125,2546.4765625,2547.328125,2547.78125,2548.015625,2548.234375,2548.4453125,2548.65625,2548.890625,2549.125,2549.3515625,2549.578125,2549.796875,2550.0234375,2550.25,2550.4765625,2550.7578125,2551.046875,2551.34375,2551.6640625,2551.9375,2552.2421875,2553.328125,2553.78125,2554.25,2554.6953125,2555.125,2555.5703125,2556.0,2556.9921875,2557.2578125,2557.5,2557.7734375,2558.03125,2558.2734375,2558.515625,2558.84375,2559.0078125,2559.171875,2559.5,2559.8359375,2560.1328125,2560.453125,2560.7578125,2561.453125,2561.8046875,2561.984375,2562.15625,2562.3203125,2562.4765625,2562.6640625,2562.84375,2563.015625,2563.1875,2563.3515625,2563.515625,2563.6796875,2563.8359375,2563.953125,2564.0625,2564.1796875,2564.2890625,2564.40625,2564.515625,2564.625,2564.734375,2564.84375,2564.9609375,2565.0703125,2565.1875,2565.296875,2565.4140625,2565.53125,2565.6484375,2565.84375,2566.046875,2566.2578125,2566.4765625,2566.671875,2566.8828125,2567.5625,2567.8046875,2568.0390625,2568.2578125,2568.4765625,2568.5859375,2568.6875,2568.7890625,2568.8828125,2568.984375,2569.078125,2569.1796875,2569.2734375,2569.3671875,2569.4609375,2569.5546875,2569.6484375,2569.7421875,2569.828125,2569.921875,2570.0078125,2570.1015625,2570.1875,2570.28125,2570.3671875,2570.4609375,2570.546875,2570.6328125,2570.71875,2570.8046875,2570.8984375,2570.984375,2571.078125,2571.1640625,2571.2578125,2571.34375,2571.4375,2571.5234375,2571.6171875,2571.7109375,2571.8046875,2571.8984375,2572.0,2572.171875,2572.34375,2572.53125,2572.7265625,2572.90625,2573.109375,2573.828125,2574.1171875,2574.2734375,2574.421875,2574.5625,2574.703125,2574.859375,2575.015625,2575.171875,2575.3203125,2575.46875,2575.609375,2575.7578125,2575.8984375,2575.9921875,2576.078125,2576.1640625,2576.25,2576.3359375,2576.421875,2576.5078125,2576.6015625,2576.6875,2576.7734375,2576.859375,2576.953125,2577.0390625,2577.1328125,2577.2265625,2577.3203125,2577.5,2577.6796875,2577.8671875,2578.0703125,2578.2578125,2578.4609375,2578.671875,2579.2265625,2579.390625,2579.5390625,2579.7109375,2579.8671875,2580.015625,2580.1640625,2580.34375,2580.515625,2580.6875,2580.8515625,2581.015625,2581.171875,2581.3359375,2581.4921875,2581.6484375,2581.8125,2581.9765625,2582.140625,2582.3046875,2582.4765625,2582.6484375,2582.828125,2582.9765625,2583.125,2583.28125,2583.453125,2583.6015625,2583.765625,2584.296875,2584.4921875,2584.6796875,2584.8515625,2585.03125,2585.1953125,2585.3515625,2585.5078125,2585.6640625,2585.8125,2585.9609375,2586.109375,2586.25,2586.390625,2586.53125,2586.671875,2586.765625,2586.859375,2586.953125,2587.046875,2587.140625,2587.234375,2587.328125,2587.421875,2587.515625,2587.609375,2587.703125,2587.8046875,2587.8984375,2588.0,2588.09375,2588.1953125,2588.2890625,2588.3828125,2588.4765625,2588.5703125,2588.6640625,2588.765625,2588.8671875,2588.9765625,2589.171875,2589.390625,2589.6015625,2590.171875,2590.34375,2590.4921875,2590.6640625,2590.828125,2590.984375,2591.1328125,2591.2265625,2591.3125,2591.3984375,2591.484375,2591.5703125,2591.65625,2591.7421875,2591.8203125,2591.90625,2591.984375,2592.0703125,2592.1484375,2592.234375,2592.3125,2592.390625,2592.46875,2592.5625,2592.65625,2592.7421875,2592.8359375,2592.921875,2593.015625,2593.109375,2593.203125,2593.296875,2593.390625,2593.484375,2593.578125,2593.671875,2593.7734375,2593.8671875,2593.96875,2594.0625,2594.15625,2594.25,2594.3515625,2594.453125,2594.5546875,2594.65625,2594.765625,2594.96875,2595.1875,2595.40625,2596.0,2596.1796875,2596.3359375,2596.5234375,2596.6953125,2596.859375,2597.0234375,2597.125,2597.21875,2597.3125,2597.40625,2597.5,2597.5859375,2597.6796875,2597.765625,2597.859375,2597.9453125,2598.0390625,2598.125,2598.21875,2598.3046875,2598.390625,2598.4765625,2598.5625,2598.6484375,2598.734375,2598.8203125,2598.90625,2598.9921875,2599.078125,2599.171875,2599.2578125,2599.3515625,2599.4375,2599.53125,2599.625,2599.71875,2599.8125,2599.9140625,2600.0703125,2600.234375,2600.40625,2600.59375,2600.7578125,2600.9375,2601.53125,2601.75,2601.96875,2602.171875,2602.28125,2602.3828125,2602.484375,2602.578125,2602.671875,2602.765625,2602.859375,2602.953125,2603.046875,2603.140625,2603.234375,2603.3203125,2603.4140625,2603.5,2603.5859375,2603.671875,2603.765625,2603.8515625,2603.9375,2604.0234375,2604.109375,2604.1953125,2604.28125,2604.375,2604.5234375,2604.671875,2604.8203125,2604.9765625,2605.1328125,2605.2890625,2605.453125,2605.6171875,2605.78125,2605.9453125,2606.1171875,2606.296875,2606.46875,2606.6640625,2607.3984375,2607.7109375,2607.8828125,2608.0390625,2608.1953125,2608.34375,2608.515625,2608.6875,2608.859375,2609.0234375,2609.1875,2609.3515625,2609.515625,2609.671875,2609.8359375,2610.0,2610.1640625,2610.3359375,2610.5078125,2610.6796875,2610.8515625,2611.03125,2611.203125,2611.3828125,2611.5703125,2611.765625,2611.953125,2612.1640625,2612.96875,2613.1484375,2613.3125,2613.5,2613.671875,2613.8359375,2614.0,2614.1953125,2614.3828125,2614.5703125,2614.75,2614.9296875,2615.109375,2615.2890625,2615.46875,2615.640625,2615.8125,2615.984375,2616.1640625,2616.34375,2616.5234375,2616.7109375,2616.8984375,2617.0703125,2617.25,2617.4375,2617.6328125,2617.8125,2618.015625,2618.7890625,2619.1171875,2619.296875,2619.4609375,2619.625,2619.78125,2619.96875,2620.1484375,2620.328125,2620.5,2620.671875,2620.84375,2621.015625,2621.1875,2621.3828125,2621.578125,2621.7734375,2621.9765625,2622.1796875,2622.390625,2622.609375,2622.828125,2623.046875,2623.28125,2623.53125,2623.796875,2624.078125,2624.3984375,2625.265625,2626.171875,2626.7890625,2627.0546875,2627.3046875,2627.5390625,2627.7578125,2627.984375,2628.203125,2628.4140625,2628.6171875,2628.8203125,2629.015625,2629.2109375,2629.40625,2629.5859375,2629.765625,2629.9453125,2630.125,2630.3046875,2630.4921875,2630.6796875,2630.8671875,2631.203125,2631.5703125,2631.921875,2632.8046875,2633.0546875,2633.2734375,2633.5234375,2633.7578125,2633.984375,2634.203125,2634.4609375,2634.71875,2634.96875,2635.2109375,2635.453125,2635.578125,2635.703125,2635.953125,2636.203125,2636.46875,2636.609375,2636.75,2637.0390625,2637.34375,2637.6015625,2637.890625,2638.828125,2639.171875,2639.5,2639.8046875,2640.0859375,2640.3515625,2640.6171875,2640.875,2641.0234375,2641.1796875,2641.3359375,2641.4921875,2641.6484375,2641.8125,2642.1484375,2642.4375,2642.7578125,2643.0625,2643.8125,2644.1953125,2644.390625,2644.578125,2644.7578125,2644.9296875,2645.125,2645.3203125,2645.5078125,2645.6875,2645.8671875,2646.046875,2646.2265625,2646.40625,2646.6015625,2646.796875,2646.9921875,2647.1953125,2647.390625,2647.59375,2647.8046875,2648.015625,2648.1953125,2648.3828125,2648.578125,2648.78125,2649.1640625,2650.09375,2650.3515625,2650.5859375,2650.8359375,2651.078125,2651.3125,2651.53125,2651.65625,2651.78125,2651.90625,2652.03125,2652.15625,2652.2734375,2652.3984375,2652.515625,2652.6328125,2652.75,2652.8671875,2652.984375,2653.1015625,2653.21875,2653.3359375,2653.453125,2653.5625,2653.671875,2653.78125,2653.8984375,2654.0078125,2654.125,2654.234375,2654.3515625,2654.578125,2654.8125,2655.0546875,2655.3046875,2655.5078125,2655.7265625,2655.953125,2656.1953125,2656.40625,2656.640625,2657.4296875,2657.734375,2658.0390625,2658.3203125,2658.6171875,2658.8984375,2659.171875,2659.3046875,2659.4375,2659.578125,2659.7109375,2659.8515625,2659.984375,2660.125,2660.2578125,2660.390625,2660.5234375,2660.65625,2660.7890625,2660.921875,2661.0546875,2661.1875,2661.3203125,2661.453125,2661.59375,2661.8046875,2662.015625,2662.234375,2662.453125,2662.6796875,2662.90625,2663.140625,2663.390625,2663.59375,2663.8046875,2664.0234375,2664.2578125,2664.6875,2665.7421875,2666.03125,2666.2890625,2666.5625,2666.8203125,2667.0625,2667.3046875,2667.53125,2667.7578125,2667.9765625,2668.1953125,2668.4140625,2668.6328125,2668.8515625,2669.0625,2669.28125,2669.5,2669.71875,2669.9375,2670.1640625,2670.390625,2670.625,2670.859375,2671.078125,2671.3125,2671.5546875,2671.8046875,2672.3046875,2673.265625,2673.6640625,2674.078125,2674.453125,2674.671875,2674.890625,2675.1015625,2675.3046875,2675.5078125,2675.703125,2675.8984375,2676.09375,2676.3359375,2676.5703125,2676.8046875,2677.0390625,2677.2734375,2677.515625,2677.7578125,2678.0078125,2678.2421875,2678.4765625,2678.7265625,2678.9921875,2679.234375,2679.5078125,2680.484375,2680.8828125,2681.296875,2681.484375,2681.671875,2681.890625,2682.109375,2682.3203125,2682.53125,2682.734375,2682.9296875,2683.1328125,2683.328125,2683.53125,2683.734375,2683.9375,2684.1484375,2684.3515625,2684.5625,2684.78125,2685.0,2685.1875,2685.375,2685.578125,2685.7890625,2686.1796875,2687.09375,2687.328125,2687.546875,2687.7734375,2687.9921875,2688.1953125,2688.390625,2688.6015625,2688.8125,2689.015625,2689.2109375,2689.40625,2689.6015625,2689.796875,2689.984375,2690.109375,2690.234375,2690.359375,2690.484375,2690.609375,2690.734375,2690.859375,2690.9921875,2691.1171875,2691.25,2691.375,2691.5078125,2691.640625,2691.7734375,2691.90625,2692.046875,2692.2734375,2692.5078125,2692.75,2693.0078125,2693.234375,2693.484375,2694.3359375,2694.6640625,2694.9921875,2695.2890625,2695.453125,2695.609375,2695.765625,2695.9140625,2696.0625,2696.203125,2696.3515625,2696.4921875,2696.640625,2696.7890625,2696.9375,2697.0859375,2697.234375,2697.3828125,2697.53125,2697.6796875,2697.828125,2697.9765625,2698.125,2698.2734375,2698.421875,2698.578125,2698.7265625,2698.8828125,2699.0625,2699.2421875,2699.4296875,2699.6171875,2699.8125,2700.015625,2700.2265625,2700.4453125,2700.8046875,2701.2109375,2701.609375,2702.765625,2703.140625,2703.484375,2703.875,2704.25,2704.625,2704.9921875,2705.390625,2705.7890625,2706.1875,2706.59375,2707.0078125,2707.4140625,2707.8203125,2708.21875,2708.6015625,2708.984375,2709.359375,2709.7265625,2710.0859375,2710.4453125,2710.8046875,2711.1640625,2711.4609375,2711.765625,2712.0859375,2712.4140625,2713.015625,2714.3125,2714.6171875,2714.8984375,2715.1796875,2715.4375,2715.6875,2715.921875,2716.171875,2716.4140625,2716.65625,2716.890625,2717.125,2717.3515625,2717.578125,2717.796875,2718.0546875,2718.3046875,2718.5625,2718.8203125,2719.078125,2719.34375,2719.6171875,2719.890625,2720.1171875,2720.359375,2720.609375,2720.8671875,2721.3515625,2722.46875,2722.7578125,2723.015625,2723.28125,2723.5390625,2723.78125,2724.015625,2724.25,2724.484375,2724.7109375,2724.9296875,2725.1484375,2725.3671875,2725.578125,2725.7890625,2725.921875,2726.046875,2726.1796875,2726.3046875,2726.4296875,2726.5625,2726.6953125,2726.828125,2726.953125,2727.0859375,2727.21875,2727.3515625,2727.484375,2727.625,2727.7578125,2727.8984375,2728.140625,2728.3984375,2728.6640625,2728.9375,2729.1953125,2729.4765625,2730.484375,2730.890625,2731.109375,2731.3125,2731.5078125,2731.703125,2731.9296875,2732.1484375,2732.359375,2732.5703125,2732.78125,2732.984375,2733.1875,2733.390625,2733.5859375,2733.78125,2733.9765625,2734.1796875,2734.3828125,2734.5859375,2734.796875,2735.0078125,2735.203125,2735.3984375,2735.6015625,2735.8203125,2736.2421875,2737.0546875,2737.390625,2737.7421875,2738.0625,2738.25,2738.4296875,2738.609375,2738.78125,2738.953125,2739.125,2739.296875,2739.4609375,2739.625,2739.796875,2739.9609375,2740.1328125,2740.3046875,2740.4765625,2740.65625,2740.8359375,2741.1484375,2741.484375,2741.8046875,2742.5625,2742.9296875,2743.28125,2743.6015625,2743.7578125,2743.90625,2744.0546875,2744.1953125,2744.3359375,2744.4765625,2744.6171875,2744.75,2744.984375,2745.2109375,2745.4375,2745.6640625,2745.890625,2746.125,2746.359375,2746.59375,2746.8359375,2747.078125,2747.3359375,2747.6015625,2747.8671875,2748.1640625,2748.46875,2749.3359375,2749.609375,2749.859375,2750.1484375,2750.421875,2750.6796875,2750.9375,2751.25,2751.5546875,2751.859375,2752.1640625,2752.46875,2752.78125,2753.09375,2753.4140625,2753.6328125,2753.8515625,2754.0703125,2754.296875,2754.53125,2754.765625,2755.0,2755.2421875,2755.484375,2755.734375,2755.984375,2756.234375,2756.484375,2756.7265625,2756.9765625,2757.21875,2757.4375,2757.6484375,2757.859375,2758.078125,2758.2890625,2758.5078125,2758.7265625,2758.953125,2759.34375,2759.7578125,2760.15625,2761.0703125,2761.53125,2761.765625,2761.9921875,2762.203125,2762.40625,2762.65625,2762.8984375,2763.1328125,2763.359375,2763.5859375,2763.8046875,2764.03125,2764.25,2764.4140625,2764.5859375,2764.7578125,2764.9296875,2765.1015625,2765.28125,2765.4609375,2765.6484375,2765.8203125,2765.9921875,2766.1796875,2766.375,2766.7578125,2767.5,2767.8046875,2768.125,2768.421875,2768.59375,2768.7578125,2768.921875,2769.078125,2769.234375,2769.390625,2769.546875,2769.703125,2769.8515625,2770.0078125,2770.1640625,2770.3203125,2770.4765625,2770.640625,2770.8046875,2770.9765625,2771.265625,2771.578125,2771.875,2772.5859375,2772.9453125,2773.296875,2773.6171875,2773.78125,2773.9453125,2774.1015625,2774.2578125,2774.4140625,2774.5625,2774.71875,2774.8671875,2775.0078125,2775.1484375,2775.2890625,2775.4296875,2775.5703125,2775.71875,2776.015625,2776.28125,2776.5703125,2776.8515625,2777.5078125,2777.8515625,2778.03125,2778.1953125,2778.3515625,2778.5,2778.671875,2778.84375,2779.0078125,2779.1640625,2779.3203125,2779.4765625,2779.6328125,2779.78125,2779.890625,2780.0,2780.109375,2780.2109375,2780.3125,2780.421875,2780.53125,2780.640625,2780.75,2780.859375,2780.96875,2781.078125,2781.1875,2781.3046875,2781.4140625,2781.53125,2781.71875,2781.9140625,2782.1171875,2782.3359375,2782.5234375,2782.734375,2783.4296875,2783.6875,2783.9375,2784.1640625,2784.3984375,2784.625,2784.8359375,2785.046875,2785.2578125,2785.4609375,2785.6640625,2785.859375,2786.0546875,2786.2578125,2786.453125,2786.65625,2786.7890625,2786.921875,2787.0546875,2787.1953125,2787.3359375,2787.4765625,2787.625,2787.7734375,2788.046875,2788.3515625,2788.65625,2789.5234375,2789.796875,2790.0390625,2790.3203125,2790.59375,2790.859375,2791.1171875,2791.3828125,2791.6484375,2791.921875,2792.2109375,2792.4609375,2792.734375,2793.0,2793.6328125,2793.9609375,2794.1328125,2794.2890625,2794.4375,2794.5859375,2794.7578125,2794.921875,2795.078125,2795.234375,2795.390625,2795.5390625,2795.6875,2795.8359375,2796.0078125,2796.1796875,2796.3515625,2796.53125,2796.703125,2796.8828125,2797.0625,2797.25,2797.40625,2797.5703125,2797.7421875,2797.921875,2798.2578125,2799.0546875,2799.2734375,2799.4765625,2799.6953125,2799.8984375,2800.09375,2800.28125,2800.390625,2800.5,2800.609375,2800.7109375,2800.8125,2800.9140625,2801.015625,2801.1171875,2801.21875,2801.3203125,2801.421875,2801.5234375,2801.625,2801.7265625,2801.8203125,2801.921875,2802.0703125,2802.2265625,2802.3828125,2802.5390625,2802.6953125,2802.859375,2803.0234375,2803.1953125,2803.3671875,2803.546875,2803.734375,2803.9375,2804.1328125,2804.34375,2805.171875,2805.359375,2805.53125,2805.7265625,2805.90625,2806.078125,2806.25,2806.453125,2806.65625,2806.8515625,2807.0390625,2807.234375,2807.421875,2807.609375,2807.796875,2807.9765625,2808.1640625,2808.3515625,2808.546875,2808.7421875,2808.9453125,2809.1484375,2809.359375,2809.53125,2809.7109375,2809.8984375,2810.1015625,2810.4765625,2811.15625,2811.4375,2811.71875,2811.9765625,2812.2578125,2812.5234375,2812.7890625,2813.046875,2813.296875,2813.5546875,2813.8125,2814.078125,2814.34375,2814.625,2814.9140625,2815.2265625,2815.5390625,2815.875,2816.2578125,2816.703125,2817.2734375,2817.796875,2818.2265625,2818.59375,2818.875,2819.1328125,2819.3828125,2819.6171875,2819.84375,2820.0703125,2820.2890625,2820.5,2820.6953125,2820.8828125,2821.0703125,2821.265625,2821.453125,2821.6484375,2821.84375,2822.046875,2822.21875,2822.390625,2822.7578125,2823.109375,2823.9140625,2824.3125,2824.515625,2824.703125,2824.8828125,2825.0546875,2825.25,2825.4375,2825.625,2825.8046875,2825.984375,2826.15625,2826.3359375,2826.5078125,2826.6953125,2826.8828125,2827.0703125,2827.265625,2827.4609375,2827.65625,2827.859375,2828.0625,2828.234375,2828.40625,2828.59375,2828.7890625,2829.1484375,2830.0,2830.21875,2830.421875,2830.6328125,2830.828125,2831.015625,2831.203125,2831.3828125,2831.5625,2831.7421875,2831.9140625,2832.0859375,2832.2578125,2832.4296875,2832.59375,2832.7734375,2832.9609375,2833.140625,2833.328125,2833.515625,2833.703125,2833.8984375,2834.1015625,2834.2890625,2834.484375,2834.6875,2834.8984375,2835.1015625,2835.328125,2836.203125,2836.578125,2836.7890625,2836.984375,2837.171875,2837.3515625,2837.5703125,2837.78125,2837.9921875,2838.203125,2838.4140625,2838.625,2838.8359375,2839.046875,2839.2265625,2839.4140625,2839.609375,2839.8046875,2840.0078125,2840.21875,2840.4453125,2840.6796875,2841.15625,2842.359375,2842.9921875,2843.625,2844.890625,2845.1796875,2845.4453125,2845.7734375,2846.078125,2846.375,2846.65625,2846.9375,2847.21875,2847.4921875,2847.765625,2848.0390625,2848.3203125,2848.6015625,2848.890625,2849.1328125,2849.390625,2849.65625,2849.9375,2850.1875,2850.46875,2851.5546875,2852.0546875,2852.59375,2853.125,2853.5703125,2854.0625,2855.7109375,2857.1640625,2857.609375,2857.984375,2858.3203125,2858.4765625,2858.6328125,2858.78125,2858.921875,2859.0625,2859.203125,2859.34375,2859.4765625,2859.609375,2859.734375,2859.875,2860.015625,2860.15625,2860.2890625,2860.4296875,2860.5625,2860.6953125,2860.828125,2860.9609375,2861.09375,2861.2265625,2861.359375,2861.4921875,2861.6328125,2861.765625,2861.90625,2862.015625,2862.1328125,2862.25,2862.3671875,2862.609375,2862.859375,2863.078125,2863.3203125,2863.5546875,2864.1015625,2864.3671875,2864.625,2864.859375,2864.9765625,2865.09375,2865.2109375,2865.3203125,2865.4296875,2865.53125,2865.640625,2865.7421875,2865.84375,2865.9453125,2866.046875,2866.1484375,2866.25,2866.3515625,2866.453125,2866.546875,2866.6484375,2866.7421875,2866.8359375,2866.9296875,2867.03125,2867.125,2867.21875,2867.3125,2867.40625,2867.5078125,2867.609375,2867.7109375,2867.8125,2867.9140625,2868.015625,2868.1171875,2868.21875,2868.328125,2868.4296875,2868.5390625,2868.6484375,2868.7578125,2868.8671875,2868.9765625,2869.1640625,2869.3515625,2869.546875,2869.7578125,2869.9453125,2870.1484375,2870.84375,2871.1015625,2871.359375,2871.59375,2871.71875,2871.84375,2871.9609375,2872.078125,2872.1953125,2872.3046875,2872.421875,2872.53125,2872.6484375,2872.7578125,2872.875,2872.984375,2873.1015625,2873.2109375,2873.3203125,2873.4296875,2873.5390625,2873.6484375,2873.7578125,2873.8671875,2873.9765625,2874.0859375,2874.1953125,2874.3125,2874.3984375,2874.4921875,2874.578125,2874.671875,2874.765625,2874.859375,2874.953125,2875.046875,2875.140625,2875.2421875,2875.3359375,2875.4375,2875.5390625,2875.640625,2875.8515625,2876.0234375,2876.203125,2876.390625,2876.59375,2876.7734375,2876.96875,2877.65625,2877.9296875,2878.21875,2878.4765625,2878.7578125,2879.0234375,2879.28125,2879.4140625,2879.5390625,2879.7890625,2880.0390625,2880.2890625,2880.5390625,2880.796875,2881.0625,2881.3359375,2881.6171875,2881.7890625,2881.9609375,2882.3359375,2882.75,2883.25,2884.640625,2886.1171875,2886.703125,2887.078125,2887.421875,2887.7578125,2888.078125,2888.453125,2888.8203125,2889.1953125,2889.5859375,2889.953125,2890.3515625,2891.96875,2892.359375,2892.7265625,2893.15625,2893.578125,2894.0078125,2894.46875,2895.28125,2896.421875,2897.3359375,2897.6796875,2897.984375,2898.2421875,2898.4765625,2898.703125,2898.9140625,2899.1171875,2899.3203125,2899.5078125,2899.6953125,2899.9921875,2900.140625,2900.28125,2900.421875,2900.5625,2900.703125,2900.84375,2900.984375,2901.1171875,2901.2578125,2901.390625,2901.5234375,2901.6640625,2901.796875,2901.9375,2902.1953125,2902.4609375,2902.734375,2903.015625,2903.2734375,2903.5625,2903.84375,2904.546875,2904.9375,2905.1484375,2905.34375,2905.53125,2905.7109375,2905.9296875,2906.140625,2906.34375,2906.546875,2906.75,2906.9453125,2907.140625,2907.3359375,2907.515625,2907.6953125,2907.875,2908.0625,2908.25,2908.4375,2908.625,2908.8203125,2909.0,2909.1875,2909.3828125,2909.5859375,2909.7734375,2909.984375,2910.7578125,2911.0703125,2911.3984375,2911.5546875,2911.703125,2911.8828125,2912.0546875,2912.21875,2912.3828125,2912.546875,2912.703125,2912.859375,2913.015625,2913.1875,2913.359375,2913.53125,2913.7109375,2913.890625,2914.0703125,2914.25,2914.4375,2914.625,2914.8203125,2915.0234375,2915.234375,2915.4375,2915.6640625,2916.515625,2916.8828125,2917.078125,2917.265625,2917.4453125,2917.6171875,2917.828125,2918.03125,2918.234375,2918.4296875,2918.625,2918.8203125,2919.0078125,2919.203125,2919.359375,2919.515625,2919.671875,2919.828125,2919.9921875,2920.15625,2920.3203125,2920.4921875,2920.6484375,2920.8125,2920.984375,2921.171875,2921.53125,2922.2421875,2922.546875,2922.859375,2923.1484375,2923.3203125,2923.484375,2923.6484375,2923.8046875,2923.9609375,2924.1171875,2924.2734375,2924.421875,2924.5859375,2924.7578125,2924.9296875,2925.1015625,2925.2734375,2925.453125,2925.6328125,2925.8125,2925.984375,2926.1640625,2926.3515625,2926.5546875,2926.953125,2927.7421875,2928.078125,2928.4375,2928.7578125,2928.9453125,2929.1328125,2929.3125,2929.4921875,2929.671875,2929.84375,2930.0234375,2930.1953125,2930.3671875,2930.546875,2930.71875,2930.8984375,2931.078125,2931.2578125,2931.4453125,2931.640625,2931.96875,2932.3359375,2932.6796875,2933.5078125,2933.9375,2934.15625,2934.359375,2934.5546875,2934.75,2934.953125,2935.1484375,2935.34375,2935.53125,2935.71875,2935.90625,2936.09375,2936.2734375,2936.515625,2936.7578125,2937.0,2937.2421875,2937.484375,2937.734375,2937.984375,2938.234375,2938.5,2938.78125,2939.0703125,2939.375,2939.671875,2939.9921875,2940.3203125,2941.1875,2941.4453125,2941.6796875,2941.953125,2942.203125,2942.4453125,2942.671875,2942.953125,2943.2265625,2943.4921875,2943.75,2943.8828125,2944.0078125,2944.2578125,2944.390625,2944.515625,2944.765625,2944.9375,2945.1171875,2945.296875,2945.4765625,2945.65625,2945.84375,2946.03125,2946.2265625,2946.4140625,2946.6015625,2946.8046875,2947.015625,2947.4296875,2948.234375,2948.5625,2948.9140625,2949.2265625,2949.4140625,2949.59375,2949.765625,2949.9375,2950.109375,2950.2734375,2950.4453125,2950.609375,2950.78125,2950.953125,2951.125,2951.3046875,2951.4765625,2951.65625,2951.8359375,2952.0234375,2952.1796875,2952.34375,2952.6875,2953.015625,2953.8046875,2954.0078125,2954.1953125,2954.390625,2954.578125,2954.7578125,2954.9296875,2955.125,2955.3125,2955.4921875,2955.671875,2955.8515625,2956.0234375,2956.1953125,2956.3671875,2956.5546875,2956.7421875,2956.9296875,2957.125,2957.3203125,2957.515625,2957.71875,2957.921875,2958.09375,2958.2734375,2958.4609375,2958.65625,2958.828125,2959.0234375,2959.65625,2959.890625,2960.125,2960.3359375,2960.5625,2960.7734375,2960.9765625,2961.1796875,2961.2890625,2961.3984375,2961.5078125,2961.609375,2961.71875,2961.8203125,2961.921875,2962.0234375,2962.125,2962.2265625,2962.328125,2962.4296875,2962.53125,2962.6328125,2962.734375,2962.828125,2962.921875,2963.0234375,2963.125,2963.2265625,2963.3203125,2963.421875,2963.5234375,2963.625,2963.7265625,2963.828125,2963.9296875,2964.0390625,2964.140625,2964.25,2964.359375,2964.46875,2964.65625,2964.8515625,2965.0625,2965.28125,2965.4765625,2965.6953125,2966.5,2966.8359375,2967.015625,2967.1875,2967.3515625,2967.5078125,2967.6953125,2967.875,2968.0546875,2968.2265625,2968.3984375,2968.5703125,2968.7421875,2968.9140625,2969.0703125,2969.2265625,2969.3828125,2969.546875,2969.7109375,2969.875,2970.046875,2970.21875,2970.375,2970.5390625,2970.7109375,2970.8984375,2971.265625,2971.984375,2972.2890625,2972.609375,2972.8984375,2973.0703125,2973.234375,2973.3984375,2973.5546875,2973.71875,2973.875,2974.03125,2974.1875,2974.3359375,2974.4921875,2974.6484375,2974.8046875,2974.9609375,2975.125,2975.2890625,2975.4609375,2975.75,2976.0625,2976.3671875,2977.078125,2977.4453125,2977.796875,2977.9609375,2978.1171875,2978.28125,2978.4375,2978.59375,2978.7421875,2978.890625,2979.0390625,2979.1875,2979.328125,2979.5390625,2979.7421875,2979.953125,2980.1640625,2980.375,2980.59375,2980.8125,2981.03125,2981.25,2981.46875,2981.6953125,2981.9375,2982.171875,2982.4296875,2983.4140625,2983.8359375,2984.0625,2984.28125,2984.484375,2984.6875,2984.9296875,2985.1640625,2985.390625,2985.6171875,2985.84375,2986.0625,2986.28125,2986.5,2986.71875,2986.9453125,2987.171875,2987.3984375,2987.625,2987.859375,2988.1015625,2988.3515625,2988.5546875,2988.7734375,2989.0,2989.2421875,2989.6875,2990.7578125,2991.0390625,2991.296875,2991.5703125,2991.828125,2992.078125,2992.3125,2992.5625,2992.8125,2993.0546875,2993.2890625,2993.5234375,2993.7578125,2993.9921875,2994.21875,2994.4296875,2994.640625,2994.8515625,2995.0703125,2995.2890625,2995.5078125,2995.734375,2995.9609375,2996.15625,2996.3515625,2996.5625,2996.78125,2997.1875,2998.1171875,2998.359375,2998.578125,2998.8046875,2999.015625,2999.21875,2999.421875,2999.625,2999.8203125,3000.015625,3000.203125,3000.390625,3000.578125,3000.765625,3000.9453125,3001.140625,3001.3359375,3001.53125,3001.734375,3001.9296875,3002.1328125,3002.34375,3002.5546875,3002.734375,3002.9140625,3003.109375,3003.3125,3003.4921875,3003.6875,3004.5703125,3004.796875,3005.0078125,3005.21875,3005.421875,3005.6171875,3005.8046875,3005.9921875,3006.1796875,3006.359375,3006.5390625,3006.71875,3006.890625,3007.0625,3007.234375,3007.3671875,3007.4921875,3007.6171875,3007.7421875,3007.8671875,3007.9921875,3008.1171875,3008.25,3008.375,3008.5078125,3008.640625,3008.7734375,3008.90625,3009.0390625,3009.1796875,3009.3203125,3009.4296875,3009.546875,3009.78125,3010.0234375,3010.2890625,3010.5234375,3010.78125,3011.6875,3012.0625,3012.2578125,3012.4375,3012.6171875,3012.7890625,3012.984375,3013.171875,3013.359375,3013.546875,3013.7265625,3013.90625,3014.0859375,3014.265625,3014.453125,3014.640625,3014.828125,3015.015625,3015.203125,3015.3984375,3015.5859375,3015.78125,3015.9765625,3016.1796875,3016.3828125,3016.5859375,3016.7890625,3017.0,3017.2109375,3017.421875,3017.6484375,3017.875,3018.1015625,3018.3203125,3018.546875,3018.765625,3018.984375,3019.1953125,3019.40625,3019.6171875,3019.828125,3020.03125,3020.234375,3020.4375,3020.640625,3020.84375,3021.0234375,3021.2109375,3021.390625,3021.578125,3021.765625,3021.9609375,3022.15625,3022.3515625,3022.5234375,3022.703125,3022.890625,3023.0859375,3023.453125,3024.359375,3024.609375,3024.8359375,3025.09375,3025.328125,3025.5546875,3025.7734375,3025.9140625,3026.046875,3026.1796875,3026.3046875,3026.4296875,3026.5546875,3026.6796875,3026.8046875,3026.9296875,3027.0546875,3027.1796875,3027.296875,3027.4140625,3027.5390625,3027.65625,3027.78125,3027.9375,3028.09375,3028.25,3028.4140625,3028.578125,3028.7421875,3028.9140625,3029.0859375,3029.265625,3029.4453125,3029.6328125,3029.8359375,3030.03125,3030.2421875,3031.0703125,3031.421875,3031.6171875,3031.796875,3031.96875,3032.140625,3032.34375,3032.5390625,3032.734375,3032.921875,3033.109375,3033.296875,3033.484375,3033.6640625,3033.859375,3034.0546875,3034.25,3034.4453125,3034.6484375,3034.8515625,3035.0625,3035.28125,3035.4609375,3035.640625,3035.8359375,3036.046875,3036.4296875,3037.3984375,3037.671875,3037.9296875,3038.203125,3038.4609375,3038.7109375,3038.9609375,3039.203125,3039.4375,3039.671875,3039.9140625,3040.15625,3040.40625,3040.6640625,3040.9296875,3041.171875,3041.4296875,3041.703125,3042.0078125,3042.4765625,3043.796875,3045.1171875,3045.609375,3046.03125,3046.421875,3046.7890625,3047.140625,3047.4921875,3047.84375,3048.2109375,3048.5234375,3048.859375,3049.90625,3050.2578125,3050.59375,3050.8984375,3051.1953125,3051.484375,3051.765625,3052.046875,3052.3046875,3052.5703125,3052.8359375,3053.1171875,3053.359375,3053.625,3054.7421875,3055.015625,3055.265625,3055.5234375,3055.7734375,3056.015625,3056.2421875,3056.375,3056.5078125,3056.640625,3056.7734375,3056.90625,3057.03125,3057.15625,3057.28125,3057.40625,3057.53125,3057.65625,3057.7890625,3057.9140625,3058.046875,3058.171875,3058.3046875,3058.5234375,3058.7421875,3058.9765625,3059.21875,3059.4296875,3059.6640625,3060.421875,3060.6875,3060.9453125,3061.1796875,3061.421875,3061.6484375,3061.8671875,3062.078125,3062.1875,3062.2890625,3062.4921875,3062.59375,3062.6953125,3062.796875,3062.8984375,3063.0,3063.1015625,3063.203125,3063.296875,3063.3984375,3063.4921875,3063.5859375,3063.6875,3063.8359375,3063.9921875,3064.140625,3064.296875,3064.453125,3064.609375,3064.7734375,3064.9375,3065.1015625,3065.265625,3065.4453125,3065.6328125,3065.8125,3066.0078125,3066.75,3067.0703125,3067.2421875,3067.40625,3067.5625,3067.7109375,3067.890625,3068.0703125,3068.2421875,3068.40625,3068.5703125,3068.734375,3068.8984375,3069.0625,3069.2578125,3069.453125,3069.6484375,3069.8515625,3070.0546875,3070.2578125,3070.46875,3070.6875,3070.8671875,3071.0546875,3071.25,3071.453125,3071.828125,3072.7421875,3072.9921875,3073.21875,3073.453125,3073.671875,3073.8828125,3074.09375,3074.2890625,3074.484375,3074.671875,3074.859375,3075.046875,3075.234375,3075.421875,3075.6171875,3075.8046875,3076.0,3076.1953125,3076.3984375,3076.609375,3076.8203125,3077.0390625,3077.265625,3077.4453125,3077.640625,3078.0546875,3078.4609375,3079.609375,3079.9765625,3080.3203125,3080.6953125,3081.0625,3081.4296875,3081.796875,3082.171875,3082.546875,3082.9296875,3083.3203125,3083.7109375,3084.09375,3084.4765625,3084.84375,3085.1484375,3085.453125,3085.75,3086.046875,3086.3359375,3086.6171875,3086.90625,3087.1953125,3087.453125,3087.7109375,3087.9765625,3088.2578125,3088.78125,3089.6796875,3090.0234375,3090.3671875,3090.6796875,3091.0390625,3091.3828125,3091.7109375,3092.03125,3092.203125,3092.3671875,3092.5390625,3092.7109375,3092.8828125,3093.0546875,3093.234375,3093.4140625,3093.7265625,3094.0625,3094.3828125,3095.125,3095.5,3095.859375,3096.1875,3096.359375,3096.5234375,3096.6875,3096.84375,3097.0,3097.15625,3097.3125,3097.46875,3097.625,3097.7890625,3097.9453125,3098.109375,3098.2734375,3098.4453125,3098.6171875,3098.7890625,3099.0859375,3099.4140625,3099.7265625,3100.4453125,3100.8046875,3100.984375,3101.1484375,3101.3125,3101.46875,3101.6328125,3101.7890625,3101.9453125,3102.09375,3102.2421875,3102.390625,3102.5390625,3102.6796875,3102.8515625,3103.0234375,3103.1953125,3103.3671875,3103.5390625,3103.71875,3103.8984375,3104.0859375,3104.2421875,3104.3984375,3104.5625,3104.7421875,3105.0703125,3105.8125,3106.0,3106.171875,3106.34375,3106.5078125,3106.6640625,3106.8125,3106.9609375,3107.1015625,3107.2421875,3107.375,3107.5078125,3107.640625,3107.7734375,3107.90625,3108.0234375,3108.140625,3108.2578125,3108.3671875,3108.484375,3108.59375,3108.703125,3108.8203125,3108.9296875,3109.046875,3109.15625,3109.2734375,3109.390625,3109.5078125,3109.625,3109.7421875,3109.8515625,3109.96875,3110.078125,3110.1953125,3110.3125,3110.4296875,3110.5546875,3110.6796875,3110.9140625,3111.171875,3111.4375,3112.140625,3112.3515625,3112.546875,3112.765625,3112.96875,3113.1640625,3113.359375,3113.4765625,3113.5859375,3113.703125,3113.8125,3113.921875,3114.03125,3114.140625,3114.25,3114.359375,3114.46875,3114.578125,3114.6796875,3114.7890625,3114.8984375,3115.0078125,3115.1171875,3115.265625,3115.4140625,3115.5625,3115.71875,3115.875,3116.03125,3116.1953125,3116.3671875,3116.515625,3116.671875,3116.8359375,3117.015625,3117.3671875,3118.0625,3118.359375,3118.671875,3118.9609375,3119.125,3119.2890625,3119.453125,3119.609375,3119.765625,3119.921875,3120.078125,3120.234375,3120.375,3120.515625,3120.65625,3120.8046875,3120.953125,3121.1015625,3121.25,3121.40625,3121.7109375,3122.0390625,3122.3828125,3123.0546875,3123.34375,3123.6484375,3123.921875,3124.2421875,3124.3984375,3124.546875,3124.6953125,3124.84375,3124.9921875,3125.1328125,3125.28125,3125.4375,3125.59375,3125.75,3125.90625,3126.0703125,3126.234375,3126.3984375,3126.7109375,3127.0546875,3127.3984375,3128.3515625,3128.6484375,3128.9140625,3129.2265625,3129.5234375,3129.8125,3130.1015625,3130.390625,3130.6796875,3130.9765625,3131.2890625,3131.5546875,3131.8515625,3132.765625,3133.078125,3133.375,3133.6484375,3133.90625,3134.1484375,3134.3828125,3134.609375,3134.8125,3135.015625,3135.21875,3135.4140625,3135.609375,3135.8125,3136.015625,3136.21875,3136.4296875,3136.640625,3136.8671875,3137.1015625,3137.328125,3137.5703125,3138.484375,3138.8671875,3139.078125,3139.2734375,3139.4609375,3139.640625,3139.859375,3140.0703125,3140.28125,3140.484375,3140.6875,3140.890625,3141.09375,3141.2890625,3141.484375,3141.6875,3141.8828125,3142.0859375,3142.2890625,3142.5,3142.7109375,3142.9296875,3143.1171875,3143.3046875,3143.5078125,3143.71875,3144.1171875,3145.15625,3145.453125,3145.7265625,3146.03125,3146.3203125,3146.59375,3146.8671875,3147.1640625,3147.3125,3147.4609375,3147.609375,3147.7578125,3147.90625,3148.0546875,3148.203125,3148.3515625,3148.5,3148.6484375,3148.9453125,3149.25,3149.5078125,3149.7734375,3150.046875,3150.3203125,3150.6015625,3150.8984375,3151.203125,3151.515625,3151.78125,3152.0625,3152.3515625,3152.6640625,3153.2421875,3154.5546875,3154.8828125,3155.1796875,3155.4921875,3155.78125,3156.0546875,3156.3203125,3156.6015625,3156.8671875,3157.1328125,3157.390625,3157.6484375,3157.8984375,3158.1484375,3158.390625,3158.640625,3158.8828125,3159.125,3159.375,3159.625,3159.8828125,3160.140625,3160.40625,3160.625,3160.859375,3161.1015625,3161.3515625,3161.8203125,3162.96875,3163.28125,3163.5703125,3163.875,3164.171875,3164.4609375,3164.734375,3165.03125,3165.3203125,3165.609375,3165.890625,3166.171875,3166.4609375,3166.75,3167.0390625,3167.1953125,3167.3515625,3167.5078125,3167.6640625,3167.8203125,3167.984375,3168.1484375,3168.3125,3168.4765625,3168.6484375,3168.984375,3169.3359375,3169.6875,3169.890625,3170.09375,3170.296875,3170.5078125,3170.71875,3170.9296875,3171.1484375,3171.375,3171.7890625,3172.234375,3172.671875,3173.6875,3173.9609375,3174.203125,3174.4765625,3174.734375,3174.9765625,3175.2109375,3175.359375,3175.5078125,3175.6484375,3175.7890625,3175.9296875,3176.0625,3176.1953125,3176.3203125,3176.453125,3176.578125,3176.703125,3176.828125,3176.953125,3177.0703125,3177.1953125,3177.3125,3177.4296875,3177.546875,3177.6640625,3177.7734375,3177.890625,3178.0,3178.1171875,3178.234375,3178.34375,3178.4609375,3178.578125,3178.6953125,3178.8125,3178.9296875,3179.046875,3179.1640625,3179.28125,3179.40625,3179.5234375,3179.6484375,3179.7734375,3179.90625,3180.0390625,3180.1796875,3180.4375,3180.71875,3181.0078125,3181.765625,3181.9921875,3182.203125,3182.4375,3182.6640625,3182.875,3183.0859375,3183.2109375,3183.3359375,3183.4609375,3183.578125,3183.703125,3183.8203125,3183.9375,3184.0546875,3184.171875,3184.2890625,3184.40625,3184.5234375,3184.640625,3184.7578125,3184.875,3184.9921875,3185.1328125,3185.2734375,3185.4140625,3185.5625,3185.7109375,3185.859375,3186.0078125,3186.1640625,3186.328125,3186.4921875,3186.6640625,3186.8515625,3187.03125,3187.234375,3188.0078125,3188.3359375,3188.515625,3188.6875,3188.84375,3189.0,3189.1875,3189.375,3189.5546875,3189.7265625,3189.8984375,3190.0703125,3190.2421875,3190.4140625,3190.578125,3190.75,3190.921875,3191.09375,3191.265625,3191.4453125,3191.6328125,3191.8203125,3191.9765625,3192.140625,3192.3125,3192.4921875,3192.828125,3193.6328125,3193.8515625,3194.0546875,3194.265625,3194.46875,3194.65625,3194.84375,3195.0390625,3195.234375,3195.421875,3195.609375,3195.796875,3195.984375,3196.1640625,3196.3515625,3196.5,3196.65625,3196.8046875,3196.9609375,3197.1171875,3197.2734375,3197.4375,3197.609375,3197.8984375,3198.21875,3198.5234375,3199.2578125,3199.640625,3199.8359375,3200.0234375,3200.1953125,3200.3671875,3200.546875,3200.71875,3200.890625,3201.0625,3201.234375,3201.3984375,3201.5703125,3201.734375,3201.90625,3202.078125,3202.25,3202.4296875,3202.609375,3202.7890625,3202.9765625,3203.1640625,3203.3203125,3203.484375,3203.65625,3203.84375,3204.1875,3205.0078125,3205.234375,3205.4375,3205.65625,3205.859375,3206.0546875,3206.25,3206.453125,3206.6484375,3206.84375,3207.0390625,3207.234375,3207.421875,3207.609375,3207.8046875,3207.9453125,3208.0859375,3208.2265625,3208.375,3208.5234375,3208.671875,3208.828125,3208.984375,3209.140625,3209.3046875,3209.6484375,3210.015625,3210.7421875,3211.0546875,3211.3828125,3211.6875,3211.8671875,3212.0390625,3212.2109375,3212.375,3212.5390625,3212.703125,3212.8671875,3213.0234375,3213.1796875,3213.34375,3213.5078125,3213.671875,3213.8359375,3214.0,3214.171875,3214.3515625,3214.65625,3214.984375,3215.3046875,3216.0546875,3216.4453125,3216.640625,3216.828125,3217.0,3217.171875,3217.3515625,3217.5234375,3217.6953125,3217.8671875,3218.0390625,3218.203125,3218.375,3218.5390625,3218.6875,3218.8359375,3218.984375,3219.140625,3219.296875,3219.453125,3219.609375,3219.7734375,3220.0546875,3220.3671875,3220.671875,3221.390625,3221.7578125,3221.953125,3222.1328125,3222.3046875,3222.46875,3222.65625,3222.84375,3223.0234375,3223.1953125,3223.3671875,3223.5390625,3223.7109375,3223.875,3223.9921875,3224.109375,3224.2265625,3224.34375,3224.4609375,3224.578125,3224.6953125,3224.8125,3224.9296875,3225.046875,3225.1640625,3225.28125,3225.3984375,3225.5234375,3225.640625,3225.765625,3225.8828125,3226.0078125,3226.1328125,3226.2578125,3226.3828125,3226.515625,3226.6484375,3226.7890625,3227.046875,3227.3359375,3227.625,3228.4140625,3228.65625,3228.8671875,3229.109375,3229.34375,3229.5703125,3229.78125,3229.9140625,3230.0390625,3230.1640625,3230.2890625,3230.4140625,3230.5390625,3230.6640625,3230.78125,3230.90625,3231.0234375,3231.1484375,3231.265625,3231.3828125,3231.5,3231.6171875,3231.7421875,3231.8515625,3231.9609375,3232.0703125,3232.1875,3232.296875,3232.4140625,3232.5234375,3232.640625,3232.7578125,3232.875,3232.9921875,3233.109375,3233.2265625,3233.3515625,3233.4765625,3233.6015625,3233.8125,3234.03125,3234.2578125,3234.5078125,3234.7265625,3234.9765625,3235.9296875,3236.34375,3236.5703125,3236.78125,3236.984375,3237.1796875,3237.4140625,3237.640625,3237.8671875,3238.0859375,3238.3125,3238.5390625,3238.765625,3239.0,3239.2265625,3239.453125,3239.6875,3239.9375,3240.1953125,3240.4609375,3240.75,3241.0625,3241.8828125,3243.75,3244.34375,3244.734375,3245.0859375,3245.4140625,3245.71875,3246.09375,3246.4453125,3246.7890625,3247.125,3247.4609375,3247.7890625,3248.125,3248.4609375,3248.7421875,3249.03125,3249.328125,3249.6484375,3249.9296875,3250.234375,3251.3203125,3251.75,3252.1953125,3252.6015625,3252.8359375,3253.0625,3253.2890625,3253.5078125,3253.7265625,3253.953125,3254.171875,3254.3984375,3254.703125,3255.0234375,3255.3515625,3255.703125,3256.0,3256.328125,3257.4765625,3257.9453125,3258.421875,3258.8828125,3259.2578125,3259.65625,3261.171875,3261.484375,3261.7734375,3262.1328125,3262.4609375,3262.78125,3263.0859375,3263.28125,3263.4765625,3263.671875,3263.859375,3264.046875,3264.234375,3264.421875,3264.6015625,3264.7890625,3264.96875,3265.15625,3265.34375,3265.53125,3265.71875,3265.90625,3266.1015625,3266.4140625,3266.7421875,3267.078125,3267.4375,3267.75,3268.09375,3269.25,3269.6875,3270.1171875,3270.515625,3270.7265625,3270.9296875,3271.125,3271.3203125,3271.515625,3271.703125,3271.890625,3272.0703125,3272.2578125,3272.4375,3272.6171875,3272.796875,3272.9765625,3273.15625,3273.3359375,3273.515625,3273.6953125,3273.875,3274.0546875,3274.2421875,3274.421875,3274.609375,3274.796875,3274.984375,3275.21875,3275.4609375,3275.7109375,3275.9609375,3276.21875,3276.4921875,3276.7734375,3277.0703125,3277.3828125,3277.7265625,3279.3359375,3279.7578125,3280.1640625,3280.5625,3280.984375,3282.5546875,3282.890625,3283.1953125,3283.5703125,3283.921875,3284.2578125,3284.578125,3284.8359375,3285.0859375,3285.3359375,3285.5859375,3285.828125,3286.078125,3286.328125,3286.5859375,3286.8046875,3287.0234375,3287.2578125,3287.5,3287.9453125,3288.984375,3289.2578125,3289.5078125,3289.7734375,3290.0234375,3290.265625,3290.4921875,3290.6328125,3290.765625,3290.8984375,3291.03125,3291.1640625,3291.2890625,3291.421875,3291.546875,3291.671875,3291.796875,3291.921875,3292.046875,3292.171875,3292.296875,3292.421875,3292.546875,3292.734375,3292.921875,3293.109375,3293.3046875,3293.5,3293.6953125,3293.8984375,3294.109375,3294.2890625,3294.4765625,3294.671875,3294.875,3295.265625,3296.0078125,3296.3046875,3296.6171875,3296.90625,3297.2265625,3297.3828125,3297.5390625,3297.6953125,3297.84375,3297.9921875,3298.140625,3298.421875,3298.7109375,3299.0078125,3299.3203125,3299.5859375,3299.8828125,3300.84375,3301.1953125,3301.546875,3301.859375,3302.03125,3302.203125,3302.3671875,3302.53125,3302.6875,3302.84375,3303.0,3303.15625,3303.3359375,3303.5078125,3303.6875,3303.8671875,3304.046875,3304.2265625,3304.4140625,3304.6015625,3304.765625,3304.9296875,3305.1015625,3305.28125,3305.625,3306.4375,3306.65625,3306.8515625,3307.0625,3307.265625,3307.453125,3307.640625,3307.8515625,3308.0546875,3308.25,3308.4453125,3308.640625,3308.828125,3309.0234375,3309.2109375,3309.3828125,3309.5625,3309.7421875,3309.921875,3310.1015625,3310.2890625,3310.4765625,3310.6640625,3310.84375,3311.03125,3311.2265625,3311.4296875,3311.625,3311.8359375,3312.6328125,3312.96875,3313.1484375,3313.3203125,3313.484375,3313.640625,3313.828125,3314.015625,3314.1953125,3314.3671875,3314.5390625,3314.7109375,3314.8828125,3315.0546875,3315.21875,3315.390625,3315.5625,3315.734375,3315.90625,3316.0859375,3316.265625,3316.453125,3316.609375,3316.765625,3316.9375,3317.1171875,3317.453125,3318.2578125,3318.4765625,3318.671875,3318.8828125,3319.078125,3319.265625,3319.453125,3319.6484375,3319.8359375,3320.0234375,3320.2109375,3320.3984375,3320.578125,3320.7578125,3320.9375,3321.0859375,3321.2421875,3321.3984375,3321.5546875,3321.7109375,3321.875,3322.0390625,3322.2109375,3322.5,3322.8203125,3323.125,3323.875,3324.078125,3324.2578125,3324.4609375,3324.6484375,3324.828125,3325.0,3325.1875,3325.375,3325.5546875,3325.734375,3325.9140625,3326.0859375,3326.2578125,3326.4296875,3326.625,3326.828125,3327.03125,3327.234375,3327.4375,3327.6484375,3327.8671875,3328.0859375,3328.2734375,3328.4609375,3328.65625,3328.8671875,3329.2578125,3329.9609375,3330.2265625,3330.5,3330.7421875,3331.0078125,3331.2578125,3331.5,3331.734375,3331.9765625,3332.21875,3332.34375,3332.4609375,3332.6953125,3332.9296875,3333.046875,3333.171875,3333.4140625,3333.5390625,3333.6640625,3333.8515625,3334.0390625,3334.234375,3334.4296875,3334.6328125,3334.84375,3335.0546875,3335.28125,3335.65625,3336.0703125,3336.484375,3337.7265625,3338.125,3338.4921875,3338.90625,3339.3125,3339.7109375,3340.09375,3340.5,3340.8984375,3341.28125,3341.46875,3341.65625,3341.8359375,3342.015625,3342.1953125,3342.3671875,3342.5390625,3342.7109375,3342.875,3343.0390625,3343.1953125,3343.34375,3343.4921875,3343.640625,3343.7890625,3343.9375,3344.0859375,3344.2265625,3344.375,3344.515625,3344.6640625,3344.8046875,3344.9453125,3345.09375,3345.234375,3345.3828125,3345.5234375,3345.671875,3345.8125,3345.9609375,3346.109375,3346.265625,3346.578125,3346.8671875,3347.1875,3347.5,3348.296875,3348.53125,3348.734375,3348.96875,3349.1953125,3349.40625,3349.609375,3349.859375,3350.09375,3350.2109375,3350.328125,3350.4453125,3350.5546875,3350.671875,3350.78125,3350.890625,3351.0,3351.109375,3351.21875,3351.328125,3351.4375,3351.5703125,3351.6953125,3351.828125,3351.9609375,3352.0859375,3352.21875,3352.3515625,3352.484375,3352.6171875,3352.75,3352.8828125,3353.0234375,3353.1640625,3353.3046875,3353.4453125,3353.59375,3353.828125,3354.0703125,3354.3203125,3354.59375,3354.828125,3355.09375,3356.0546875,3356.4453125,3356.65625,3356.8515625,3357.046875,3357.234375,3357.4453125,3357.6484375,3357.8515625,3358.0546875,3358.2578125,3358.4609375,3358.6640625,3358.8671875,3359.0703125,3359.2734375,3359.4765625,3359.6875,3359.8984375,3360.1171875,3360.3359375,3360.5625,3360.796875,3361.03125,3361.2734375,3361.515625,3361.765625,3362.0078125,3362.25,3362.484375,3362.703125,3362.921875,3363.1328125,3363.3359375,3363.5390625,3363.734375,3363.9296875,3364.1171875,3364.3046875,3364.484375,3364.6640625,3364.84375,3365.0234375,3365.203125,3365.3828125,3365.5546875,3365.7109375,3365.875,3366.03125,3366.1953125,3366.359375,3366.5234375,3366.6953125,3366.8671875,3367.171875,3367.5078125,3367.828125,3368.6171875,3368.8359375,3369.0390625,3369.2578125,3369.46875,3369.6640625,3369.8515625,3370.078125,3370.3046875,3370.5234375,3370.734375,3370.9453125,3371.15625,3371.3671875,3371.5703125,3371.7265625,3371.8828125,3372.0390625,3372.203125,3372.359375,3372.5234375,3372.6875,3372.859375,3373.03125,3373.203125,3373.3828125,3373.5703125,3373.75,3373.953125,3374.6953125,3375.0078125,3375.3359375,3375.4921875,3375.640625,3375.8203125,3375.9921875,3376.1640625,3376.328125,3376.4921875,3376.6484375,3376.8125,3376.96875,3377.125,3377.2890625,3377.453125,3377.6171875,3377.78125,3377.953125,3378.125,3378.3046875,3378.453125,3378.609375,3378.765625,3378.9375,3379.25,3379.984375,3380.1796875,3380.359375,3380.546875,3380.7265625,3380.8984375,3381.0625,3381.234375,3381.3984375,3381.5625,3381.7265625,3381.890625,3382.046875,3382.2109375,3382.3671875,3382.5078125,3382.65625,3382.8046875,3382.953125,3383.1015625,3383.2578125,3383.4140625,3383.5703125,3383.703125,3383.84375,3383.9921875,3384.1484375,3384.4375,3385.1328125,3385.3203125,3385.4921875,3385.6796875,3385.8515625,3386.015625,3386.1796875,3386.3671875,3386.546875,3386.71875,3386.890625,3387.0625,3387.2265625,3387.390625,3387.5546875,3387.6484375,3387.7421875,3387.8359375,3387.9296875,3388.0234375,3388.1171875,3388.2109375,3388.3125,3388.40625,3388.5,3388.59375,3388.6953125,3388.796875,3388.8984375,3389.0,3389.1015625,3389.2734375,3389.4453125,3389.6328125,3389.828125,3390.0,3390.1875,3390.796875,3391.0234375,3391.2421875,3391.4375,3391.640625,3391.8359375,3392.0234375,3392.203125,3392.296875,3392.3828125,3392.46875,3392.5546875,3392.640625,3392.7265625,3392.8125,3392.8984375,3392.984375,3393.0703125,3393.15625,3393.234375,3393.3203125,3393.3984375,3393.484375,3393.5625,3393.6484375,3393.734375,3393.8203125,3393.9140625,3394.0,3394.09375,3394.1796875,3394.2734375,3394.359375,3394.453125,3394.546875,3394.640625,3394.734375,3394.828125,3394.921875,3395.0234375,3395.1875,3395.3515625,3395.5234375,3395.7109375,3395.875,3396.0546875,3396.6484375,3396.8671875,3397.078125,3397.2734375,3397.4765625,3397.671875,3397.8515625,3398.03125,3398.203125,3398.2890625,3398.375,3398.4609375,3398.546875,3398.6328125,3398.7109375,3398.796875,3398.875,3398.9609375,3399.0390625,3399.125,3399.203125,3399.28125,3399.3671875,3399.515625,3399.671875,3399.8203125,3399.9765625,3400.1328125,3400.2890625,3400.453125,3400.6171875,3400.7890625,3400.96875,3401.1484375,3401.34375,3401.5390625,3401.75,3401.96875,3402.5625,3402.75,3402.9140625,3403.1015625,3403.28125,3403.453125,3403.6171875,3403.71875,3403.8203125,3403.921875,3404.015625,3404.109375,3404.203125,3404.296875,3404.390625,3404.484375,3404.578125,3404.671875,3404.7578125,3404.8515625,3404.9375,3405.03125,3405.125,3405.2734375,3405.421875,3405.5703125,3405.71875,3405.875,3406.03125,3406.1875,3406.3515625,3406.515625,3406.6875,3406.859375,3407.046875,3407.2265625,3407.4296875,3408.1953125,3408.5234375,3408.703125,3408.8671875,3409.03125,3409.1875,3409.375,3409.5546875,3409.734375,3409.9140625,3410.09375,3410.265625,3410.4375,3410.609375,3410.78125,3410.953125,3411.125,3411.3046875,3411.484375,3411.6640625,3411.8515625,3412.0390625,3412.2109375,3412.3828125,3412.5625,3412.7578125,3412.9375,3413.1328125,3413.8671875,3414.1796875,3414.5078125,3414.65625,3414.8046875,3414.9765625,3415.1484375,3415.3203125,3415.484375,3415.6484375,3415.8125,3415.9765625,3416.140625,3416.2734375,3416.4140625,3416.5546875,3416.6953125,3416.8359375,3416.984375,3417.1328125,3417.2890625,3417.5625,3417.8671875,3418.171875,3419.0078125,3419.265625,3419.5,3419.7734375,3420.03125,3420.28125,3420.53125,3420.7734375,3421.0234375,3421.28125,3421.546875,3421.78125,3422.03125,3422.859375,3423.15625,3423.453125,3423.71875,3424.0078125,3424.28125,3424.546875,3424.8125,3424.9765625,3425.1328125,3425.2890625,3425.453125,3425.609375,3425.7734375,3425.9375,3426.109375,3426.2734375,3426.4453125,3426.6171875,3426.8046875,3427.171875,3427.875,3428.171875,3428.4765625,3428.7578125,3428.921875,3429.0859375,3429.2421875,3429.390625,3429.5390625,3429.6875,3429.8359375,3429.984375,3430.1328125,3430.2890625,3430.4375,3430.59375,3430.75,3430.90625,3431.0703125,3431.234375,3431.515625,3431.828125,3432.125,3432.8203125,3433.171875,3433.3515625,3433.515625,3433.6796875,3433.8359375,3434.0078125,3434.171875,3434.3359375,3434.4921875,3434.6484375,3434.8046875,3434.9609375,3435.109375,3435.265625,3435.4296875,3435.59375,3435.7578125,3435.921875,3436.09375,3436.265625,3436.4375,3436.5859375,3436.7421875,3436.8984375,3437.0703125,3437.3828125,3438.1328125,3438.3359375,3438.515625,3438.71875,3438.90625,3439.0859375,3439.2578125,3439.453125,3439.640625,3439.828125,3440.0078125,3440.1875,3440.359375,3440.5390625,3440.7109375,3440.8046875,3440.8984375,3440.9921875,3441.09375,3441.1875,3441.28125,3441.375,3441.4765625,3441.5703125,3441.671875,3441.765625,3441.8671875,3441.96875,3442.0703125,3442.171875,3442.28125,3442.453125,3442.6328125,3442.8203125,3443.015625,3443.1875,3443.3828125,3444.03125,3444.2734375,3444.515625,3444.7421875,3444.9765625,3445.1953125,3445.40625,3445.515625,3445.6171875,3445.7265625,3445.8359375,3445.9453125,3446.046875,3446.15625,3446.2578125,3446.359375,3446.4609375,3446.5625,3446.6640625,3446.765625,3446.875,3446.9765625,3447.078125,3447.1796875,3447.2890625,3447.4375,3447.5859375,3447.734375,3447.890625,3448.046875,3448.2109375,3448.375,3448.546875,3448.6875,3448.8359375,3449.15625,3449.4609375,3450.21875,3450.4296875,3450.6171875,3450.8203125,3451.0078125,3451.1875,3451.3671875,3451.5390625,3451.7109375,3451.8828125,3452.046875,3452.2109375,3452.375,3452.5390625,3452.7109375,3452.859375,3453.015625,3453.171875,3453.3359375,3453.5,3453.6640625,3453.8359375,3454.015625,3454.328125,3454.671875,3455.03125,3455.7890625,3456.1328125,3456.4921875,3456.828125,3457.21875,3457.609375,3458.0,3458.40625,3458.703125,3459.0234375,3459.359375,3459.734375,3460.1953125,3460.6875,3461.1484375,3461.5546875,3461.8515625,3462.1171875,3462.3671875,3462.609375,3462.8359375,3463.0546875,3463.265625,3463.46875,3463.71875,3463.96875,3464.2109375,3464.453125,3464.6953125,3464.9296875,3465.1640625,3465.40625,3465.609375,3465.8125,3466.03125,3466.2578125,3466.671875,3467.578125,3467.796875,3468.0,3468.1953125,3468.3828125,3468.5625,3468.734375,3468.90625,3469.0703125,3469.234375,3469.3984375,3469.5546875,3469.7109375,3469.8671875,3470.015625,3470.1171875,3470.21875,3470.3203125,3470.4140625,3470.5078125,3470.609375,3470.7109375,3470.8125,3470.9140625,3471.015625,3471.1171875,3471.21875,3471.3203125,3471.4296875,3471.640625,3471.8203125,3472.0,3472.1875,3472.390625,3472.5625,3472.7578125,3473.390625,3473.6171875,3473.8359375,3474.0390625,3474.2421875,3474.4375,3474.625,3474.8046875,3474.984375,3475.1640625,3475.3359375,3475.5078125,3475.59375,3475.6796875,3475.84375,3475.9296875,3476.015625,3476.1796875,3476.28125,3476.375,3476.46875,3476.5703125,3476.6640625,3476.765625,3476.8671875,3476.96875,3477.0703125,3477.171875,3477.2734375,3477.375,3477.4765625,3477.5859375,3477.6875,3477.796875,3477.9765625,3478.1640625,3478.359375,3478.5625,3478.7421875,3478.9453125,3479.609375,3479.8671875,3480.1171875,3480.34375,3480.46875,3480.5859375,3480.703125,3480.8203125,3480.9296875,3481.0390625,3481.1484375,3481.2578125,3481.375,3481.484375,3481.6015625,3481.7109375,3481.8203125,3481.9296875,3482.0390625,3482.1484375,3482.2578125,3482.3671875,3482.4765625,3482.5859375,3482.6953125,3482.8046875,3482.9140625,3483.0234375,3483.1875,3483.3515625,3483.5234375,3483.6953125,3483.8671875,3484.046875,3484.234375,3484.421875,3484.5859375,3484.75,3484.921875,3485.109375,3485.46875,3486.171875,3486.4765625,3486.796875,3487.0859375,3487.2578125,3487.421875,3487.5859375,3487.7421875,3487.8984375,3488.0625,3488.2265625,3488.390625,3488.6328125,3488.8828125,3489.140625,3489.421875,3489.6640625,3489.9296875,3490.8828125,3491.28125,3491.6953125,3492.09375,3492.4765625,3492.8828125,3493.2578125,3494.1171875,3494.5390625,3494.765625,3494.9765625,3495.1796875,3495.3671875,3495.5078125,3495.640625,3495.7734375,3495.90625,3496.0390625,3496.1640625,3496.296875,3496.421875,3496.546875,3496.671875,3496.796875,3496.921875,3497.046875,3497.171875,3497.296875,3497.4296875,3497.65625,3497.890625,3498.1328125,3498.390625,3498.625,3498.875,3499.125,3499.75,3500.09375,3500.28125,3500.453125,3500.6171875,3500.7734375,3500.9609375,3501.1484375,3501.328125,3501.5,3501.671875,3501.84375,3502.015625,3502.1875,3502.359375,3502.53125,3502.703125,3502.8828125,3503.0625,3503.2421875,3503.4296875,3503.6171875,3503.7734375,3503.9375,3504.109375,3504.2890625,3504.625,3505.3984375,3505.59375,3505.7734375,3505.9609375,3506.1328125,3506.296875,3506.4609375,3506.6171875,3506.7734375,3506.9296875,3507.078125,3507.2265625,3507.375,3507.5234375,3507.6640625,3507.7734375,3507.8828125,3507.9921875,3508.09375,3508.203125,3508.3046875,3508.40625,3508.515625,3508.6171875,3508.7265625,3508.8359375,3508.9453125,3509.0546875,3509.1640625,3509.2734375,3509.3828125,3509.4921875,3509.609375,3509.71875,3509.8359375,3509.953125,3510.078125,3510.203125,3510.328125,3510.453125,3510.578125,3510.8515625,3511.1328125,3511.6796875,3511.90625,3512.140625,3512.359375,3512.609375,3512.7265625,3512.84375,3512.953125,3513.0625,3513.171875,3513.28125,3513.4140625,3513.5390625,3513.671875,3513.796875,3513.9296875,3514.0546875,3514.1796875,3514.3046875,3514.4296875,3514.5546875,3514.6796875,3514.8046875,3514.9296875,3515.0546875,3515.1796875,3515.3125,3515.484375,3515.6640625,3515.84375,3516.03125,3516.21875,3516.4140625,3516.609375,3516.8203125,3516.984375,3517.1640625,3517.3515625,3517.546875,3517.9140625,3518.625,3518.9296875,3519.234375,3519.5234375,3519.84375,3520.1484375,3520.453125,3520.7578125,3521.0,3521.25,3521.515625,3521.7890625,3522.0234375,3522.2890625,3523.15625,3523.4765625,3523.796875,3524.09375,3524.3984375,3524.6953125,3524.984375,3525.265625,3525.6015625,3525.9375,3526.28125,3526.6328125,3526.96875,3527.3359375,3527.6953125,3528.640625,3528.921875,3529.1796875,3529.46875,3529.7421875,3530.0078125,3530.2578125,3530.4140625,3530.5703125,3530.7265625,3530.875,3531.0234375,3531.171875,3531.3203125,3531.46875,3531.6171875,3531.765625,3531.9140625,3532.0625,3532.2109375,3532.359375,3532.5078125,3532.6640625,3532.828125,3532.9921875,3533.15625,3533.328125,3533.5,3533.671875,3533.8515625,3534.0390625,3534.3828125,3534.765625,3535.15625,3536.25,3536.59375,3536.90625,3537.265625,3537.6171875,3537.953125,3538.2890625,3538.6171875,3538.953125,3539.296875,3539.65625,3539.96875,3540.3046875,3541.3984375,3541.796875,3542.1875,3542.5390625,3542.9140625,3543.09375,3543.2734375,3543.453125,3543.625,3543.796875,3543.96875,3544.140625,3544.3203125,3544.5,3544.6796875,3544.859375,3545.046875,3545.234375,3545.4296875,3545.7578125,3546.125,3546.4765625,3547.328125,3547.78125,3548.015625,3548.234375,3548.4453125,3548.65625,3548.890625,3549.125,3549.3515625,3549.578125,3549.796875,3550.0234375,3550.25,3550.4765625,3550.7578125,3551.046875,3551.34375,3551.6640625,3551.9375,3552.2421875,3553.328125,3553.78125,3554.25,3554.6953125,3555.125,3555.5703125,3556.0,3556.9921875,3557.2578125,3557.5,3557.7734375,3558.03125,3558.2734375,3558.515625,3558.84375,3559.0078125,3559.171875,3559.5,3559.8359375,3560.1328125,3560.453125,3560.7578125,3561.453125,3561.8046875,3561.984375,3562.15625,3562.3203125,3562.4765625,3562.6640625,3562.84375,3563.015625,3563.1875,3563.3515625,3563.515625,3563.6796875,3563.8359375,3563.953125,3564.0625,3564.1796875,3564.2890625,3564.40625,3564.515625,3564.625,3564.734375,3564.84375,3564.9609375,3565.0703125,3565.1875,3565.296875,3565.4140625,3565.53125,3565.6484375,3565.84375,3566.046875,3566.2578125,3566.4765625,3566.671875,3566.8828125,3567.5625,3567.8046875,3568.0390625,3568.2578125,3568.4765625,3568.5859375,3568.6875,3568.7890625,3568.8828125,3568.984375,3569.078125,3569.1796875,3569.2734375,3569.3671875,3569.4609375,3569.5546875,3569.6484375,3569.7421875,3569.828125,3569.921875,3570.0078125,3570.1015625,3570.1875,3570.28125,3570.3671875,3570.4609375,3570.546875,3570.6328125,3570.71875,3570.8046875,3570.8984375,3570.984375,3571.078125,3571.1640625,3571.2578125,3571.34375,3571.4375,3571.5234375,3571.6171875,3571.7109375,3571.8046875,3571.8984375,3572.0,3572.171875,3572.34375,3572.53125,3572.7265625,3572.90625,3573.109375,3573.828125,3574.1171875,3574.2734375,3574.421875,3574.5625,3574.703125,3574.859375,3575.015625,3575.171875,3575.3203125,3575.46875,3575.609375,3575.7578125,3575.8984375,3575.9921875,3576.078125,3576.1640625,3576.25,3576.3359375,3576.421875,3576.5078125,3576.6015625,3576.6875,3576.7734375,3576.859375,3576.953125,3577.0390625,3577.1328125,3577.2265625,3577.3203125,3577.5,3577.6796875,3577.8671875,3578.0703125,3578.2578125,3578.4609375,3578.671875,3579.2265625,3579.390625,3579.5390625,3579.7109375,3579.8671875,3580.015625,3580.1640625,3580.34375,3580.515625,3580.6875,3580.8515625,3581.015625,3581.171875,3581.3359375,3581.4921875,3581.6484375,3581.8125,3581.9765625,3582.140625,3582.3046875,3582.4765625,3582.6484375,3582.828125,3582.9765625,3583.125,3583.28125,3583.453125,3583.6015625,3583.765625,3584.296875,3584.4921875,3584.6796875,3584.8515625,3585.03125,3585.1953125,3585.3515625,3585.5078125,3585.6640625,3585.8125,3585.9609375,3586.109375,3586.25,3586.390625,3586.53125,3586.671875,3586.765625,3586.859375,3586.953125,3587.046875,3587.140625,3587.234375,3587.328125,3587.421875,3587.515625,3587.609375,3587.703125,3587.8046875,3587.8984375,3588.0,3588.09375,3588.1953125,3588.2890625,3588.3828125,3588.4765625,3588.5703125,3588.6640625,3588.765625,3588.8671875,3588.9765625,3589.171875,3589.390625,3589.6015625,3590.171875,3590.34375,3590.4921875,3590.6640625,3590.828125,3590.984375,3591.1328125,3591.2265625,3591.3125,3591.3984375,3591.484375,3591.5703125,3591.65625,3591.7421875,3591.8203125,3591.90625,3591.984375,3592.0703125,3592.1484375,3592.234375,3592.3125,3592.390625,3592.46875,3592.5625,3592.65625,3592.75,3592.8359375,3592.921875,3593.015625,3593.109375,3593.203125,3593.296875,3593.390625,3593.484375,3593.578125,3593.671875,3593.7734375,3593.8671875,3593.96875,3594.0625,3594.15625,3594.25,3594.3515625,3594.453125,3594.5546875,3594.65625,3594.765625,3594.96875,3595.1875,3595.40625,3596.0,3596.1796875,3596.3359375,3596.5234375,3596.6953125,3596.859375,3597.0234375,3597.125,3597.21875,3597.3125,3597.40625,3597.5,3597.5859375,3597.6796875,3597.765625,3597.859375,3597.9453125,3598.0390625,3598.125,3598.21875,3598.3046875,3598.390625,3598.4765625,3598.5625,3598.6484375,3598.734375,3598.8203125,3598.90625,3598.9921875,3599.078125,3599.171875,3599.2578125,3599.3515625,3599.4375,3599.53125,3599.625,3599.71875,3599.8125,3599.9140625,3600.0703125,3600.234375,3600.40625,3600.59375,3600.7578125,3600.9375,3601.53125,3601.75,3601.96875,3602.171875,3602.28125,3602.3828125,3602.484375,3602.578125,3602.671875,3602.765625,3602.859375,3602.953125,3603.046875,3603.140625,3603.234375,3603.3203125,3603.4140625,3603.5,3603.5859375,3603.671875,3603.765625,3603.8515625,3603.9375,3604.0234375,3604.109375,3604.1953125,3604.28125,3604.375,3604.5234375,3604.671875,3604.8203125,3604.9765625,3605.1328125,3605.2890625,3605.453125,3605.6171875,3605.78125,3605.9453125,3606.1171875,3606.296875,3606.46875,3606.6640625,3607.3984375,3607.7109375,3607.8828125,3608.0390625,3608.1953125,3608.34375,3608.515625,3608.6875,3608.859375,3609.0234375,3609.1875,3609.3515625,3609.515625,3609.671875,3609.8359375,3610.0,3610.1640625,3610.3359375,3610.5078125,3610.6796875,3610.8515625,3611.03125,3611.203125,3611.3828125,3611.5703125,3611.765625,3611.953125,3612.1640625,3612.96875,3613.1484375,3613.3125,3613.5,3613.671875,3613.8359375,3614.0,3614.1953125,3614.3828125,3614.5703125,3614.75,3614.9296875,3615.109375,3615.2890625,3615.46875,3615.640625,3615.8125,3615.984375,3616.1640625,3616.34375,3616.5234375,3616.7109375,3616.8984375,3617.0703125,3617.25,3617.4375,3617.6328125,3617.8125,3618.015625,3618.7890625,3619.1171875,3619.296875,3619.4609375,3619.625,3619.78125,3619.96875,3620.1484375,3620.328125,3620.5,3620.671875,3620.84375,3621.015625,3621.1875,3621.3828125,3621.578125,3621.7734375,3621.9765625,3622.1796875,3622.390625,3622.609375,3622.828125,3623.046875,3623.28125,3623.53125,3623.796875,3624.078125,3624.3984375,3625.265625,3626.171875,3626.7890625,3627.0546875,3627.3046875,3627.5390625,3627.7578125,3627.984375,3628.203125,3628.4140625,3628.6171875,3628.8203125,3629.015625,3629.2109375,3629.40625,3629.5859375,3629.765625,3629.9453125,3630.125,3630.3046875,3630.4921875,3630.6796875,3630.8671875,3631.203125,3631.5703125,3631.921875,3632.8046875,3633.0546875,3633.2734375,3633.5234375,3633.7578125,3633.984375,3634.203125,3634.4609375,3634.71875,3634.96875,3635.2109375,3635.453125,3635.578125,3635.703125,3635.953125,3636.203125,3636.46875,3636.609375,3636.75,3637.0390625,3637.34375,3637.6015625,3637.890625,3638.828125,3639.171875,3639.5,3639.8046875,3640.0859375,3640.3515625,3640.6171875,3640.875,3641.0234375,3641.1796875,3641.3359375,3641.4921875,3641.6484375,3641.8125,3642.1484375,3642.4375,3642.7578125,3643.0625,3643.8125,3644.1953125,3644.390625,3644.578125,3644.7578125,3644.9296875,3645.125,3645.3203125,3645.5078125,3645.6875,3645.8671875,3646.046875,3646.2265625,3646.40625,3646.6015625,3646.796875,3646.9921875,3647.1953125,3647.390625,3647.59375,3647.8046875,3648.015625,3648.1953125,3648.3828125,3648.578125,3648.78125,3649.1640625,3650.09375,3650.3515625,3650.5859375,3650.8359375,3651.078125,3651.3125,3651.53125,3651.65625,3651.78125,3651.90625,3652.03125,3652.15625,3652.2734375,3652.3984375,3652.515625,3652.6328125,3652.75,3652.8671875,3652.984375,3653.1015625,3653.21875,3653.3359375,3653.453125,3653.5625,3653.671875,3653.78125,3653.8984375,3654.0078125,3654.125,3654.234375,3654.3515625,3654.578125,3654.8125,3655.0546875,3655.3046875,3655.5078125,3655.7265625,3655.953125,3656.1953125,3656.40625,3656.640625,3657.4296875,3657.734375,3658.0390625,3658.3203125,3658.6171875,3658.8984375,3659.171875,3659.3046875,3659.4375,3659.578125,3659.7109375,3659.8515625,3659.984375,3660.125,3660.2578125,3660.390625,3660.5234375,3660.65625,3660.7890625,3660.921875,3661.0546875,3661.1875,3661.3203125,3661.453125,3661.59375,3661.8046875,3662.015625,3662.234375,3662.453125,3662.6796875,3662.90625,3663.140625,3663.390625,3663.59375,3663.8046875,3664.0234375,3664.2578125,3664.6875,3665.7421875,3666.03125,3666.2890625,3666.5625,3666.8203125,3667.0625,3667.3046875,3667.53125,3667.7578125,3667.9765625,3668.1953125,3668.4140625,3668.6328125,3668.8515625,3669.0625,3669.28125,3669.5,3669.71875,3669.9375,3670.1640625,3670.390625,3670.625,3670.859375,3671.078125,3671.3125,3671.5546875,3671.8046875,3672.3046875,3673.265625,3673.6640625,3674.078125,3674.453125,3674.671875,3674.890625,3675.1015625,3675.3046875,3675.5078125,3675.703125,3675.8984375,3676.09375,3676.3359375,3676.5703125,3676.8046875,3677.0390625,3677.2734375,3677.515625,3677.7578125,3678.0078125,3678.2421875,3678.4765625,3678.7265625,3678.9921875,3679.234375,3679.5078125,3680.484375,3680.8828125,3681.1015625,3681.3046875,3681.4921875,3681.6796875,3681.8984375,3682.1171875,3682.328125,3682.53125,3682.734375,3682.9296875,3683.1328125,3683.328125,3683.53125,3683.734375,3683.9375,3684.1484375,3684.3515625,3684.5625,3684.78125,3685.0,3685.1875,3685.375,3685.578125,3685.7890625,3686.1796875,3687.09375,3687.328125,3687.546875,3687.7734375,3687.9921875,3688.1953125,3688.390625,3688.6015625,3688.8125,3689.015625,3689.2109375,3689.40625,3689.6015625,3689.796875,3689.984375,3690.109375,3690.234375,3690.359375,3690.484375,3690.609375,3690.734375,3690.859375,3690.9921875,3691.1171875,3691.25,3691.375,3691.5078125,3691.640625,3691.7734375,3691.90625,3692.046875,3692.2734375,3692.5078125,3692.75,3693.0078125,3693.234375,3693.484375,3694.3359375,3694.6640625,3694.9921875,3695.2890625,3695.453125,3695.609375,3695.765625,3695.9140625,3696.0625,3696.203125,3696.3515625,3696.4921875,3696.640625,3696.7890625,3696.9375,3697.0859375,3697.234375,3697.3828125,3697.53125,3697.6796875,3697.828125,3697.9765625,3698.125,3698.2734375,3698.421875,3698.578125,3698.7265625,3698.8828125,3699.0625,3699.2421875,3699.4296875,3699.6171875,3699.8125,3700.015625,3700.2265625,3700.4453125,3700.8046875,3701.2109375,3701.609375,3702.765625,3703.140625,3703.484375,3703.875,3704.25,3704.625,3704.9921875,3705.390625,3705.7890625,3706.1875,3706.59375,3707.0078125,3707.4140625,3707.8203125,3708.21875,3708.6015625,3708.984375,3709.359375,3709.7265625,3710.0859375,3710.4453125,3710.8046875,3711.1640625,3711.4609375,3711.765625,3712.0859375,3712.4140625,3713.015625,3714.3125,3714.6171875,3714.8984375,3715.1796875,3715.4375,3715.6875,3715.921875,3716.171875,3716.4140625,3716.65625,3716.890625,3717.125,3717.3515625,3717.578125,3717.796875,3718.0546875,3718.3046875,3718.5625,3718.8203125,3719.078125,3719.34375,3719.6171875,3719.890625,3720.1171875,3720.359375,3720.609375,3720.8671875,3721.3515625,3722.46875,3722.7578125,3723.015625,3723.28125,3723.5390625,3723.78125,3724.015625,3724.25,3724.484375,3724.7109375,3724.9296875,3725.1484375,3725.3671875,3725.578125,3725.7890625,3725.921875,3726.046875,3726.1796875,3726.3046875,3726.4296875,3726.5625,3726.6953125,3726.828125,3726.953125,3727.0859375,3727.21875,3727.3515625,3727.484375,3727.625,3727.7578125,3727.8984375,3728.140625,3728.3984375,3728.6640625,3728.9375,3729.1953125,3729.4765625,3730.484375,3730.890625,3731.109375,3731.3203125,3731.515625,3731.703125,3731.9296875,3732.1484375,3732.359375,3732.5703125,3732.78125,3732.984375,3733.1875,3733.390625,3733.5859375,3733.78125,3733.9765625,3734.1796875,3734.3828125,3734.5859375,3734.796875,3735.0078125,3735.203125,3735.3984375,3735.6015625,3735.8203125,3736.2421875,3737.0546875,3737.390625,3737.7421875,3738.0625,3738.25,3738.4296875,3738.609375,3738.78125,3738.953125,3739.125,3739.296875,3739.4609375,3739.625,3739.796875,3739.9609375,3740.1328125,3740.3046875,3740.4765625,3740.65625,3740.8359375,3741.1484375,3741.484375,3741.8046875,3742.5625,3742.9296875,3743.28125,3743.6015625,3743.7578125,3743.90625,3744.0546875,3744.1953125,3744.3359375,3744.4765625,3744.6171875,3744.75,3744.984375,3745.2109375,3745.4375,3745.6640625,3745.890625,3746.125,3746.359375,3746.59375,3746.8359375,3747.078125,3747.3359375,3747.6015625,3747.8671875,3748.1640625,3748.46875,3749.3359375,3749.609375,3749.859375,3750.1484375,3750.421875,3750.6796875,3750.9375,3751.25,3751.5546875,3751.859375,3752.1640625,3752.46875,3752.78125,3753.09375,3753.4140625,3753.6328125,3753.8515625,3754.0703125,3754.296875,3754.53125,3754.765625,3755.0,3755.2421875,3755.484375,3755.734375,3755.984375,3756.234375,3756.484375,3756.7265625,3756.9765625,3757.21875,3757.4375,3757.6484375,3757.859375,3758.078125,3758.2890625,3758.5078125,3758.7265625,3758.953125,3759.34375,3759.7578125,3760.15625,3761.0703125,3761.53125,3761.765625,3761.9921875,3762.203125,3762.40625,3762.65625,3762.8984375,3763.1328125,3763.359375,3763.5859375,3763.8046875,3764.03125,3764.25,3764.4140625,3764.5859375,3764.7578125,3764.9296875,3765.1015625,3765.28125,3765.4609375,3765.6484375,3765.8203125,3765.9921875,3766.1796875,3766.375,3766.7578125,3767.5,3767.8046875,3768.125,3768.421875,3768.59375,3768.7578125,3768.921875,3769.078125,3769.234375,3769.390625,3769.546875,3769.703125,3769.8515625,3770.0078125,3770.1640625,3770.3203125,3770.4765625,3770.640625,3770.8046875,3770.9765625,3771.265625,3771.578125,3771.875,3772.5859375,3772.9453125,3773.296875,3773.6171875,3773.78125,3773.9453125,3774.1015625,3774.2578125,3774.4140625,3774.5625,3774.71875,3774.8671875,3775.0078125,3775.1484375,3775.2890625,3775.4296875,3775.5703125,3775.71875,3776.015625,3776.28125,3776.5703125,3776.8515625,3777.5078125,3777.8515625,3778.03125,3778.1953125,3778.3515625,3778.5,3778.671875,3778.84375,3779.0078125,3779.1640625,3779.3203125,3779.4765625,3779.6328125,3779.78125,3779.890625,3780.0,3780.109375,3780.2109375,3780.3203125,3780.421875,3780.53125,3780.640625,3780.75,3780.859375,3780.96875,3781.078125,3781.1875,3781.3046875,3781.4140625,3781.53125,3781.71875,3781.9140625,3782.1171875,3782.3359375,3782.5234375,3782.734375,3783.4296875,3783.6875,3783.9375,3784.1640625,3784.3984375,3784.625,3784.8359375,3785.046875,3785.2578125,3785.4609375,3785.6640625,3785.859375,3786.0546875,3786.2578125,3786.453125,3786.65625,3786.7890625,3786.921875,3787.0546875,3787.1953125,3787.3359375,3787.4765625,3787.625,3787.7734375,3788.046875,3788.3515625,3788.65625,3789.5234375,3789.796875,3790.0390625,3790.3203125,3790.59375,3790.859375,3791.1171875,3791.3828125,3791.6484375,3791.921875,3792.2109375,3792.4609375,3792.734375,3793.0,3793.6328125,3793.9609375,3794.1328125,3794.2890625,3794.4375,3794.5859375,3794.7578125,3794.921875,3795.078125,3795.234375,3795.390625,3795.5390625,3795.6875,3795.8359375,3796.0078125,3796.1796875,3796.3515625,3796.53125,3796.703125,3796.8828125,3797.0625,3797.25,3797.40625,3797.5703125,3797.7421875,3797.921875,3798.2578125,3799.0546875,3799.2734375,3799.4765625,3799.6953125,3799.8984375,3800.09375,3800.28125,3800.390625,3800.5,3800.609375,3800.7109375,3800.8125,3800.9140625,3801.015625,3801.1171875,3801.21875,3801.3203125,3801.421875,3801.5234375,3801.625,3801.7265625,3801.8203125,3801.921875,3802.0703125,3802.2265625,3802.3828125,3802.5390625,3802.6953125,3802.859375,3803.0234375,3803.1953125,3803.3671875,3803.546875,3803.734375,3803.9375,3804.1328125,3804.34375,3805.171875,3805.359375,3805.53125,3805.7265625,3805.90625,3806.078125,3806.25,3806.453125,3806.65625,3806.8515625,3807.0390625,3807.234375,3807.421875,3807.609375,3807.796875,3807.984375,3808.171875,3808.359375,3808.546875,3808.7421875,3808.9453125,3809.1484375,3809.359375,3809.53125,3809.7109375,3809.8984375,3810.1015625,3810.4765625,3811.1640625,3811.4375,3811.71875,3811.9765625,3812.2578125,3812.5234375,3812.7890625,3813.046875,3813.296875,3813.5546875,3813.8125,3814.078125,3814.34375,3814.625,3814.9140625,3815.2265625,3815.5390625,3815.875,3816.2578125,3816.703125,3817.2734375,3817.796875,3818.2265625,3818.59375,3818.875,3819.1328125,3819.3828125,3819.6171875,3819.84375,3820.0703125,3820.2890625,3820.5,3820.6953125,3820.8828125,3821.0703125,3821.265625,3821.453125,3821.6484375,3821.84375,3822.046875,3822.21875,3822.390625,3822.7578125,3823.109375,3823.9140625,3824.3125,3824.515625,3824.703125,3824.8828125,3825.0546875,3825.25,3825.4375,3825.625,3825.8046875,3825.984375,3826.15625,3826.3359375,3826.5078125,3826.6953125,3826.8828125,3827.0703125,3827.265625,3827.4609375,3827.65625,3827.859375,3828.0625,3828.234375,3828.40625,3828.59375,3828.7890625,3829.1484375,3830.0,3830.21875,3830.421875,3830.6328125,3830.828125,3831.015625,3831.203125,3831.3828125,3831.5625,3831.7421875,3831.9140625,3832.0859375,3832.2578125,3832.4296875,3832.59375,3832.7734375,3832.9609375,3833.140625,3833.328125,3833.515625,3833.703125,3833.8984375,3834.1015625,3834.2890625,3834.484375,3834.6875,3834.8984375,3835.1015625,3835.328125,3836.203125,3836.5859375,3836.796875,3836.9921875,3837.1796875,3837.359375,3837.578125,3837.796875,3838.0078125,3838.21875,3838.4296875,3838.640625,3838.8515625,3839.0625,3839.25,3839.4375,3839.6328125,3839.828125,3840.03125,3840.25,3840.4765625,3840.7109375,3841.171875,3842.359375,3842.9921875,3843.625,3844.8984375,3845.1953125,3845.46875,3845.8125,3846.1328125,3846.4375,3846.734375,3847.0078125,3847.28125,3847.546875,3847.8125,3848.078125,3848.3515625,3848.625,3848.90625,3849.1484375,3849.3984375,3849.6640625,3849.9453125,3850.1953125,3850.46875,3851.5546875,3852.0546875,3852.59375,3853.1171875,3853.5625,3854.0546875,3855.7109375,3857.1640625,3857.609375,3857.984375,3858.3203125,3858.4765625,3858.6328125,3858.78125,3858.921875,3859.0625,3859.203125,3859.34375,3859.4765625,3859.609375,3859.734375,3859.875,3860.015625,3860.15625,3860.2890625,3860.4296875,3860.5625,3860.6953125,3860.828125,3860.9609375,3861.09375,3861.2265625,3861.359375,3861.4921875,3861.6328125,3861.765625,3861.90625,3862.015625,3862.1328125,3862.25,3862.3671875,3862.609375,3862.859375,3863.078125,3863.3203125,3863.5546875,3864.1015625,3864.3671875,3864.625,3864.859375,3864.9765625,3865.09375,3865.2109375,3865.3203125,3865.4296875,3865.53125,3865.640625,3865.7421875,3865.84375,3865.9453125,3866.046875,3866.1484375,3866.25,3866.3515625,3866.453125,3866.546875,3866.6484375,3866.7421875,3866.8359375,3866.9296875,3867.03125,3867.125,3867.21875,3867.3125,3867.40625,3867.5078125,3867.609375,3867.7109375,3867.8125,3867.9140625,3868.015625,3868.1171875,3868.21875,3868.328125,3868.4296875,3868.5390625,3868.6484375,3868.7578125,3868.8671875,3868.9765625,3869.1640625,3869.3515625,3869.546875,3869.7578125,3869.9453125,3870.1484375,3870.84375,3871.1015625,3871.359375,3871.59375,3871.71875,3871.84375,3871.9609375,3872.078125,3872.1953125,3872.3046875,3872.421875,3872.53125,3872.6484375,3872.7578125,3872.875,3872.984375,3873.1015625,3873.2109375,3873.3203125,3873.4296875,3873.5390625,3873.6484375,3873.7578125,3873.8671875,3873.9765625,3874.0859375,3874.1953125,3874.3125,3874.3984375,3874.4921875,3874.578125,3874.671875,3874.765625,3874.859375,3874.953125,3875.046875,3875.140625,3875.2421875,3875.3359375,3875.4375,3875.5390625,3875.640625,3875.8515625,3876.0234375,3876.203125,3876.390625,3876.59375,3876.7734375,3876.96875,3877.65625,3877.9296875,3878.21875,3878.4765625,3878.7578125,3879.0234375,3879.28125,3879.4140625,3879.5390625,3879.7890625,3880.0390625,3880.2890625,3880.5390625,3880.796875,3881.0625,3881.3359375,3881.6171875,3881.7890625,3881.9609375,3882.3359375,3882.75,3883.25,3884.640625,3886.1171875,3886.703125,3887.078125,3887.421875,3887.7578125,3888.078125,3888.453125,3888.8203125,3889.1953125,3889.5859375,3889.953125,3890.3515625,3891.96875,3892.359375,3892.7265625,3893.15625,3893.578125,3894.0078125,3894.46875,3895.28125,3896.421875,3897.3359375,3897.6796875,3897.984375,3898.2421875,3898.4765625,3898.703125,3898.9140625,3899.1171875,3899.3203125,3899.5078125,3899.6953125,3899.9921875,3900.140625,3900.28125,3900.421875,3900.5625,3900.703125,3900.84375,3900.984375,3901.1171875,3901.2578125,3901.390625,3901.5234375,3901.6640625,3901.796875,3901.9375,3902.1953125,3902.4609375,3902.734375,3903.015625,3903.2734375,3903.5625,3903.84375,3904.546875,3904.9375,3905.1484375,3905.34375,3905.53125,3905.7109375,3905.9296875,3906.140625,3906.34375,3906.546875,3906.75,3906.9453125,3907.140625,3907.3359375,3907.515625,3907.6953125,3907.875,3908.0625,3908.25,3908.4375,3908.625,3908.8203125,3909.0,3909.1875,3909.3828125,3909.5859375,3909.7734375,3909.984375,3910.7578125,3911.0703125,3911.3984375,3911.5546875,3911.703125,3911.8828125,3912.0546875,3912.21875,3912.3828125,3912.546875,3912.703125,3912.859375,3913.015625,3913.1875,3913.359375,3913.53125,3913.7109375,3913.890625,3914.0703125,3914.25,3914.4375,3914.625,3914.8203125,3915.0234375,3915.234375,3915.4375,3915.6640625,3916.515625,3916.8828125,3917.078125,3917.265625,3917.4453125,3917.6171875,3917.828125,3918.03125,3918.234375,3918.4296875,3918.625,3918.8203125,3919.0078125,3919.203125,3919.359375,3919.515625,3919.671875,3919.828125,3919.9921875,3920.15625,3920.3203125,3920.4921875,3920.6484375,3920.8125,3920.984375,3921.171875,3921.53125,3922.2421875,3922.546875,3922.859375,3923.1484375,3923.3203125,3923.484375,3923.6484375,3923.8046875,3923.9609375,3924.1171875,3924.2734375,3924.421875,3924.5859375,3924.7578125,3924.9296875,3925.1015625,3925.2734375,3925.453125,3925.6328125,3925.8125,3925.984375,3926.1640625,3926.3515625,3926.5546875,3926.953125,3927.7421875,3928.078125,3928.4375,3928.7578125,3928.9453125,3929.1328125,3929.3125,3929.4921875,3929.671875,3929.84375,3930.0234375,3930.1953125,3930.3671875,3930.546875,3930.71875,3930.8984375,3931.078125,3931.2578125,3931.4453125,3931.640625,3931.96875,3932.3359375,3932.6796875,3933.5078125,3933.9375,3934.15625,3934.359375,3934.5546875,3934.75,3934.953125,3935.1484375,3935.34375,3935.53125,3935.71875,3935.90625,3936.09375,3936.2734375,3936.515625,3936.7578125,3937.0,3937.2421875,3937.484375,3937.734375,3937.984375,3938.234375,3938.5,3938.78125,3939.0703125,3939.375,3939.671875,3939.9921875,3940.3203125,3941.1875,3941.4453125,3941.6796875,3941.953125,3942.203125,3942.4453125,3942.671875,3942.953125,3943.2265625,3943.4921875,3943.75,3943.8828125,3944.0078125,3944.2578125,3944.390625,3944.515625,3944.765625,3944.9375,3945.1171875,3945.296875,3945.4765625,3945.65625,3945.84375,3946.03125,3946.2265625,3946.4140625,3946.6015625,3946.8046875,3947.015625,3947.4296875,3948.234375,3948.5625,3948.9140625,3949.2265625,3949.4140625,3949.59375,3949.765625,3949.9375,3950.109375,3950.2734375,3950.4453125,3950.609375,3950.78125,3950.953125,3951.125,3951.3046875,3951.4765625,3951.65625,3951.8359375,3952.0234375,3952.1796875,3952.34375,3952.6875,3953.015625,3953.8046875,3954.0078125,3954.1953125,3954.390625,3954.578125,3954.7578125,3954.9296875,3955.125,3955.3125,3955.4921875,3955.671875,3955.8515625,3956.0234375,3956.1953125,3956.3671875,3956.5625,3956.75,3956.9375,3957.1328125,3957.328125,3957.5234375,3957.7265625,3957.9296875,3958.1015625,3958.28125,3958.46875,3958.6640625,3958.8359375,3959.0234375,3959.65625,3959.890625,3960.1171875,3960.328125,3960.5546875,3960.765625,3960.96875,3961.1640625,3961.2734375,3961.3828125,3961.4921875,3961.59375,3961.6953125,3961.796875,3961.8984375,3962.0,3962.1015625,3962.203125,3962.3046875,3962.3984375,3962.5,3962.59375,3962.6953125,3962.7890625,3962.8828125,3962.984375,3963.0859375,3963.1875,3963.2890625,3963.390625,3963.4921875,3963.59375,3963.6953125,3963.8046875,3963.90625,3964.015625,3964.125,3964.234375,3964.34375,3964.453125,3964.6484375,3964.84375,3965.0546875,3965.2734375,3965.4765625,3965.6953125,3966.5078125,3966.84375,3967.0234375,3967.1953125,3967.359375,3967.515625,3967.703125,3967.8828125,3968.0625,3968.234375,3968.40625,3968.578125,3968.75,3968.921875,3969.078125,3969.234375,3969.390625,3969.5546875,3969.71875,3969.8828125,3970.0546875,3970.2265625,3970.3828125,3970.546875,3970.71875,3970.90625,3971.265625,3971.984375,3972.28125,3972.6015625,3972.890625,3973.0625,3973.2265625,3973.390625,3973.5546875,3973.7109375,3973.8671875,3974.0234375,3974.1796875,3974.328125,3974.484375,3974.640625,3974.796875,3974.953125,3975.1171875,3975.28125,3975.453125,3975.7421875,3976.0625,3976.3671875,3977.0859375,3977.4609375,3977.65625,3977.8359375,3978.0078125,3978.171875,3978.3515625,3978.5234375,3978.6953125,3978.859375,3979.0234375,3979.1875,3979.3515625,3979.5078125,3979.703125,3979.890625,3980.0859375,3980.28125,3980.4765625,3980.671875,3980.875,3981.078125,3981.2890625,3981.5,3981.7265625,3981.9609375,3982.1875,3982.4375,3983.4140625,3983.828125,3984.0546875,3984.2734375,3984.4765625,3984.6796875,3984.921875,3985.15625,3985.3828125,3985.609375,3985.8359375,3986.0546875,3986.28125,3986.5,3986.71875,3986.9453125,3987.171875,3987.3984375,3987.625,3987.859375,3988.1015625,3988.3515625,3988.5546875,3988.7734375,3989.0,3989.2421875,3989.6875,3990.7578125,3991.0390625,3991.296875,3991.5703125,3991.828125,3992.078125,3992.3125,3992.5625,3992.8125,3993.0546875,3993.2890625,3993.5234375,3993.7578125,3993.9921875,3994.21875,3994.421875,3994.625,3994.828125,3995.0390625,3995.2421875,3995.453125,3995.671875,3995.890625,3996.0859375,3996.2890625,3996.5,3996.71875,3996.921875,3997.1484375,3997.9140625,3998.21875,3998.5234375,3998.8046875,3998.96875,3999.125,3999.2734375,3999.421875,3999.5703125,3999.7109375,3999.8515625,3999.9921875,4000.0,4000.0078125,4250.0
0.0,0.0,0.020437,0.020477,0.020504,0.020523,0.020533,0.020533,0.020524,0.020506,0.020477,0.020439,0.020391,0.020333,0.020266,0.020189,0.020103,0.020007,0.019902,0.019781,0.019649,0.019508,0.019358,0.0192,0.019022,0.018836,0.01863,0.018231,0.017759,0.017267,0.015926,0.015546,0.015217,0.014855,0.014528,0.014248,0.014002,0.013865,0.013746,0.013629,0.013531,0.013444,0.013367,0.013302,0.013249,0.013208,0.013181,0.013163,0.013158,0.013165,0.013183,0.013211,0.013255,0.013306,0.013369,0.013443,0.013528,0.013623,0.013729,0.013846,0.013972,0.014109,0.014266,0.014422,0.0146,0.014787,0.014985,0.015191,0.015421,0.015815,0.016247,0.016717,0.017242,0.01773,0.018284,0.020361,0.021198,0.021634,0.022026,0.022409,0.022765,0.023161,0.023542,0.023908,0.024245,0.024566,0.024858,0.025149,0.025412,0.025692,0.025954,0.026196,0.026428,0.026632,0.026825,0.026999,0.027154,0.027291,0.027414,0.02752,0.02761,0.027683,0.027737,0.027774,0.027794,0.027796,0.027781,0.027749,0.027699,0.027633,0.027549,0.027446,0.02733,0.027195,0.027048,0.026884,0.026701,0.026499,0.026279,0.02604,0.025791,0.025547,0.025276,0.025001,0.024698,0.02438,0.024046,0.023684,0.023307,0.022964,0.022595,0.022217,0.021796,0.020986,0.018952,0.018405,0.017921,0.017391,0.016932,0.016512,0.016133,0.015904,0.015699,0.015506,0.015335,0.015175,0.015027,0.014891,0.014766,0.014654,0.014554,0.014467,0.014398,0.014335,0.014289,0.014253,0.014228,0.014214,0.014219,0.014244,0.014289,0.014355,0.014439,0.014545,0.014671,0.014819,0.014985,0.015173,0.015393,0.015617,0.01587,0.016904,0.017327,0.017549,0.017744,0.017918,0.01808,0.018254,0.018401,0.018528,0.018629,0.018709,0.018766,0.018802,0.018816,0.018807,0.018774,0.018718,0.018639,0.018534,0.018407,0.018254,0.018073,0.01791,0.017735,0.017534,0.017305,0.016868,0.015727,0.015418,0.015139,0.01486,0.014615,0.014397,0.014197,0.014024,0.013874,0.013742,0.013625,0.013525,0.01344,0.01337,0.013314,0.013276,0.013247,0.013227,0.013215,0.013209,0.013213,0.013202,0.013208,0.013227,0.013262,0.013313,0.01338,0.013467,0.013574,0.013705,0.013831,0.013978,0.014471,0.014631,0.014773,0.014887,0.014982,0.015057,0.015112,0.015148,0.015163,0.015163,0.015146,0.015112,0.015071,0.015017,0.014753,0.014703,0.01467,0.014655,0.014661,0.014689,0.014739,0.01478,0.014829,0.014888,0.014956,0.015034,0.015117,0.015208,0.015309,0.015419,0.015538,0.015666,0.015812,0.015959,0.016124,0.016289,0.016474,0.016797,0.017143,0.017537,0.017966,0.018354,0.018798,0.020271,0.020781,0.021261,0.021679,0.022089,0.022447,0.022765,0.023045,0.023179,0.023295,0.023506,0.0236,0.023685,0.023763,0.023833,0.023894,0.023947,0.023991,0.024025,0.024051,0.024071,0.024082,0.024086,0.024077,0.024048,0.024004,0.023939,0.023857,0.023757,0.023636,0.023499,0.023346,0.02318,0.022985,0.022768,0.022549,0.022303,0.021334,0.020928,0.020719,0.020529,0.020356,0.020201,0.020027,0.019869,0.019734,0.019621,0.019524,0.019444,0.019381,0.019336,0.019305,0.019299,0.019319,0.019365,0.019437,0.019533,0.019657,0.01981,0.019952,0.020115,0.020298,0.0205,0.020899,0.021912,0.022176,0.022403,0.022622,0.02281,0.022973,0.023118,0.023234,0.023332,0.023407,0.023465,0.023505,0.023526,0.023529,0.023513,0.023479,0.023426,0.023355,0.023263,0.02315,0.023019,0.022867,0.022694,0.022546,0.022377,0.021993,0.021595,0.020441,0.020086,0.019767,0.019436,0.019131,0.018845,0.018579,0.018328,0.018096,0.017878,0.017676,0.017492,0.017332,0.017191,0.017074,0.016993,0.016927,0.016878,0.016844,0.016827,0.016825,0.016839,0.016868,0.016908,0.016959,0.017022,0.017101,0.017267,0.017594,0.017712,0.017819,0.017901,0.017972,0.018013,0.018024,0.018005,0.017982,0.017953,0.017913,0.017865,0.017808,0.017743,0.017667,0.017582,0.017419,0.017224,0.017024,0.016547,0.016319,0.016122,0.01597,0.015902,0.015847,0.015801,0.015767,0.015742,0.015727,0.015722,0.015727,0.015743,0.015771,0.015807,0.015857,0.015917,0.015992,0.016077,0.016172,0.016357,0.016587,0.016824,0.017386,0.017652,0.017774,0.017878,0.017974,0.018055,0.018131,0.018191,0.018241,0.018276,0.0183,0.018312,0.018312,0.0183,0.01827,0.018222,0.018157,0.018076,0.017977,0.017857,0.017721,0.017562,0.017417,0.017263,0.017091,0.016894,0.016514,0.015626,0.01541,0.01522,0.015039,0.014877,0.014734,0.014611,0.014499,0.014407,0.014328,0.014266,0.014218,0.014184,0.014164,0.01416,0.014169,0.01419,0.014224,0.014267,0.014326,0.014393,0.014471,0.014567,0.014669,0.01479,0.014915,0.015061,0.015219,0.015389,0.015571,0.015765,0.015955,0.01617,0.016379,0.016613,0.016856,0.017108,0.017385,0.01767,0.018224,0.018858,0.019529,0.021327,0.021855,0.022333,0.02285,0.023311,0.023734,0.024133,0.024361,0.024565,0.024774,0.02496,0.025137,0.025304,0.025462,0.02561,0.025748,0.025876,0.025994,0.026095,0.026194,0.026283,0.026362,0.026431,0.02651,0.026571,0.026616,0.026645,0.026658,0.026655,0.026635,0.026599,0.026555,0.026498,0.026428,0.02634,0.026145,0.025722,0.02555,0.025388,0.025263,0.025205,0.025158,0.025121,0.025098,0.025085,0.025084,0.025094,0.025117,0.025147,0.025186,0.025235,0.025296,0.025366,0.025446,0.025535,0.025637,0.025859,0.026125,0.026427,0.027041,0.027299,0.027557,0.027773,0.027999,0.028098,0.028185,0.028263,0.028333,0.028396,0.028447,0.028492,0.028531,0.028561,0.028582,0.028593,0.028597,0.028591,0.028577,0.028531,0.028454,0.028359,0.028071,0.027995,0.02794,0.027896,0.027877,0.027884,0.027916,0.027974,0.028058,0.02817,0.028312,0.02845,0.028619,0.029181,0.029366,0.029528,0.02966,0.029766,0.029846,0.029903,0.029938,0.029951,0.029945,0.029922,0.029882,0.029824,0.029746,0.029651,0.029538,0.029403,0.029252,0.029073,0.028873,0.028667,0.028435,0.027522,0.027154,0.026962,0.026795,0.026644,0.026511,0.026364,0.026241,0.026138,0.026057,0.025996,0.025955,0.025935,0.025936,0.025956,0.025997,0.026056,0.026136,0.026235,0.026356,0.026496,0.026657,0.026809,0.026971,0.027157,0.027359,0.027761,0.028844,0.02914,0.029399,0.029668,0.029903,0.030102,0.030278,0.030441,0.030511,0.030573,0.030628,0.030674,0.030712,0.030742,0.030765,0.030779,0.030786,0.030785,0.03076,0.030704,0.030633,0.03054,0.030423,0.030286,0.030126,0.029937,0.029725,0.029489,0.029276,0.02904,0.028786,0.028502,0.027955,0.026681,0.026372,0.026101,0.025827,0.025588,0.025375,0.025183,0.024999,0.024844,0.024709,0.024599,0.024511,0.024447,0.024406,0.024388,0.024393,0.02442,0.024468,0.024542,0.024637,0.024759,0.024902,0.025071,0.025225,0.025403,0.0256,0.025815,0.026243,0.02733,0.027612,0.027859,0.028103,0.02832,0.02851,0.028666,0.02881,0.028922,0.029006,0.029059,0.029084,0.02908,0.029048,0.028986,0.028941,0.028888,0.028827,0.028758,0.028681,0.028593,0.028496,0.028392,0.02828,0.028155,0.027889,0.027579,0.027241,0.027034,0.026817,0.026592,0.02635,0.0261,0.025842,0.025567,0.025274,0.024719,0.024088,0.023461,0.021986,0.021597,0.021259,0.02089,0.020556,0.020257,0.019985,0.019823,0.019669,0.019531,0.019402,0.019282,0.019177,0.019082,0.019,0.018923,0.01886,0.018806,0.018761,0.018727,0.018702,0.018688,0.018684,0.018689,0.018704,0.018728,0.01876,0.018803,0.018852,0.018914,0.018985,0.01906,0.01915,0.01925,0.019359,0.019477,0.019604,0.01974,0.019884,0.020037,0.020209,0.020378,0.020567,0.020764,0.020981,0.021438,0.021908,0.022442,0.023008,0.024513,0.024953,0.025351,0.025777,0.026169,0.026513,0.026835,0.027013,0.027183,0.027342,0.027483,0.027623,0.027744,0.027856,0.027958,0.02805,0.028132,0.028203,0.028265,0.028316,0.028357,0.028388,0.028409,0.02842,0.028418,0.028402,0.028371,0.028326,0.028267,0.028196,0.028108,0.028002,0.027884,0.027749,0.02759,0.027428,0.027236,0.026472,0.02616,0.025999,0.025854,0.02573,0.025615,0.025491,0.025383,0.025296,0.025228,0.025177,0.025142,0.025125,0.025125,0.025141,0.025174,0.025225,0.025292,0.025376,0.025479,0.025604,0.025744,0.025872,0.026015,0.026175,0.026351,0.026698,0.027556,0.027779,0.027978,0.028172,0.028344,0.028489,0.028619,0.028737,0.028835,0.02891,0.028966,0.029001,0.029016,0.029011,0.028985,0.028951,0.028901,0.028841,0.028766,0.028678,0.028578,0.028462,0.028329,0.028081,0.027778,0.027472,0.026711,0.026336,0.026157,0.025996,0.025859,0.025734,0.025616,0.025518,0.025434,0.025366,0.025313,0.025278,0.025258,0.025253,0.025266,0.025294,0.025339,0.025403,0.025484,0.025581,0.025697,0.025829,0.025948,0.026083,0.026234,0.026406,0.02674,0.027565,0.027783,0.02797,0.028159,0.028321,0.028463,0.02859,0.028704,0.028795,0.028867,0.02892,0.028953,0.028965,0.028958,0.028931,0.028899,0.028857,0.028804,0.028739,0.028663,0.028578,0.028478,0.028368,0.02825,0.028117,0.027815,0.027467,0.026747,0.026445,0.026144,0.025886,0.025746,0.025622,0.025507,0.025407,0.025318,0.025239,0.02517,0.025115,0.025069,0.025032,0.025005,0.024988,0.024981,0.024983,0.024995,0.025018,0.025075,0.025159,0.025257,0.025503,0.025615,0.025661,0.025697,0.025721,0.025737,0.025742,0.025737,0.025721,0.025692,0.025652,0.025601,0.025536,0.025462,0.025384,0.025297,0.025201,0.02509,0.02497,0.02484,0.024701,0.024547,0.024256,0.023919,0.023584,0.022763,0.022349,0.022145,0.021967,0.021807,0.021666,0.021519,0.02139,0.021284,0.0212,0.021134,0.021088,0.021062,0.021056,0.021064,0.021083,0.021111,0.02115,0.021199,0.021259,0.02133,0.021411,0.021502,0.021604,0.021716,0.021839,0.021971,0.022123,0.022275,0.022447,0.022618,0.02281,0.023012,0.023222,0.023441,0.023682,0.023932,0.024204,0.024724,0.025331,0.025956,0.027684,0.028202,0.028642,0.029129,0.029578,0.029988,0.030346,0.030559,0.030749,0.030929,0.031099,0.031259,0.031408,0.031545,0.031664,0.031779,0.031877,0.031969,0.032045,0.03211,0.032165,0.032209,0.032244,0.032265,0.032278,0.032281,0.032274,0.032259,0.032234,0.032201,0.032158,0.032104,0.032042,0.031972,0.031893,0.031806,0.031705,0.031596,0.031478,0.031264,0.031022,0.030753,0.030438,0.030149,0.029809,0.02847,0.027902,0.027602,0.027332,0.027081,0.02685,0.026585,0.026344,0.026117,0.025913,0.025716,0.025535,0.025368,0.025211,0.025072,0.024947,0.024829,0.024716,0.024611,0.024514,0.024419,0.024326,0.024109,0.023645,0.023505,0.023423,0.023362,0.023318,0.023292,0.023282,0.0233,0.023345,0.023417,0.023519,0.023648,0.02381,0.024001,0.024182,0.024388,0.024617,0.024881,0.025126,0.025402,0.026419,0.026812,0.027199,0.027527,0.027703,0.027864,0.028014,0.028149,0.028273,0.028391,0.028495,0.028593,0.028707,0.02881,0.028897,0.028974,0.029029,0.02908,0.029232,0.029301,0.029384,0.02948,0.02957,0.029675,0.030113,0.030193,0.030258,0.030321,0.030358,0.030372,0.030362,0.030342,0.030311,0.030269,0.030216,0.030152,0.030077,0.029989,0.029893,0.029786,0.029662,0.029525,0.029377,0.029216,0.029044,0.02886,0.028657,0.028307,0.027912,0.027479,0.02699,0.026546,0.026044,0.024306,0.023659,0.023045,0.022501,0.022226,0.021971,0.021734,0.021507,0.021291,0.021093,0.020905,0.020736,0.02057,0.020421,0.020282,0.020155,0.020038,0.019932,0.019836,0.019752,0.019678,0.019616,0.019563,0.01952,0.019489,0.019468,0.019457,0.019456,0.01947,0.019499,0.019545,0.019606,0.019683,0.019779,0.019891,0.020022,0.020172,0.020347,0.021217,0.021437,0.021638,0.021827,0.022016,0.022685,0.022839,0.02299,0.023193,0.023408,0.023632,0.023878,0.024096,0.024326,0.024576,0.024846,0.025127,0.025437,0.025767,0.026128,0.026449,0.026782,0.027153,0.027548,0.028314,0.030126,0.030585,0.030992,0.031418,0.031787,0.032122,0.032422,0.032589,0.032747,0.032894,0.033023,0.033141,0.03325,0.033348,0.03343,0.033507,0.033569,0.033624,0.033666,0.033697,0.033719,0.03373,0.03373,0.033712,0.033675,0.033615,0.033535,0.033435,0.033311,0.033169,0.033004,0.032843,0.032671,0.032481,0.032264,0.031833,0.030982,0.030632,0.030288,0.029996,0.029689,0.02955,0.029419,0.029297,0.029189,0.029089,0.028996,0.028844,0.028715,0.028613,0.028533,0.028484,0.028447,0.02838,0.028345,0.028286,0.028206,0.028148,0.028079,0.028001,0.027913,0.027811,0.027703,0.027582,0.02745,0.027282,0.027106,0.026914,0.026698,0.026466,0.026219,0.025946,0.025657,0.025394,0.025121,0.024826,0.02451,0.023885,0.02238,0.021985,0.021642,0.021284,0.020954,0.020666,0.020394,0.020111,0.019864,0.01965,0.019462,0.019301,0.019172,0.019065,0.01899,0.018944,0.01892,0.018919,0.018943,0.018988,0.019059,0.019153,0.019267,0.019395,0.019546,0.019719,0.019915,0.020116,0.020343,0.021239,0.021604,0.021789,0.021957,0.022107,0.02224,0.022386,0.022515,0.022621,0.022705,0.022773,0.022823,0.022855,0.022868,0.022864,0.022842,0.022802,0.022744,0.022669,0.022574,0.022463,0.02233,0.022208,0.022077,0.021923,0.021753,0.021416,0.020579,0.020361,0.020177,0.01999,0.019831,0.019693,0.019571,0.019463,0.019378,0.019314,0.01927,0.019248,0.019247,0.019267,0.019306,0.019354,0.019419,0.019499,0.019592,0.019699,0.019824,0.019963,0.020121,0.020412,0.020766,0.021123,0.022025,0.022262,0.022463,0.02268,0.022868,0.023035,0.023181,0.023323,0.023448,0.023548,0.023628,0.023688,0.023726,0.023745,0.023743,0.023717,0.023663,0.023581,0.023473,0.023338,0.023173,0.022974,0.022752,0.022543,0.02232,0.022073,0.021794,0.02125,0.020233,0.019855,0.019477,0.019158,0.018827,0.01854,0.018285,0.018063,0.017862,0.01769,0.017614,0.017549,0.017443,0.017366,0.017338,0.017317,0.017298,0.017301,0.017311,0.01734,0.017385,0.017449,0.017529,0.017627,0.017745,0.017876,0.018032,0.018317,0.018661,0.019026,0.020148,0.020492,0.020796,0.02112,0.021415,0.021681,0.021914,0.022134,0.022322,0.022473,0.022536,0.022592,0.022637,0.022674,0.022703,0.022723,0.022735,0.022737,0.022731,0.022717,0.022668,0.022631,0.022587,0.022535,0.022477,0.022408,0.022335,0.022253,0.022164,0.022066,0.02196,0.021846,0.021724,0.021594,0.021447,0.021301,0.021138,0.020966,0.020786,0.020598,0.020393,0.019959,0.019521,0.019016,0.018506,0.017179,0.01681,0.016486,0.016116,0.015797,0.015507,0.015256,0.015103,0.014966,0.014838,0.014718,0.014607,0.014512,0.014425,0.014347,0.014278,0.014219,0.014168,0.01413,0.014098,0.014077,0.014064,0.014061,0.014069,0.014087,0.014117,0.014161,0.014214,0.014278,0.014353,0.014444,0.014541,0.014655,0.014781,0.014917,0.015064,0.01523,0.015407,0.015595,0.015916,0.016272,0.016662,0.017111,0.017521,0.017985,0.019711,0.020418,0.021115,0.021432,0.021741,0.022077,0.022389,0.022689,0.022967,0.023243,0.023498,0.02374,0.023981,0.024209,0.024426,0.024639,0.024841,0.025038,0.025224,0.025406,0.025577,0.025743,0.025904,0.026054,0.026199,0.026334,0.026454,0.026564,0.026664,0.026744,0.026815,0.026874,0.026921,0.026957,0.026982,0.026997,0.027001,0.026994,0.026976,0.026948,0.026908,0.026858,0.026795,0.026721,0.026639,0.026555,0.026457,0.026355,0.026238,0.026112,0.025977,0.025827,0.025668,0.025368,0.025013,0.024659,0.023766,0.023526,0.023311,0.023089,0.022889,0.022717,0.022566,0.022404,0.022267,0.022161,0.022083,0.022032,0.022008,0.022011,0.022042,0.022083,0.022139,0.022211,0.022302,0.022403,0.022524,0.02266,0.022817,0.022988,0.023171,0.023374,0.023598,0.023821,0.024081,0.025062,0.025465,0.025875,0.026045,0.026207,0.026391,0.026554,0.026703,0.026831,0.026944,0.027038,0.027121,0.027185,0.027236,0.027273,0.027294,0.0273,0.027291,0.027266,0.027226,0.02717,0.027113,0.027044,0.026967,0.026874,0.026689,0.026228,0.026114,0.026016,0.025925,0.02585,0.02579,0.025747,0.025717,0.025704,0.025707,0.025728,0.025766,0.02582,0.025894,0.025983,0.026077,0.026192,0.026322,0.026466,0.026625,0.026806,0.027002,0.027211,0.027398,0.027604,0.027831,0.028077,0.028549,0.029712,0.030016,0.030285,0.030567,0.03081,0.031027,0.031227,0.031433,0.031604,0.031743,0.031855,0.031939,0.031992,0.032017,0.032015,0.032,0.031976,0.031943,0.031901,0.031849,0.031788,0.031717,0.03163,0.031541,0.031442,0.031335,0.03121,0.031074,0.03093,0.030776,0.030614,0.030321,0.030006,0.029642,0.029241,0.028875,0.028464,0.027095,0.026592,0.026122,0.02572,0.025324,0.02497,0.024658,0.024388,0.024259,0.024148,0.024045,0.023951,0.023864,0.023785,0.023715,0.023654,0.023601,0.023558,0.023523,0.0235,0.023483,0.023475,0.023476,0.023485,0.023503,0.023531,0.023569,0.02362,0.023676,0.023748,0.023823,0.023915,0.024009,0.02412,0.024241,0.024372,0.024512,0.02466,0.024817,0.024996,0.025305,0.025634,0.025999,0.026417,0.026796,0.027222,0.028665,0.02919,0.029681,0.030119,0.03055,0.030938,0.031267,0.031568,0.031826,0.031943,0.032053,0.032239,0.032324,0.032393,0.032462,0.032516,0.032602,0.032636,0.032659,0.032675,0.032682,0.032676,0.032639,0.032573,0.032476,0.032352,0.032191,0.032001,0.031784,0.03153,0.031237,0.030904,0.030533,0.030141,0.0297,0.029228,0.027929,0.02753,0.02719,0.026816,0.026475,0.026169,0.025897,0.025739,0.025589,0.025449,0.025328,0.025215,0.02511,0.025015,0.024928,0.024851,0.024782,0.024723,0.024677,0.024637,0.024605,0.024585,0.024572,0.024571,0.024593,0.024638,0.024706,0.024801,0.024919,0.025059,0.025227,0.025417,0.025635,0.025872,0.026149,0.026429,0.026758,0.028049,0.028584,0.028862,0.029104,0.029332,0.029536,0.029759,0.029958,0.030125,0.030261,0.030372,0.030458,0.03052,0.030555,0.030565,0.030549,0.030509,0.030441,0.030347,0.030229,0.030082,0.029905,0.02973,0.02954,0.029327,0.029081,0.028843,0.028577,0.027543,0.027113,0.026686,0.026504,0.026329,0.026138,0.025959,0.025793,0.025648,0.025516,0.025397,0.025291,0.025199,0.025134,0.025074,0.025023,0.024981,0.024948,0.024921,0.024903,0.024891,0.024889,0.024908,0.024942,0.025056,0.02508,0.025093,0.025093,0.025077,0.025044,0.024993,0.024927,0.024841,0.024736,0.02461,0.024488,0.024348,0.023855,0.023684,0.023526,0.023401,0.023287,0.023204,0.023149,0.023122,0.02312,0.023128,0.023147,0.023178,0.023218,0.02327,0.023333,0.023409,0.023492,0.023588,0.023692,0.023813,0.024071,0.024595,0.024809,0.025014,0.025183,0.02527,0.025349,0.025414,0.025467,0.025511,0.025545,0.025569,0.025583,0.025586,0.025579,0.025562,0.025533,0.025494,0.025444,0.025381,0.025308,0.025162,0.024975,0.02478,0.024304,0.024081,0.023979,0.023893,0.023818,0.023757,0.023702,0.023663,0.023639,0.02363,0.023636,0.023656,0.023692,0.023741,0.023808,0.023895,0.024,0.024121,0.024259,0.024421,0.024599,0.024793,0.024971,0.025169,0.025377,0.025614,0.026065,0.027175,0.027466,0.027713,0.027978,0.028206,0.028408,0.028582,0.028757,0.028899,0.029014,0.029096,0.02915,0.029175,0.029172,0.029141,0.029112,0.029075,0.029029,0.02897,0.028908,0.028837,0.028758,0.028664,0.028568,0.028457,0.028346,0.028217,0.028081,0.027937,0.027785,0.027613,0.027327,0.027009,0.02666,0.026279,0.025932,0.025529,0.024157,0.023651,0.02316,0.022719,0.022286,0.021909,0.021573,0.02141,0.021266,0.02112,0.020983,0.020855,0.020745,0.020635,0.020543,0.020458,0.020383,0.020316,0.020258,0.020209,0.020165,0.020134,0.020111,0.020096,0.02009,0.020097,0.020121,0.02016,0.020219,0.020293,0.020388,0.020498,0.020628,0.020744,0.020875,0.021184,0.021499,0.02231,0.022526,0.022711,0.0229,0.023063,0.023207,0.023339,0.023452,0.023551,0.023637,0.023705,0.02376,0.023802,0.023831,0.023846,0.023849,0.02384,0.023821,0.023789,0.023746,0.023693,0.023627,0.023548,0.02339,0.02319,0.022963,0.022461,0.022239,0.022021,0.021832,0.021636,0.021466,0.021322,0.021198,0.021123,0.021053,0.02099,0.020931,0.020868,0.020811,0.020766,0.020735,0.020721,0.020716,0.02072,0.020734,0.020758,0.020791,0.020835,0.020889,0.020973,0.021078,0.0212,0.021345,0.021512,0.021695,0.0219,0.022133,0.022345,0.02257,0.022827,0.023106,0.023645,0.024865,0.025149,0.025402,0.025634,0.025843,0.02603,0.026193,0.02634,0.026464,0.02657,0.026659,0.026725,0.026773,0.026802,0.026811,0.026808,0.026795,0.026775,0.026748,0.026714,0.026669,0.026615,0.026553,0.026483,0.026404,0.026318,0.026223,0.026121,0.026003,0.025751,0.025514,0.025258,0.024973,0.024647,0.024359,0.024021,0.022898,0.022502,0.022131,0.021803,0.021494,0.021218,0.020978,0.020772,0.020593,0.020442,0.020326,0.020239,0.020208,0.020184,0.02016,0.02016,0.020167,0.020205,0.020244,0.02029,0.020346,0.020418,0.020494,0.020588,0.020694,0.02081,0.020938,0.021076,0.021225,0.021384,0.021554,0.021746,0.021935,0.022148,0.022519,0.022931,0.023385,0.023878,0.02433,0.024854,0.026607,0.027279,0.027911,0.02846,0.028751,0.029016,0.029272,0.029517,0.029737,0.029947,0.030148,0.030337,0.030528,0.030695,0.03086,0.031003,0.031133,0.03125,0.031355,0.031448,0.031527,0.031594,0.031648,0.031689,0.031718,0.031734,0.031737,0.031728,0.031693,0.031631,0.031539,0.03142,0.031277,0.031103,0.030896,0.030667,0.03045,0.030218,0.029963,0.029673,0.029089,0.027909,0.027406,0.026897,0.026461,0.026215,0.025989,0.025773,0.025576,0.02538,0.025203,0.025028,0.024862,0.024635,0.024422,0.024222,0.024024,0.023867,0.023706,0.023165,0.022928,0.022661,0.022377,0.022078,0.021735,0.021399,0.020608,0.02024,0.020063,0.019905,0.019766,0.019651,0.019574,0.019509,0.019453,0.019405,0.019366,0.019338,0.019318,0.019307,0.019306,0.019314,0.019332,0.019358,0.019394,0.019439,0.019492,0.019559,0.019694,0.019862,0.020062,0.020302,0.02054,0.02081,0.021092,0.021812,0.02219,0.022383,0.02255,0.022698,0.022827,0.022966,0.023084,0.023178,0.023247,0.023295,0.023322,0.023326,0.023308,0.023267,0.023204,0.023117,0.023002,0.022864,0.022703,0.022512,0.022299,0.022106,0.02189,0.021651,0.021388,0.020872,0.019644,0.019345,0.019081,0.01883,0.018604,0.018404,0.018221,0.018065,0.017928,0.017816,0.017723,0.017651,0.017602,0.017573,0.017564,0.017572,0.017592,0.017626,0.017668,0.017726,0.017792,0.017876,0.017973,0.018082,0.018205,0.01834,0.018488,0.018648,0.01882,0.019003,0.019213,0.01942,0.019653,0.019898,0.020154,0.02042,0.020715,0.02102,0.021335,0.021658,0.021989,0.022736,0.023527,0.025089,0.025731,0.026382,0.026974,0.027624,0.027917,0.028203,0.028461,0.028712,0.028955,0.029189,0.029461,0.029704,0.029949,0.030165,0.030381,0.030569,0.030744,0.030904,0.03105,0.031182,0.0313,0.031404,0.031493,0.031569,0.031631,0.031681,0.031725,0.031746,0.031741,0.031711,0.031657,0.031576,0.031474,0.031341,0.031224,0.031083,0.030924,0.030748,0.030396,0.029682,0.029383,0.029097,0.028841,0.02858,0.028356,0.028157,0.027983,0.027862,0.027753,0.027652,0.027562,0.027495,0.027427,0.02723,0.027152,0.027062,0.026966,0.02685,0.026718,0.026569,0.026403,0.026178,0.025924,0.025635,0.025312,0.024979,0.024596,0.024205,0.02316,0.022858,0.022591,0.022305,0.02205,0.021821,0.021623,0.021509,0.021403,0.021305,0.02122,0.021143,0.021073,0.021012,0.020959,0.020915,0.020878,0.020851,0.020831,0.02082,0.020817,0.020822,0.020835,0.020859,0.020891,0.020932,0.020985,0.021045,0.021114,0.021195,0.021286,0.021473,0.021704,0.021957,0.022687,0.022903,0.023088,0.023282,0.02345,0.023587,0.023702,0.02379,0.023858,0.023905,0.023931,0.023938,0.023933,0.023877,0.023865,0.023869,0.023894,0.023947,0.023984,0.024028,0.024081,0.02414,0.024207,0.024282,0.024365,0.024461,0.024565,0.024679,0.024801,0.024937,0.025081,0.025239,0.025522,0.025859,0.026196,0.027028,0.027454,0.027663,0.027849,0.028019,0.028178,0.028342,0.02849,0.028617,0.028729,0.028822,0.028903,0.028967,0.029016,0.029056,0.029075,0.029074,0.029051,0.029018,0.02897,0.02876,0.028683,0.028625,0.028596,0.028594,0.028616,0.028655,0.028769,0.028791,0.028804,0.028808,0.028798,0.028775,0.028738,0.028662,0.028613,0.028556,0.028419,0.028249,0.028075,0.027868,0.027657,0.027161,0.026924,0.026813,0.026716,0.026632,0.026562,0.026492,0.026442,0.02641,0.026397,0.026402,0.026426,0.02647,0.026531,0.026589,0.026653,0.026733,0.026818,0.02692,0.027026,0.027142,0.027269,0.027405,0.027562,0.02772,0.027899,0.028076,0.028277,0.028488,0.028709,0.029098,0.02953,0.030004,0.030519,0.030995,0.031523,0.033264,0.033877,0.034454,0.034954,0.035447,0.035878,0.036262,0.036449,0.036614,0.036771,0.036919,0.037059,0.037189,0.037309,0.037412,0.037514,0.037598,0.037681,0.037747,0.037804,0.037853,0.037895,0.037924,0.037944,0.037955,0.037956,0.037947,0.037929,0.037899,0.037862,0.037811,0.037755,0.037684,0.037609,0.037519,0.037418,0.037308,0.037188,0.037048,0.03691,0.03675,0.03646,0.03613,0.03576,0.035335,0.034941,0.034481,0.032779,0.0321,0.031756,0.031439,0.03115,0.030889,0.030583,0.030312,0.030061,0.029843,0.029646,0.029481,0.029328,0.029204,0.02914,0.029083,0.029034,0.028994,0.028961,0.028937,0.028921,0.028912,0.028913,0.028921,0.028937,0.028963,0.028995,0.029038,0.029089,0.029148,0.029282,0.029443,0.029635,0.029868,0.030102,0.030372,0.030664,0.031447,0.03167,0.031866,0.03208,0.032262,0.032422,0.032566,0.032719,0.032839,0.032933,0.032995,0.033031,0.033038,0.033016,0.032969,0.032893,0.032785,0.032647,0.032481,0.032286,0.032052,0.031791,0.03149,0.031222,0.030938,0.030624,0.030263,0.02994,0.029576,0.028368,0.027929,0.027519,0.027157,0.026796,0.026486,0.026211,0.025958,0.02573,0.025537,0.025371,0.025232,0.025126,0.025047,0.024996,0.024973,0.024974,0.024988,0.025015,0.025055,0.025108,0.025174,0.025253,0.025345,0.02545,0.025568,0.025698,0.025852,0.026007,0.026189,0.026368,0.026574,0.026776,0.026987,0.027208,0.027439,0.027678,0.027946,0.028223,0.02853,0.029098,0.02976,0.030415,0.032209,0.032738,0.033185,0.033688,0.034148,0.034566,0.034943,0.035169,0.035367,0.035558,0.035739,0.035911,0.036073,0.036226,0.036356,0.036489,0.0366,0.036712,0.036804,0.036895,0.036968,0.03703,0.037084,0.037135,0.037171,0.037193,0.037202,0.037199,0.037181,0.03715,0.037104,0.037045,0.036972,0.036886,0.036787,0.036675,0.036539,0.036402,0.03624,0.036079,0.035907,0.035725,0.035517,0.035298,0.035069,0.034831,0.034565,0.034049,0.033467,0.032866,0.031212,0.030724,0.030311,0.029835,0.02942,0.029047,0.028699,0.028498,0.028322,0.028157,0.028002,0.027858,0.027736,0.027614,0.027513,0.027414,0.027335,0.02726,0.027202,0.027152,0.027117,0.027093,0.027081,0.027079,0.027088,0.027107,0.027138,0.027179,0.027231,0.027293,0.027373,0.027456,0.027558,0.027662,0.027786,0.02792,0.028064,0.028218,0.028396,0.028689,0.029021,0.029391,0.029818,0.030207,0.030646,0.032134,0.032674,0.033197,0.03366,0.033899,0.034112,0.034318,0.034499,0.034673,0.034838,0.034994,0.035141,0.035278,0.035404,0.035521,0.035618,0.035714,0.035792,0.03586,0.035918,0.035971,0.036009,0.036037,0.036054,0.036062,0.036059,0.036047,0.036022,0.035958,0.035864,0.035742,0.035584,0.035396,0.03518,0.034925,0.034642,0.03435,0.034021,0.033655,0.033234,0.032832,0.03236,0.030533,0.029775,0.029373,0.029021,0.028683,0.028376,0.028042,0.027731,0.027445,0.027198,0.026976,0.026782,0.026614,0.026481,0.026368,0.026284,0.026227,0.026196,0.026194,0.02622,0.026272,0.026353,0.026454,0.026582,0.026737,0.026918,0.027108,0.027337,0.028263,0.028463,0.028639,0.028828,0.028988,0.029127,0.029251,0.029377,0.029474,0.029545,0.029588,0.029605,0.029596,0.02956,0.029498,0.029412,0.029303,0.029169,0.029005,0.028817,0.028606,0.028362,0.028097,0.027837,0.027549,0.027234,0.026891,0.026566,0.026189,0.02472,0.024108,0.023783,0.023493,0.023211,0.022952,0.022653,0.02238,0.022121,0.021887,0.021668,0.021462,0.021272,0.021096,0.020914,0.02075,0.020603,0.02047,0.020354,0.020251,0.020161,0.020088,0.020028,0.019979,0.01994,0.01991,0.01989,0.019877,0.019868,0.019877,0.019904,0.019926,0.019955,0.019993,0.020037,0.020096,0.020164,0.020244,0.020333,0.020436,0.020549,0.020675,0.020816,0.020958,0.021112,0.021279,0.021458,0.021648,0.021859,0.022081,0.022315,0.022758,0.023272,0.023785,0.025098,0.02546,0.025767,0.026104,0.026405,0.026678,0.026923,0.027187,0.027422,0.02762,0.027783,0.027917,0.027974,0.028025,0.028102,0.02815,0.02817,0.028168,0.028159,0.028118,0.028045,0.027965,0.027859,0.02747,0.027336,0.027226,0.027143,0.027089,0.027059,0.027052,0.027068,0.027088,0.027116,0.027153,0.027198,0.02725,0.027314,0.027467,0.027621,0.027811,0.028005,0.028498,0.028734,0.028845,0.028943,0.029028,0.0291,0.02917,0.029225,0.029264,0.029286,0.029294,0.029287,0.029264,0.029225,0.029164,0.029085,0.028986,0.028863,0.028727,0.028566,0.028381,0.028177,0.027991,0.027785,0.027559,0.027315,0.026832,0.025625,0.025304,0.025024,0.024742,0.024489,0.024266,0.024081,0.023985,0.023898,0.023819,0.023749,0.023688,0.023639,0.023596,0.023564,0.023542,0.023528,0.023523,0.023527,0.02354,0.023562,0.023593,0.023634,0.023679,0.023733,0.023795,0.023869,0.023947,0.024038,0.024131,0.024239,0.02447,0.02474,0.025048,0.025396,0.025699,0.026043,0.026417,0.026832,0.027205,0.027629,0.029083,0.029638,0.030179,0.03066,0.031144,0.031574,0.031964,0.032142,0.032312,0.032483,0.032635,0.032787,0.032922,0.033054,0.03317,0.033276,0.033372,0.033459,0.033536,0.033603,0.03366,0.033708,0.033747,0.033775,0.033795,0.033806,0.033794,0.033758,0.033699,0.033616,0.033511,0.033381,0.033222,0.033077,0.032915,0.032736,0.032533,0.03214,0.03114,0.030877,0.030654,0.030431,0.030237,0.03007,0.029921,0.029798,0.029692,0.029607,0.02954,0.029491,0.02946,0.029448,0.029454,0.029479,0.029523,0.029584,0.029664,0.029764,0.029882,0.030021,0.030176,0.030335,0.030518,0.030721,0.030941,0.031409,0.032349,0.03273,0.033106,0.03342,0.033589,0.033746,0.033885,0.034007,0.034116,0.034209,0.034288,0.034355,0.034418,0.03446,0.034481,0.034484,0.034466,0.034429,0.034371,0.034293,0.034203,0.034099,0.033972,0.033824,0.033678,0.033504,0.032847,0.03259,0.032345,0.032246,0.032154,0.032059,0.031978,0.031913,0.031864,0.031832,0.031815,0.031813,0.031827,0.031857,0.031904,0.031967,0.032049,0.032145,0.03226,0.032396,0.032548,0.032689,0.03284,0.033013,0.033201,0.033568,0.034457,0.034676,0.034872,0.035063,0.035235,0.03538,0.035506,0.035625,0.035724,0.035799,0.035852,0.035884,0.035895,0.035884,0.035853,0.03582,0.035778,0.035726,0.035665,0.035595,0.035515,0.035425,0.03532,0.035212,0.035087,0.03496,0.034816,0.034663,0.034501,0.034329,0.034139,0.033814,0.033456,0.033065,0.03263,0.032234,0.031785,0.030222,0.029628,0.029052,0.028552,0.028287,0.028043,0.027807,0.027592,0.027386,0.027199,0.027012,0.026843,0.026676,0.026519,0.026373,0.026238,0.026114,0.026001,0.0259,0.02581,0.025732,0.025664,0.025607,0.025561,0.025526,0.0255,0.025486,0.025481,0.025488,0.025509,0.025543,0.02559,0.025651,0.025726,0.025816,0.025921,0.026115,0.026357,0.026611,0.027369,0.027603,0.027808,0.028026,0.02822,0.028397,0.028554,0.028706,0.028839,0.028954,0.029053,0.029136,0.029198,0.029243,0.029268,0.029275,0.029263,0.029231,0.029181,0.029112,0.029024,0.028915,0.028786,0.028665,0.028527,0.028369,0.028194,0.027846,0.027057,0.026881,0.026728,0.026587,0.026469,0.026369,0.026288,0.026217,0.026165,0.026131,0.026117,0.026121,0.026144,0.026186,0.026244,0.026336,0.02645,0.026592,0.02676,0.026951,0.027173,0.027426,0.027703,0.027948,0.028226,0.028526,0.028848,0.029481,0.030982,0.031358,0.031682,0.032001,0.032294,0.032551,0.032781,0.032991,0.033179,0.033338,0.033469,0.033577,0.033661,0.033719,0.033754,0.033763,0.033763,0.033754,0.033736,0.033711,0.033674,0.033627,0.033572,0.033511,0.033437,0.033354,0.033262,0.033162,0.033047,0.032929,0.032797,0.032548,0.032259,0.031937,0.031583,0.031233,0.030836,0.029365,0.028787,0.028487,0.028219,0.027972,0.027737,0.02748,0.027251,0.027049,0.026866,0.026703,0.026567,0.02645,0.026354,0.026281,0.026226,0.02619,0.026172,0.026173,0.026192,0.02623,0.026286,0.026351,0.026428,0.026521,0.026631,0.026869,0.027366,0.027563,0.027752,0.0279,0.027975,0.028037,0.028089,0.028128,0.028157,0.028175,0.028182,0.028178,0.028165,0.028139,0.028105,0.028059,0.028002,0.027936,0.027856,0.027767,0.027593,0.027384,0.027169,0.026642,0.026401,0.026193,0.026031,0.025964,0.025907,0.025859,0.025822,0.025792,0.025771,0.025759,0.025756,0.025771,0.025811,0.025876,0.025967,0.026082,0.026228,0.026398,0.026593,0.026818,0.027065,0.02735,0.027664,0.027995,0.02837,0.028777,0.029964,0.030325,0.030646,0.031002,0.031322,0.031607,0.031874,0.032171,0.032431,0.032662,0.032863,0.033035,0.033181,0.033298,0.03339,0.033437,0.033472,0.033495,0.033508,0.03351,0.0335,0.03348,0.033448,0.033406,0.033352,0.033286,0.03321,0.033124,0.03303,0.032923,0.032808,0.032695,0.032579,0.032454,0.032316,0.032176,0.032021,0.031859,0.031682,0.03136,0.030996,0.030631,0.029776,0.029362,0.029162,0.028979,0.028818,0.028675,0.028515,0.028378,0.028266,0.028178,0.028109,0.028064,0.028038,0.028035,0.028046,0.02807,0.028106,0.028155,0.028216,0.028292,0.02838,0.028483,0.028587,0.0287,0.028832,0.028978,0.029282,0.0299,0.030147,0.030394,0.030604,0.030715,0.030814,0.030905,0.030983,0.031053,0.031115,0.031168,0.031212,0.031245,0.031271,0.031289,0.031298,0.031298,0.03129,0.031274,0.031248,0.031189,0.031105,0.031012,0.030775,0.030669,0.030588,0.030542,0.03053,0.030529,0.030536,0.030553,0.030581,0.030616,0.030663,0.030718,0.030779,0.030848,0.030926,0.031011,0.031105,0.031212,0.031449,0.031684,0.031959,0.032241,0.032913,0.03325,0.033415,0.033558,0.033685,0.033797,0.033914,0.034016,0.034098,0.034162,0.034211,0.034244,0.03426,0.034259,0.034249,0.034229,0.034201,0.034167,0.034125,0.034072,0.034009,0.033938,0.033858,0.033769,0.033672,0.033567,0.033453,0.033323,0.033193,0.033046,0.032795,0.032514,0.032202,0.031848,0.031532,0.031166,0.029927,0.029475,0.029049,0.028681,0.028321,0.027998,0.027722,0.027472,0.027251,0.027067,0.026912,0.026791,0.026698,0.026632,0.026596,0.026588,0.026598,0.02662,0.026653,0.0267,0.026758,0.026827,0.026911,0.027006,0.027203,0.027451,0.027721,0.028516,0.02875,0.028943,0.029145,0.029315,0.029453,0.029559,0.029639,0.029689,0.029713,0.02971,0.029687,0.029644,0.029591,0.029451,0.029392,0.029371,0.029359,0.029355,0.029359,0.029377,0.029406,0.029447,0.029501,0.02957,0.029649,0.029742,0.029849,0.02999,0.030152,0.030333,0.030542,0.030762,0.031011,0.031279,0.031578,0.03184,0.032128,0.032441,0.032779,0.033435,0.035026,0.03545,0.035816,0.036195,0.03654,0.036837,0.037112,0.037262,0.037393,0.037525,0.037639,0.037744,0.037841,0.037929,0.038002,0.038071,0.038127,0.038179,0.038218,0.03825,0.038271,0.038284,0.038288,0.038277,0.03824,0.038177,0.03809,0.037979,0.037839,0.037674,0.037487,0.037269,0.037031,0.036763,0.036453,0.03614,0.035774,0.034336,0.034017,0.033732,0.03342,0.033146,0.032898,0.032665,0.032412,0.032184,0.031991,0.031832,0.031693,0.031587,0.031508,0.031455,0.031431,0.031431,0.031456,0.031509,0.031588,0.031696,0.031828,0.031988,0.032134,0.0323,0.032485,0.032699,0.033117,0.033906,0.034227,0.034536,0.034804,0.035077,0.035313,0.035525,0.035707,0.035861,0.035996,0.036108,0.0362,0.036269,0.036321,0.036353,0.036368,0.036366,0.036348,0.036315,0.036264,0.036188,0.036107,0.03603,0.03595,0.035878,0.0358,0.035711,0.035615,0.035508,0.035387,0.035254,0.035111,0.034964,0.03481,0.034644,0.034457,0.034263,0.034049,0.033821,0.033571,0.033349,0.033119,0.032603,0.032087,0.030879,0.030303,0.030024,0.029778,0.029554,0.029352,0.029139,0.028954,0.028787,0.028647,0.028527,0.028432,0.028354,0.0283,0.028264,0.028252,0.028265,0.028303,0.028367,0.028455,0.028571,0.028709,0.028843,0.02899,0.029165,0.02936,0.029744,0.030696,0.030928,0.031132,0.031328,0.031493,0.031633,0.031754,0.031851,0.031926,0.031979,0.032008,0.032016,0.032,0.031961,0.031903,0.031814,0.031695,0.031555,0.031382,0.031185,0.030962,0.030706,0.030414,0.030125,0.029804,0.029452,0.02907,0.028689,0.028252,0.026519,0.025793,0.025398,0.025043,0.024714,0.024411,0.02406,0.02374,0.02344,0.02316,0.022901,0.022664,0.022446,0.022249,0.022097,0.021952,0.021816,0.021694,0.02158,0.021475,0.021378,0.021286,0.021206,0.021124,0.020781,0.020579,0.020347,0.019843,0.019737,0.019653,0.019561,0.019498,0.019459,0.019446,0.019457,0.019496,0.019563,0.019657,0.019777,0.01993,0.020114,0.020326,0.020523,0.020749,0.020998,0.021277,0.021536,0.021836,0.023024,0.02356,0.024114,0.024631,0.025043,0.025481,0.026895,0.02816,0.028532,0.028824,0.029061,0.029161,0.029253,0.029332,0.029399,0.029458,0.029508,0.029549,0.029578,0.029597,0.029606,0.029605,0.029592,0.029566,0.02953,0.029478,0.029416,0.029342,0.029256,0.029156,0.029044,0.028919,0.028781,0.02863,0.028466,0.028291,0.028092,0.027928,0.027744,0.027552,0.027351,0.027143,0.026913,0.026416,0.025973,0.025465,0.024961,0.023772,0.023206,0.022676,0.022218,0.021999,0.021789,0.021588,0.021408,0.021238,0.021089,0.020937,0.020807,0.020685,0.020574,0.020473,0.020383,0.020304,0.020236,0.02018,0.020139,0.020106,0.020087,0.020078,0.02008,0.020094,0.020119,0.020155,0.020202,0.02026,0.020335,0.020424,0.020525,0.020639,0.020765,0.020904,0.021055,0.021218,0.021407,0.021594,0.021809,0.022035,0.022274,0.022524,0.022785,0.023257,0.023756,0.024302,0.024916,0.02548,0.026106,0.028293,0.029093,0.029873,0.030555,0.030907,0.031248,0.031558,0.031858,0.032146,0.032405,0.032671,0.032907,0.033147,0.033359,0.033572,0.033758,0.033943,0.034103,0.034248,0.034381,0.0345,0.034605,0.034696,0.034774,0.034839,0.034889,0.034927,0.034952,0.034961,0.034962,0.034955,0.034938,0.034913,0.034878,0.034835,0.034784,0.034725,0.034652,0.034577,0.034488,0.034391,0.034285,0.034045,0.033828,0.033584,0.033313,0.033003,0.032719,0.032402,0.031257,0.030809,0.030351,0.029962,0.029563,0.029214,0.028905,0.028758,0.028627,0.028387,0.028178,0.027998,0.027847,0.027721,0.02762,0.027545,0.027495,0.027476,0.027466,0.027467,0.027498,0.027564,0.027793,0.028016,0.028116,0.028192,0.028274,0.028368,0.028472,0.028612,0.028768,0.028949,0.029156,0.029368,0.029612,0.030659,0.030904,0.031125,0.03137,0.031595,0.03181,0.032026,0.032378,0.032841,0.033197,0.033323,0.033427,0.033507,0.033573,0.033628,0.033671,0.033703,0.033725,0.033735,0.033735,0.03371,0.033687,0.033656,0.033618,0.033572,0.033518,0.033455,0.033384,0.033308,0.03322,0.033128,0.033028,0.032913,0.032797,0.032665,0.032402,0.032102,0.031765,0.031392,0.03103,0.030606,0.030181,0.029103,0.028524,0.028225,0.02796,0.027719,0.027501,0.027256,0.027043,0.02686,0.026703,0.026571,0.02647,0.026395,0.026345,0.026323,0.026324,0.026346,0.026393,0.026462,0.026554,0.026666,0.026804,0.026948,0.027115,0.027305,0.027516,0.027722,0.027963,0.028882,0.029242,0.029597,0.029754,0.029895,0.030053,0.03019,0.030307,0.030409,0.030496,0.030565,0.030618,0.030657,0.030681,0.030687,0.030674,0.03064,0.030587,0.030514,0.030423,0.030309,0.030178,0.030023,0.029846,0.029647,0.029442,0.029202,0.02826,0.02787,0.027674,0.027496,0.027338,0.027198,0.027043,0.026914,0.026805,0.026721,0.026659,0.026618,0.026598,0.0266,0.026617,0.026647,0.02669,0.026746,0.026819,0.026904,0.027001,0.027115,0.027228,0.027356,0.027499,0.027663,0.027998,0.028689,0.028978,0.029259,0.029499,0.029631,0.029748,0.029856,0.029949,0.030034,0.030108,0.030173,0.030226,0.030273,0.030311,0.030336,0.03035,0.030351,0.030341,0.03032,0.030288,0.030247,0.030196,0.030134,0.030059,0.029891,0.029527,0.029379,0.029239,0.029134,0.029085,0.029045,0.029016,0.028997,0.028988,0.02899,0.029002,0.029024,0.029056,0.0291,0.029152,0.029216,0.02929,0.029374,0.02947,0.02958,0.029784,0.030035,0.030285,0.030903,0.031208,0.031353,0.031479,0.031592,0.031696,0.031793,0.031874,0.031943,0.031998,0.03204,0.032069,0.032084,0.032087,0.032069,0.032028,0.031964,0.031876,0.031765,0.031627,0.031465,0.031281,0.031063,0.030809,0.030524,0.030202,0.02987,0.029496,0.029101,0.028042,0.027735,0.027463,0.027159,0.026895,0.026655,0.026446,0.02621,0.02601,0.025843,0.025711,0.025655,0.025609,0.02554,0.025515,0.0255,0.025492,0.025504,0.025532,0.025575,0.025633,0.025706,0.025796,0.025902,0.026025,0.026157,0.0263,0.026467,0.026651,0.027037,0.027826,0.02814,0.028455,0.028711,0.02885,0.028972,0.029077,0.02917,0.029251,0.029315,0.02937,0.029409,0.029436,0.029449,0.029448,0.029432,0.029403,0.029359,0.029301,0.029227,0.029156,0.029072,0.028873,0.028661,0.028123,0.027993,0.027881,0.027774,0.027684,0.027611,0.027556,0.02751,0.027487,0.027485,0.027503,0.027544,0.027604,0.027685,0.027789,0.027928,0.028093,0.028285,0.028514,0.02877,0.029053,0.029374,0.029721,0.030033,0.030375,0.030748,0.031152,0.031517,0.031941,0.033342,0.033872,0.034372,0.034807,0.035252,0.035656,0.036005,0.036325,0.036496,0.036645,0.036784,0.036913,0.037031,0.037131,0.037227,0.037306,0.03738,0.037438,0.037485,0.037522,0.03755,0.037565,0.037569,0.037562,0.037546,0.037522,0.037488,0.037441,0.037389,0.037322,0.037252,0.037166,0.037071,0.036966,0.036852,0.036729,0.036598,0.036447,0.036299,0.03613,0.035823,0.035479,0.035099,0.034685,0.034285,0.033826,0.032104,0.031394,0.031025,0.030697,0.03038,0.030089,0.029755,0.029451,0.029165,0.02891,0.028671,0.028451,0.02825,0.028066,0.027916,0.02778,0.02766,0.027548,0.027452,0.027366,0.027296,0.027239,0.027198,0.027165,0.027141,0.027124,0.027113,0.027126,0.027124,0.027104,0.027064,0.027028,0.026984,0.026931,0.02687,0.026795,0.026714,0.026622,0.02652,0.026414,0.026291,0.026159,0.026016,0.025864,0.025695,0.025516,0.02532,0.024971,0.024572,0.024169,0.023211,0.022732,0.022298,0.022106,0.021932,0.021759,0.021603,0.021457,0.021328,0.021209,0.021101,0.021003,0.020921,0.020816,0.020736,0.020676,0.020639,0.020624,0.020632,0.020661,0.020712,0.020783,0.020871,0.02098,0.021112,0.021253,0.02142,0.022102,0.022378,0.022514,0.022634,0.022734,0.022822,0.022909,0.022974,0.023016,0.023037,0.023036,0.023015,0.022973,0.022909,0.022825,0.022715,0.022584,0.022431,0.022258,0.022059,0.021833,0.02158,0.021361,0.021112,0.020843,0.020545,0.019973,0.018563,0.018204,0.017887,0.017565,0.017278,0.017019,0.016795,0.016578,0.016387,0.016227,0.016099,0.015996,0.015921,0.015874,0.015856,0.015864,0.015895,0.015949,0.016029,0.016133,0.016259,0.016413,0.016589,0.016756,0.016937,0.017146,0.017375,0.017825,0.018897,0.019164,0.019394,0.019618,0.01981,0.019979,0.020128,0.020257,0.02036,0.02044,0.020494,0.020526,0.020534,0.020518,0.020479,0.020411,0.020316,0.020195,0.02004,0.019865,0.019658,0.019416,0.019148,0.018902,0.018641,0.018342,0.018017,0.01772,0.017388,0.01586,0.015482,0.015143,0.01482,0.014528,0.014268,0.014039,0.013832,0.01365,0.013501,0.013377,0.01328,0.013213,0.013172,0.013158,0.013166,0.013188,0.013224,0.013276,0.013341,0.013421,0.013515,0.01363,0.013753,0.013899,0.014059,0.014233,0.014422,0.014624,0.014852,0.015094,0.015291,0.01551,0.015972,0.01648,0.017065,0.017602,0.01821,0.020399,0.021289,0.021742,0.022149,0.022546,0.022915,0.023321,0.023697,0.024056,0.0244,0.024714,0.025012,0.025294,0.02556,0.02582,0.026063,0.026288,0.026496,0.026686,0.026867,0.027024,0.027171,0.027301,0.027419,0.02752,0.027604,0.027673,0.027728,0.027767,0.02779,0.027797,0.027786,0.027757,0.027711,0.027646,0.027565,0.027466,0.027353,0.027222,0.027072,0.026903,0.026723,0.026524,0.026305,0.026068,0.025812,0.025569,0.025299,0.025025,0.024724,0.024407,0.024061,0.023699,0.023322,0.02298,0.022611,0.022217,0.021796,0.020986,0.018952,0.018405,0.017921,0.017391,0.016932,0.016512,0.016133,0.015904,0.015699,0.015506,0.015335,0.015175,0.015027,0.014891,0.014766,0.014654,0.014554,0.014467,0.014398,0.014339,0.014289,0.014253,0.014228,0.014214,0.014219,0.014244,0.014289,0.014355,0.014439,0.014545,0.014671,0.014819,0.014985,0.015173,0.015393,0.015617,0.01587,0.016904,0.017327,0.017549,0.017744,0.017918,0.01808,0.018254,0.018401,0.018528,0.018629,0.018709,0.018766,0.018802,0.018816,0.018807,0.018774,0.018718,0.018639,0.018534,0.018407,0.018254,0.018073,0.01791,0.017735,0.017534,0.017305,0.016868,0.015727,0.015418,0.015139,0.01486,0.014615,0.014397,0.014197,0.014024,0.013874,0.013742,0.013625,0.013525,0.01344,0.01337,0.013314,0.013276,0.013247,0.013227,0.013215,0.013209,0.013213,0.013202,0.013208,0.013227,0.013262,0.013313,0.01338,0.013467,0.013574,0.013705,0.013831,0.013978,0.014471,0.014631,0.014773,0.014887,0.014982,0.015057,0.015112,0.015148,0.015163,0.015163,0.015146,0.015112,0.015071,0.015017,0.014753,0.014703,0.01467,0.014655,0.014661,0.014689,0.014739,0.01478,0.014829,0.014888,0.014956,0.015034,0.015117,0.015208,0.015309,0.015419,0.015538,0.015666,0.015812,0.015959,0.016124,0.016289,0.016474,0.016797,0.017143,0.017537,0.017966,0.018354,0.018798,0.020271,0.020781,0.021261,0.021679,0.022089,0.022447,0.022765,0.023045,0.023179,0.023295,0.023506,0.0236,0.023685,0.023763,0.023833,0.023894,0.023947,0.023991,0.024025,0.024051,0.024071,0.024082,0.024086,0.024077,0.024048,0.024004,0.023939,0.023857,0.023757,0.023636,0.023499,0.023346,0.02318,0.022985,0.022768,0.022549,0.022303,0.021334,0.020928,0.020719,0.020529,0.020356,0.020201,0.020027,0.019869,0.019734,0.019621,0.019524,0.019444,0.019381,0.019336,0.019305,0.019299,0.019319,0.019365,0.019437,0.019533,0.019657,0.01981,0.019952,0.020115,0.020298,0.0205,0.020899,0.021912,0.022176,0.022403,0.022622,0.02281,0.022973,0.023118,0.023234,0.023332,0.023407,0.023465,0.023505,0.023526,0.023529,0.023513,0.023479,0.023426,0.023355,0.023263,0.02315,0.023019,0.022867,0.022694,0.022546,0.022377,0.021993,0.021595,0.020441,0.020086,0.019767,0.019436,0.019131,0.018845,0.018579,0.018328,0.018096,0.017878,0.017676,0.017492,0.017332,0.017191,0.017074,0.016993,0.016927,0.016878,0.016844,0.016827,0.016825,0.016839,0.016868,0.016908,0.016959,0.017022,0.017101,0.017267,0.017594,0.017712,0.017819,0.017901,0.017972,0.018013,0.018024,0.018005,0.017982,0.017953,0.017913,0.017865,0.017808,0.017743,0.017667,0.017582,0.017419,0.017224,0.017024,0.016547,0.016319,0.016122,0.01597,0.015902,0.015847,0.015801,0.015767,0.015742,0.015727,0.015722,0.015727,0.015743,0.015771,0.015807,0.015857,0.015917,0.015992,0.016077,0.016172,0.016357,0.016587,0.016824,0.017386,0.017652,0.017774,0.017878,0.017974,0.018055,0.018131,0.018191,0.018241,0.018276,0.0183,0.018312,0.018312,0.0183,0.01827,0.018222,0.018157,0.018076,0.017977,0.017857,0.017721,0.017562,0.017417,0.017263,0.017091,0.016894,0.016514,0.015626,0.01541,0.01522,0.015039,0.014877,0.014734,0.014611,0.014499,0.014407,0.014328,0.014266,0.014218,0.014184,0.014164,0.01416,0.014169,0.01419,0.014224,0.014267,0.014326,0.014393,0.014471,0.014567,0.014669,0.01479,0.014915,0.015061,0.015219,0.015389,0.015571,0.015765,0.015955,0.01617,0.016379,0.016613,0.016856,0.017108,0.017385,0.01767,0.018224,0.018858,0.019529,0.021327,0.021855,0.022333,0.02285,0.023311,0.023734,0.024133,0.024361,0.024565,0.024774,0.02496,0.025137,0.025304,0.025462,0.02561,0.025748,0.025876,0.025994,0.026095,0.026194,0.026283,0.026362,0.026431,0.02651,0.026571,0.026616,0.026645,0.026658,0.026655,0.026635,0.026599,0.026555,0.026498,0.026428,0.02634,0.026145,0.025722,0.02555,0.025388,0.025263,0.025205,0.025158,0.025121,0.025098,0.025085,0.025084,0.025094,0.025117,0.025147,0.025186,0.025235,0.025296,0.025366,0.025446,0.025535,0.025637,0.025859,0.026125,0.026427,0.027041,0.027299,0.027557,0.027773,0.027999,0.028098,0.028185,0.028263,0.028333,0.028396,0.028447,0.028492,0.028531,0.028561,0.028582,0.028593,0.028597,0.028591,0.028577,0.028531,0.028454,0.028359,0.028071,0.027995,0.02794,0.027896,0.027877,0.027884,0.027916,0.027974,0.028058,0.02817,0.028312,0.02845,0.028619,0.029181,0.029366,0.029528,0.02966,0.029766,0.029846,0.029903,0.029938,0.029951,0.029945,0.029922,0.029882,0.029824,0.029746,0.029651,0.029538,0.029403,0.029252,0.029073,0.028873,0.028667,0.028435,0.027522,0.027154,0.026962,0.026795,0.026644,0.026511,0.026364,0.026241,0.026138,0.026057,0.025996,0.025955,0.025935,0.025936,0.025956,0.025997,0.026056,0.026136,0.026235,0.026356,0.026496,0.026657,0.026809,0.026971,0.027157,0.027359,0.027761,0.028844,0.02914,0.029399,0.029668,0.029903,0.030102,0.030278,0.030441,0.030511,0.030573,0.030628,0.030674,0.030712,0.030742,0.030765,0.030779,0.030786,0.030785,0.03076,0.030704,0.030633,0.03054,0.030423,0.030286,0.030126,0.029937,0.029725,0.029489,0.029276,0.02904,0.028786,0.028502,0.027955,0.026681,0.026372,0.026101,0.025827,0.025588,0.025375,0.025183,0.024999,0.024844,0.024709,0.024599,0.024511,0.024447,0.024406,0.024388,0.024393,0.02442,0.024468,0.024542,0.024637,0.024759,0.024902,0.025071,0.025225,0.025403,0.0256,0.025815,0.026243,0.02733,0.027612,0.027859,0.028103,0.02832,0.02851,0.028666,0.02881,0.028922,0.029006,0.029059,0.029084,0.02908,0.029048,0.028986,0.028941,0.028888,0.028827,0.028758,0.028681,0.028593,0.028496,0.028392,0.02828,0.028155,0.027889,0.027579,0.027241,0.027034,0.026817,0.026592,0.02635,0.0261,0.025842,0.025567,0.025274,0.024719,0.024088,0.023461,0.021986,0.021597,0.021259,0.02089,0.020556,0.020257,0.019985,0.019823,0.019669,0.019531,0.019402,0.019282,0.019177,0.019082,0.019,0.018923,0.01886,0.018806,0.018761,0.018727,0.018702,0.018688,0.018684,0.018689,0.018704,0.018728,0.01876,0.018803,0.018852,0.018914,0.018985,0.01906,0.01915,0.01925,0.019359,0.019477,0.019604,0.01974,0.019884,0.020037,0.020209,0.020378,0.020567,0.020764,0.020981,0.021438,0.021908,0.022442,0.023008,0.024513,0.024953,0.025351,0.025777,0.026169,0.026513,0.026835,0.027013,0.027183,0.027342,0.027483,0.027623,0.027744,0.027856,0.027958,0.02805,0.028132,0.028203,0.028265,0.028316,0.028357,0.028388,0.028409,0.02842,0.028418,0.028402,0.028371,0.028326,0.028267,0.028196,0.028108,0.028002,0.027884,0.027749,0.02759,0.027428,0.027236,0.026472,0.02616,0.025999,0.025854,0.02573,0.025615,0.025491,0.025383,0.025296,0.025228,0.025177,0.025142,0.025125,0.025125,0.025141,0.025174,0.025225,0.025292,0.025376,0.025479,0.025604,0.025744,0.025872,0.026015,0.026175,0.026351,0.026698,0.027556,0.027779,0.027978,0.028172,0.028344,0.028489,0.028619,0.028737,0.028835,0.02891,0.028966,0.029001,0.029016,0.029011,0.028985,0.028951,0.028901,0.028841,0.028766,0.028678,0.028578,0.028462,0.028329,0.028081,0.027778,0.027472,0.026711,0.026336,0.026157,0.025996,0.025859,0.025734,0.025616,0.025518,0.025434,0.025366,0.025313,0.025278,0.025258,0.025253,0.025266,0.025294,0.025339,0.025403,0.025484,0.025581,0.025697,0.025829,0.025948,0.026083,0.026234,0.026406,0.02674,0.027565,0.027783,0.02797,0.028159,0.028321,0.028463,0.02859,0.028704,0.028795,0.028867,0.02892,0.028953,0.028965,0.028958,0.028931,0.028899,0.028857,0.028804,0.028739,0.028663,0.028578,0.028478,0.028368,0.02825,0.028117,0.027815,0.027467,0.026747,0.026445,0.026144,0.025886,0.025746,0.025622,0.025507,0.025407,0.025318,0.025239,0.02517,0.025115,0.025069,0.025032,0.025005,0.024988,0.024981,0.024983,0.024995,0.025018,0.025075,0.025159,0.025257,0.025503,0.025615,0.025661,0.025697,0.025721,0.025737,0.025742,0.025737,0.025721,0.025692,0.025652,0.025601,0.025536,0.025462,0.025384,0.025297,0.025201,0.02509,0.02497,0.02484,0.024701,0.024547,0.024264,0.023928,0.023584,0.022755,0.022349,0.022145,0.021967,0.021807,0.021666,0.021519,0.02139,0.021284,0.0212,0.021134,0.021088,0.021062,0.021056,0.021064,0.021083,0.021111,0.02115,0.021199,0.021259,0.02133,0.021411,0.021502,0.021604,0.021716,0.021839,0.021971,0.022123,0.022275,0.022447,0.022618,0.02281,0.023012,0.023222,0.023441,0.023682,0.023932,0.024204,0.024724,0.025331,0.025956,0.027684,0.028202,0.028642,0.029129,0.029578,0.029988,0.030346,0.030559,0.030749,0.030929,0.031099,0.031259,0.031408,0.031545,0.031664,0.031779,0.031877,0.031969,0.032045,0.03211,0.032165,0.032209,0.032244,0.032265,0.032278,0.032281,0.032274,0.032259,0.032234,0.032201,0.032158,0.032104,0.032042,0.031972,0.031893,0.031806,0.031705,0.031596,0.031478,0.031264,0.031022,0.030753,0.030438,0.030149,0.029809,0.02847,0.027902,0.027602,0.027332,0.027081,0.02685,0.026585,0.026344,0.026117,0.025913,0.025716,0.025535,0.025368,0.025211,0.025072,0.024947,0.024829,0.024716,0.024611,0.024514,0.024419,0.024326,0.024109,0.023645,0.023505,0.023423,0.023362,0.023318,0.023292,0.023282,0.0233,0.023345,0.023417,0.023519,0.023648,0.02381,0.024001,0.024182,0.024388,0.024617,0.024881,0.025126,0.025402,0.026419,0.026812,0.027199,0.027527,0.027703,0.027864,0.028014,0.028149,0.028273,0.028391,0.028495,0.028593,0.028707,0.02881,0.028897,0.028974,0.029029,0.02908,0.029232,0.029301,0.029384,0.02948,0.02957,0.029675,0.030113,0.030193,0.030258,0.030321,0.030358,0.030372,0.030362,0.030342,0.030311,0.030269,0.030216,0.030152,0.030077,0.029989,0.029893,0.029786,0.029662,0.029525,0.029377,0.029216,0.029044,0.02886,0.028657,0.028307,0.027912,0.027479,0.02699,0.026546,0.026044,0.024306,0.023659,0.023045,0.022501,0.022226,0.021971,0.021734,0.021507,0.021291,0.021093,0.020905,0.020736,0.02057,0.020421,0.020282,0.020155,0.020038,0.019932,0.019836,0.019752,0.019678,0.019616,0.019563,0.01952,0.019489,0.019468,0.019457,0.019456,0.01947,0.019499,0.019545,0.019606,0.019683,0.019779,0.019891,0.020022,0.020172,0.020347,0.021217,0.021437,0.021638,0.021827,0.022016,0.022685,0.022839,0.02299,0.023193,0.023408,0.023638,0.023884,0.024103,0.024334,0.024584,0.024855,0.025137,0.025447,0.025778,0.026139,0.02646,0.026795,0.027166,0.027561,0.028314,0.030112,0.030572,0.030979,0.031395,0.031765,0.032101,0.032393,0.032562,0.032712,0.032854,0.032986,0.033108,0.033213,0.033315,0.033401,0.033477,0.033543,0.0336,0.033646,0.033682,0.033709,0.033725,0.033731,0.033721,0.03369,0.033637,0.03356,0.033462,0.033343,0.033199,0.03303,0.032872,0.032694,0.032497,0.032281,0.031842,0.030973,0.030632,0.030288,0.029988,0.029681,0.029543,0.029413,0.029291,0.029184,0.029084,0.028992,0.02884,0.028712,0.02861,0.028531,0.028484,0.028447,0.02838,0.028345,0.028286,0.028206,0.028148,0.028079,0.028001,0.027913,0.027816,0.027709,0.027589,0.027457,0.027289,0.027114,0.026914,0.026698,0.026466,0.026219,0.025946,0.025657,0.025394,0.025121,0.024826,0.02451,0.023885,0.02238,0.021985,0.021642,0.021284,0.020954,0.020666,0.020394,0.020111,0.019864,0.01965,0.019462,0.019301,0.019172,0.019065,0.01899,0.018944,0.01892,0.018919,0.018943,0.018988,0.019059,0.019153,0.019267,0.019395,0.019546,0.019719,0.019915,0.020116,0.020343,0.021239,0.021604,0.021789,0.021957,0.022107,0.02224,0.022386,0.022515,0.022621,0.022705,0.022773,0.022823,0.022855,0.022868,0.022864,0.022842,0.022802,0.022744,0.022669,0.022574,0.022463,0.02233,0.022208,0.022077,0.021923,0.021753,0.021416,0.020579,0.020361,0.020177,0.01999,0.019831,0.019693,0.019571,0.019463,0.019378,0.019314,0.01927,0.019248,0.019247,0.019267,0.019306,0.019354,0.019419,0.019499,0.019592,0.019699,0.019824,0.019963,0.020121,0.020412,0.020766,0.021123,0.022025,0.022262,0.022463,0.02268,0.022868,0.023035,0.023181,0.023323,0.023448,0.023548,0.023628,0.023688,0.023726,0.023745,0.023743,0.023717,0.023663,0.023581,0.023473,0.023338,0.023173,0.022974,0.022752,0.022543,0.02232,0.022073,0.021794,0.02125,0.020233,0.019855,0.019477,0.019158,0.018827,0.01854,0.018285,0.018063,0.017862,0.01769,0.017614,0.017549,0.017443,0.017366,0.017338,0.017317,0.017298,0.017301,0.017311,0.01734,0.017385,0.017449,0.017529,0.017627,0.017745,0.017876,0.018032,0.018317,0.018661,0.019026,0.020148,0.020492,0.020796,0.02112,0.021415,0.021681,0.021914,0.022134,0.022322,0.022473,0.022536,0.022592,0.022637,0.022674,0.022703,0.022723,0.022735,0.022737,0.022731,0.022717,0.022695,0.022666,0.022629,0.022585,0.022532,0.02247,0.0224,0.022326,0.022239,0.022148,0.022043,0.021936,0.02182,0.021689,0.021556,0.021407,0.021259,0.021093,0.020929,0.020747,0.020558,0.020351,0.019914,0.019486,0.018991,0.018493,0.017204,0.016834,0.016521,0.016172,0.015851,0.015568,0.015313,0.015025,0.014784,0.014675,0.014575,0.014482,0.014404,0.014328,0.014266,0.014211,0.014165,0.014128,0.014098,0.014077,0.014065,0.014062,0.01407,0.014092,0.014126,0.01417,0.014229,0.0143,0.014384,0.01448,0.014587,0.014706,0.014844,0.014994,0.015155,0.015327,0.015521,0.015848,0.016212,0.016611,0.01707,0.01748,0.017957,0.019726,0.020432,0.020805,0.021142,0.021471,0.021778,0.022113,0.022424,0.022723,0.02301,0.023285,0.023547,0.023797,0.024034,0.02426,0.024474,0.024677,0.024877,0.025065,0.02525,0.025424,0.025594,0.025759,0.025914,0.026064,0.026204,0.026338,0.026458,0.026568,0.026664,0.026744,0.026815,0.026874,0.026921,0.026957,0.026982,0.026997,0.027001,0.026994,0.026976,0.026948,0.026908,0.026858,0.026795,0.026721,0.026639,0.026555,0.026457,0.026355,0.026238,0.026112,0.025977,0.025827,0.025668,0.025368,0.025013,0.024659,0.023766,0.023526,0.023311,0.023089,0.022889,0.022717,0.022566,0.022404,0.022267,0.022161,0.022083,0.022032,0.022008,0.022011,0.022042,0.022083,0.022139,0.022211,0.022302,0.022403,0.022524,0.02266,0.022817,0.022988,0.023171,0.023374,0.023598,0.023821,0.024081,0.025062,0.025465,0.025875,0.026045,0.026207,0.026391,0.026554,0.026703,0.026831,0.026944,0.027038,0.027121,0.027185,0.027236,0.027273,0.027294,0.0273,0.027291,0.027266,0.027226,0.02717,0.027113,0.027044,0.026967,0.026874,0.026689,0.026228,0.026114,0.026016,0.025925,0.02585,0.02579,0.025747,0.025717,0.025704,0.025707,0.025728,0.025766,0.02582,0.025894,0.025983,0.026077,0.026192,0.026322,0.026466,0.026625,0.026806,0.027002,0.027211,0.027398,0.027604,0.027831,0.028077,0.028549,0.029712,0.030016,0.030285,0.030567,0.03081,0.031027,0.031227,0.031433,0.031604,0.031743,0.031855,0.031939,0.031992,0.032017,0.032015,0.032,0.031976,0.031943,0.031901,0.031849,0.031787,0.031717,0.03163,0.031541,0.031442,0.031335,0.03121,0.031074,0.03093,0.030776,0.030614,0.030321,0.030006,0.029642,0.029241,0.028875,0.028464,0.027095,0.026592,0.026122,0.02572,0.025324,0.02497,0.024658,0.024388,0.024259,0.024148,0.024045,0.023951,0.023864,0.023785,0.023715,0.023654,0.023601,0.023558,0.023523,0.0235,0.023483,0.023475,0.023476,0.023485,0.023503,0.023531,0.023569,0.02362,0.023676,0.023748,0.023823,0.023915,0.024009,0.02412,0.024241,0.024372,0.024512,0.02466,0.024817,0.024996,0.025305,0.025634,0.025999,0.026417,0.026796,0.027222,0.028665,0.02919,0.029681,0.030119,0.03055,0.030938,0.031267,0.031568,0.031826,0.031943,0.032053,0.032154,0.032247,0.032331,0.0324,0.032467,0.032521,0.032571,0.032609,0.032641,0.032663,0.032677,0.032683,0.032672,0.032631,0.032564,0.032465,0.032338,0.032182,0.031991,0.031773,0.031518,0.031223,0.030904,0.030533,0.030141,0.0297,0.029228,0.027929,0.02753,0.02719,0.026816,0.026475,0.026169,0.025897,0.025739,0.025589,0.025449,0.025328,0.025215,0.02511,0.025015,0.024928,0.024851,0.024782,0.024723,0.024677,0.024637,0.024608,0.024585,0.024572,0.024571,0.024593,0.024638,0.024706,0.024801,0.024919,0.025059,0.025227,0.025417,0.025635,0.025872,0.026149,0.026429,0.026758,0.028049,0.028584,0.028862,0.029104,0.029332,0.029536,0.029759,0.029951,0.030118,0.030261,0.030372,0.030458,0.03052,0.030555,0.030565,0.030549,0.030509,0.030441,0.030347,0.030229,0.030082,0.029905,0.02973,0.02954,0.029327,0.029081,0.028843,0.028577,0.027543,0.027113,0.026686,0.026504,0.026329,0.026138,0.025959,0.025793,0.025648,0.025516,0.025397,0.025291,0.025199,0.025134,0.025074,0.025023,0.024981,0.024948,0.024921,0.024903,0.024891,0.024889,0.024908,0.024942,0.025056,0.02508,0.025093,0.025093,0.025077,0.025044,0.024993,0.024927,0.024841,0.024736,0.02461,0.024488,0.024348,0.023855,0.023684,0.023526,0.023401,0.023287,0.023204,0.023149,0.023122,0.02312,0.023128,0.023147,0.023178,0.023218,0.02327,0.023333,0.023409,0.023492,0.023588,0.023692,0.023813,0.024071,0.024595,0.024809,0.025014,0.025183,0.02527,0.025349,0.025414,0.025467,0.025511,0.025545,0.025569,0.025583,0.025586,0.025579,0.025562,0.025533,0.025494,0.025444,0.025381,0.025308,0.025162,0.024975,0.02478,0.024304,0.024081,0.023979,0.023893,0.023818,0.023757,0.023702,0.023663,0.023639,0.02363,0.023636,0.023656,0.023692,0.023741,0.023808,0.023895,0.024,0.024121,0.024259,0.024421,0.024599,0.024793,0.024971,0.025169,0.025377,0.025614,0.026065,0.027175,0.027466,0.027713,0.027978,0.028206,0.028408,0.028582,0.028757,0.028899,0.029014,0.029096,0.02915,0.029175,0.029172,0.029141,0.029112,0.029075,0.029029,0.02897,0.028908,0.028837,0.028758,0.028664,0.028568,0.028457,0.028346,0.028217,0.028081,0.027937,0.027785,0.027613,0.027327,0.027009,0.02666,0.026279,0.025932,0.025529,0.024157,0.023651,0.02316,0.022719,0.022286,0.021909,0.021573,0.02141,0.021266,0.02112,0.020983,0.020855,0.020745,0.020635,0.020543,0.020458,0.020383,0.020316,0.020258,0.020209,0.020165,0.020134,0.020111,0.020096,0.02009,0.020097,0.020121,0.02016,0.020219,0.020293,0.020388,0.020498,0.020628,0.020744,0.020875,0.021184,0.021499,0.02231,0.022526,0.022711,0.0229,0.023063,0.023207,0.023339,0.023452,0.023551,0.023637,0.023705,0.02376,0.023802,0.023831,0.023846,0.023849,0.02384,0.023821,0.023789,0.023746,0.023693,0.023627,0.023548,0.02339,0.02319,0.022963,0.022461,0.022239,0.022021,0.021832,0.021636,0.021466,0.021322,0.021198,0.021123,0.021053,0.02099,0.020931,0.020868,0.020811,0.020766,0.020735,0.020721,0.020716,0.02072,0.020734,0.020758,0.020791,0.020835,0.020889,0.020973,0.021078,0.0212,0.021345,0.021512,0.021695,0.0219,0.022133,0.022345,0.02257,0.022827,0.023106,0.023645,0.024865,0.025149,0.025402,0.025634,0.025843,0.02603,0.026193,0.02634,0.026464,0.02657,0.026659,0.026725,0.026773,0.026802,0.026811,0.026808,0.026795,0.026775,0.026748,0.026714,0.026669,0.026615,0.026553,0.026483,0.026404,0.026318,0.026223,0.026121,0.026003,0.025751,0.025514,0.025258,0.024973,0.024647,0.024359,0.024021,0.022898,0.022502,0.022131,0.021803,0.021494,0.021218,0.020978,0.020772,0.020593,0.020442,0.020326,0.020239,0.020208,0.020184,0.02016,0.02016,0.020167,0.020205,0.020244,0.02029,0.020346,0.020417,0.020494,0.020588,0.020694,0.02081,0.020938,0.021076,0.021225,0.021384,0.021554,0.021746,0.021935,0.022148,0.022519,0.022931,0.023385,0.023878,0.02433,0.024854,0.026607,0.027279,0.027911,0.02846,0.028751,0.029016,0.029272,0.029517,0.029737,0.029947,0.030148,0.030337,0.030528,0.030695,0.03086,0.031003,0.031133,0.03125,0.031355,0.031448,0.031527,0.031594,0.031648,0.031689,0.031718,0.031734,0.031737,0.031728,0.031693,0.031631,0.031539,0.03142,0.031277,0.031103,0.030896,0.030667,0.03045,0.030218,0.029963,0.029673,0.029089,0.027909,0.027406,0.026897,0.026461,0.026215,0.025989,0.025773,0.025576,0.02539,0.025203,0.025028,0.024862,0.024635,0.024422,0.024222,0.024024,0.023867,0.023706,0.023165,0.022928,0.022661,0.022377,0.022078,0.021735,0.021399,0.020608,0.02024,0.020057,0.019899,0.019761,0.019646,0.01957,0.019506,0.01945,0.019402,0.019364,0.019336,0.019317,0.019307,0.019306,0.019314,0.019332,0.019358,0.019394,0.019439,0.019492,0.019559,0.019694,0.019862,0.020062,0.020302,0.02054,0.02081,0.021092,0.021812,0.02219,0.022383,0.02255,0.022698,0.022827,0.022966,0.023084,0.023178,0.023247,0.023295,0.023322,0.023326,0.023308,0.023267,0.023204,0.023117,0.023002,0.022864,0.022703,0.022512,0.022299,0.022106,0.02189,0.021651,0.021388,0.020872,0.019644,0.019345,0.019081,0.018819,0.018594,0.018395,0.018213,0.018058,0.017921,0.017805,0.017715,0.017645,0.017596,0.017569,0.017565,0.017577,0.0176,0.017637,0.017683,0.017745,0.017815,0.017896,0.017995,0.018099,0.018223,0.01836,0.01851,0.018671,0.018845,0.019031,0.019227,0.019435,0.019669,0.019898,0.020154,0.02042,0.020715,0.02102,0.021335,0.021658,0.021989,0.022736,0.023527,0.025089,0.025731,0.026382,0.026974,0.027624,0.027917,0.028203,0.028461,0.028712,0.028955,0.029189,0.029461,0.029704,0.029949,0.030165,0.030381,0.030569,0.030744,0.030904,0.03105,0.031182,0.0313,0.031404,0.031493,0.031569,0.031631,0.031681,0.031725,0.031746,0.031741,0.031711,0.031657,0.031576,0.031474,0.031341,0.031224,0.031083,0.030924,0.030748,0.030396,0.029682,0.029383,0.029097,0.028841,0.02858,0.028356,0.028157,0.027983,0.027862,0.027753,0.027652,0.027562,0.027495,0.027427,0.02723,0.027152,0.027062,0.026966,0.02685,0.026718,0.026569,0.026403,0.026178,0.025924,0.025635,0.025312,0.024979,0.024596,0.024205,0.02316,0.022858,0.022591,0.022305,0.02205,0.021821,0.021623,0.021509,0.021403,0.021305,0.02122,0.021143,0.021073,0.021012,0.020959,0.020915,0.020878,0.020851,0.020831,0.02082,0.020817,0.020822,0.020835,0.020859,0.020891,0.020932,0.020985,0.021045,0.021114,0.021195,0.021286,0.021473,0.021704,0.021957,0.022687,0.022903,0.023088,0.023282,0.02345,0.023587,0.023702,0.02379,0.023858,0.023905,0.023931,0.023938,0.023933,0.023877,0.023865,0.023869,0.023894,0.023947,0.023984,0.024028,0.024081,0.02414,0.024207,0.024282,0.024365,0.024461,0.024565,0.024679,0.024801,0.024937,0.025081,0.025239,0.025522,0.025859,0.026196,0.027028,0.027454,0.027663,0.027849,0.028019,0.028178,0.028342,0.02849,0.028617,0.028729,0.028822,0.028903,0.028967,0.029016,0.029056,0.029075,0.029074,0.029051,0.029018,0.02897,0.02876,0.028683,0.028625,0.028596,0.028594,0.028616,0.028655,0.028769,0.028791,0.028804,0.028808,0.028798,0.028775,0.028738,0.028662,0.028613,0.028556,0.028419,0.028249,0.028075,0.027868,0.027657,0.027161,0.026924,0.026813,0.026716,0.026632,0.026562,0.026492,0.026442,0.02641,0.026397,0.026402,0.026426,0.02647,0.026531,0.026589,0.026653,0.026733,0.026818,0.02692,0.027026,0.027142,0.027269,0.027405,0.027562,0.02772,0.027899,0.028076,0.028277,0.028488,0.028709,0.029098,0.02953,0.030004,0.030519,0.030995,0.031523,0.033264,0.033877,0.034454,0.034972,0.035464,0.035699,0.035909,0.036112,0.036291,0.036478,0.036641,0.036809,0.036955,0.037092,0.03722,0.037338,0.037447,0.037545,0.037627,0.037706,0.037769,0.037827,0.037872,0.037909,0.037934,0.037951,0.037957,0.037953,0.03794,0.037918,0.037883,0.037842,0.037787,0.037727,0.037651,0.037573,0.037478,0.037382,0.037269,0.037146,0.037014,0.036874,0.036712,0.036418,0.0361,0.035729,0.035318,0.034924,0.034463,0.032779,0.032118,0.031773,0.031455,0.031166,0.030889,0.030597,0.030325,0.030073,0.029854,0.029656,0.029489,0.029335,0.029211,0.02914,0.029083,0.029034,0.028994,0.028961,0.028937,0.028921,0.028912,0.028913,0.028921,0.028937,0.028963,0.028995,0.029038,0.029089,0.029148,0.029282,0.029443,0.029635,0.029868,0.030102,0.030372,0.030664,0.031447,0.03167,0.031866,0.03208,0.032262,0.032422,0.032566,0.032719,0.032839,0.032933,0.032995,0.033031,0.033038,0.033016,0.032969,0.032893,0.032785,0.032647,0.032481,0.032286,0.032052,0.031791,0.03149,0.031222,0.030938,0.030624,0.030263,0.02994,0.029576,0.028368,0.027929,0.027519,0.027157,0.026796,0.026486,0.026211,0.025958,0.02573,0.025537,0.025371,0.025232,0.025126,0.025047,0.024996,0.024973,0.024974,0.024988,0.025015,0.025055,0.025108,0.025174,0.025253,0.025345,0.02545,0.025568,0.025698,0.025852,0.026007,0.026189,0.026368,0.026574,0.026776,0.026987,0.027208,0.027439,0.027678,0.027946,0.028223,0.02853,0.029098,0.02976,0.030415,0.032209,0.032738,0.033185,0.033688,0.034148,0.034566,0.034943,0.035169,0.035367,0.035558,0.035739,0.035911,0.036073,0.036226,0.036356,0.036489,0.0366,0.036712,0.036804,0.036895,0.036968,0.03703,0.037084,0.037135,0.037171,0.037193,0.037202,0.037199,0.037181,0.03715,0.037104,0.037045,0.036972,0.036886,0.036787,0.036675,0.036539,0.036402,0.03624,0.036079,0.035907,0.035725,0.035517,0.035298,0.035069,0.034831,0.034565,0.034049,0.033467,0.032866,0.031212,0.030724,0.030311,0.029835,0.02942,0.029047,0.028699,0.028498,0.028322,0.028157,0.028002,0.027858,0.027736,0.027614,0.027513,0.027414,0.027335,0.02726,0.027202,0.027152,0.027117,0.027093,0.027081,0.027079,0.027088,0.027107,0.027138,0.027179,0.027231,0.027293,0.027373,0.027456,0.027558,0.027662,0.027786,0.02792,0.028064,0.028218,0.028396,0.028689,0.029021,0.029391,0.029818,0.030207,0.030646,0.032134,0.032674,0.033197,0.03366,0.033899,0.034112,0.034318,0.034499,0.034673,0.034838,0.034994,0.035141,0.035278,0.035404,0.035521,0.035618,0.035714,0.035792,0.03586,0.035918,0.035971,0.036009,0.036037,0.036054,0.036062,0.036059,0.036047,0.036022,0.035958,0.035864,0.035742,0.035584,0.035396,0.03518,0.034925,0.034642,0.034335,0.034005,0.033638,0.033234,0.032832,0.03236,0.030533,0.029775,0.029373,0.029021,0.028683,0.028376,0.028042,0.027731,0.027445,0.027198,0.026976,0.026782,0.026614,0.026481,0.026368,0.026284,0.026227,0.026196,0.026194,0.02622,0.026272,0.026353,0.026454,0.026582,0.026737,0.026918,0.027108,0.027337,0.028263,0.028463,0.028639,0.028828,0.028988,0.029127,0.029251,0.029377,0.029474,0.029545,0.029588,0.029605,0.029596,0.02956,0.029498,0.029412,0.029303,0.029169,0.029005,0.028817,0.028606,0.028362,0.028097,0.027837,0.027549,0.027234,0.026891,0.026566,0.026189,0.02472,0.024108,0.023783,0.023493,0.023211,0.022952,0.022653,0.02238,0.022121,0.021887,0.021668,0.021462,0.021272,0.021096,0.020914,0.02075,0.020603,0.02047,0.020354,0.020251,0.020161,0.020088,0.020028,0.019979,0.01994,0.01991,0.01989,0.019877,0.019868,0.019877,0.019904,0.019926,0.019955,0.019993,0.020037,0.020096,0.020164,0.020244,0.020333,0.020436,0.020549,0.020675,0.020816,0.020958,0.021112,0.021279,0.021458,0.021648,0.021859,0.022081,0.022315,0.022758,0.023272,0.023785,0.025098,0.02546,0.025767,0.026104,0.026405,0.026678,0.026923,0.027187,0.027422,0.02762,0.027783,0.027917,0.027974,0.028025,0.028102,0.02815,0.02817,0.028168,0.028159,0.028118,0.028045,0.027965,0.027859,0.02747,0.027336,0.027226,0.027143,0.027089,0.027059,0.027052,0.027068,0.027088,0.027116,0.027153,0.027198,0.02725,0.027314,0.027467,0.027621,0.027811,0.028005,0.028498,0.028734,0.028845,0.028943,0.029028,0.0291,0.02917,0.029225,0.029264,0.029286,0.029294,0.029287,0.029264,0.029225,0.029164,0.029085,0.028986,0.028863,0.028727,0.028566,0.028381,0.028177,0.027991,0.027785,0.027559,0.027315,0.026832,0.025625,0.025304,0.025024,0.024742,0.024489,0.024266,0.024081,0.023985,0.023898,0.023819,0.023749,0.023688,0.023639,0.023596,0.023564,0.023542,0.023528,0.023523,0.023527,0.02354,0.023562,0.023593,0.023634,0.023679,0.023733,0.023795,0.023869,0.023947,0.024038,0.024131,0.024239,0.02447,0.02474,0.025048,0.025396,0.025699,0.026043,0.026417,0.026832,0.027205,0.027629,0.029083,0.029638,0.030179,0.03066,0.031144,0.031574,0.031964,0.032142,0.032312,0.032483,0.032635,0.032787,0.032922,0.033054,0.03317,0.033276,0.033372,0.033459,0.033536,0.033603,0.033661,0.033708,0.033747,0.033775,0.033795,0.033806,0.033794,0.033758,0.033699,0.033616,0.033511,0.033381,0.033222,0.033077,0.032915,0.032736,0.032533,0.03214,0.03114,0.030877,0.030654,0.030431,0.030237,0.03007,0.029921,0.029798,0.029692,0.029607,0.02954,0.029491,0.02946,0.029448,0.029454,0.029479,0.029523,0.029584,0.029664,0.029764,0.029882,0.030021,0.030176,0.030335,0.030518,0.030721,0.030941,0.031409,0.032349,0.03273,0.033106,0.03342,0.033589,0.033746,0.033885,0.034007,0.034116,0.034209,0.034288,0.034355,0.034418,0.03446,0.034481,0.034484,0.034466,0.034429,0.034371,0.034293,0.034203,0.034099,0.033972,0.033824,0.033678,0.033504,0.032847,0.03259,0.032345,0.032246,0.032154,0.032059,0.031978,0.031913,0.031864,0.031832,0.031815,0.031813,0.031827,0.031857,0.031904,0.031967,0.032049,0.032145,0.03226,0.032396,0.032548,0.032689,0.03284,0.033013,0.033201,0.033568,0.034457,0.034676,0.034872,0.035063,0.035235,0.03538,0.035506,0.035625,0.035724,0.035799,0.035852,0.035884,0.035895,0.035884,0.035853,0.03582,0.035778,0.035726,0.035665,0.035595,0.035515,0.035425,0.03532,0.035212,0.035087,0.03496,0.034816,0.034663,0.034501,0.034329,0.034139,0.033814,0.033456,0.033065,0.03263,0.032234,0.031785,0.030222,0.029628,0.029052,0.028552,0.028287,0.028043,0.027807,0.027592,0.027386,0.027199,0.027012,0.026843,0.026676,0.026519,0.026373,0.026238,0.026114,0.026001,0.0259,0.02581,0.025732,0.025664,0.025607,0.025561,0.025526,0.0255,0.025486,0.025481,0.025488,0.025509,0.025543,0.02559,0.025651,0.025726,0.025816,0.025921,0.026115,0.026357,0.026611,0.027369,0.027603,0.027808,0.028026,0.02822,0.028397,0.028554,0.028706,0.028839,0.028954,0.029053,0.029136,0.029198,0.029243,0.029268,0.029275,0.029263,0.029231,0.029181,0.029112,0.029024,0.028915,0.028786,0.028665,0.028527,0.028369,0.028194,0.027846,0.027057,0.026881,0.026728,0.026587,0.026469,0.026369,0.026288,0.026217,0.026165,0.026131,0.026117,0.026121,0.026144,0.026186,0.026244,0.026336,0.02645,0.026592,0.02676,0.026951,0.027173,0.027426,0.027703,0.027948,0.028226,0.028526,0.028848,0.029481,0.030982,0.031358,0.031682,0.032001,0.032294,0.032551,0.032781,0.032991,0.033179,0.033338,0.033469,0.033577,0.033661,0.033719,0.033754,0.033763,0.033763,0.033754,0.033736,0.033711,0.033674,0.033627,0.033572,0.033511,0.033437,0.033354,0.033262,0.033162,0.033047,0.032929,0.032797,0.032548,0.032259,0.031937,0.031583,0.031233,0.030836,0.029365,0.028787,0.028487,0.028219,0.027972,0.027737,0.02748,0.027251,0.027049,0.026866,0.026703,0.026567,0.02645,0.026354,0.026281,0.026226,0.02619,0.026172,0.026173,0.026192,0.02623,0.026286,0.026351,0.026428,0.026521,0.026631,0.026869,0.027366,0.027563,0.027752,0.0279,0.027975,0.028037,0.028089,0.028128,0.028157,0.028175,0.028182,0.028178,0.028165,0.028139,0.028105,0.028059,0.028002,0.027936,0.027856,0.027767,0.027593,0.027384,0.027169,0.026642,0.026401,0.026193,0.026031,0.025964,0.025907,0.025859,0.025822,0.025792,0.025771,0.025759,0.025756,0.025771,0.025811,0.025876,0.025967,0.026082,0.026228,0.026398,0.026593,0.026818,0.027065,0.02735,0.027664,0.027995,0.02838,0.028788,0.029964,0.030325,0.030646,0.031002,0.031322,0.031607,0.031874,0.032171,0.032431,0.032662,0.032863,0.033035,0.033181,0.033298,0.03339,0.033437,0.033472,0.033495,0.033508,0.03351,0.0335,0.03348,0.033448,0.033406,0.033352,0.033286,0.03321,0.033124,0.03303,0.032923,0.032808,0.032695,0.032579,0.032454,0.032316,0.032176,0.032021,0.031859,0.031682,0.03136,0.030996,0.030631,0.029776,0.029362,0.029162,0.028979,0.028818,0.028675,0.028515,0.028378,0.028266,0.028178,0.028109,0.028064,0.028038,0.028035,0.028046,0.02807,0.028106,0.028155,0.028216,0.028292,0.02838,0.028483,0.028587,0.0287,0.028832,0.028978,0.029282,0.0299,0.030147,0.030394,0.030604,0.030715,0.030814,0.030905,0.030983,0.031053,0.031115,0.031168,0.031212,0.031245,0.031271,0.031289,0.031298,0.031298,0.03129,0.031274,0.031248,0.031189,0.031105,0.031012,0.030775,0.030669,0.030588,0.030542,0.03053,0.030529,0.030536,0.030553,0.030581,0.030616,0.030663,0.030718,0.030779,0.030848,0.030926,0.031011,0.031105,0.031212,0.031449,0.031684,0.031959,0.032241,0.032913,0.03325,0.033415,0.033558,0.033685,0.033797,0.033914,0.034016,0.034098,0.034162,0.034211,0.034244,0.03426,0.034259,0.034249,0.034229,0.034201,0.034167,0.034125,0.034072,0.034009,0.033938,0.033858,0.033769,0.033672,0.033567,0.033453,0.033323,0.033193,0.033046,0.032795,0.032514,0.032202,0.031848,0.031532,0.031166,0.029927,0.029475,0.029049,0.028681,0.028321,0.027998,0.027722,0.027472,0.027251,0.027067,0.026912,0.026791,0.026698,0.026632,0.026596,0.026588,0.026598,0.02662,0.026653,0.0267,0.026758,0.026827,0.026911,0.027006,0.027203,0.027451,0.027721,0.028516,0.02875,0.028943,0.029145,0.029315,0.029453,0.029559,0.029639,0.029689,0.029713,0.02971,0.029687,0.029644,0.029591,0.029451,0.029392,0.029371,0.029359,0.029355,0.029359,0.029377,0.029406,0.029447,0.029501,0.02957,0.029649,0.029742,0.029849,0.02999,0.030152,0.030333,0.030542,0.030762,0.031011,0.031279,0.031578,0.03184,0.032128,0.032441,0.032779,0.033435,0.035026,0.03545,0.035831,0.036222,0.036565,0.036873,0.037145,0.037293,0.037431,0.037561,0.037672,0.037775,0.037869,0.037954,0.03803,0.038096,0.038152,0.038199,0.038236,0.038263,0.038281,0.038288,0.038286,0.038266,0.038222,0.038155,0.038066,0.037955,0.037817,0.037658,0.037469,0.03726,0.037021,0.036752,0.036441,0.036127,0.035774,0.034336,0.034017,0.033732,0.03342,0.033146,0.032898,0.032665,0.032412,0.032184,0.031991,0.031832,0.031693,0.031587,0.031508,0.031455,0.031431,0.031431,0.031456,0.031509,0.031588,0.031696,0.031828,0.031988,0.032134,0.0323,0.032485,0.032699,0.033117,0.033906,0.034227,0.034536,0.034804,0.035077,0.035313,0.035525,0.035707,0.035861,0.035996,0.036108,0.0362,0.036269,0.036321,0.036353,0.036368,0.036366,0.036348,0.036315,0.036264,0.036188,0.036107,0.03603,0.03595,0.035878,0.0358,0.035711,0.035615,0.035508,0.035387,0.035254,0.035111,0.034964,0.03481,0.034644,0.034457,0.034263,0.034049,0.033821,0.033571,0.033349,0.033119,0.032603,0.032087,0.030879,0.030303,0.030024,0.029778,0.029554,0.029352,0.029139,0.028954,0.028787,0.028647,0.028527,0.028432,0.028354,0.0283,0.028264,0.028252,0.028265,0.028303,0.028367,0.028455,0.028571,0.028709,0.028843,0.02899,0.029165,0.02936,0.029744,0.030696,0.030928,0.031132,0.031328,0.031493,0.031633,0.031754,0.031851,0.031926,0.031979,0.032008,0.032016,0.032,0.031961,0.031903,0.031814,0.031695,0.031555,0.031382,0.031185,0.030962,0.030706,0.030414,0.030125,0.029804,0.029452,0.02907,0.028689,0.028252,0.026519,0.025793,0.025398,0.025043,0.024714,0.024411,0.02406,0.02374,0.02344,0.02316,0.022901,0.022664,0.022446,0.022249,0.022097,0.021952,0.021816,0.021694,0.02158,0.021475,0.021375,0.021283,0.021124,0.020781,0.020579,0.020347,0.019843,0.019737,0.01965,0.01956,0.019496,0.019458,0.019446,0.019459,0.019499,0.019566,0.01966,0.019781,0.019934,0.020114,0.020326,0.020523,0.020749,0.020998,0.021277,0.021536,0.021836,0.023024,0.02356,0.024114,0.024631,0.025043,0.025481,0.026895,0.02816,0.028532,0.028824,0.029061,0.029161,0.029253,0.029332,0.029399,0.029458,0.029508,0.029549,0.029578,0.029597,0.029606,0.029605,0.029592,0.029566,0.02953,0.029478,0.029416,0.029342,0.029256,0.029156,0.029044,0.028919,0.028781,0.02863,0.028456,0.02828,0.02808,0.027916,0.027731,0.027538,0.027337,0.026899,0.026416,0.025973,0.025465,0.024961,0.023772,0.023206,0.022676,0.022218,0.021999,0.021789,0.021588,0.021408,0.021238,0.021089,0.020937,0.020807,0.020685,0.020574,0.020473,0.020383,0.020304,0.020236,0.02018,0.020139,0.020106,0.020087,0.020078,0.02008,0.020094,0.020119,0.020155,0.020202,0.02026,0.020335,0.020424,0.020525,0.020639,0.020765,0.020904,0.021055,0.021218,0.021407,0.021594,0.021809,0.022035,0.022274,0.022524,0.022785,0.023257,0.023756,0.024302,0.024916,0.02548,0.026106,0.028293,0.029093,0.029873,0.030555,0.030907,0.031248,0.031558,0.031858,0.032146,0.032405,0.032671,0.032907,0.033147,0.033359,0.033572,0.033758,0.033943,0.034103,0.034248,0.034381,0.0345,0.034605,0.034696,0.034774,0.034839,0.034889,0.034927,0.034952,0.034961,0.034962,0.034955,0.034938,0.034913,0.034878,0.034835,0.034784,0.034725,0.034652,0.034577,0.034488,0.034391,0.034285,0.034045,0.033828,0.033584,0.033313,0.033003,0.032719,0.032402,0.031257,0.030809,0.030351,0.029962,0.029563,0.029214,0.028905,0.028758,0.028627,0.028387,0.028178,0.027998,0.027847,0.027721,0.02762,0.027545,0.027495,0.027476,0.027466,0.027467,0.027498,0.027564,0.027793,0.028016,0.028116,0.028192,0.028274,0.028368,0.028472,0.028612,0.028768,0.028949,0.029156,0.029368,0.029612,0.030659,0.030904,0.031125,0.03137,0.031595,0.03181,0.032026,0.032378,0.032841,0.033197,0.033323,0.033427,0.033507,0.033573,0.033628,0.033671,0.033703,0.033725,0.033735,0.033735,0.03371,0.033687,0.033656,0.033618,0.033572,0.033518,0.033455,0.033384,0.033308,0.03322,0.033128,0.033028,0.032913,0.032797,0.032665,0.032402,0.032102,0.031765,0.031392,0.03103,0.030606,0.030181,0.029103,0.028524,0.028225,0.02796,0.027719,0.027501,0.027256,0.027043,0.02686,0.026703,0.026571,0.02647,0.026395,0.026345,0.026323,0.026324,0.026346,0.026393,0.026462,0.026554,0.026666,0.026804,0.026948,0.027115,0.027305,0.027516,0.027722,0.027963,0.028882,0.029242,0.029597,0.029754,0.029895,0.030053,0.03019,0.030307,0.030409,0.030496,0.030565,0.030618,0.030657,0.030681,0.030687,0.030674,0.03064,0.030587,0.030514,0.030423,0.030309,0.030178,0.030023,0.029846,0.029647,0.029442,0.029202,0.02826,0.02787,0.027674,0.027496,0.027338,0.027198,0.027043,0.026914,0.026805,0.026721,0.026659,0.026618,0.026598,0.0266,0.026617,0.026647,0.02669,0.026746,0.026819,0.026904,0.027001,0.027115,0.027228,0.027356,0.027499,0.027663,0.027998,0.028689,0.028978,0.029259,0.029499,0.029631,0.029748,0.029856,0.029949,0.030034,0.030108,0.030173,0.030226,0.030273,0.030311,0.030336,0.03035,0.030351,0.030341,0.03032,0.030288,0.030247,0.030196,0.030134,0.030059,0.029891,0.029527,0.029379,0.029239,0.029134,0.029085,0.029045,0.029016,0.028997,0.028988,0.02899,0.029002,0.029024,0.029056,0.0291,0.029152,0.029216,0.02929,0.029374,0.02947,0.02958,0.029784,0.030035,0.030285,0.030903,0.031208,0.031353,0.031479,0.031592,0.031696,0.031793,0.031874,0.031943,0.031998,0.03204,0.032069,0.032084,0.032087,0.032069,0.032028,0.031964,0.031876,0.031765,0.031627,0.031465,0.031281,0.031063,0.030809,0.030524,0.030202,0.02987,0.029496,0.029101,0.028042,0.027735,0.027463,0.027159,0.026895,0.026655,0.026446,0.02621,0.02601,0.025843,0.025711,0.025655,0.025609,0.02554,0.025515,0.0255,0.025492,0.025504,0.025532,0.025575,0.025633,0.025706,0.025796,0.025902,0.026025,0.026157,0.0263,0.026467,0.026651,0.027037,0.027826,0.02814,0.028455,0.028711,0.02885,0.028972,0.029077,0.02917,0.029251,0.029315,0.02937,0.029409,0.029436,0.029449,0.029448,0.029432,0.029403,0.029359,0.029301,0.029227,0.029156,0.029072,0.028873,0.028661,0.028123,0.027993,0.027881,0.027774,0.027684,0.027611,0.027556,0.02751,0.027487,0.027485,0.027503,0.027544,0.027604,0.027685,0.027789,0.027928,0.028093,0.028285,0.028514,0.02877,0.029053,0.029374,0.029721,0.030033,0.030375,0.030748,0.031152,0.031517,0.031941,0.033342,0.033855,0.034356,0.034791,0.035237,0.035628,0.035979,0.036302,0.036463,0.036614,0.036755,0.036877,0.036998,0.037101,0.037194,0.037277,0.03735,0.037413,0.037465,0.037507,0.037538,0.037558,0.037568,0.037567,0.037558,0.037537,0.037506,0.037464,0.037416,0.037354,0.037282,0.0372,0.037109,0.037008,0.036897,0.036768,0.036639,0.036491,0.036333,0.036167,0.035862,0.035521,0.035129,0.0347,0.034302,0.033842,0.032104,0.031394,0.031025,0.030682,0.030366,0.030075,0.029741,0.029438,0.029153,0.028898,0.028661,0.028442,0.028241,0.028059,0.027909,0.027774,0.027654,0.027543,0.027448,0.027366,0.027296,0.027239,0.027198,0.027165,0.027141,0.027124,0.027113,0.027126,0.027124,0.027104,0.027064,0.027028,0.026984,0.026931,0.02687,0.026795,0.026714,0.026622,0.02652,0.026414,0.026291,0.026159,0.026016,0.025864,0.025695,0.025516,0.02532,0.024971,0.024572,0.024169,0.023211,0.022732,0.022298,0.022106,0.021932,0.021759,0.021603,0.021457,0.021328,0.021209,0.021101,0.021003,0.020921,0.020816,0.020736,0.020676,0.020639,0.020624,0.020632,0.020661,0.020712,0.020783,0.020871,0.02098,0.021112,0.021253,0.02142,0.022102,0.022378,0.022514,0.022634,0.022734,0.022822,0.022909,0.022974,0.023016,0.023037,0.023036,0.023015,0.022973,0.022909,0.022825,0.022715,0.022584,0.022431,0.022258,0.022059,0.021833,0.02158,0.021361,0.021112,0.020843,0.020545,0.019973,0.018563,0.018204,0.017887,0.017565,0.017278,0.017019,0.016795,0.016578,0.016387,0.016227,0.016099,0.015996,0.015921,0.015874,0.015856,0.015864,0.015895,0.015949,0.016029,0.016133,0.016259,0.016413,0.016589,0.016756,0.016937,0.017146,0.017375,0.017825,0.018897,0.019164,0.019394,0.019618,0.01981,0.019979,0.020128,0.020257,0.02036,0.02044,0.020494,0.020526,0.020534,0.020518,0.020479,0.020411,0.020316,0.020195,0.02004,0.019865,0.019658,0.019416,0.019148,0.018902,0.018641,0.018342,0.018017,0.01772,0.017388,0.01586,0.015482,0.015143,0.01482,0.014528,0.014268,0.014039,0.013832,0.01365,0.013501,0.013377,0.01328,0.013213,0.013172,0.013158,0.013166,0.013188,0.013224,0.013275,0.013341,0.013421,0.013515,0.01363,0.013753,0.013899,0.014059,0.014233,0.014422,0.014624,0.014852,0.015094,0.015291,0.01551,0.015972,0.01648,0.017065,0.017602,0.01821,0.020399,0.021289,0.021742,0.022149,0.022546,0.022915,0.023321,0.023697,0.024056,0.0244,0.024714,0.025012,0.025294,0.02556,0.02582,0.026063,0.026288,0.026496,0.026686,0.026867,0.027024,0.027171,0.027301,0.027419,0.02752,0.027604,0.027673,0.027728,0.027767,0.02779,0.027797,0.027786,0.027757,0.027711,0.027646,0.027565,0.027466,0.027353,0.027222,0.027072,0.026903,0.026723,0.026524,0.026305,0.026068,0.025812,0.025569,0.025299,0.025025,0.024724,0.024407,0.024061,0.023699,0.023322,0.02298,0.022611,0.022217,0.021796,0.020986,0.018952,0.018405,0.017921,0.017391,0.016932,0.016512,0.016133,0.015904,0.015699,0.015506,0.015335,0.015175,0.015027,0.014891,0.014766,0.014654,0.014554,0.014467,0.014398,0.014339,0.014289,0.014253,0.014228,0.014214,0.014219,0.014244,0.014289,0.014355,0.014439,0.014545,0.014671,0.014819,0.014985,0.015173,0.015393,0.015617,0.01587,0.016904,0.017327,0.017549,0.017744,0.017918,0.01808,0.018254,0.018401,0.018528,0.018629,0.018709,0.018766,0.018802,0.018816,0.018807,0.018774,0.018718,0.018639,0.018534,0.018407,0.018254,0.018073,0.01791,0.017735,0.017534,0.017305,0.016868,0.015727,0.015418,0.015139,0.01486,0.014615,0.014397,0.014197,0.014024,0.013874,0.013742,0.013625,0.013525,0.01344,0.01337,0.013314,0.013276,0.013247,0.013227,0.013215,0.013209,0.013213,0.013202,0.013208,0.013227,0.013262,0.013313,0.01338,0.013467,0.013574,0.013705,0.013831,0.013978,0.014471,0.014631,0.014773,0.014887,0.014982,0.015057,0.015112,0.015148,0.015163,0.015163,0.015146,0.015112,0.015071,0.015017,0.014753,0.014703,0.01467,0.014655,0.014661,0.014689,0.014739,0.01478,0.014829,0.014888,0.014956,0.015034,0.015117,0.015208,0.015309,0.015419,0.015537,0.015666,0.015812,0.015959,0.016124,0.016289,0.016474,0.016797,0.017143,0.017537,0.017966,0.018354,0.018798,0.020271,0.020781,0.021261,0.021679,0.022089,0.022447,0.022765,0.023045,0.023179,0.023295,0.023506,0.0236,0.023685,0.023763,0.023833,0.023894,0.023947,0.023991,0.024025,0.024053,0.024071,0.024082,0.024086,0.024077,0.024048,0.024004,0.023939,0.023857,0.023757,0.023636,0.023499,0.023346,0.02318,0.022985,0.022768,0.022549,0.022303,0.021334,0.020928,0.020719,0.020529,0.020356,0.020201,0.020027,0.019869,0.019734,0.019621,0.019524,0.019444,0.019381,0.019336,0.019305,0.019299,0.019319,0.019365,0.019437,0.019533,0.019657,0.01981,0.019952,0.020115,0.020298,0.0205,0.020899,0.021912,0.022176,0.022403,0.022622,0.02281,0.022973,0.023118,0.023234,0.023332,0.023407,0.023465,0.023505,0.023526,0.023529,0.023513,0.023479,0.023426,0.023355,0.023263,0.02315,0.023019,0.022867,0.022694,0.022546,0.022377,0.021993,0.021595,0.020441,0.020086,0.019767,0.019436,0.019131,0.018845,0.018579,0.018328,0.018096,0.017878,0.017676,0.017492,0.017332,0.017191,0.017074,0.016993,0.016927,0.016878,0.016844,0.016827,0.016825,0.016839,0.016868,0.016908,0.016959,0.017022,0.017101,0.01727,0.017594,0.017712,0.017819,0.017901,0.017972,0.018013,0.018024,0.018005,0.017982,0.017953,0.017913,0.017865,0.017808,0.017743,0.017667,0.017582,0.017419,0.017224,0.017024,0.016547,0.016319,0.016122,0.01597,0.015902,0.015847,0.015801,0.015767,0.015742,0.015727,0.015722,0.015727,0.015743,0.015771,0.015807,0.015857,0.015917,0.015992,0.016077,0.016172,0.016357,0.016587,0.016824,0.017386,0.017652,0.017774,0.017878,0.017974,0.018055,0.018131,0.018191,0.018241,0.018276,0.0183,0.018312,0.018312,0.0183,0.01827,0.018222,0.018157,0.018076,0.017977,0.017857,0.017721,0.017562,0.017417,0.017263,0.017091,0.016894,0.016514,0.015626,0.01541,0.01522,0.015039,0.014877,0.014734,0.014611,0.014499,0.014407,0.014328,0.014266,0.014218,0.014184,0.014164,0.01416,0.014169,0.01419,0.014224,0.014267,0.014326,0.014393,0.014471,0.014567,0.014669,0.01479,0.014915,0.015061,0.015219,0.015389,0.015571,0.015765,0.015955,0.01617,0.016379,0.016613,0.016856,0.017108,0.017385,0.01767,0.018224,0.018858,0.019529,0.021327,0.021855,0.022333,0.02285,0.023311,0.023734,0.024133,0.024361,0.024565,0.024774,0.02496,0.025137,0.025304,0.025462,0.02561,0.025748,0.025876,0.025994,0.026095,0.026194,0.026283,0.026362,0.026431,0.02651,0.026571,0.026616,0.026645,0.026658,0.026655,0.026635,0.026599,0.026555,0.026498,0.026428,0.02634,0.026145,0.025722,0.02555,0.025388,0.025263,0.025205,0.025158,0.025121,0.025098,0.025085,0.025084,0.025094,0.025117,0.025147,0.025186,0.025235,0.025296,0.025366,0.025446,0.025535,0.025637,0.025859,0.026125,0.026427,0.027041,0.027299,0.027557,0.027773,0.027999,0.028098,0.028185,0.028263,0.028333,0.028396,0.028447,0.028492,0.028531,0.028561,0.028582,0.028593,0.028597,0.028591,0.028577,0.028531,0.028454,0.028359,0.028071,0.027995,0.02794,0.027896,0.027877,0.027884,0.027916,0.027974,0.028058,0.02817,0.028312,0.02845,0.028619,0.029181,0.029366,0.029528,0.02966,0.029766,0.029846,0.029903,0.029938,0.029951,0.029945,0.029922,0.029882,0.029824,0.029746,0.029651,0.029538,0.029403,0.029252,0.029073,0.028873,0.028667,0.028435,0.027522,0.027154,0.026962,0.026795,0.026644,0.026511,0.026364,0.026241,0.026138,0.026057,0.025996,0.025955,0.025935,0.025936,0.025956,0.025997,0.026056,0.026136,0.026235,0.026356,0.026496,0.026657,0.026809,0.026971,0.027157,0.027359,0.027761,0.028844,0.02914,0.029399,0.029668,0.029903,0.030102,0.030278,0.030441,0.030511,0.030573,0.030628,0.030674,0.030712,0.030742,0.030765,0.030779,0.030786,0.030785,0.03076,0.030704,0.030633,0.03054,0.030423,0.030286,0.030126,0.029937,0.029725,0.029489,0.029276,0.02904,0.028786,0.028502,0.027955,0.026681,0.026372,0.026101,0.025827,0.025588,0.025375,0.025183,0.024999,0.024844,0.024709,0.024599,0.024511,0.024447,0.024406,0.024388,0.024393,0.02442,0.024468,0.024542,0.024637,0.024759,0.024902,0.025071,0.025225,0.025403,0.0256,0.025815,0.026243,0.02733,0.027612,0.027859,0.028103,0.02832,0.02851,0.028666,0.02881,0.028922,0.029006,0.029059,0.029084,0.02908,0.029046,0.028984,0.028939,0.028885,0.028823,0.028754,0.028677,0.028588,0.028492,0.028387,0.028275,0.028149,0.027882,0.027572,0.027234,0.027025,0.026809,0.026584,0.026341,0.026091,0.025833,0.025557,0.025263,0.024708,0.024088,0.023461,0.021986,0.021597,0.021259,0.02089,0.020556,0.020257,0.019985,0.019823,0.019669,0.019531,0.019402,0.019282,0.019177,0.019082,0.019,0.018923,0.01886,0.018806,0.018761,0.018727,0.018703,0.018688,0.018684,0.018689,0.018703,0.018727,0.018757,0.0188,0.018848,0.018909,0.01898,0.019055,0.019144,0.019243,0.019351,0.019469,0.019595,0.019731,0.019875,0.020027,0.020198,0.020367,0.020555,0.020751,0.020968,0.021193,0.021438,0.021908,0.022442,0.023008,0.024513,0.024953,0.025351,0.025777,0.026169,0.026513,0.026835,0.027013,0.027183,0.027342,0.027483,0.027623,0.027744,0.027856,0.027958,0.02805,0.028132,0.028203,0.028265,0.028316,0.028357,0.028388,0.028409,0.02842,0.028418,0.028402,0.028371,0.028326,0.028267,0.028196,0.028108,0.028002,0.027884,0.027749,0.02759,0.027428,0.027236,0.026472,0.02616,0.025999,0.025854,0.02573,0.025615,0.025491,0.025383,0.025296,0.025228,0.025177,0.025142,0.025125,0.025125,0.025141,0.025174,0.025225,0.025292,0.025376,0.025479,0.025604,0.025744,0.025872,0.026015,0.026175,0.026351,0.026698,0.027556,0.027779,0.027978,0.028172,0.028344,0.028489,0.028619,0.028737,0.028835,0.02891,0.028966,0.029001,0.029016,0.029011,0.028985,0.028951,0.028901,0.028841,0.028766,0.028678,0.028578,0.028462,0.028329,0.028081,0.027778,0.027472,0.026711,0.026336,0.026157,0.025996,0.025859,0.025734,0.025616,0.025518,0.025434,0.025366,0.025313,0.025278,0.025258,0.025253,0.025266,0.025294,0.025339,0.025403,0.025484,0.025581,0.025697,0.025829,0.025948,0.026083,0.026234,0.026406,0.02674,0.027565,0.027783,0.02797,0.028159,0.028321,0.028463,0.02859,0.028704,0.028795,0.028867,0.02892,0.028953,0.028965,0.028958,0.028931,0.028899,0.028857,0.028804,0.028739,0.028663,0.028578,0.028478,0.028368,0.02825,0.028117,0.027815,0.027467,0.026747,0.026445,0.026144,0.025886,0.025746,0.025622,0.025507,0.025407,0.025318,0.025239,0.02517,0.025115,0.025069,0.025032,0.025005,0.024988,0.024981,0.024983,0.024995,0.025018,0.025075,0.025159,0.025257,0.025503,0.025615,0.025661,0.025697,0.025721,0.025737,0.025742,0.025737,0.025721,0.025692,0.025652,0.025601,0.025536,0.025462,0.025384,0.025297,0.025201,0.02509,0.02497,0.02484,0.024701,0.024547,0.024264,0.023928,0.023584,0.022755,0.022349,0.022145,0.021967,0.021807,0.021666,0.021519,0.02139,0.021284,0.0212,0.021134,0.021088,0.021062,0.021056,0.021064,0.021083,0.021111,0.02115,0.021199,0.021259,0.02133,0.021411,0.021502,0.021604,0.021716,0.021839,0.021971,0.022123,0.022275,0.022447,0.022618,0.02281,0.023012,0.023222,0.023441,0.023682,0.023932,0.024204,0.024724,0.025331,0.025956,0.027684,0.028202,0.028642,0.029129,0.029578,0.029988,0.030346,0.030559,0.030749,0.030929,0.031099,0.031259,0.031408,0.031545,0.031664,0.031779,0.031877,0.031969,0.032045,0.03211,0.032165,0.032209,0.032244,0.032265,0.032278,0.032281,0.032274,0.032259,0.032234,0.032201,0.032158,0.032104,0.032042,0.031972,0.031893,0.031806,0.031705,0.031596,0.031478,0.031264,0.031022,0.030753,0.030438,0.030149,0.029809,0.02847,0.027902,0.027602,0.027332,0.027081,0.02685,0.026585,0.026344,0.026117,0.025913,0.025716,0.025535,0.025368,0.025211,0.025072,0.024947,0.024829,0.024716,0.024611,0.024514,0.024419,0.024326,0.024109,0.023645,0.023505,0.023423,0.023362,0.023318,0.023292,0.023282,0.0233,0.023345,0.023417,0.023519,0.023648,0.02381,0.024001,0.024182,0.024388,0.024617,0.024881,0.025126,0.025402,0.026419,0.026812,0.027199,0.027527,0.027703,0.027864,0.028014,0.028149,0.028273,0.028391,0.028495,0.028593,0.028707,0.02881,0.028897,0.028974,0.029029,0.02908,0.029232,0.029301,0.029384,0.02948,0.02957,0.029675,0.030113,0.030193,0.030258,0.030321,0.030358,0.030372,0.030362,0.030342,0.030311,0.030269,0.030216,0.030152,0.030077,0.029989,0.029893,0.029781,0.029662,0.029525,0.029377,0.029216,0.029044,0.02886,0.028657,0.028307,0.027912,0.027479,0.02699,0.026546,0.026044,0.024306,0.023659,0.023045,0.022501,0.022226,0.021971,0.021734,0.021507,0.021291,0.021093,0.020905,0.020736,0.02057,0.020421,0.020282,0.020155,0.020038,0.019932,0.019836,0.019752,0.019678,0.019616,0.019563,0.01952,0.019489,0.019468,0.019457,0.019456,0.01947,0.019499,0.019545,0.019606,0.019683,0.019779,0.019891,0.020022,0.020172,0.020347,0.021217,0.021437,0.021638,0.021827,0.022016,0.022685,0.022839,0.02299,0.023193,0.023408,0.023638,0.023884,0.024103,0.024334,0.024584,0.024855,0.025137,0.025447,0.025778,0.026139,0.02646,0.026795,0.027166,0.027561,0.028314,0.030112,0.030572,0.030979,0.031395,0.031765,0.032101,0.032393,0.032562,0.032712,0.032854,0.032986,0.033108,0.033213,0.033315,0.033401,0.033477,0.033543,0.0336,0.033646,0.033682,0.033709,0.033725,0.033731,0.033721,0.03369,0.033637,0.03356,0.033462,0.033343,0.033199,0.03303,0.032872,0.032694,0.032497,0.032281,0.031842,0.030973,0.030632,0.030288,0.029988,0.029681,0.029543,0.029413,0.029291,0.029184,0.029084,0.028992,0.02884,0.028712,0.02861,0.028531,0.028484,0.028447,0.02838,0.028345,0.028286,0.028206,0.028148,0.028079,0.028001,0.027913,0.027816,0.027709,0.027589,0.027457,0.027289,0.027114,0.026914,0.026698,0.026466,0.026219,0.025946,0.025657,0.025394,0.025121,0.024826,0.02451,0.023885,0.02238,0.021985,0.021642,0.021284,0.020954,0.020666,0.020394,0.020111,0.019864,0.01965,0.019462,0.019301,0.019172,0.019065,0.01899,0.018944,0.01892,0.018919,0.018943,0.018988,0.019059,0.019153,0.019267,0.019395,0.019546,0.019719,0.019915,0.020116,0.020343,0.021239,0.021604,0.021789,0.021957,0.022107,0.02224,0.022386,0.022515,0.022621,0.022705,0.022773,0.022823,0.022855,0.022868,0.022864,0.022842,0.022802,0.022744,0.022669,0.022574,0.022463,0.02233,0.022208,0.022077,0.021923,0.021753,0.021416,0.020579,0.020361,0.020177,0.01999,0.019831,0.019693,0.019571,0.019463,0.019378,0.019314,0.01927,0.019248,0.019247,0.019267,0.019306,0.019354,0.019419,0.019499,0.019592,0.019699,0.019824,0.019963,0.020121,0.020412,0.020766,0.021123,0.022025,0.022262,0.022463,0.02268,0.022868,0.023035,0.023181,0.023323,0.023448,0.023548,0.023628,0.023688,0.023726,0.023745,0.023743,0.023717,0.023663,0.023581,0.023473,0.023338,0.023173,0.022974,0.022752,0.022543,0.02232,0.022073,0.021794,0.02125,0.020233,0.019855,0.019477,0.019158,0.018827,0.01854,0.018285,0.018063,0.017862,0.01769,0.017614,0.017549,0.017443,0.017366,0.017338,0.017317,0.017298,0.017301,0.017311,0.01734,0.017385,0.017449,0.017529,0.017627,0.017745,0.017876,0.018032,0.018317,0.018661,0.019026,0.020148,0.020492,0.020796,0.02112,0.021415,0.021681,0.021914,0.022134,0.022322,0.022473,0.022536,0.022592,0.022637,0.022674,0.022703,0.022723,0.022735,0.022737,0.022731,0.022717,0.022695,0.022666,0.022629,0.022585,0.022532,0.02247,0.0224,0.022326,0.022239,0.022148,0.022043,0.021936,0.02182,0.021689,0.021556,0.021407,0.021259,0.021093,0.020929,0.020747,0.020558,0.020351,0.019914,0.019486,0.018991,0.018493,0.017204,0.016834,0.016521,0.016172,0.015851,0.015568,0.015313,0.015025,0.014784,0.014675,0.014575,0.014482,0.014404,0.014328,0.014266,0.014211,0.014165,0.014128,0.014098,0.014077,0.014065,0.014062,0.01407,0.014092,0.014126,0.01417,0.014229,0.0143,0.014384,0.01448,0.014587,0.014706,0.014844,0.014994,0.015155,0.015327,0.015521,0.015848,0.016212,0.016611,0.01707,0.01748,0.017957,0.019726,0.020432,0.020805,0.021142,0.021471,0.021778,0.022113,0.022424,0.022723,0.02301,0.023285,0.023547,0.023797,0.024034,0.02426,0.024474,0.024677,0.024877,0.025065,0.02525,0.025424,0.025594,0.025759,0.025914,0.026064,0.026204,0.026338,0.026458,0.026568,0.026664,0.026744,0.026815,0.026874,0.026921,0.026957,0.026982,0.026997,0.027001,0.026994,0.026976,0.026948,0.026908,0.026858,0.026795,0.026721,0.026639,0.026555,0.026457,0.026355,0.026238,0.026112,0.025977,0.025827,0.025668,0.025368,0.025013,0.024659,0.023766,0.023526,0.023311,0.023089,0.022889,0.022717,0.022566,0.022404,0.022267,0.022161,0.022083,0.022032,0.022008,0.022011,0.022042,0.022083,0.022139,0.022211,0.022302,0.022403,0.022524,0.02266,0.022817,0.022988,0.023171,0.023374,0.023598,0.023821,0.024081,0.025062,0.025465,0.025865,0.026045,0.026207,0.026391,0.026554,0.026703,0.026831,0.026944,0.027038,0.027121,0.027185,0.027236,0.027273,0.027294,0.0273,0.027291,0.027266,0.027226,0.02717,0.027113,0.027044,0.026967,0.026874,0.026689,0.026228,0.026114,0.026016,0.025925,0.02585,0.02579,0.025747,0.025717,0.025704,0.025707,0.025728,0.025766,0.02582,0.025894,0.025983,0.026077,0.026192,0.026322,0.026466,0.026625,0.026806,0.027002,0.027211,0.027398,0.027604,0.027831,0.028077,0.028549,0.029712,0.030016,0.030285,0.030567,0.03081,0.031027,0.031227,0.031433,0.031604,0.031743,0.031855,0.031939,0.031992,0.032017,0.032015,0.032,0.031976,0.031943,0.031901,0.031849,0.031787,0.031717,0.03163,0.031541,0.031442,0.031335,0.03121,0.031074,0.03093,0.030776,0.030614,0.030321,0.030006,0.029642,0.029241,0.028875,0.028464,0.027095,0.026592,0.026122,0.02572,0.025324,0.02497,0.024658,0.024388,0.024259,0.024148,0.024045,0.023951,0.023864,0.023785,0.023715,0.023654,0.023601,0.023558,0.023523,0.0235,0.023483,0.023475,0.023476,0.023485,0.023503,0.023531,0.023569,0.02362,0.023676,0.023748,0.023823,0.023915,0.024009,0.02412,0.024241,0.024372,0.024512,0.02466,0.024817,0.024996,0.025305,0.025634,0.025999,0.026417,0.026796,0.027222,0.028665,0.02919,0.029681,0.030119,0.03055,0.030938,0.031267,0.031568,0.031826,0.031943,0.032053,0.032154,0.032247,0.032331,0.0324,0.032467,0.032521,0.032571,0.032609,0.032641,0.032663,0.032677,0.032683,0.032672,0.032631,0.032564,0.032465,0.032338,0.032182,0.031992,0.031773,0.031518,0.031223,0.030904,0.030533,0.030141,0.0297,0.029228,0.027929,0.02753,0.02719,0.026816,0.026475,0.026169,0.025897,0.025739,0.025589,0.025449,0.025328,0.025215,0.02511,0.025015,0.024928,0.024851,0.024782,0.024723,0.024677,0.024637,0.024608,0.024585,0.024572,0.024571,0.024593,0.024638,0.024706,0.024801,0.024919,0.025059,0.025227,0.025417,0.025635,0.025872,0.026149,0.026429,0.026758,0.028049,0.028584,0.028862,0.029104,0.029332,0.029536,0.029759,0.029951,0.030118,0.030261,0.030376,0.030462,0.030522,0.030556,0.030565,0.030548,0.030507,0.030437,0.030343,0.030224,0.030076,0.029905,0.02973,0.02954,0.029327,0.029081,0.028843,0.028577,0.027543,0.027113,0.026686,0.026504,0.026329,0.026138,0.025959,0.025793,0.025648,0.025516,0.025397,0.025291,0.025199,0.025134,0.025074,0.025023,0.024981,0.024948,0.024921,0.024903,0.024891,0.024889,0.024908,0.024942,0.025056,0.02508,0.025093,0.025093,0.025077,0.025044,0.024993,0.024927,0.024841,0.024736,0.02461,0.024488,0.024348,0.023855,0.023684,0.023526,0.023401,0.023287,0.023204,0.023149,0.023122,0.02312,0.023128,0.023147,0.023178,0.023218,0.02327,0.023333,0.023409,0.023492,0.023588,0.023692,0.023813,0.024071,0.024595,0.024809,0.025014,0.025183,0.02527,0.025349,0.025414,0.025467,0.025511,0.025545,0.025569,0.025583,0.025586,0.025579,0.025562,0.025533,0.025494,0.025444,0.025381,0.025308,0.025162,0.024975,0.02478,0.024304,0.024081,0.023979,0.023893,0.023818,0.023757,0.023702,0.023663,0.023639,0.02363,0.023636,0.023656,0.023692,0.023741,0.023808,0.023895,0.024,0.024121,0.024259,0.024421,0.024599,0.024793,0.024971,0.025169,0.025377,0.025614,0.026065,0.027175,0.027466,0.027713,0.027978,0.028206,0.028408,0.028582,0.028757,0.028899,0.029014,0.029096,0.02915,0.029175,0.029172,0.029141,0.029112,0.029075,0.029029,0.02897,0.028908,0.028837,0.028758,0.028664,0.028568,0.028457,0.028346,0.028217,0.028081,0.027937,0.027785,0.027613,0.027327,0.027009,0.02666,0.026279,0.025932,0.025529,0.024157,0.023651,0.02316,0.022719,0.022286,0.021909,0.021573,0.02141,0.021266,0.02112,0.020983,0.020855,0.020745,0.020635,0.020543,0.020458,0.020383,0.020316,0.020258,0.020209,0.020165,0.020134,0.020111,0.020096,0.02009,0.020097,0.020121,0.02016,0.020219,0.020293,0.020388,0.020498,0.020628,0.020744,0.020875,0.021184,0.021499,0.02231,0.022526,0.022711,0.0229,0.023063,0.023207,0.023339,0.023452,0.023551,0.023637,0.023705,0.02376,0.023802,0.023831,0.023846,0.023849,0.02384,0.023821,0.023789,0.023746,0.023693,0.023627,0.023548,0.02339,0.02319,0.022963,0.022461,0.022239,0.022021,0.021832,0.021636,0.021466,0.021322,0.021198,0.021123,0.021053,0.02099,0.020931,0.020868,0.020811,0.020766,0.020735,0.020721,0.020716,0.02072,0.020734,0.020758,0.020791,0.020835,0.020889,0.020973,0.021078,0.0212,0.021345,0.021512,0.021695,0.0219,0.022133,0.022345,0.02257,0.022827,0.023106,0.023645,0.024865,0.025149,0.025402,0.025634,0.025843,0.02603,0.026193,0.02634,0.026464,0.02657,0.026659,0.026725,0.026773,0.026802,0.026811,0.026808,0.026795,0.026775,0.026748,0.026714,0.026669,0.026615,0.026553,0.026483,0.026404,0.026318,0.026223,0.026121,0.026003,0.025751,0.025514,0.025258,0.024973,0.024647,0.024359,0.024021,0.022898,0.022502,0.022131,0.021803,0.021494,0.021218,0.020978,0.020772,0.020593,0.020442,0.020326,0.020239,0.020208,0.020184,0.02016,0.02016,0.020167,0.020205,0.020244,0.02029,0.020346,0.020417,0.020494,0.020588,0.020694,0.02081,0.020938,0.021076,0.021225,0.021384,0.021554,0.021746,0.021935,0.022148,0.022519,0.022931,0.023385,0.023878,0.02433,0.024854,0.026607,0.027279,0.027911,0.02846,0.028751,0.029016,0.029272,0.029517,0.029737,0.029947,0.030148,0.030337,0.030528,0.030695,0.03086,0.031003,0.031133,0.03125,0.031355,0.031448,0.031527,0.031594,0.031648,0.031689,0.031718,0.031734,0.031737,0.031728,0.031693,0.031631,0.031539,0.03142,0.031277,0.031103,0.030896,0.030667,0.03045,0.030218,0.029963,0.029673,0.029089,0.027909,0.027406,0.026897,0.026461,0.026215,0.025989,0.025773,0.025576,0.02539,0.025203,0.025028,0.024862,0.024635,0.024422,0.024222,0.024024,0.023867,0.023706,0.023165,0.022928,0.022661,0.022377,0.022078,0.021735,0.021399,0.020608,0.02024,0.020057,0.019899,0.019761,0.019646,0.01957,0.019506,0.01945,0.019402,0.019364,0.019336,0.019317,0.019307,0.019306,0.019314,0.019332,0.019358,0.019394,0.019439,0.019492,0.019559,0.019694,0.019862,0.020062,0.020302,0.02054,0.02081,0.021092,0.021812,0.02219,0.022383,0.02255,0.022698,0.022827,0.022966,0.023084,0.023178,0.023247,0.023295,0.023322,0.023326,0.023308,0.023267,0.023204,0.023117,0.023002,0.022864,0.022703,0.022512,0.022299,0.022106,0.02189,0.021651,0.021388,0.020872,0.019644,0.019345,0.019081,0.018819,0.018594,0.018395,0.018213,0.018058,0.017921,0.017805,0.017715,0.017645,0.017596,0.017569,0.017565,0.017577,0.0176,0.017637,0.017683,0.017745,0.017815,0.017896,0.017995,0.018099,0.018223,0.01836,0.01851,0.018671,0.018845,0.019031,0.019227,0.019435,0.019669,0.019898,0.020154,0.02042,0.020715,0.02102,0.021335,0.021658,0.021989,0.022736,0.023527,0.025089,0.025731,0.026382,0.026974,0.027624,0.027917,0.028203,0.028461,0.028712,0.028955,0.029189,0.029461,0.029704,0.029949,0.030165,0.030381,0.030569,0.030744,0.030904,0.03105,0.031182,0.0313,0.031404,0.031493,0.031569,0.031631,0.031681,0.031725,0.031746,0.031741,0.031711,0.031657,0.031576,0.031474,0.031341,0.031224,0.031083,0.030924,0.030748,0.030396,0.029682,0.029383,0.029097,0.028841,0.02858,0.028356,0.028157,0.027983,0.027862,0.027753,0.027652,0.027562,0.027495,0.027427,0.02723,0.027152,0.027062,0.026966,0.02685,0.026718,0.026569,0.026403,0.026178,0.025924,0.025635,0.025312,0.024979,0.024596,0.024205,0.02316,0.022858,0.022591,0.022305,0.02205,0.021821,0.021623,0.021509,0.021403,0.021305,0.02122,0.021143,0.021073,0.021012,0.020959,0.020915,0.020878,0.020851,0.020831,0.02082,0.020817,0.020822,0.020835,0.020859,0.020891,0.020932,0.020985,0.021045,0.021114,0.021195,0.021286,0.021473,0.021704,0.021957,0.022687,0.022903,0.023088,0.023282,0.02345,0.023587,0.023702,0.02379,0.023858,0.023905,0.023931,0.023938,0.023933,0.023877,0.023865,0.023869,0.023894,0.023947,0.023984,0.024028,0.024081,0.02414,0.024207,0.024282,0.024365,0.024461,0.024565,0.024679,0.024801,0.024937,0.025081,0.025239,0.025522,0.025859,0.026196,0.027028,0.027454,0.027663,0.027849,0.028019,0.028178,0.028342,0.02849,0.028617,0.028729,0.028822,0.028903,0.028967,0.029016,0.029056,0.029075,0.029074,0.029051,0.029018,0.02897,0.02876,0.028683,0.028625,0.028596,0.028594,0.028616,0.028655,0.028769,0.028791,0.028804,0.028808,0.028798,0.028775,0.028738,0.028662,0.028613,0.028556,0.028419,0.028249,0.028075,0.027868,0.027657,0.027161,0.026924,0.026813,0.026716,0.026632,0.026562,0.026492,0.026442,0.02641,0.026397,0.026402,0.026426,0.02647,0.026531,0.026589,0.026653,0.026733,0.026818,0.02692,0.027026,0.027142,0.027269,0.027405,0.027562,0.02772,0.027899,0.028076,0.028277,0.028488,0.028709,0.029098,0.02953,0.030004,0.030519,0.030995,0.031523,0.033264,0.033877,0.034454,0.034972,0.035464,0.035699,0.035909,0.036112,0.036291,0.036478,0.036641,0.036809,0.036955,0.037092,0.03722,0.037338,0.037447,0.037545,0.037627,0.037706,0.037769,0.037827,0.037872,0.037909,0.037934,0.037951,0.037957,0.037953,0.03794,0.037918,0.037883,0.037842,0.037787,0.037727,0.037651,0.037573,0.037478,0.037382,0.037269,0.037146,0.037014,0.036874,0.036712,0.036418,0.0361,0.035729,0.035318,0.034924,0.034463,0.032779,0.032118,0.031773,0.031455,0.031166,0.030889,0.030597,0.030325,0.030073,0.029854,0.029656,0.029489,0.029335,0.029211,0.02914,0.029083,0.029034,0.028994,0.028961,0.028937,0.028921,0.028912,0.028913,0.028921,0.028937,0.028963,0.028995,0.029038,0.029089,0.029148,0.029282,0.029443,0.029635,0.029868,0.030102,0.030372,0.030664,0.031447,0.03167,0.031866,0.03208,0.032262,0.032422,0.032566,0.032719,0.032839,0.032933,0.032995,0.033031,0.033038,0.033016,0.032969,0.032893,0.032785,0.032647,0.032481,0.032286,0.032052,0.031791,0.03149,0.031222,0.030938,0.030624,0.030263,0.02994,0.029576,0.028368,0.027929,0.027519,0.027157,0.026796,0.026486,0.026211,0.025958,0.02573,0.025537,0.025371,0.025232,0.025126,0.025047,0.024996,0.024973,0.024974,0.024988,0.025015,0.025055,0.025108,0.025174,0.025253,0.025345,0.02545,0.025568,0.025698,0.025852,0.026007,0.026189,0.026368,0.026574,0.026776,0.026987,0.027208,0.027439,0.027678,0.027946,0.028223,0.02853,0.029098,0.02976,0.030415,0.032209,0.032738,0.033185,0.033688,0.034148,0.034566,0.034943,0.035169,0.035367,0.035558,0.035739,0.035911,0.036073,0.036226,0.036356,0.036489,0.0366,0.036712,0.036804,0.036895,0.036968,0.03703,0.037084,0.037135,0.037171,0.037194,0.037202,0.037199,0.037181,0.03715,0.037104,0.037045,0.036972,0.036886,0.036787,0.036675,0.036539,0.036402,0.03624,0.036079,0.035907,0.035725,0.035517,0.035298,0.035069,0.034831,0.034565,0.034049,0.033467,0.032866,0.031212,0.030724,0.030311,0.029835,0.02942,0.029047,0.028699,0.028498,0.028322,0.028157,0.028002,0.027858,0.027736,0.027614,0.027513,0.027414,0.027335,0.02726,0.027202,0.027152,0.027117,0.027093,0.027081,0.027079,0.027088,0.027107,0.027138,0.027179,0.027231,0.027293,0.027373,0.027456,0.027558,0.027662,0.027786,0.02792,0.028064,0.028218,0.028396,0.028689,0.029021,0.029391,0.029818,0.030207,0.030646,0.032134,0.032674,0.033197,0.03366,0.033899,0.034112,0.034318,0.034499,0.034673,0.034838,0.034994,0.035141,0.035278,0.035404,0.035521,0.035618,0.035714,0.035792,0.03586,0.035918,0.035971,0.036009,0.036037,0.036054,0.036062,0.036059,0.036047,0.036022,0.035958,0.035864,0.035742,0.035584,0.035396,0.03518,0.034925,0.034642,0.034335,0.034005,0.033638,0.033234,0.032832,0.03236,0.030533,0.029775,0.029373,0.029021,0.028683,0.028376,0.028042,0.027731,0.027445,0.027198,0.026976,0.026782,0.026614,0.026481,0.026368,0.026284,0.026227,0.026196,0.026194,0.02622,0.026272,0.026353,0.026454,0.026582,0.026737,0.026918,0.027108,0.027337,0.028263,0.028463,0.028639,0.028828,0.028988,0.029127,0.029251,0.029377,0.029474,0.029545,0.029588,0.029605,0.029596,0.02956,0.029498,0.029412,0.029303,0.029169,0.029005,0.028817,0.028606,0.028362,0.028097,0.027837,0.027549,0.027234,0.026891,0.026566,0.026189,0.02472,0.024108,0.023783,0.023493,0.023211,0.022952,0.022653,0.02238,0.022121,0.021887,0.021668,0.021462,0.021272,0.021096,0.020914,0.02075,0.020603,0.02047,0.020354,0.020251,0.020161,0.020088,0.020028,0.019979,0.01994,0.01991,0.01989,0.019877,0.019868,0.019877,0.019904,0.019926,0.019955,0.019993,0.020037,0.020096,0.020164,0.020244,0.020333,0.020436,0.020549,0.020675,0.020816,0.020958,0.021112,0.021279,0.021458,0.021648,0.021859,0.022081,0.022315,0.022758,0.023272,0.023785,0.025098,0.02546,0.025767,0.026104,0.026405,0.026678,0.026923,0.027187,0.027422,0.02762,0.027783,0.027917,0.027974,0.028025,0.028102,0.02815,0.02817,0.028168,0.028159,0.028118,0.028045,0.027965,0.027859,0.02747,0.027336,0.027226,0.027143,0.027089,0.027059,0.027052,0.027068,0.027088,0.027116,0.027153,0.027198,0.02725,0.027314,0.027467,0.027621,0.027811,0.028005,0.028498,0.028734,0.028845,0.028943,0.029028,0.0291,0.02917,0.029225,0.029264,0.029286,0.029294,0.029287,0.029264,0.029225,0.029164,0.029085,0.028986,0.028863,0.028727,0.028566,0.028381,0.028177,0.027991,0.027785,0.027559,0.027315,0.026832,0.025625,0.025304,0.025024,0.024742,0.024489,0.024266,0.024081,0.023985,0.023898,0.023819,0.023749,0.023688,0.023639,0.023596,0.023564,0.023542,0.023528,0.023523,0.023527,0.02354,0.023562,0.023593,0.023633,0.023679,0.023733,0.023795,0.023869,0.023947,0.024038,0.024131,0.024239,0.02447,0.02474,0.025048,0.025396,0.025699,0.026043,0.026417,0.026832,0.027205,0.027629,0.029083,0.029638,0.030179,0.03066,0.031144,0.031574,0.031964,0.032142,0.032312,0.032483,0.032635,0.032787,0.032922,0.033054,0.03317,0.033276,0.033372,0.033459,0.033536,0.033603,0.03366,0.033708,0.033747,0.033775,0.033795,0.033806,0.033794,0.033758,0.033699,0.033616,0.033511,0.033381,0.033222,0.033077,0.032915,0.032736,0.032533,0.03214,0.03114,0.030877,0.030654,0.030431,0.030237,0.03007,0.029921,0.029798,0.029692,0.029607,0.02954,0.029491,0.02946,0.029448,0.029454,0.029479,0.029523,0.029584,0.029664,0.029764,0.029882,0.030021,0.030176,0.030335,0.030518,0.030721,0.030941,0.031409,0.032349,0.03273,0.033106,0.03342,0.033589,0.033746,0.033885,0.034007,0.034116,0.034209,0.034288,0.034355,0.034418,0.03446,0.034481,0.034484,0.034466,0.034429,0.034371,0.034293,0.034203,0.034099,0.033972,0.033824,0.033678,0.033504,0.032847,0.03259,0.032457,0.032341,0.032242,0.03215,0.032056,0.031975,0.031911,0.031864,0.031832,0.031815,0.031813,0.031827,0.031857,0.031904,0.031967,0.032049,0.032145,0.03226,0.032396,0.032548,0.032689,0.03284,0.033013,0.033201,0.033568,0.034457,0.034676,0.034872,0.035063,0.035235,0.03538,0.035506,0.035625,0.035724,0.035799,0.035852,0.035884,0.035895,0.035884,0.035853,0.03582,0.035778,0.035726,0.035665,0.035595,0.035515,0.035425,0.03532,0.035212,0.035087,0.03496,0.034816,0.034663,0.034501,0.034329,0.034139,0.033814,0.033456,0.033065,0.03263,0.032234,0.031785,0.030222,0.029628,0.029052,0.028552,0.028287,0.028043,0.027807,0.027592,0.027386,0.027199,0.027012,0.026843,0.026676,0.026519,0.026373,0.026238,0.026114,0.026001,0.0259,0.02581,0.025732,0.025664,0.025607,0.025561,0.025526,0.0255,0.025486,0.025481,0.025488,0.025509,0.025543,0.02559,0.025651,0.025726,0.025816,0.025921,0.026115,0.026357,0.026611,0.027369,0.027603,0.027808,0.028026,0.02822,0.028397,0.028554,0.028706,0.028839,0.028954,0.029053,0.029136,0.029198,0.029243,0.029268,0.029275,0.029263,0.029231,0.029181,0.029112,0.029024,0.028915,0.028786,0.028665,0.028527,0.028369,0.028194,0.027846,0.027057,0.026881,0.026728,0.026587,0.026469,0.026369,0.026288,0.026217,0.026165,0.026131,0.026117,0.026121,0.026144,0.026186,0.026244,0.026336,0.02645,0.026592,0.02676,0.026951,0.027173,0.027426,0.027703,0.027948,0.028226,0.028526,0.028848,0.029481,0.030982,0.031358,0.031682,0.032001,0.032294,0.032551,0.032781,0.032991,0.033179,0.033338,0.033469,0.033577,0.033661,0.033719,0.033754,0.033763,0.033763,0.033754,0.033736,0.033711,0.033674,0.033627,0.033572,0.033511,0.033437,0.033354,0.033262,0.033162,0.033047,0.032929,0.032797,0.032548,0.032259,0.031937,0.031583,0.031233,0.030836,0.029365,0.028787,0.028487,0.028209,0.027963,0.027737,0.02748,0.027251,0.027049,0.026866,0.026703,0.026567,0.02645,0.026354,0.026281,0.026226,0.02619,0.026172,0.026173,0.026192,0.02623,0.026286,0.026351,0.026428,0.026521,0.026631,0.026869,0.027366,0.027563,0.027752,0.0279,0.027975,0.028037,0.028089,0.028128,0.028157,0.028175,0.028182,0.028178,0.028165,0.028139,0.028105,0.028059,0.028002,0.027936,0.027856,0.027767,0.027593,0.027384,0.027169,0.026642,0.026401,0.026193,0.026031,0.025964,0.025907,0.025859,0.025822,0.025792,0.025771,0.025759,0.025756,0.025771,0.025811,0.025876,0.025967,0.026082,0.026228,0.026398,0.026593,0.026818,0.027065,0.02735,0.027664,0.027995,0.02838,0.028788,0.029964,0.030325,0.030646,0.031002,0.031322,0.031607,0.031874,0.032171,0.032431,0.032662,0.032863,0.033035,0.033181,0.033298,0.03339,0.033437,0.033472,0.033495,0.033508,0.03351,0.0335,0.03348,0.033448,0.033406,0.033352,0.033286,0.03321,0.033124,0.03303,0.032923,0.032808,0.032695,0.032579,0.032454,0.032316,0.032176,0.032021,0.031859,0.031682,0.03136,0.030996,0.030631,0.029776,0.029362,0.029162,0.028979,0.028818,0.028675,0.028515,0.028378,0.028266,0.028178,0.028109,0.028064,0.028038,0.028035,0.028046,0.02807,0.028106,0.028155,0.028216,0.028292,0.02838,0.028483,0.028587,0.0287,0.028832,0.028978,0.029282,0.0299,0.030147,0.030394,0.030604,0.030715,0.030814,0.030905,0.030983,0.031053,0.031115,0.031168,0.031212,0.031245,0.031271,0.031289,0.031298,0.031298,0.03129,0.031274,0.031248,0.031189,0.031105,0.031012,0.030775,0.030669,0.030588,0.030542,0.03053,0.030529,0.030536,0.030553,0.030581,0.030616,0.030663,0.030718,0.030779,0.030848,0.030926,0.031011,0.031105,0.031212,0.031449,0.031684,0.031959,0.032241,0.032913,0.03325,0.033415,0.033558,0.033685,0.033797,0.033914,0.034016,0.034098,0.034162,0.034211,0.034244,0.03426,0.034259,0.034249,0.034229,0.034201,0.034167,0.034122,0.034072,0.034009,0.033938,0.033858,0.033769,0.033672,0.033567,0.033453,0.033323,0.033193,0.033046,0.032795,0.032514,0.032202,0.031848,0.031532,0.031166,0.029927,0.029475,0.029049,0.028681,0.028321,0.027998,0.027722,0.027472,0.027251,0.027067,0.026912,0.026791,0.026698,0.026632,0.026596,0.026588,0.026598,0.02662,0.026653,0.0267,0.026758,0.026827,0.026911,0.027006,0.027203,0.027451,0.027721,0.028516,0.02875,0.028943,0.029145,0.029315,0.029453,0.029559,0.029639,0.029689,0.029713,0.02971,0.029687,0.029644,0.029591,0.029451,0.029392,0.029371,0.029359,0.029355,0.029359,0.029377,0.029406,0.029447,0.029501,0.02957,0.029649,0.029742,0.029849,0.02999,0.030152,0.030333,0.030542,0.030762,0.031011,0.031279,0.031578,0.03184,0.032128,0.032441,0.032779,0.033435,0.035026,0.03545,0.035831,0.036222,0.036565,0.036873,0.037145,0.037293,0.037431,0.037561,0.037672,0.037775,0.037869,0.037954,0.03803,0.038096,0.038152,0.038199,0.038236,0.038263,0.038281,0.038288,0.038286,0.038266,0.038222,0.038155,0.038066,0.037955,0.037817,0.037658,0.037469,0.03726,0.037021,0.036752,0.036441,0.036127,0.035774,0.034336,0.034017,0.033732,0.03342,0.033146,0.032898,0.032665,0.032412,0.032184,0.031991,0.031832,0.031693,0.031587,0.031508,0.031455,0.03143,0.031431,0.031458,0.031509,0.031588,0.031696,0.031828,0.031988,0.032134,0.0323,0.032485,0.032699,0.033117,0.033915,0.034227,0.034536,0.034804,0.035077,0.035313,0.035525,0.035707,0.035861,0.035996,0.036108,0.0362,0.036269,0.036321,0.036353,0.036368,0.036366,0.036348,0.036315,0.036264,0.036188,0.036107,0.03603,0.03595,0.035878,0.0358,0.035711,0.035615,0.035508,0.035387,0.035254,0.035111,0.034964,0.03481,0.034644,0.034457,0.034263,0.034049,0.033821,0.033571,0.033349,0.033119,0.032603,0.032087,0.030879,0.030303,0.030024,0.029778,0.029554,0.029352,0.029139,0.028954,0.028787,0.028647,0.028527,0.028432,0.028354,0.0283,0.028264,0.028252,0.028265,0.028303,0.028367,0.028455,0.028571,0.028709,0.028843,0.02899,0.029165,0.02936,0.029744,0.030696,0.030928,0.031132,0.031328,0.031493,0.031633,0.031754,0.031851,0.031926,0.031979,0.032008,0.032016,0.032,0.031961,0.031903,0.031814,0.031695,0.031555,0.031382,0.031185,0.030962,0.030706,0.030414,0.030125,0.029804,0.029452,0.02907,0.028689,0.028252,0.026519,0.025778,0.025384,0.025029,0.024701,0.024398,0.024047,0.023717,0.023418,0.02314,0.022883,0.022647,0.022431,0.022236,0.022078,0.021935,0.0218,0.02168,0.021567,0.02146,0.021362,0.021272,0.02112,0.020781,0.020579,0.020347,0.01984,0.019732,0.019643,0.01955,0.019487,0.019453,0.019447,0.019466,0.019512,0.019582,0.019679,0.019801,0.019953,0.020131,0.020338,0.020536,0.020756,0.021006,0.021285,0.021544,0.021836,0.023024,0.02356,0.024114,0.024623,0.025036,0.025474,0.026895,0.02816,0.028532,0.028824,0.029061,0.029161,0.029253,0.029332,0.029399,0.029458,0.029508,0.029549,0.029578,0.029597,0.029606,0.029605,0.029592,0.029566,0.02953,0.029478,0.029416,0.029342,0.029256,0.029156,0.029044,0.028919,0.028781,0.02863,0.028456,0.02828,0.02808,0.027916,0.027731,0.027538,0.027337,0.026899,0.026416,0.025973,0.025465,0.024961,0.023772,0.023206,0.022676,0.022218,0.021999,0.021789,0.021588,0.021408,0.021238,0.021089,0.020937,0.020807,0.020685,0.020574,0.020473,0.020383,0.020304,0.020236,0.02018,0.020139,0.020106,0.020087,0.020078,0.02008,0.020094,0.020119,0.020155,0.020202,0.02026,0.020335,0.020424,0.020525,0.020639,0.020765,0.020904,0.021055,0.021218,0.021407,0.021594,0.021809,0.022035,0.022274,0.022524,0.022785,0.023257,0.023756,0.024302,0.024916,0.02548,0.026106,0.028293,0.029093,0.029873,0.030555,0.030907,0.031248,0.031558,0.031858,0.032146,0.032405,0.032671,0.032907,0.033147,0.033359,0.033572,0.033758,0.033943,0.034103,0.034248,0.034381,0.0345,0.034605,0.034696,0.034774,0.034839,0.034889,0.034927,0.034952,0.034961,0.034962,0.034955,0.034938,0.034913,0.034878,0.034835,0.034784,0.034725,0.034652,0.034577,0.034488,0.034391,0.034285,0.034045,0.033828,0.033584,0.033313,0.033003,0.032719,0.032402,0.031257,0.030809,0.030351,0.029962,0.029563,0.029214,0.028905,0.028758,0.028627,0.028387,0.028178,0.027998,0.027847,0.027721,0.02762,0.027545,0.027495,0.027476,0.027466,0.027467,0.027498,0.027564,0.027793,0.028016,0.028116,0.028192,0.028274,0.028368,0.028472,0.028612,0.028768,0.028949,0.029156,0.029368,0.029612,0.030659,0.030904,0.031125,0.03137,0.031595,0.03181,0.032026,0.032378,0.032841,0.033197,0.033323,0.033427,0.033507,0.033573,0.033628,0.033671,0.033703,0.033725,0.033735,0.033735,0.03371,0.033687,0.033656,0.033618,0.033572,0.033518,0.033455,0.033384,0.033308,0.03322,0.033128,0.033028,0.032913,0.032797,0.032665,0.032402,0.032102,0.031765,0.031392,0.03103,0.030606,0.030181,0.029103,0.028524,0.028225,0.02796,0.027719,0.027501,0.027256,0.027043,0.02686,0.026703,0.026571,0.02647,0.026395,0.026345,0.026323,0.026324,0.026346,0.026393,0.026462,0.026554,0.026666,0.026804,0.026948,0.027115,0.027305,0.027516,0.027722,0.027963,0.028882,0.029242,0.029597,0.029754,0.029895,0.030053,0.03019,0.030307,0.030409,0.030496,0.030565,0.030618,0.030657,0.030681,0.030687,0.030674,0.03064,0.030587,0.030514,0.030423,0.030309,0.030178,0.030023,0.029846,0.029647,0.029442,0.029202,0.02826,0.02787,0.027674,0.027496,0.027338,0.027198,0.027043,0.026914,0.026805,0.026721,0.026659,0.026618,0.026598,0.0266,0.026617,0.026647,0.02669,0.026746,0.026819,0.026904,0.027001,0.027115,0.027228,0.027356,0.027499,0.027663,0.027998,0.028689,0.028978,0.029259,0.029499,0.029631,0.029748,0.029856,0.029949,0.030034,0.030108,0.030173,0.030226,0.030273,0.030311,0.030336,0.03035,0.030351,0.030341,0.03032,0.030288,0.030247,0.030196,0.030134,0.030059,0.029891,0.029527,0.029379,0.029239,0.029134,0.029085,0.029045,0.029016,0.028997,0.028988,0.02899,0.029002,0.029024,0.029056,0.0291,0.029152,0.029216,0.02929,0.029374,0.02947,0.02958,0.029784,0.030035,0.030285,0.030903,0.031208,0.031353,0.031479,0.031592,0.031696,0.031793,0.031874,0.031943,0.031998,0.03204,0.032069,0.032084,0.032087,0.032069,0.032028,0.031964,0.031876,0.031765,0.031627,0.031465,0.031281,0.031063,0.030809,0.030524,0.030202,0.02987,0.029496,0.029101,0.028042,0.027735,0.027463,0.027159,0.026895,0.026655,0.026446,0.02621,0.02601,0.025843,0.025711,0.025655,0.025609,0.02554,0.025515,0.0255,0.025492,0.025504,0.025532,0.025575,0.025633,0.025706,0.025796,0.025902,0.026025,0.026157,0.0263,0.026467,0.026651,0.027037,0.027826,0.02814,0.028455,0.028711,0.02885,0.028972,0.029077,0.02917,0.029251,0.029315,0.02937,0.029409,0.029436,0.029449,0.029448,0.029432,0.029403,0.029359,0.029301,0.029227,0.029156,0.029072,0.028873,0.028661,0.028123,0.027993,0.027881,0.027774,0.027684,0.027611,0.027556,0.02751,0.027487,0.027485,0.027503,0.027544,0.027604,0.027685,0.027789,0.027934,0.028101,0.028294,0.028523,0.02878,0.029064,0.029387,0.029734,0.030047,0.03039,0.030764,0.031168,0.031534,0.031941,0.033342,0.033855,0.03434,0.034775,0.035222,0.035614,0.035966,0.036278,0.03644,0.036593,0.036736,0.036859,0.036973,0.037078,0.037173,0.037259,0.037334,0.037399,0.037454,0.037495,0.037529,0.037552,0.037565,0.037569,0.037563,0.037546,0.037519,0.037481,0.037433,0.037374,0.037306,0.037227,0.037138,0.037032,0.036923,0.036797,0.03666,0.036513,0.036357,0.036191,0.035876,0.035535,0.035144,0.034716,0.034302,0.033842,0.032088,0.031377,0.031009,0.030667,0.030351,0.030061,0.029728,0.029426,0.029142,0.028887,0.028651,0.028432,0.028232,0.028051,0.027902,0.027768,0.027648,0.027538,0.027443,0.027363,0.027293,0.027237,0.027196,0.027164,0.02714,0.027124,0.027113,0.027126,0.027124,0.027105,0.027065,0.02703,0.026986,0.026933,0.02687,0.026799,0.026718,0.026627,0.026526,0.02642,0.026298,0.026166,0.026024,0.025872,0.025703,0.025525,0.025329,0.024981,0.024572,0.024169,0.023201,0.022712,0.022468,0.022251,0.022053,0.021873,0.021687,0.021521,0.021368,0.021233,0.021112,0.021003,0.020908,0.02083,0.02075,0.020692,0.02065,0.020628,0.020625,0.02064,0.020674,0.020726,0.020797,0.020885,0.020996,0.021125,0.021263,0.021425,0.022102,0.022373,0.02251,0.02263,0.022731,0.022819,0.022907,0.022972,0.023015,0.023036,0.023037,0.023016,0.022973,0.022909,0.022825,0.022715,0.022584,0.022431,0.022258,0.022059,0.021833,0.02158,0.021361,0.021112,0.020843,0.020545,0.019973,0.018563,0.018204,0.017887,0.017565,0.017278,0.017019,0.016795,0.016579,0.016387,0.016227,0.016099,0.015996,0.015921,0.015874,0.015856,0.015863,0.015892,0.015942,0.016016,0.016108,0.016226,0.016369,0.016532,0.016694,0.016878,0.017083,0.017308,0.017528,0.017781,0.018666,0.01901,0.019337,0.019618,0.019769,0.019903,0.020021,0.020128,0.020225,0.020305,0.020374,0.020431,0.0070574,0.0,0.0
