1000.0078125,1000.0625,1000.171875,1000.3125,1000.4921875,1000.703125,1000.9609375,1001.59375,1002.4296875,1003.359375,1004.328125,1005.3203125,1006.1328125,1006.9453125,1007.7734375,1008.609375,1009.5625,1010.5390625,1011.4140625,1012.765625,1013.0703125,1013.1953125,1013.2734375,1013.3203125,1013.3515625,1013.578125,1013.671875,1013.734375,1013.7734375,1013.8828125,1014.046875,1014.109375,1014.1640625,1014.2734375,1014.3046875,1014.3359375,1014.3515625,1014.3671875,1014.3984375,1014.5390625,1014.6484375,1015.0234375,1015.3203125,1015.3984375,1015.4765625,1015.5625,1015.65625,1015.8203125,1015.9140625,1016.0234375,1016.140625,1016.265625,1016.40625,1016.5625,1016.7265625,1016.90625,1017.1015625,1017.3203125,1017.5546875,1017.6796875,1017.8046875,1017.9453125,1018.0859375,1018.234375,1018.390625,1018.609375,1018.8359375,1019.0859375,1019.3515625,1019.640625,1019.953125,1020.6640625,1021.265625,1021.984375,1026.125,1027.3203125,1028.421875,1029.6171875,1030.7734375,1031.8984375,1033.0,1033.9921875,1034.984375,1035.9765625,1036.9921875,1038.1875,1039.4375,1040.5234375,1042.390625,1042.8671875,1043.0703125,1043.203125,1043.28125,1043.328125,1043.3671875,1043.578125,1043.6875,1043.7578125,1043.8046875,1043.921875,1044.0859375,1044.1484375,1044.2109375,1044.3203125,1044.3515625,1044.3671875,1044.390625,1044.421875,1044.453125,1044.609375,1044.71875,1045.0625,1045.3515625,1045.4296875,1045.515625,1045.609375,1045.7109375,1045.796875,1045.890625,1045.9921875,1046.1015625,1046.2265625,1046.359375,1046.5078125,1046.671875,1046.84375,1047.0390625,1047.25,1047.484375,1047.734375,1047.8671875,1048.0078125,1048.15625,1048.3125,1048.4765625,1048.6484375,1048.8984375,1049.171875,1049.4609375,1049.78125,1050.125,1050.5,1051.3671875,1052.15625,1053.109375,1057.65625,1058.8125,1059.875,1061.046875,1062.1640625,1063.25,1064.3203125,1065.296875,1066.2734375,1067.25,1068.25,1069.4453125,1070.6875,1071.7578125,1073.625,1074.109375,1074.3125,1074.4453125,1074.5234375,1074.5703125,1074.6015625,1074.828125,1074.9375,1075.0078125,1075.046875,1075.15625,1075.328125,1075.390625,1075.453125,1075.5625,1075.59375,1075.609375,1075.6328125,1075.6640625,1075.6953125,1075.8515625,1075.9609375,1076.296875,1076.5859375,1076.6640625,1076.75,1076.84375,1076.953125,1077.0390625,1077.1328125,1077.234375,1077.34375,1077.46875,1077.6015625,1077.75,1077.9140625,1078.0859375,1078.28125,1078.4921875,1078.71875,1078.96875,1079.1015625,1079.2421875,1079.390625,1079.546875,1079.7109375,1079.8828125,1080.1328125,1080.40625,1080.6953125,1081.0078125,1081.3515625,1081.71875,1082.578125,1083.359375,1084.3046875,1088.828125,1089.984375,1091.046875,1092.21875,1093.3359375,1094.4296875,1095.5,1096.4765625,1097.453125,1098.4375,1099.4375,1100.6171875,1101.84375,1102.8984375,1105.21875,1105.421875,1105.5546875,1105.640625,1105.6875,1105.7265625,1105.953125,1106.0625,1106.1328125,1106.171875,1106.28125,1106.453125,1106.515625,1106.578125,1106.6796875,1106.7109375,1106.7265625,1106.75,1106.78125,1106.8125,1106.9765625,1107.0859375,1107.421875,1107.7109375,1107.7890625,1107.875,1107.96875,1108.078125,1108.1640625,1108.2578125,1108.359375,1108.46875,1108.59375,1108.7265625,1108.875,1109.0390625,1109.2109375,1109.40625,1109.6171875,1109.84375,1110.09375,1110.2265625,1110.3671875,1110.515625,1110.671875,1110.828125,1111.0,1111.25,1111.515625,1111.8046875,1112.109375,1112.4453125,1112.8125,1113.6640625,1114.4296875,1115.359375,1119.859375,1121.015625,1122.078125,1123.2421875,1124.359375,1125.4453125,1126.515625,1127.4921875,1128.4609375,1129.4296875,1130.421875,1131.6015625,1132.828125,1133.875,1135.7265625,1136.2109375,1136.40625,1136.5390625,1136.625,1136.671875,1136.7109375,1136.921875,1137.03125,1137.1015625,1137.1484375,1137.265625,1137.4296875,1137.4921875,1137.5546875,1137.6640625,1137.6953125,1137.7109375,1137.734375,1137.765625,1137.796875,1137.953125,1138.0625,1138.40625,1138.6953125,1138.7734375,1138.859375,1138.953125,1139.0546875,1139.140625,1139.234375,1139.3359375,1139.4453125,1139.5703125,1139.703125,1139.8515625,1140.015625,1140.1875,1140.3828125,1140.59375,1140.8203125,1140.9453125,1141.0703125,1141.203125,1141.34375,1141.4921875,1141.6484375,1141.8046875,1141.9765625,1142.21875,1142.484375,1142.7734375,1143.078125,1143.4140625,1143.7734375,1144.609375,1145.3671875,1146.28125,1150.7421875,1151.8984375,1152.9609375,1154.125,1155.2421875,1156.328125,1157.3984375,1158.3671875,1159.328125,1160.296875,1161.2734375,1162.453125,1163.671875,1164.71875,1166.5703125,1167.0546875,1167.2578125,1167.390625,1167.46875,1167.515625,1167.5546875,1167.7734375,1167.8828125,1167.953125,1167.9921875,1168.109375,1168.2734375,1168.3359375,1168.3984375,1168.5078125,1168.5390625,1168.5546875,1168.578125,1168.609375,1168.640625,1168.796875,1168.90625,1169.25,1169.5390625,1169.6171875,1169.703125,1169.796875,1169.8984375,1169.984375,1170.078125,1170.1796875,1170.2890625,1170.4140625,1170.546875,1170.6953125,1170.8515625,1171.0234375,1171.21875,1171.4296875,1171.65625,1171.78125,1171.90625,1172.0390625,1172.1796875,1172.328125,1172.484375,1172.640625,1172.8125,1173.0546875,1173.3203125,1173.6015625,1173.90625,1174.234375,1174.59375,1175.421875,1176.1640625,1177.0625,1181.5,1182.65625,1183.71875,1184.8828125,1186.0,1187.0859375,1188.1484375,1189.109375,1190.0703125,1191.03125,1192.0078125,1193.1796875,1194.3984375,1195.4375,1197.28125,1197.765625,1197.9609375,1198.09375,1198.1796875,1198.2265625,1198.265625,1198.484375,1198.59375,1198.6640625,1198.703125,1198.8203125,1198.984375,1199.046875,1199.109375,1199.21875,1199.25,1199.265625,1199.2890625,1199.3203125,1199.3515625,1199.5078125,1199.6171875,1199.9609375,1200.25,1200.328125,1200.4140625,1200.5078125,1200.609375,1200.6953125,1200.7890625,1200.890625,1201.0,1201.125,1201.2578125,1201.40625,1201.5625,1201.734375,1201.9296875,1202.140625,1202.3671875,1202.4921875,1202.6171875,1202.75,1202.890625,1203.0390625,1203.1875,1203.34375,1203.515625,1203.7578125,1204.015625,1204.296875,1204.6015625,1204.9296875,1205.28125,1206.1015625,1206.8359375,1207.71875,1212.1171875,1213.2734375,1214.3359375,1215.5,1216.609375,1217.6953125,1218.7578125,1219.703125,1220.6484375,1221.59375,1222.5546875,1223.734375,1224.9609375,1226.015625,1227.875,1228.359375,1228.5625,1228.6953125,1228.7734375,1228.8203125,1229.078125,1229.1875,1229.2578125,1229.296875,1229.40625,1229.5703125,1229.6328125,1229.6953125,1229.8046875,1229.8359375,1229.8515625,1229.875,1229.90625,1229.9375,1230.09375,1230.203125,1230.546875,1230.8359375,1230.9140625,1231.0,1231.09375,1231.203125,1231.2890625,1231.3828125,1231.484375,1231.59375,1231.71875,1231.8515625,1232.0,1232.15625,1232.328125,1232.5234375,1232.7265625,1232.953125,1233.078125,1233.203125,1233.3359375,1233.4765625,1233.625,1233.7734375,1233.9296875,1234.1015625,1234.3359375,1234.59375,1234.875,1235.171875,1235.5,1235.8515625,1236.6640625,1237.3828125,1238.2578125,1242.6328125,1243.7890625,1244.8515625,1246.015625,1247.125,1248.2109375,1249.2734375,1250.2265625,1251.1796875,1252.1328125,1253.1015625,1254.265625,1255.4765625,1256.5078125,1258.8203125,1259.0234375,1259.15625,1259.2421875,1259.2890625,1259.328125,1259.546875,1259.65625,1259.7265625,1259.765625,1259.875,1260.046875,1260.109375,1260.171875,1260.28125,1260.3125,1260.328125,1260.3515625,1260.3828125,1260.4140625,1260.5703125,1260.6796875,1261.0234375,1261.3125,1261.390625,1261.4765625,1261.5703125,1261.671875,1261.7578125,1261.8515625,1261.953125,1262.0625,1262.1875,1262.3203125,1262.46875,1262.625,1262.796875,1262.9921875,1263.1953125,1263.421875,1263.546875,1263.671875,1263.8046875,1263.9453125,1264.09375,1264.2421875,1264.3984375,1264.5703125,1264.8046875,1265.0625,1265.3359375,1265.6328125,1265.953125,1266.3046875,1267.109375,1267.8203125,1268.6796875,1273.0390625,1274.1953125,1275.2578125,1276.421875,1277.53125,1278.6171875,1279.6796875,1280.6328125,1281.578125,1282.53125,1283.4921875,1284.6484375,1285.8515625,1286.8828125,1289.1875,1289.390625,1289.5234375,1289.609375,1289.65625,1289.6953125,1289.9140625,1290.0234375,1290.09375,1290.1328125,1290.2421875,1290.4140625,1290.4765625,1290.5390625,1290.6484375,1290.6796875,1290.6953125,1290.71875,1290.75,1290.78125,1290.9375,1291.046875,1291.390625,1291.6796875,1291.7578125,1291.84375,1291.9375,1292.0390625,1292.125,1292.21875,1292.3203125,1292.4296875,1292.5546875,1292.6875,1292.8359375,1292.9921875,1293.1640625,1293.359375,1293.5625,1293.7890625,1293.9140625,1294.0390625,1294.171875,1294.3046875,1294.453125,1294.6015625,1294.7578125,1294.9296875,1295.1640625,1295.421875,1295.6953125,1295.9921875,1296.3125,1296.65625,1297.453125,1298.15625,1299.0078125,1303.3359375,1304.4921875,1305.5546875,1306.71875,1307.828125,1308.90625,1309.96875,1310.9140625,1311.8515625,1312.796875,1313.75,1314.9140625,1316.1171875,1317.1484375,1318.984375,1319.4609375,1319.6640625,1319.796875,1319.8828125,1319.9296875,1319.96875,1320.1875,1320.296875,1320.3671875,1320.40625,1320.515625,1320.6875,1320.75,1320.8125,1320.9140625,1320.9453125,1320.9609375,1320.984375,1321.015625,1321.046875,1321.2109375,1321.3203125,1321.6640625,1321.953125,1322.03125,1322.1171875,1322.2109375,1322.3125,1322.3984375,1322.4921875,1322.59375,1322.703125,1322.828125,1322.9609375,1323.109375,1323.265625,1323.4375,1323.6328125,1323.8359375,1324.0625,1324.1875,1324.3125,1324.4453125,1324.578125,1324.7265625,1324.875,1325.03125,1325.203125,1325.4375,1325.6875,1325.9609375,1326.25,1326.5703125,1326.9140625,1327.703125,1328.3984375,1329.234375,1333.5390625,1334.6953125,1335.7578125,1336.921875,1338.03125,1339.109375,1340.171875,1341.109375,1342.046875,1342.9921875,1343.9453125,1345.1015625,1346.3046875,1347.3359375,1349.640625,1349.84375,1349.9765625,1350.0625,1350.109375,1350.1484375,1350.3671875,1350.4765625,1350.546875,1350.5859375,1350.6953125,1350.8671875,1350.9296875,1350.9921875,1351.09375,1351.125,1351.140625,1351.1640625,1351.1796875,1351.1953125,1351.2265625,1351.390625,1351.5,1351.84375,1352.1328125,1352.2109375,1352.296875,1352.390625,1352.4921875,1352.578125,1352.671875,1352.7734375,1352.8828125,1353.0078125,1353.140625,1353.2890625,1353.4453125,1353.6171875,1353.8125,1354.015625,1354.2421875,1354.3671875,1354.4921875,1354.625,1354.7578125,1354.90625,1355.0546875,1355.2109375,1355.375,1355.609375,1355.859375,1356.1328125,1356.421875,1356.734375,1357.078125,1357.8671875,1358.5546875,1359.3828125,1363.65625,1364.8125,1365.875,1367.03125,1368.140625,1369.21875,1370.28125,1371.2109375,1372.140625,1373.0703125,1374.0078125,1375.171875,1376.3828125,1377.4140625,1379.265625,1379.75,1379.953125,1380.0859375,1380.1640625,1380.2109375,1380.4609375,1380.5703125,1380.640625,1380.6796875,1380.796875,1380.9609375,1381.0234375,1381.0859375,1381.1953125,1381.2265625,1381.2421875,1381.265625,1381.296875,1381.328125,1381.484375,1381.59375,1381.9453125,1382.2265625,1382.3046875,1382.390625,1382.484375,1382.59375,1382.765625,1382.8671875,1382.9765625,1383.1015625,1383.234375,1383.3828125,1383.5390625,1383.7109375,1383.90625,1384.109375,1384.3359375,1384.4609375,1384.5859375,1384.71875,1384.8515625,1385.0,1385.1484375,1385.3046875,1385.46875,1385.703125,1385.953125,1386.21875,1386.5078125,1386.8203125,1387.1640625,1387.9453125,1388.625,1389.4453125,1393.7109375,1394.8671875,1395.9296875,1397.09375,1398.203125,1399.28125,1400.34375,1401.28125,1402.2109375,1403.1484375,1404.09375,1405.2421875,1406.4375,1407.453125,1409.7578125,1409.9609375,1410.09375,1410.1796875,1410.2265625,1410.265625,1410.484375,1410.59375,1410.6640625,1410.703125,1410.8125,1410.984375,1411.046875,1411.109375,1411.2109375,1411.2421875,1411.2578125,1411.28125,1411.296875,1411.3125,1411.34375,1411.5078125,1411.6171875,1411.9609375,1412.25,1412.328125,1412.4140625,1412.5078125,1412.609375,1412.78125,1412.8828125,1412.9921875,1413.1171875,1413.25,1413.3984375,1413.5546875,1413.7265625,1413.921875,1414.125,1414.3515625,1414.4765625,1414.6015625,1414.734375,1414.8671875,1415.015625,1415.1640625,1415.3203125,1415.4921875,1415.71875,1415.96875,1416.234375,1416.5234375,1416.8359375,1417.171875,1417.953125,1418.625,1419.4375,1423.671875,1424.828125,1425.890625,1427.046875,1428.15625,1429.234375,1430.296875,1431.2265625,1432.1484375,1433.078125,1434.015625,1435.171875,1436.375,1437.3984375,1439.2265625,1439.7109375,1439.921875,1440.0546875,1440.1328125,1440.1796875,1440.2109375,1440.4375,1440.546875,1440.6171875,1440.65625,1440.765625,1440.9296875,1440.9921875,1441.0546875,1441.1640625,1441.1953125,1441.2109375,1441.234375,1441.265625,1441.296875,1441.4609375,1441.5703125,1441.9140625,1442.203125,1442.28125,1442.3671875,1442.4609375,1442.5625,1442.734375,1442.8359375,1442.9453125,1443.0703125,1443.203125,1443.3515625,1443.5078125,1443.6796875,1443.875,1444.078125,1444.3046875,1444.4296875,1444.5546875,1444.6875,1444.8203125,1444.96875,1445.1171875,1445.2734375,1445.4375,1445.6640625,1445.9140625,1446.1796875,1446.46875,1446.7734375,1447.109375,1447.8828125,1448.5546875,1449.359375,1453.578125,1454.734375,1455.796875,1456.953125,1458.0625,1459.140625,1460.203125,1461.1328125,1462.0546875,1462.984375,1463.921875,1465.0703125,1466.265625,1467.28125,1469.109375,1469.59375,1469.796875,1469.9296875,1470.015625,1470.0625,1470.1015625,1470.3203125,1470.4296875,1470.5,1470.5390625,1470.6484375,1470.8125,1470.875,1470.9375,1471.046875,1471.078125,1471.09375,1471.1171875,1471.1484375,1471.1796875,1471.34375,1471.453125,1471.796875,1472.0859375,1472.1640625,1472.25,1472.34375,1472.4453125,1472.6171875,1472.71875,1472.828125,1472.953125,1473.0859375,1473.234375,1473.390625,1473.5625,1473.7578125,1473.9609375,1474.1875,1474.3125,1474.4375,1474.5703125,1474.703125,1474.8515625,1475.0,1475.15625,1475.3203125,1475.546875,1475.796875,1476.0625,1476.34375,1476.6484375,1476.984375,1477.7578125,1478.421875,1479.21875,1483.421875,1484.5703125,1485.6328125,1486.7890625,1487.890625,1488.96875,1490.0234375,1490.9375,1491.8515625,1492.765625,1493.6953125,1494.859375,1496.0625,1497.0859375,1498.9453125,1499.4296875,1499.6328125,1499.765625,1499.84375,1499.890625,1500.1484375,1500.25,1500.3203125,1500.359375,1500.46875,1500.640625,1500.703125,1500.765625,1500.8671875,1500.8984375,1500.9140625,1500.9375,1500.953125,1500.96875,1501.0,1501.1640625,1501.2734375,1501.6171875,1501.90625,1501.984375,1502.0703125,1502.1640625,1502.265625,1502.4375,1502.5390625,1502.6484375,1502.7734375,1502.90625,1503.0546875,1503.2109375,1503.3828125,1503.578125,1503.78125,1504.0078125,1504.1328125,1504.2578125,1504.390625,1504.5234375,1504.671875,1504.8203125,1504.9765625,1505.140625,1505.3671875,1505.6171875,1505.8828125,1506.1640625,1506.46875,1506.796875,1507.5625,1508.21875,1509.015625,1513.203125,1514.359375,1515.421875,1516.578125,1517.6796875,1518.7578125,1519.8125,1520.7265625,1521.640625,1522.5546875,1523.484375,1524.640625,1525.84375,1526.8671875,1528.703125,1529.1875,1529.3984375,1529.53125,1529.609375,1529.65625,1529.90625,1530.015625,1530.0859375,1530.125,1530.234375,1530.40625,1530.46875,1530.53125,1530.640625,1530.671875,1530.6875,1530.7109375,1530.7421875,1530.7734375,1530.9296875,1531.0390625,1531.390625,1531.671875,1531.7578125,1531.84375,1531.9375,1532.0390625,1532.2109375,1532.3125,1532.421875,1532.546875,1532.6796875,1532.828125,1532.984375,1533.15625,1533.34375,1533.546875,1533.7734375,1533.8984375,1534.0234375,1534.15625,1534.2890625,1534.4375,1534.5859375,1534.7421875,1534.90625,1535.1328125,1535.375,1535.640625,1535.921875,1536.2265625,1536.5546875,1537.3203125,1537.96875,1538.7578125,1542.9453125,1544.1015625,1545.1640625,1546.3203125,1547.4296875,1548.5078125,1549.5625,1550.484375,1551.40625,1552.328125,1553.2578125,1554.3984375,1555.5859375,1556.59375,1558.4140625,1558.8984375,1559.1015625,1559.234375,1559.3203125,1559.3671875,1559.40625,1559.625,1559.734375,1559.8046875,1559.84375,1559.953125,1560.1171875,1560.1796875,1560.2421875,1560.3515625,1560.3828125,1560.3984375,1560.421875,1560.453125,1560.484375,1560.6484375,1560.7578125,1561.1015625,1561.390625,1561.46875,1561.5546875,1561.6484375,1561.75,1561.921875,1562.0234375,1562.1328125,1562.2578125,1562.390625,1562.5390625,1562.6953125,1562.8671875,1563.0546875,1563.2578125,1563.484375,1563.609375,1563.734375,1563.8671875,1564.0,1564.1484375,1564.296875,1564.453125,1564.6171875,1564.84375,1565.0859375,1565.3515625,1565.6328125,1565.9375,1566.265625,1567.0234375,1567.671875,1568.453125,1572.6171875,1573.7734375,1574.8359375,1575.9921875,1577.09375,1578.171875,1579.2265625,1580.140625,1581.046875,1581.953125,1582.875,1584.03125,1585.2265625,1586.2421875,1588.0859375,1588.5703125,1588.78125,1588.9140625,1588.9921875,1589.0390625,1589.2890625,1589.3984375,1589.46875,1589.5078125,1589.6171875,1589.7890625,1589.8515625,1589.9140625,1590.015625,1590.046875,1590.0625,1590.0859375,1590.1015625,1590.1171875,1590.1484375,1590.3125,1590.4296875,1590.765625,1591.0625,1591.140625,1591.2265625,1591.3203125,1591.421875,1591.59375,1591.6953125,1591.8046875,1591.9296875,1592.0625,1592.2109375,1592.3671875,1592.5390625,1592.7265625,1592.9296875,1593.15625,1593.28125,1593.40625,1593.5390625,1593.671875,1593.8203125,1593.96875,1594.125,1594.2890625,1594.515625,1594.7578125,1595.015625,1595.296875,1595.6015625,1595.9296875,1596.6875,1597.328125,1598.109375,1602.2578125,1603.4140625,1604.4765625,1605.6328125,1606.7421875,1607.8203125,1608.875,1609.796875,1610.7109375,1611.6328125,1612.5625,1613.703125,1614.8828125,1615.8828125,1617.703125,1618.1875,1618.390625,1618.5234375,1618.609375,1618.65625,1618.6953125,1618.9140625,1619.0234375,1619.09375,1619.1328125,1619.2421875,1619.40625,1619.46875,1619.53125,1619.640625,1619.671875,1619.6875,1619.7109375,1619.7421875,1619.7734375,1619.9375,1620.046875,1620.390625,1620.6796875,1620.7578125,1620.84375,1620.9375,1621.0390625,1621.2109375,1621.3125,1621.421875,1621.546875,1621.6796875,1621.828125,1621.984375,1622.15625,1622.34375,1622.546875,1622.7734375,1622.8984375,1623.0234375,1623.15625,1623.2890625,1623.4375,1623.5859375,1623.7421875,1623.90625,1624.1328125,1624.375,1624.6328125,1624.9140625,1625.21875,1625.546875,1626.296875,1626.9375,1627.7109375,1631.8515625,1633.0,1634.0625,1635.21875,1636.3203125,1637.3984375,1638.453125,1639.359375,1640.265625,1641.171875,1642.09375,1643.2421875,1644.4375,1645.4453125,1647.2890625,1647.7734375,1647.984375,1648.1171875,1648.1953125,1648.2421875,1648.4921875,1648.6015625,1648.671875,1648.7109375,1648.8203125,1648.9921875,1649.0546875,1649.1171875,1649.21875,1649.25,1649.265625,1649.2890625,1649.3046875,1649.3203125,1649.3515625,1649.515625,1649.6328125,1649.9765625,1650.265625,1650.34375,1650.4296875,1650.5234375,1650.625,1650.796875,1650.8984375,1651.0078125,1651.1328125,1651.265625,1651.4140625,1651.5703125,1651.7421875,1651.9296875,1652.1328125,1652.359375,1652.484375,1652.609375,1652.7421875,1652.875,1653.0234375,1653.171875,1653.328125,1653.4921875,1653.71875,1653.9609375,1654.21875,1654.5,1654.796875,1655.125,1655.875,1656.515625,1657.28125,1661.40625,1662.5625,1663.625,1664.78125,1665.8828125,1666.9609375,1668.015625,1668.9296875,1669.8359375,1670.75,1671.671875,1672.8125,1674.0,1675.0,1676.828125,1677.3125,1677.515625,1677.6484375,1677.734375,1677.78125,1677.8203125,1678.0390625,1678.1484375,1678.21875,1678.2578125,1678.3671875,1678.53125,1678.59375,1678.65625,1678.765625,1678.796875,1678.8125,1678.8359375,1678.8671875,1678.8984375,1679.0546875,1679.171875,1679.515625,1679.8046875,1679.8828125,1679.96875,1680.0625,1680.1640625,1680.3359375,1680.4375,1680.546875,1680.671875,1680.8046875,1680.953125,1681.109375,1681.28125,1681.46875,1681.671875,1681.8984375,1682.0234375,1682.1484375,1682.28125,1682.4140625,1682.5625,1682.7109375,1682.8671875,1683.03125,1683.2578125,1683.5,1683.7578125,1684.0390625,1684.3359375,1684.6640625,1685.4140625,1686.046875,1686.8125,1690.9296875,1692.078125,1693.140625,1694.296875,1695.3984375,1696.4765625,1697.53125,1698.4375,1699.34375,1700.25,1701.171875,1702.3125,1703.5,1704.5,1706.3359375,1706.8203125,1707.0234375,1707.15625,1707.2421875,1707.2890625,1707.328125,1707.5390625,1707.6484375,1707.71875,1707.7578125,1707.875,1708.0390625,1708.1015625,1708.1640625,1708.2734375,1708.3046875,1708.3203125,1708.34375,1708.375,1708.40625,1708.5625,1708.671875,1709.0234375,1709.3125,1709.390625,1709.4765625,1709.5703125,1709.671875,1709.84375,1709.9453125,1710.0546875,1710.1796875,1710.3125,1710.4609375,1710.6171875,1710.7890625,1710.9765625,1711.1796875,1711.40625,1711.53125,1711.65625,1711.7890625,1711.921875,1712.0703125,1712.21875,1712.375,1712.5390625,1712.765625,1713.0078125,1713.265625,1713.5390625,1713.8359375,1714.1640625,1714.9140625,1715.546875,1716.3046875,1720.4140625,1721.5625,1722.625,1723.78125,1724.8828125,1725.953125,1727.0078125,1727.90625,1728.8046875,1729.703125,1730.6171875,1731.765625,1732.9609375,1733.9609375,1735.8046875,1736.296875,1736.5078125,1736.640625,1736.71875,1736.765625,1737.015625,1737.125,1737.1953125,1737.234375,1737.34375,1737.515625,1737.578125,1737.640625,1737.7421875,1737.7734375,1737.7890625,1737.8125,1737.828125,1737.84375,1737.875,1738.0390625,1738.1484375,1738.5,1738.7890625,1738.8671875,1738.953125,1739.046875,1739.1484375,1739.3203125,1739.421875,1739.53125,1739.65625,1739.7890625,1739.9375,1740.09375,1740.265625,1740.453125,1740.65625,1740.8828125,1741.125,1741.2578125,1741.390625,1741.5390625,1741.6875,1741.84375,1742.0078125,1742.234375,1742.4765625,1742.734375,1743.0078125,1743.3046875,1743.6328125,1744.375,1745.0078125,1745.765625,1749.8671875,1751.0234375,1752.0859375,1753.234375,1754.34375,1755.421875,1756.4765625,1757.3828125,1758.2890625,1759.1953125,1760.109375,1761.25,1762.4296875,1763.421875,1765.7265625,1765.9375,1766.0703125,1766.15625,1766.203125,1766.2421875,1766.4609375,1766.5703125,1766.640625,1766.6796875,1766.7890625,1766.953125,1767.015625,1767.078125,1767.1875,1767.21875,1767.234375,1767.2578125,1767.2890625,1767.3203125,1767.4765625,1767.59375,1767.9375,1768.2265625,1768.3046875,1768.390625,1768.484375,1768.5859375,1768.7578125,1768.859375,1768.96875,1769.09375,1769.2265625,1769.375,1769.53125,1769.703125,1769.890625,1770.09375,1770.3203125,1770.4453125,1770.5703125,1770.703125,1770.8359375,1770.984375,1771.1328125,1771.2890625,1771.453125,1771.6796875,1771.921875,1772.1796875,1772.453125,1772.75,1773.078125,1773.8203125,1774.4453125,1775.203125,1779.296875,1780.4453125,1781.5078125,1782.65625,1783.7578125,1784.8359375,1785.890625,1786.796875,1787.6953125,1788.59375,1789.5078125,1790.6484375,1791.828125,1792.828125,1795.140625,1795.3515625,1795.484375,1795.5703125,1795.6171875,1795.65625,1795.8671875,1795.9765625,1796.046875,1796.0859375,1796.203125,1796.3671875,1796.4296875,1796.4921875,1796.6015625,1796.6328125,1796.6484375,1796.671875,1796.703125,1796.734375,1796.890625,1797.0,1797.3515625,1797.640625,1797.71875,1797.8046875,1797.8984375,1798.0,1798.171875,1798.2734375,1798.3828125,1798.5078125,1798.640625,1798.7890625,1798.9453125,1799.1171875,1799.3046875,1799.5078125,1799.734375,1799.859375,1799.984375,1800.1171875,1800.25,1800.3984375,1800.546875,1800.703125,1800.8671875,1801.09375,1801.3359375,1801.59375,1801.8671875,1802.1640625,1802.484375,1803.2265625,1803.8515625,1804.609375,1808.6875,1809.8359375,1810.890625,1812.0390625,1813.140625,1814.2109375,1815.265625,1816.15625,1817.046875,1817.9375,1818.8359375,1819.9921875,1821.1875,1822.1953125,1824.046875,1824.5390625,1824.75,1824.8828125,1824.9609375,1825.0078125,1825.265625,1825.3671875,1825.4375,1825.4765625,1825.5859375,1825.75,1825.8125,1825.875,1825.984375,1826.015625,1826.03125,1826.0546875,1826.0859375,1826.1171875,1826.28125,1826.390625,1826.734375,1827.0234375,1827.1015625,1827.1875,1827.28125,1827.3828125,1827.5546875,1827.65625,1827.765625,1827.890625,1828.0234375,1828.171875,1828.328125,1828.5,1828.6875,1828.890625,1829.1171875,1829.2421875,1829.3671875,1829.5,1829.6328125,1829.78125,1829.9296875,1830.0859375,1830.25,1830.4765625,1830.71875,1830.9765625,1831.25,1831.546875,1831.8671875,1832.609375,1833.234375,1833.984375,1838.0546875,1839.203125,1840.265625,1841.4140625,1842.515625,1843.5859375,1844.640625,1845.53125,1846.4140625,1847.3046875,1848.203125,1849.3515625,1850.546875,1851.5546875,1853.40625,1853.8984375,1854.109375,1854.2421875,1854.3203125,1854.3671875,1854.625,1854.7265625,1854.796875,1854.8359375,1854.9453125,1855.109375,1855.171875,1855.234375,1855.34375,1855.375,1855.390625,1855.4140625,1855.4453125,1855.4765625,1855.640625,1855.75,1856.09375,1856.3828125,1856.46875,1856.5546875,1856.6484375,1856.75,1856.921875,1857.0234375,1857.1328125,1857.2578125,1857.390625,1857.5390625,1857.6953125,1857.8671875,1858.0546875,1858.2578125,1858.484375,1858.7265625,1858.859375,1858.9921875,1859.140625,1859.2890625,1859.4453125,1859.609375,1859.8359375,1860.0703125,1860.328125,1860.6015625,1860.8984375,1861.21875,1861.9609375,1862.5859375,1863.3359375,1867.4140625,1868.5625,1869.625,1870.7734375,1871.875,1872.953125,1874.0078125,1874.9140625,1875.8125,1876.7109375,1877.625,1878.7578125,1879.9296875,1880.9140625,1883.21875,1883.4296875,1883.5625,1883.6484375,1883.6953125,1883.734375,1883.953125,1884.0625,1884.1328125,1884.171875,1884.28125,1884.4453125,1884.5078125,1884.5703125,1884.6796875,1884.7109375,1884.7265625,1884.75,1884.78125,1884.8125,1884.96875,1885.0859375,1885.4296875,1885.71875,1885.796875,1885.8828125,1885.9765625,1886.078125,1886.25,1886.3515625,1886.4609375,1886.5859375,1886.71875,1886.8671875,1887.0234375,1887.1953125,1887.3828125,1887.5859375,1887.8125,1887.9375,1888.0625,1888.1953125,1888.328125,1888.4765625,1888.625,1888.78125,1888.9453125,1889.171875,1889.40625,1889.6640625,1889.9375,1890.234375,1890.5546875,1891.296875,1891.9140625,1892.6640625,1896.7265625,1897.875,1898.9375,1900.078125,1901.1796875,1902.25,1903.3046875,1904.1875,1905.0703125,1905.953125,1906.8515625,1908.0,1909.1953125,1910.1953125,1912.0546875,1912.546875,1912.7578125,1912.890625,1912.96875,1913.015625,1913.2734375,1913.375,1913.4453125,1913.484375,1913.59375,1913.7578125,1913.8203125,1913.8828125,1913.9921875,1914.0234375,1914.0390625,1914.0625,1914.09375,1914.125,1914.28125,1914.3984375,1914.7421875,1915.03125,1915.1171875,1915.203125,1915.296875,1915.3984375,1915.5703125,1915.671875,1915.78125,1915.90625,1916.0390625,1916.1875,1916.34375,1916.515625,1916.703125,1916.90625,1917.1328125,1917.375,1917.5078125,1917.640625,1917.7890625,1917.9375,1918.09375,1918.2578125,1918.484375,1918.71875,1918.9765625,1919.25,1919.546875,1919.8671875,1920.609375,1921.2265625,1921.9765625,1926.03125,1928.234375,1929.3828125,1930.484375,1931.5546875,1932.609375,1933.5,1934.3828125,1935.2734375,1936.171875,1937.3125,1938.5,1939.4921875,1941.34375,1941.8359375,1942.046875,1942.1796875,1942.2578125,1942.3046875,1942.5546875,1942.6640625,1942.734375,1942.7734375,1942.8828125,1943.046875,1943.109375,1943.171875,1943.28125,1943.3125,1943.328125,1943.3515625,1943.3828125,1943.4140625,1943.578125,1943.6875,1944.0390625,1944.328125,1944.40625,1944.4921875,1944.5859375,1944.6875,1944.859375,1944.9609375,1945.0703125,1945.1953125,1945.328125,1945.4765625,1945.6328125,1945.8046875,1945.9921875,1946.1953125,1946.421875,1946.546875,1946.671875,1946.8046875,1946.9375,1947.0859375,1947.234375,1947.390625,1947.5546875,1947.78125,1948.015625,1948.2734375,1948.546875,1948.84375,1949.1640625,1949.8984375,1950.515625,1951.2578125,1955.3125,1956.4609375,1957.5234375,1958.671875,1959.7734375,1960.8515625,1961.90625,1962.8046875,1963.6953125,1964.59375,1965.5,1966.625,1967.796875,1968.78125,1971.09375,1971.3046875,1971.4375,1971.5234375,1971.5703125,1971.609375,1971.828125,1971.9375,1972.0078125,1972.046875,1972.15625,1972.3203125,1972.3828125,1972.4453125,1972.5546875,1972.5859375,1972.6015625,1972.625,1972.65625,1972.6875,1972.84375,1972.953125,1973.3046875,1973.59375,1973.671875,1973.7578125,1973.8515625,1973.953125,1974.125,1974.2265625,1974.3359375,1974.4609375,1974.59375,1974.7421875,1974.8984375,1975.0703125,1975.2578125,1975.4609375,1975.6875,1975.8125,1975.9375,1976.0703125,1976.203125,1976.3515625,1976.5,1976.65625,1976.8203125,1977.046875,1977.28125,1977.5390625,1977.8125,1978.109375,1978.4296875,1979.1640625,1979.78125,1980.5234375,1984.578125,1986.78125,1987.921875,1989.0234375,1990.09375,1991.1484375,1992.03125,1992.90625,1993.7890625,1994.6796875,1995.828125,1997.015625,1998.0078125,1999.8671875,2000.359375,2000.5703125,2000.703125,2000.78125,2000.828125,2001.078125,2001.1875,2001.2578125,2001.296875,2001.40625,2001.5703125,2001.6328125,2001.6953125,2001.8046875,2001.8359375,2001.8515625,2001.875,2001.90625,2001.9375,2002.09375,2002.2109375,2002.5625,2002.84375,2002.9296875,2003.015625,2003.109375,2003.2109375,2003.3828125,2003.484375,2003.59375,2003.71875,2003.8515625,2004.0,2004.15625,2004.328125,2004.515625,2004.71875,2004.9453125,2005.0703125,2005.1953125,2005.328125,2005.4609375,2005.609375,2005.7578125,2005.9140625,2006.078125,2006.3046875,2006.5390625,2006.796875,2007.0703125,2007.3671875,2007.6875,2008.421875,2009.0390625,2009.7734375,2013.8203125,2014.96875,2016.03125,2017.1796875,2018.28125,2019.3515625,2020.40625,2021.296875,2022.1875,2023.078125,2023.984375,2025.109375,2026.28125,2027.265625,2029.578125,2029.7890625,2029.921875,2030.0078125,2030.0546875,2030.09375,2030.3046875,2030.4140625,2030.484375,2030.5234375,2030.640625,2030.8046875,2030.8671875,2030.9296875,2031.0390625,2031.0703125,2031.0859375,2031.109375,2031.140625,2031.171875,2031.34375,2031.4765625,2031.7890625,2032.0859375,2032.1796875,2032.2734375,2032.375,2032.4921875,2032.6328125,2032.7890625,2032.96875,2033.1796875,2033.296875,2033.421875,2033.5546875,2033.6953125,2033.9296875,2034.0546875,2034.1875,2034.328125,2034.4765625,2034.6328125,2034.796875,2034.96875,2035.15625,2035.3515625,2035.5546875,2035.7734375,2036.0,2036.515625,2036.921875,2037.375,2037.890625,2038.484375,2039.5859375,2043.265625,2044.453125,2045.5625,2046.5078125,2047.4296875,2048.328125,2049.2109375,2050.2265625,2051.2421875,2052.2578125,2053.28125,2054.390625,2055.546875,2056.5390625,2058.734375,2059.0703125,2059.1640625,2059.2265625,2059.2734375,2059.3046875,2059.53125,2059.6171875,2059.6953125,2059.7421875,2059.8515625,2060.0234375,2060.0859375,2060.1484375,2060.25,2060.28125,2060.296875,2060.3203125,2060.3515625,2060.3828125,2060.546875,2060.65625,2061.0078125,2061.2890625,2061.375,2061.453125,2061.5390625,2061.640625,2061.8125,2061.90625,2062.015625,2062.1328125,2062.2578125,2062.3984375,2062.5546875,2062.71875,2062.8984375,2063.09375,2063.3125,2063.546875,2063.796875,2063.9375,2064.078125,2064.2265625,2064.3828125,2064.609375,2064.8515625,2065.109375,2065.390625,2065.6953125,2066.0234375,2066.7890625,2067.421875,2068.1875,2072.2890625,2073.453125,2074.53125,2075.6875,2076.8046875,2077.890625,2078.953125,2079.8203125,2080.6875,2081.5546875,2082.4375,2083.5546875,2084.7109375,2087.9921875,2088.203125,2088.3359375,2088.421875,2088.46875,2088.5078125,2088.71875,2088.828125,2088.8984375,2088.9375,2089.0546875,2089.21875,2089.28125,2089.34375,2089.453125,2089.484375,2089.5,2089.5234375,2089.5546875,2089.5859375,2089.7421875,2089.8515625,2090.2109375,2090.4609375,2090.6015625,2090.7421875,2090.8671875,2091.015625,2091.1953125,2091.296875,2091.3984375,2091.515625,2091.640625,2091.7734375,2091.9140625,2092.0703125,2092.234375,2092.4140625,2092.609375,2092.8359375,2093.0859375,2093.3515625,2093.6484375,2093.96875,2094.328125,2094.71875,2095.1640625,2095.546875,2095.9765625,2097.0234375,2098.0546875,2101.5546875,2102.703125,2103.765625,2104.734375,2105.671875,2106.5859375,2107.484375,2108.4609375,2109.4296875,2110.40625,2111.3828125,2112.5625,2113.78125,2114.8203125,2117.171875,2117.3828125,2117.515625,2117.6015625,2117.6484375,2117.6875,2117.90625,2118.015625,2118.0859375,2118.125,2118.234375,2118.3984375,2118.4609375,2118.5234375,2118.6328125,2118.6640625,2118.6796875,2118.703125,2118.734375,2118.765625,2118.9375,2119.0703125,2119.3828125,2119.6796875,2119.7734375,2119.8671875,2119.96875,2120.0859375,2120.2265625,2120.3828125,2120.5625,2120.7734375,2120.890625,2121.015625,2121.1484375,2121.2890625,2121.5234375,2121.6484375,2121.78125,2121.921875,2122.0703125,2122.2265625,2122.390625,2122.5625,2122.75,2122.9453125,2123.1484375,2123.3671875,2123.59375,2124.109375,2124.5078125,2124.9609375,2125.4765625,2126.0703125,2127.1640625,2130.859375,2132.046875,2133.15625,2134.109375,2135.03125,2135.9296875,2136.8203125,2137.8515625,2138.8828125,2139.9140625,2140.953125,2142.03125,2143.15625,2146.2421875,2146.5625,2146.734375,2146.8046875,2146.84375,2147.0703125,2147.15625,2147.203125,2147.2421875,2147.2890625,2147.3984375,2147.5625,2147.625,2147.6875,2147.796875,2147.828125,2147.84375,2147.8671875,2147.8984375,2147.9296875,2148.09375,2148.203125,2148.5546875,2148.8359375,2148.921875,2149.0,2149.0859375,2149.1875,2149.359375,2149.453125,2149.5625,2149.6796875,2149.8046875,2149.9453125,2150.1015625,2150.265625,2150.4453125,2150.640625,2150.859375,2151.09375,2151.34375,2151.4765625,2151.6171875,2151.765625,2151.921875,2152.1484375,2152.390625,2152.6484375,2152.9296875,2153.234375,2153.5625,2154.328125,2154.9609375,2155.7265625,2159.828125,2160.9921875,2162.0703125,2163.2265625,2164.34375,2165.4296875,2166.4921875,2167.3515625,2168.2109375,2169.0703125,2169.9453125,2171.0625,2172.21875,2175.484375,2175.6953125,2175.8359375,2175.921875,2175.96875,2176.0078125,2176.21875,2176.328125,2176.3984375,2176.4375,2176.546875,2176.71875,2176.78125,2176.84375,2176.9453125,2176.9765625,2176.9921875,2177.015625,2177.03125,2177.046875,2177.078125,2177.2578125,2177.3984375,2177.703125,2178.0,2178.09375,2178.1875,2178.2890625,2178.40625,2178.546875,2178.703125,2178.8828125,2179.09375,2179.2109375,2179.3359375,2179.46875,2179.609375,2179.84375,2179.9765625,2180.109375,2180.25,2180.3984375,2180.5546875,2180.71875,2180.890625,2181.078125,2181.2734375,2181.4765625,2181.6953125,2181.921875,2182.4375,2182.8359375,2183.2890625,2183.796875,2184.390625,2185.484375,2189.1640625,2190.3515625,2191.453125,2192.3984375,2193.3125,2194.203125,2195.0859375,2196.09375,2197.1015625,2198.109375,2199.125,2200.234375,2201.3828125,2202.375,2204.5625,2204.90625,2205.0,2205.0625,2205.109375,2205.140625,2205.3671875,2205.4609375,2205.53125,2205.578125,2205.6875,2205.8515625,2205.9140625,2205.9765625,2206.0859375,2206.1171875,2206.1328125,2206.15625,2206.1875,2206.21875,2206.3828125,2206.4921875,2206.84375,2207.125,2207.2109375,2207.2890625,2207.375,2207.4765625,2207.6484375,2207.7421875,2207.8515625,2207.96875,2208.09375,2208.234375,2208.3828125,2208.546875,2208.7265625,2208.921875,2209.1328125,2209.3671875,2209.6171875,2209.75,2209.890625,2210.0390625,2210.1953125,2210.421875,2210.6640625,2210.9296875,2211.2109375,2211.515625,2211.84375,2212.609375,2213.2421875,2214.0078125,2218.109375,2219.2734375,2220.3515625,2221.5078125,2222.6171875,2223.703125,2224.765625,2225.609375,2226.453125,2227.296875,2228.1484375,2229.2734375,2230.4453125,2233.7578125,2233.9765625,2234.109375,2234.1875,2234.234375,2234.484375,2234.59375,2234.6640625,2234.703125,2234.8125,2234.9765625,2235.0390625,2235.1015625,2235.2109375,2235.2421875,2235.2578125,2235.28125,2235.3125,2235.34375,2235.5,2235.609375,2235.96875,2236.21875,2236.359375,2236.5,2236.625,2236.7734375,2236.953125,2237.046875,2237.15625,2237.2734375,2237.3984375,2237.53125,2237.6796875,2237.8359375,2238.0,2238.1796875,2238.375,2238.6015625,2238.8515625,2239.125,2239.421875,2239.7421875,2240.1015625,2240.4921875,2240.9375,2241.3203125,2241.75,2242.7890625,2243.8125,2247.296875,2248.4375,2249.5,2250.46875,2251.3984375,2252.3125,2253.203125,2254.171875,2255.1328125,2256.1015625,2257.0703125,2258.25,2259.46875,2260.5,2262.3671875,2262.859375,2263.0703125,2263.203125,2263.2890625,2263.3359375,2263.375,2263.5859375,2263.6953125,2263.765625,2263.8046875,2263.921875,2264.0859375,2264.1484375,2264.2109375,2264.3203125,2264.3515625,2264.3671875,2264.390625,2264.421875,2264.453125,2264.625,2264.7578125,2265.0703125,2265.3671875,2265.4609375,2265.5546875,2265.65625,2265.7734375,2265.9140625,2266.0703125,2266.25,2266.4609375,2266.578125,2266.703125,2266.8359375,2266.9765625,2267.2109375,2267.34375,2267.4765625,2267.6171875,2267.765625,2267.921875,2268.0859375,2268.2578125,2268.4453125,2268.640625,2268.84375,2269.0625,2269.2890625,2269.8046875,2270.203125,2270.65625,2271.1640625,2271.7578125,2272.8515625,2276.53125,2277.71875,2278.828125,2279.7734375,2280.6953125,2281.5859375,2282.46875,2283.5,2284.5234375,2285.546875,2286.5859375,2287.65625,2288.7734375,2291.859375,2292.1796875,2292.3515625,2292.421875,2292.4609375,2292.6796875,2292.765625,2292.8125,2292.8515625,2292.8984375,2293.015625,2293.1796875,2293.2421875,2293.3046875,2293.4140625,2293.4453125,2293.4609375,2293.484375,2293.515625,2293.546875,2293.703125,2293.8203125,2294.171875,2294.453125,2294.5390625,2294.6171875,2294.703125,2294.8046875,2294.9765625,2295.0703125,2295.1796875,2295.296875,2295.421875,2295.5625,2295.7109375,2295.875,2296.0546875,2296.25,2296.4609375,2296.6875,2296.9375,2297.0703125,2297.2109375,2297.359375,2297.5078125,2297.734375,2297.9765625,2298.2421875,2298.5234375,2298.828125,2299.1640625,2299.9296875,2300.5625,2301.328125,2305.4453125,2306.6171875,2307.6953125,2308.8515625,2309.96875,2311.0546875,2312.125,2312.9765625,2313.8203125,2314.671875,2315.53125,2316.6328125,2317.78125,2321.03125,2321.2421875,2321.3828125,2321.46875,2321.515625,2321.5546875,2321.765625,2321.875,2321.9453125,2321.984375,2322.09375,2322.265625,2322.328125,2322.390625,2322.4921875,2322.5234375,2322.5390625,2322.5625,2322.578125,2322.59375,2322.625,2322.7890625,2322.90625,2323.25,2323.5234375,2323.671875,2323.75,2323.828125,2323.96875,2324.140625,2324.234375,2324.34375,2324.453125,2324.578125,2324.7109375,2324.859375,2325.015625,2325.1875,2325.375,2325.5703125,2325.78125,2326.015625,2326.234375,2326.46875,2326.71875,2326.9921875,2327.2890625,2327.609375,2327.9609375,2328.3515625,2329.140625,2330.140625,2334.53125,2336.703125,2337.6875,2338.6328125,2339.5546875,2340.4609375,2341.4296875,2342.390625,2343.3515625,2344.3125,2345.4921875,2346.7109375,2347.7421875,2349.6171875,2350.109375,2350.3203125,2350.453125,2350.5390625,2350.5859375,2350.625,2350.8359375,2350.9453125,2351.015625,2351.0546875,2351.1640625,2351.3359375,2351.3984375,2351.4609375,2351.5625,2351.59375,2351.609375,2351.6328125,2351.6484375,2351.6640625,2351.6953125,2351.859375,2351.9765625,2352.328125,2352.5859375,2352.7265625,2352.8046875,2352.8828125,2353.015625,2353.1796875,2353.3671875,2353.4765625,2353.59375,2353.71875,2353.859375,2354.0078125,2354.1640625,2354.3359375,2354.515625,2354.7109375,2354.9296875,2355.1484375,2355.390625,2355.65625,2355.9375,2356.25,2356.5859375,2356.9609375,2357.375,2357.75,2358.171875,2359.1875,2360.1953125,2363.6171875,2365.796875,2366.765625,2367.703125,2368.6171875,2369.5078125,2370.46875,2371.421875,2372.375,2373.328125,2374.515625,2375.75,2376.7890625,2378.671875,2379.171875,2379.3828125,2379.515625,2379.6015625,2379.6484375,2379.8984375,2380.0078125,2380.078125,2380.1171875,2380.2265625,2380.390625,2380.453125,2380.515625,2380.625,2380.65625,2380.671875,2380.6953125,2380.7265625,2380.7578125,2380.9140625,2381.0234375,2381.3828125,2381.6328125,2381.7734375,2381.9140625,2382.0390625,2382.1875,2382.359375,2382.453125,2382.5625,2382.671875,2382.796875,2382.9296875,2383.0703125,2383.21875,2383.3828125,2383.5625,2383.75,2383.984375,2384.234375,2384.3671875,2384.5078125,2384.8046875,2385.1328125,2385.4921875,2385.8984375,2386.3515625,2386.734375,2387.1640625,2388.203125,2389.234375,2392.7109375,2394.90625,2395.8671875,2396.7890625,2397.6875,2398.5703125,2399.5234375,2400.46875,2401.4140625,2402.3671875,2403.5546875,2404.7890625,2405.8359375,2407.71875,2408.21875,2408.4375,2408.5703125,2408.6484375,2408.6953125,2408.9453125,2409.0546875,2409.125,2409.1640625,2409.2734375,2409.4375,2409.5,2409.5625,2409.671875,2409.703125,2409.71875,2409.7421875,2409.7734375,2409.8046875,2409.9765625,2410.109375,2410.421875,2410.71875,2410.8125,2410.90625,2411.0078125,2411.125,2411.265625,2411.421875,2411.6015625,2411.8125,2411.9296875,2412.0546875,2412.1875,2412.328125,2412.5625,2412.6953125,2412.828125,2412.96875,2413.1171875,2413.2734375,2413.4375,2413.609375,2413.796875,2413.9921875,2414.1953125,2414.4140625,2414.6484375,2415.1640625,2415.5625,2416.015625,2416.5234375,2417.1171875,2418.2109375,2421.875,2423.0625,2424.1640625,2426.0078125,2426.890625,2427.765625,2428.765625,2429.765625,2430.765625,2431.7734375,2432.875,2434.015625,2437.1796875,2437.515625,2437.6171875,2437.6796875,2437.7265625,2437.7578125,2437.984375,2438.0703125,2438.1484375,2438.1953125,2438.3046875,2438.46875,2438.53125,2438.59375,2438.703125,2438.734375,2438.75,2438.7734375,2438.8046875,2438.8359375,2439.0,2439.109375,2439.4609375,2439.7734375,2439.875,2439.9765625,2440.09375,2440.234375,2440.34375,2440.4609375,2440.59375,2440.7421875,2440.90625,2441.0859375,2441.2890625,2441.5078125,2441.7421875,2441.875,2442.0078125,2442.1484375,2442.296875,2442.453125,2442.6171875,2442.7890625,2442.96875,2443.1640625,2443.3671875,2443.5859375,2443.8125,2444.3125,2444.7109375,2445.1484375,2446.21875,2447.28125,2450.84375,2452.0,2453.0703125,2454.9140625,2455.796875,2456.6640625,2457.6171875,2458.5625,2459.5078125,2460.453125,2461.6328125,2462.859375,2463.890625,2465.7734375,2466.2734375,2466.484375,2466.6171875,2466.703125,2466.75,2466.78125,2467.0,2467.109375,2467.1796875,2467.21875,2467.328125,2467.4921875,2467.5546875,2467.6171875,2467.7265625,2467.7578125,2467.7734375,2467.796875,2467.828125,2467.859375,2468.0234375,2468.1328125,2468.484375,2468.765625,2468.921875,2469.0078125,2469.109375,2469.2734375,2469.3671875,2469.4765625,2469.59375,2469.71875,2469.8515625,2470.0,2470.1640625,2470.3359375,2470.5234375,2470.734375,2470.9609375,2471.203125,2471.3359375,2471.46875,2471.6171875,2471.765625,2471.9921875,2472.2421875,2472.5078125,2472.7890625,2473.1015625,2473.4375,2473.8046875,2474.21875,2474.859375,2475.640625,2479.78125,2480.953125,2482.0390625,2483.203125,2484.3203125,2485.4140625,2486.484375,2487.3125,2488.140625,2488.96875,2489.8125,2490.90625,2492.0390625,2495.2734375,2495.484375,2495.625,2495.7109375,2495.7578125,2495.796875,2496.0078125,2496.1171875,2496.1875,2496.2265625,2496.3359375,2496.5078125,2496.5703125,2496.6328125,2496.734375,2496.765625,2496.78125,2496.8046875,2496.8203125,2496.8359375,2496.8671875,2497.03125,2497.140625,2497.5,2497.75,2497.890625,2498.03125,2498.15625,2498.3046875,2498.484375,2498.5859375,2498.6875,2498.8046875,2498.9296875,2499.0625,2499.2109375,2499.3671875,2499.53125,2499.7109375,2499.90625,2500.1328125,2500.3828125,2500.65625,2500.953125,2501.28125,2501.640625,2502.0390625,2502.484375,2502.8671875,2503.296875,2504.328125,2505.3515625,2508.828125,2511.015625,2512.8984375,2513.796875,2514.6796875,2515.640625,2516.59375,2517.546875,2518.5,2519.671875,2520.890625,2521.9140625,2524.2734375,2524.484375,2524.625,2524.7109375,2524.7578125,2524.796875,2525.0078125,2525.1171875,2525.1875,2525.2265625,2525.3359375,2525.5078125,2525.5703125,2525.6328125,2525.734375,2525.765625,2525.78125,2525.8046875,2525.8203125,2525.8359375,2525.8671875,2526.0390625,2526.1796875,2526.4921875,2526.7890625,2526.8828125,2526.9765625,2527.078125,2527.1953125,2527.3359375,2527.4921875,2527.671875,2527.8828125,2528.0,2528.125,2528.2578125,2528.3984375,2528.6328125,2528.765625,2528.8984375,2529.0390625,2529.1875,2529.34375,2529.5078125,2529.6796875,2529.8671875,2530.0625,2530.265625,2530.484375,2530.71875,2530.96875,2531.2421875,2531.640625,2532.09375,2532.6015625,2533.1953125,2534.2890625,2537.953125,2539.140625,2540.2421875,2542.09375,2542.9765625,2543.8515625,2544.8671875,2545.8828125,2546.8984375,2547.921875,2548.984375,2550.09375,2553.1640625,2553.4921875,2553.6640625,2553.734375,2553.7734375,2553.9921875,2554.078125,2554.125,2554.1640625,2554.2109375,2554.328125,2554.4921875,2554.5546875,2554.6171875,2554.7265625,2554.7578125,2554.7734375,2554.796875,2554.828125,2554.859375,2555.015625,2555.1328125,2555.484375,2555.7578125,2555.9140625,2556.0,2556.09375,2556.25,2556.34375,2556.4453125,2556.5546875,2556.671875,2556.8046875,2556.9453125,2557.1015625,2557.265625,2557.4453125,2557.6484375,2557.859375,2558.09375,2558.21875,2558.3515625,2558.625,2558.859375,2559.109375,2559.3828125,2559.671875,2559.9921875,2560.3359375,2560.71875,2561.140625,2561.796875,2562.6015625,2566.828125,2568.0234375,2569.125,2570.3046875,2571.4375,2572.546875,2573.6328125,2574.5859375,2575.5390625,2576.5,2577.4765625,2578.359375,2579.28125,2581.828125,2582.3203125,2582.4921875,2582.609375,2582.6796875,2582.7265625,2582.765625,2582.9765625,2583.0859375,2583.15625,2583.1953125,2583.3046875,2583.46875,2583.53125,2583.59375,2583.703125,2583.734375,2583.75,2583.7734375,2583.8046875,2583.8359375,2584.0,2584.109375,2584.4609375,2584.734375,2584.890625,2584.9765625,2585.0703125,2585.2265625,2585.3125,2585.4140625,2585.5234375,2585.640625,2585.765625,2585.90625,2586.0546875,2586.21875,2586.3984375,2586.5859375,2586.7890625,2587.015625,2587.265625,2587.53125,2587.765625,2588.015625,2588.2890625,2588.5859375,2588.90625,2589.2578125,2589.6484375,2590.078125,2590.7421875,2591.5625,2595.828125,2597.03125,2598.1484375,2599.3359375,2600.4765625,2601.59375,2602.6875,2603.625,2604.5703125,2605.515625,2606.484375,2607.359375,2608.265625,2610.7890625,2611.2890625,2611.4609375,2611.578125,2611.6484375,2611.6953125,2611.9453125,2612.0546875,2612.125,2612.1640625,2612.2734375,2612.4375,2612.5,2612.5625,2612.671875,2612.703125,2612.71875,2612.7421875,2612.7734375,2612.8046875,2612.9609375,2613.0703125,2613.4296875,2613.703125,2613.859375,2613.9375,2614.03125,2614.1875,2614.3671875,2614.46875,2614.5859375,2614.7109375,2614.8515625,2615.0,2615.1640625,2615.3359375,2615.5234375,2615.7265625,2615.9453125,2616.1875,2616.4453125,2616.6796875,2616.9375,2617.2109375,2617.5078125,2617.828125,2618.1796875,2618.5703125,2619.0078125,2619.6875,2620.515625,2624.828125,2626.046875,2627.171875,2628.3671875,2629.515625,2630.640625,2631.7421875,2632.671875,2633.6015625,2634.5390625,2635.4921875,2637.2421875,2639.7421875,2640.2421875,2640.4140625,2640.53125,2640.6015625,2640.6484375,2640.6875,2640.8984375,2641.0078125,2641.078125,2641.1171875,2641.2265625,2641.3984375,2641.4609375,2641.5234375,2641.625,2641.65625,2641.671875,2641.6953125,2641.7265625,2641.7578125,2641.921875,2642.03125,2642.3828125,2642.640625,2642.78125,2642.921875,2643.046875,2643.1953125,2643.375,2643.4765625,2643.578125,2643.6953125,2643.8203125,2643.953125,2644.09375,2644.25,2644.4140625,2644.59375,2644.7890625,2645.0234375,2645.2734375,2645.546875,2645.84375,2646.171875,2646.53125,2646.9296875,2647.3828125,2647.765625,2648.1953125,2649.234375,2650.2578125,2653.71875,2655.90625,2657.78125,2658.6796875,2659.5546875,2660.5078125,2661.453125,2662.3984375,2663.34375,2664.515625,2665.7265625,2666.75,2669.109375,2669.3203125,2669.4609375,2669.546875,2669.59375,2669.6328125,2669.84375,2669.953125,2670.0234375,2670.0625,2670.171875,2670.34375,2670.40625,2670.46875,2670.5703125,2670.6015625,2670.6171875,2670.640625,2670.671875,2670.703125,2670.875,2671.015625,2671.328125,2671.625,2671.71875,2671.8125,2671.9140625,2672.03125,2672.171875,2672.328125,2672.5078125,2672.71875,2672.8359375,2672.9609375,2673.09375,2673.234375,2673.46875,2673.6015625,2673.734375,2673.875,2674.0234375,2674.1796875,2674.3515625,2674.5234375,2674.7109375,2674.90625,2675.109375,2675.328125,2675.5625,2675.8125,2676.0859375,2676.484375,2676.9375,2677.4453125,2678.0390625,2679.1328125,2682.8046875,2683.984375,2685.0859375,2686.921875,2687.8046875,2688.671875,2689.6875,2690.6953125,2691.703125,2692.7265625,2693.7890625,2694.890625,2697.9375,2698.265625,2698.4453125,2698.515625,2698.5625,2698.78125,2698.859375,2698.90625,2698.9453125,2698.9921875,2699.109375,2699.2734375,2699.3359375,2699.3984375,2699.5078125,2699.5390625,2699.5546875,2699.578125,2699.609375,2699.640625,2699.796875,2699.9140625,2700.265625,2700.53125,2700.6796875,2700.7578125,2700.84375,2700.984375,2701.15625,2701.25,2701.359375,2701.46875,2701.59375,2701.7265625,2701.875,2702.03125,2702.203125,2702.390625,2702.5859375,2702.796875,2703.03125,2703.25,2703.484375,2703.7421875,2704.015625,2704.3125,2704.640625,2705.0,2705.3984375,2706.1875,2707.1875,2711.5546875,2713.7109375,2715.6171875,2716.53125,2717.421875,2718.375,2719.3203125,2720.265625,2721.21875,2722.3828125,2723.59375,2724.609375,2726.96875,2727.1796875,2727.3203125,2727.40625,2727.453125,2727.4921875,2727.703125,2727.8125,2727.8828125,2727.921875,2728.03125,2728.203125,2728.265625,2728.328125,2728.4296875,2728.4609375,2728.4765625,2728.5,2728.515625,2728.53125,2728.5625,2728.7265625,2728.8359375,2729.1953125,2729.453125,2729.6015625,2729.6796875,2729.7578125,2729.8984375,2730.0625,2730.15625,2730.2578125,2730.3671875,2730.484375,2730.6171875,2730.7578125,2730.90625,2731.0703125,2731.25,2731.4375,2731.640625,2731.859375,2732.078125,2732.3203125,2732.5859375,2732.8671875,2733.1796875,2733.515625,2733.8828125,2734.296875,2735.09375,2736.1015625,2740.5,2742.65625,2744.546875,2745.453125,2746.34375,2747.296875,2748.2421875,2749.1875,2750.140625,2751.3046875,2752.5078125,2753.5234375,2755.8828125,2756.09375,2756.234375,2756.3203125,2756.3671875,2756.40625,2756.6171875,2756.7265625,2756.796875,2756.8359375,2756.9453125,2757.1171875,2757.1796875,2757.2421875,2757.34375,2757.375,2757.390625,2757.4140625,2757.4296875,2757.4453125,2757.4765625,2757.640625,2757.75,2758.109375,2758.359375,2758.5,2758.640625,2758.765625,2758.9140625,2759.09375,2759.1953125,2759.296875,2759.4140625,2759.5390625,2759.671875,2759.8203125,2759.9765625,2760.140625,2760.3203125,2760.515625,2760.75,2761.0,2761.2734375,2761.5703125,2761.8984375,2762.2578125,2762.6640625,2763.1171875,2763.5,2763.9296875,2764.96875,2765.9921875,2769.453125,2771.6328125,2773.5,2774.390625,2775.265625,2776.2109375,2777.15625,2778.09375,2779.0390625,2780.203125,2781.4140625,2782.4296875,2784.7890625,2785.0,2785.140625,2785.2265625,2785.2734375,2785.3125,2785.5234375,2785.6328125,2785.703125,2785.7421875,2785.8515625,2786.0234375,2786.0859375,2786.1484375,2786.25,2786.28125,2786.296875,2786.3203125,2786.3515625,2786.3828125,2786.5546875,2786.6953125,2787.0078125,2787.3046875,2787.3984375,2787.4921875,2787.59375,2787.7109375,2787.8515625,2788.0078125,2788.1875,2788.3984375,2788.515625,2788.6328125,2788.765625,2788.90625,2789.140625,2789.2734375,2789.40625,2789.546875,2789.6953125,2789.8515625,2790.0234375,2790.1953125,2790.3828125,2790.578125,2790.7890625,2791.0078125,2791.2421875,2791.4921875,2791.765625,2792.1640625,2792.6171875,2793.1328125,2793.7265625,2794.8203125,2798.5,2799.6875,2800.796875,2802.625,2803.5078125,2804.375,2805.3984375,2806.421875,2807.4453125,2808.484375,2809.515625,2810.5859375,2813.5390625,2813.84375,2814.0234375,2814.1328125,2814.1875,2814.4765625,2814.5390625,2814.578125,2814.6328125,2814.75,2814.9140625,2814.9765625,2815.0390625,2815.1484375,2815.1796875,2815.1953125,2815.21875,2815.25,2815.28125,2815.4375,2815.5546875,2815.90625,2816.203125,2816.2890625,2816.3828125,2816.484375,2816.609375,2816.703125,2816.8125,2816.9296875,2817.0546875,2817.203125,2817.359375,2817.53125,2817.71875,2817.921875,2818.1484375,2818.265625,2818.390625,2818.5234375,2818.6640625,2818.8125,2818.9609375,2819.1171875,2819.2890625,2819.4609375,2819.6484375,2819.84375,2820.0546875,2820.46875,2820.9375,2821.4765625,2822.1015625,2823.2890625,2827.03125,2829.1015625,2830.1875,2831.234375,2832.25,2833.2421875,2834.1328125,2835.0234375,2835.90625,2836.796875,2837.96875,2839.1796875,2840.1875,2842.078125,2842.5859375,2842.8046875,2842.9375,2843.015625,2843.0625,2843.3125,2843.4140625,2843.484375,2843.5234375,2843.6328125,2843.796875,2843.859375,2843.921875,2844.03125,2844.0625,2844.078125,2844.1015625,2844.1328125,2844.1640625,2844.328125,2844.4375,2844.7890625,2845.0859375,2845.171875,2845.265625,2845.3671875,2845.4765625,2845.5703125,2845.671875,2845.78125,2845.90625,2846.0390625,2846.1875,2846.3515625,2846.53125,2846.7265625,2846.9375,2847.171875,2847.296875,2847.4296875,2847.5703125,2847.7109375,2847.859375,2848.015625,2848.1796875,2848.359375,2848.5390625,2848.734375,2849.171875,2849.6640625,2850.234375,2850.8984375,2852.140625,2855.953125,2858.046875,2859.140625,2860.1953125,2861.21875,2862.2265625,2863.1015625,2863.96875,2864.84375,2865.71875,2866.875,2868.0703125,2869.0703125,2870.953125,2871.4609375,2871.6796875,2871.8125,2871.890625,2871.9375,2872.1875,2872.2890625,2872.359375,2872.3984375,2872.5078125,2872.671875,2872.734375,2872.796875,2872.90625,2872.9375,2872.953125,2872.9765625,2873.0078125,2873.0390625,2873.203125,2873.3125,2873.6640625,2873.9296875,2874.0703125,2874.1484375,2874.2265625,2874.359375,2874.5234375,2874.7109375,2874.8203125,2874.9375,2875.0625,2875.1953125,2875.34375,2875.5,2875.671875,2875.8515625,2876.046875,2876.265625,2876.4921875,2876.734375,2877.0,2877.2890625,2877.609375,2877.953125,2878.3359375,2878.7578125,2879.5625,2880.578125,2884.9921875,2887.1484375,2889.0234375,2889.921875,2890.796875,2891.734375,2892.671875,2893.6015625,2894.5390625,2895.7109375,2896.921875,2897.9375,2899.8125,2900.3125,2900.5234375,2900.6640625,2900.75,2900.796875,2900.8359375,2901.046875,2901.15625,2901.2265625,2901.265625,2901.375,2901.5390625,2901.6015625,2901.6640625,2901.7734375,2901.8046875,2901.8203125,2901.84375,2901.875,2901.90625,2902.0625,2902.1796875,2902.53125,2902.7890625,2902.9296875,2903.0703125,2903.1953125,2903.34375,2903.5234375,2903.7265625,2903.84375,2903.96875,2904.1015625,2904.2421875,2904.3984375,2904.5625,2904.7421875,2904.9375,2905.171875,2905.421875,2905.6953125,2906.0,2906.328125,2906.6953125,2907.1015625,2907.5546875,2907.9375,2908.3671875,2909.40625,2910.4375,2913.8828125,2916.0546875,2917.8984375,2919.6484375,2920.578125,2921.5078125,2922.4296875,2923.359375,2924.5390625,2925.7578125,2926.78125,2928.671875,2929.171875,2929.3828125,2929.5234375,2929.609375,2929.65625,2929.90625,2930.0078125,2930.078125,2930.1171875,2930.2265625,2930.3984375,2930.4609375,2930.5234375,2930.625,2930.65625,2930.671875,2930.6953125,2930.7109375,2930.7265625,2930.7578125,2930.9375,2931.0703125,2931.3828125,2931.6796875,2931.7734375,2931.8671875,2931.96875,2932.0859375,2932.2265625,2932.3828125,2932.5625,2932.7734375,2932.890625,2933.015625,2933.1484375,2933.2890625,2933.5234375,2933.65625,2933.7890625,2933.9296875,2934.078125,2934.234375,2934.40625,2934.578125,2934.765625,2934.9609375,2935.171875,2935.3984375,2935.6328125,2936.15625,2936.5546875,2937.0078125,2937.5234375,2938.1171875,2939.21875,2942.890625,2944.0703125,2945.171875,2946.984375,2948.7109375,2949.7109375,2950.7109375,2951.7109375,2952.71875,2953.7734375,2954.8671875,2957.90625,2958.234375,2958.4140625,2958.4921875,2958.53125,2958.75,2958.828125,2958.875,2958.9140625,2958.9609375,2959.078125,2959.2421875,2959.3046875,2959.3671875,2959.4765625,2959.5078125,2959.5234375,2959.546875,2959.578125,2959.609375,2959.765625,2959.8828125,2960.234375,2960.5234375,2960.609375,2960.6953125,2960.7890625,2960.8984375,2960.984375,2961.078125,2961.1875,2961.3046875,2961.4296875,2961.5703125,2961.7265625,2961.890625,2962.0703125,2962.2734375,2962.4921875,2962.7265625,2962.8515625,2962.984375,2963.125,2963.265625,2963.421875,2963.578125,2963.7421875,2963.921875,2964.140625,2964.375,2964.625,2964.8984375,2965.5,2966.21875,2966.8203125,2967.5390625,2971.4609375,2973.609375,2974.7265625,2975.796875,2976.84375,2977.8671875,2978.7265625,2979.578125,2980.4296875,2981.2890625,2982.40625,2983.5625,2986.84375,2987.0625,2987.203125,2987.2890625,2987.3359375,2987.375,2987.5859375,2987.6953125,2987.765625,2987.8046875,2987.9140625,2988.078125,2988.140625,2988.203125,2988.3125,2988.34375,2988.359375,2988.3828125,2988.4140625,2988.4453125,2988.6015625,2988.71875,2989.0703125,2989.34375,2989.5,2989.5859375,2989.6796875,2989.8359375,2989.921875,2990.0234375,2990.1328125,2990.25,2990.3828125,2990.5234375,2990.6796875,2990.84375,2991.0234375,2991.21875,2991.4296875,2991.65625,2991.90625,2992.0390625,2992.1796875,2992.3984375,2992.625,2992.8671875,2993.1328125,2993.4140625,2993.7265625,2994.0625,2994.4296875,2995.1796875,2996.125,3000.0,3000.0234375,3000.0703125,3000.140625,3000.234375,3000.46875,3000.765625,3001.140625,3001.59375,3002.125,3002.71875,3003.3671875,3004.0703125,3004.8203125,3005.6171875,3006.46875,3007.3671875,3008.3203125,3009.328125,3010.34375,3011.4140625,3012.546875,3013.7421875,3015.0,3016.328125,3019.2109375,3022.421875,3025.984375,3029.9296875,3034.28125,3040.6875,3047.9609375,3056.2734375,3066.03125,3079.796875,3125.8359375,3157.1640625,3196.7734375,3250.0
-71.846,-71.565,-71.2,-70.829,-70.426,-70.008,-69.545,-68.523,-67.304,-66.057,-64.854,-63.717,-62.853,-62.048,-61.286,-60.576,-59.834,-59.144,-58.579,-57.77,-57.573,-57.472,-57.384,-57.292,-57.167,-55.531,-54.613,-53.467,-51.818,-40.594,-30.127,-24.524,-16.312,7.5621,11.201,12.394,12.243,11.708,9.8058,-2.326,-9.9773,-30.175,-48.082,-51.962,-55.066,-57.704,-59.909,-62.697,-63.888,-65.025,-66.017,-66.878,-67.663,-68.36,-68.939,-69.437,-69.852,-70.196,-70.457,-70.559,-70.64,-70.709,-70.758,-70.789,-70.804,-70.796,-70.761,-70.694,-70.599,-70.471,-70.31,-69.886,-69.485,-68.975,-65.904,-65.043,-64.274,-63.474,-62.738,-62.061,-61.438,-60.912,-60.42,-59.961,-59.524,-59.051,-58.599,-58.237,-57.653,-57.493,-57.409,-57.334,-57.259,-57.165,-56.975,-55.55,-54.622,-53.525,-51.774,-40.247,-30.269,-25.03,-16.162,6.3038,9.8529,10.779,11.245,10.514,8.7439,-3.906,-11.407,-30.678,-48.245,-52.093,-55.442,-58.206,-60.468,-61.977,-63.32,-64.511,-65.563,-66.543,-67.389,-68.153,-68.826,-69.385,-69.879,-70.284,-70.615,-70.861,-70.957,-71.036,-71.097,-71.141,-71.167,-71.175,-71.159,-71.108,-71.025,-70.906,-70.752,-70.56,-70.052,-69.541,-68.887,-65.629,-64.82,-64.098,-63.331,-62.633,-61.991,-61.394,-60.881,-60.401,-59.952,-59.524,-59.051,-58.602,-58.244,-57.658,-57.495,-57.411,-57.334,-57.258,-57.161,-57.015,-55.482,-54.511,-53.278,-51.649,-40.696,-30.122,-24.792,-15.75,6.6528,10.041,10.893,11.266,10.446,8.6241,-4.0334,-11.503,-30.293,-47.859,-51.767,-55.182,-58.001,-60.456,-61.96,-63.3,-64.488,-65.537,-66.516,-67.361,-68.123,-68.796,-69.353,-69.847,-70.251,-70.572,-70.82,-70.916,-70.996,-71.058,-71.102,-71.128,-71.137,-71.121,-71.07,-70.987,-70.87,-70.716,-70.529,-70.026,-69.519,-68.871,-65.63,-64.822,-64.1,-63.333,-62.635,-61.987,-61.39,-60.877,-60.396,-59.943,-59.514,-59.046,-58.6,-58.245,-57.5,-57.417,-57.343,-57.265,-57.177,-56.999,-55.462,-54.476,-53.195,-51.455,-40.459,-29.91,-24.448,-15.159,5.9646,9.7002,10.713,11.289,10.666,8.9622,-4.2448,-11.665,-30.412,-47.937,-51.82,-55.211,-58.011,-60.452,-61.948,-63.282,-64.466,-65.511,-66.487,-67.329,-68.089,-68.759,-69.315,-69.807,-70.21,-70.529,-70.776,-70.872,-70.95,-71.011,-71.055,-71.079,-71.088,-71.071,-71.022,-70.939,-70.825,-70.675,-70.488,-69.99,-69.493,-68.855,-65.632,-64.823,-64.101,-63.339,-62.641,-61.997,-61.398,-60.884,-60.406,-59.957,-59.529,-59.059,-58.609,-58.254,-57.663,-57.497,-57.416,-57.341,-57.261,-57.17,-56.983,-55.556,-54.626,-53.53,-51.78,-40.247,-30.25,-24.99,-16.08,6.4194,9.945,10.859,11.31,10.565,8.788,-3.8472,-11.331,-30.519,-48.005,-51.866,-55.235,-58.018,-60.295,-61.813,-63.164,-64.361,-65.418,-66.404,-67.253,-68.02,-68.696,-69.256,-69.752,-70.158,-70.479,-70.615,-70.727,-70.823,-70.902,-70.964,-71.007,-71.032,-71.041,-71.025,-70.976,-70.893,-70.779,-70.629,-70.445,-69.956,-69.464,-68.836,-65.64,-64.831,-64.109,-63.346,-62.647,-62.002,-61.403,-60.892,-60.415,-59.965,-59.542,-59.068,-58.619,-58.26,-57.665,-57.498,-57.412,-57.335,-57.26,-57.168,-56.979,-55.495,-54.527,-53.312,-51.723,-40.172,-30.179,-24.874,-15.876,6.598,10.044,10.921,11.325,10.535,8.7305,-3.9089,-11.372,-30.528,-47.983,-51.839,-55.203,-57.984,-60.26,-61.776,-63.127,-64.324,-65.38,-66.366,-67.215,-67.982,-68.629,-69.194,-69.695,-70.105,-70.429,-70.566,-70.68,-70.776,-70.856,-70.918,-70.962,-70.987,-70.996,-70.98,-70.931,-70.851,-70.737,-70.59,-70.406,-69.921,-69.439,-68.822,-65.641,-64.832,-64.109,-63.346,-62.647,-62.002,-61.406,-60.898,-60.42,-59.972,-59.547,-59.074,-58.622,-58.264,-57.667,-57.498,-57.416,-57.341,-57.26,-57.168,-56.982,-55.496,-54.528,-53.313,-51.725,-40.173,-30.174,-24.863,-15.854,6.629,10.068,10.942,11.341,10.546,8.7394,-3.897,-11.354,-30.483,-47.913,-51.772,-55.142,-57.929,-60.208,-61.728,-63.08,-64.279,-65.337,-66.323,-67.174,-67.941,-68.589,-69.155,-69.656,-70.065,-70.389,-70.527,-70.64,-70.737,-70.816,-70.878,-70.92,-70.945,-70.954,-70.938,-70.891,-70.811,-70.698,-70.55,-70.371,-69.89,-69.413,-68.806,-65.652,-64.843,-64.12,-63.356,-62.661,-62.014,-61.417,-60.916,-60.443,-60.0,-59.579,-59.099,-58.64,-58.274,-57.667,-57.497,-57.41,-57.331,-57.252,-57.15,-55.455,-54.458,-53.147,-51.336,-40.318,-30.296,-25.056,-16.18,6.3767,9.9493,10.884,11.36,10.639,8.8767,-3.7431,-11.221,-30.332,-47.746,-51.625,-55.02,-57.827,-60.275,-61.775,-63.113,-64.299,-65.347,-66.325,-67.169,-67.93,-68.573,-69.135,-69.632,-70.025,-70.35,-70.488,-70.601,-70.698,-70.777,-70.839,-70.881,-70.906,-70.915,-70.9,-70.853,-70.773,-70.662,-70.515,-70.336,-69.859,-69.391,-68.79,-65.652,-64.842,-64.119,-63.355,-62.66,-62.013,-61.415,-60.909,-60.433,-59.986,-59.561,-59.087,-58.633,-58.273,-57.502,-57.416,-57.34,-57.259,-57.167,-56.979,-55.491,-54.518,-53.287,-51.663,-40.701,-30.093,-24.73,-15.619,6.8378,10.187,11.019,11.365,10.52,8.683,-3.9547,-11.386,-30.461,-47.842,-51.697,-55.066,-57.854,-60.135,-61.654,-63.008,-64.207,-65.266,-66.253,-67.104,-67.871,-68.519,-69.086,-69.586,-69.982,-70.309,-70.448,-70.562,-70.659,-70.739,-70.801,-70.843,-70.869,-70.878,-70.863,-70.816,-70.738,-70.627,-70.484,-70.305,-69.833,-69.37,-68.779,-65.651,-64.842,-64.119,-63.355,-62.659,-62.012,-61.413,-60.907,-60.434,-59.986,-59.563,-59.091,-58.638,-58.276,-57.503,-57.417,-57.341,-57.261,-57.17,-56.987,-55.498,-54.529,-53.311,-51.716,-40.768,-30.146,-24.812,-15.755,6.7426,10.148,11.005,11.382,10.567,8.7479,-3.8823,-11.32,-30.376,-47.739,-51.604,-54.987,-57.785,-60.075,-61.6,-62.957,-64.16,-65.222,-66.211,-67.064,-67.833,-68.482,-69.05,-69.551,-69.948,-70.275,-70.414,-70.528,-70.625,-70.701,-70.764,-70.807,-70.834,-70.843,-70.828,-70.782,-70.704,-70.593,-70.45,-70.274,-69.807,-69.349,-68.763,-65.657,-64.847,-64.124,-63.36,-62.663,-62.02,-61.421,-60.918,-60.447,-60.002,-59.58,-59.102,-58.646,-58.283,-57.673,-57.503,-57.416,-57.339,-57.257,-57.162,-56.969,-55.478,-54.494,-53.229,-51.527,-40.53,-29.937,-24.474,-15.176,6.0345,9.7927,10.813,11.397,10.781,9.082,-4.098,-11.489,-30.513,-47.845,-51.684,-55.04,-57.818,-60.092,-61.608,-62.959,-64.156,-65.213,-66.198,-67.048,-67.815,-68.461,-69.027,-69.527,-69.922,-70.248,-70.386,-70.499,-70.596,-70.671,-70.734,-70.776,-70.801,-70.81,-70.795,-70.749,-70.671,-70.563,-70.42,-70.245,-69.781,-69.329,-68.753,-65.663,-64.853,-64.13,-63.365,-62.669,-62.025,-61.425,-60.925,-60.454,-60.007,-59.584,-59.108,-58.65,-58.285,-57.504,-57.416,-57.34,-57.258,-57.164,-56.975,-55.484,-54.503,-53.249,-51.573,-40.584,-29.98,-24.541,-15.287,5.951,9.7545,10.796,11.407,11.282,10.816,9.1334,-4.0387,-11.435,-30.441,-47.756,-51.604,-54.971,-57.758,-60.04,-61.56,-62.914,-64.114,-65.173,-66.161,-67.012,-67.781,-68.429,-68.995,-69.495,-69.891,-70.217,-70.355,-70.469,-70.566,-70.641,-70.703,-70.745,-70.771,-70.779,-70.764,-70.719,-70.641,-70.534,-70.394,-70.219,-69.756,-69.308,-68.738,-65.67,-64.86,-64.136,-63.376,-62.679,-62.034,-61.434,-60.937,-60.468,-60.027,-59.609,-59.127,-58.663,-58.296,-57.674,-57.499,-57.41,-57.331,-57.252,-57.151,-55.509,-54.544,-53.343,-51.788,-40.242,-30.21,-24.91,-15.914,6.6454,10.119,11.006,11.422,10.642,8.8445,-3.7721,-11.212,-30.661,-47.522,-51.403,-54.809,-57.63,-60.088,-62.835,-64.045,-65.112,-66.106,-66.963,-67.735,-68.387,-68.957,-69.46,-69.857,-70.185,-70.324,-70.438,-70.535,-70.611,-70.674,-70.716,-70.742,-70.75,-70.735,-70.69,-70.615,-70.508,-70.368,-70.193,-69.734,-69.291,-68.727,-65.664,-64.854,-64.131,-63.366,-62.669,-62.025,-61.425,-60.924,-60.456,-60.011,-59.59,-59.114,-58.656,-58.294,-57.505,-57.417,-57.34,-57.258,-57.166,-56.98,-55.488,-54.508,-53.261,-51.598,-40.612,-29.997,-24.566,-15.324,5.937,9.7581,10.807,11.428,11.308,10.846,9.1689,-3.9963,-11.389,-30.36,-47.641,-51.496,-54.874,-57.671,-59.961,-62.74,-63.962,-65.039,-66.043,-66.906,-67.685,-68.342,-68.916,-69.422,-69.823,-70.153,-70.293,-70.408,-70.506,-70.582,-70.645,-70.688,-70.714,-70.723,-70.708,-70.663,-70.588,-70.481,-70.341,-70.17,-69.711,-69.273,-68.714,-65.673,-64.863,-64.139,-63.379,-62.682,-62.037,-61.436,-60.938,-60.473,-60.03,-59.611,-59.129,-58.666,-58.299,-57.679,-57.504,-57.411,-57.331,-57.253,-57.155,-57.008,-55.461,-54.464,-53.154,-51.347,-40.32,-30.272,-25.005,-16.073,6.533,10.073,10.991,11.444,10.7,8.9249,-4.2676,-11.605,-30.545,-47.797,-51.618,-54.962,-57.731,-60.0,-62.759,-63.973,-65.044,-66.041,-66.901,-67.676,-68.33,-68.901,-69.405,-69.804,-70.132,-70.272,-70.386,-70.483,-70.559,-70.621,-70.663,-70.689,-70.697,-70.683,-70.637,-70.562,-70.455,-70.319,-70.148,-69.694,-69.256,-68.702,-65.673,-64.863,-64.139,-63.38,-62.682,-62.037,-61.436,-60.938,-60.472,-60.029,-59.609,-59.13,-58.669,-58.303,-57.681,-57.504,-57.416,-57.338,-57.255,-57.159,-56.965,-55.47,-54.477,-53.185,-51.419,-40.399,-30.337,-25.107,-16.246,6.397,10.009,10.959,11.454,10.75,8.9989,-4.1851,-11.533,-30.461,-47.701,-51.533,-54.89,-57.671,-59.948,-62.716,-63.934,-65.007,-66.008,-66.869,-67.646,-68.301,-68.873,-69.379,-69.778,-70.107,-70.247,-70.361,-70.459,-70.534,-70.597,-70.639,-70.664,-70.673,-70.658,-70.613,-70.537,-70.433,-70.297,-70.126,-69.672,-69.239,-68.691,-65.673,-64.869,-64.145,-63.385,-62.692,-62.047,-61.449,-60.958,-60.494,-60.057,-59.638,-59.15,-58.683,-58.313,-57.677,-57.5,-57.409,-57.328,-57.248,-57.143,-55.434,-54.512,-53.267,-51.611,-40.625,-30.0,-24.565,-15.316,5.9653,9.7875,10.836,11.456,11.336,10.873,9.1957,-3.9635,-11.348,-30.272,-47.507,-51.367,-54.756,-57.564,-59.862,-62.65,-63.876,-64.956,-65.962,-66.828,-67.608,-68.267,-68.842,-69.349,-69.751,-70.081,-70.221,-70.336,-70.434,-70.51,-70.573,-70.616,-70.641,-70.65,-70.635,-70.59,-70.515,-70.41,-70.274,-70.107,-69.658,-69.231,-68.682,-65.676,-64.867,-64.143,-63.383,-62.691,-62.045,-61.447,-60.957,-60.493,-60.055,-59.636,-59.15,-58.683,-58.311,-57.682,-57.504,-57.41,-57.329,-57.25,-57.148,-55.502,-54.53,-53.308,-51.705,-40.742,-30.098,-24.722,-15.581,6.9452,10.292,11.121,11.461,10.61,8.7704,-3.8471,-11.249,-30.611,-47.39,-51.612,-54.939,-57.696,-59.957,-62.708,-63.919,-64.987,-65.983,-66.841,-67.615,-68.268,-68.838,-69.324,-69.727,-70.058,-70.199,-70.314,-70.412,-70.488,-70.551,-70.594,-70.62,-70.628,-70.614,-70.57,-70.495,-70.391,-70.256,-70.089,-69.64,-69.218,-68.675,-65.67,-64.86,-64.137,-63.378,-62.681,-62.036,-61.438,-60.944,-60.476,-60.036,-59.617,-59.138,-58.677,-58.31,-57.684,-57.506,-57.416,-57.338,-57.256,-57.162,-56.973,-55.477,-54.487,-53.208,-51.473,-40.457,-30.38,-25.171,-16.349,6.3303,9.9877,10.959,11.479,10.8,9.0633,-4.111,-11.46,-30.348,-47.548,-51.391,-54.764,-57.559,-59.847,-62.626,-63.849,-64.926,-65.93,-66.794,-67.574,-68.231,-68.805,-69.294,-69.699,-70.033,-70.174,-70.29,-70.389,-70.466,-70.53,-70.573,-70.599,-70.608,-70.594,-70.55,-70.476,-70.372,-70.236,-70.069,-69.625,-69.203,-68.665,-65.678,-64.868,-64.145,-63.386,-62.693,-62.047,-61.449,-60.958,-60.498,-60.062,-59.646,-59.158,-58.691,-58.32,-57.683,-57.504,-57.41,-57.329,-57.249,-57.147,-55.499,-54.523,-53.292,-51.667,-40.692,-30.05,-24.643,-15.441,5.8771,9.7524,10.826,11.477,11.372,10.924,9.2644,-3.8835,-11.745,-30.158,-47.773,-51.572,-54.898,-57.655,-59.916,-62.666,-63.878,-64.947,-65.943,-66.801,-67.575,-68.228,-68.799,-69.285,-69.688,-70.019,-70.16,-70.275,-70.373,-70.449,-70.512,-70.555,-70.58,-70.588,-70.573,-70.529,-70.457,-70.353,-70.217,-70.05,-69.606,-69.189,-68.651,-65.675,-64.866,-64.143,-63.384,-62.687,-62.042,-61.444,-60.949,-60.485,-60.043,-59.623,-59.143,-58.682,-58.316,-57.686,-57.507,-57.417,-57.339,-57.256,-57.164,-56.978,-55.481,-54.492,-53.219,-51.498,-40.485,-30.399,-25.199,-16.394,6.3037,9.9816,10.962,11.494,10.825,9.0953,-4.0741,-11.423,-30.287,-47.462,-51.311,-54.692,-57.495,-59.789,-62.574,-63.799,-64.879,-65.884,-66.75,-67.531,-68.189,-68.765,-69.255,-69.66,-69.994,-70.136,-70.252,-70.351,-70.428,-70.492,-70.535,-70.561,-70.57,-70.556,-70.512,-70.44,-70.336,-70.201,-70.034,-69.594,-69.177,-68.646,-65.676,-64.873,-64.15,-63.391,-62.698,-62.052,-61.454,-60.966,-60.505,-60.069,-59.651,-59.164,-58.695,-58.326,-57.685,-57.505,-57.41,-57.329,-57.249,-57.149,-55.502,-54.527,-53.298,-51.681,-40.709,-30.06,-24.656,-15.46,5.8722,9.7568,10.834,11.49,11.389,10.942,9.2854,-3.8588,-11.718,-30.553,-47.699,-51.503,-54.835,-57.598,-59.863,-62.619,-63.832,-64.903,-65.9,-66.76,-67.536,-68.19,-68.761,-69.248,-69.651,-69.983,-70.124,-70.239,-70.337,-70.414,-70.477,-70.519,-70.544,-70.553,-70.538,-70.493,-70.421,-70.316,-70.184,-70.017,-69.577,-69.16,-68.634,-65.677,-64.868,-64.146,-63.387,-62.695,-62.049,-61.451,-60.959,-60.498,-60.058,-59.641,-59.158,-58.691,-58.324,-57.687,-57.506,-57.416,-57.337,-57.254,-57.16,-56.968,-55.47,-54.473,-53.172,-51.387,-40.356,-30.285,-25.015,-16.074,6.5821,10.131,11.052,11.507,10.765,8.9908,-3.6025,-11.509,-30.344,-47.491,-51.327,-54.695,-57.488,-59.775,-62.553,-63.775,-64.853,-65.857,-66.722,-67.502,-68.159,-68.734,-69.223,-69.629,-69.962,-70.104,-70.22,-70.319,-70.396,-70.459,-70.502,-70.528,-70.536,-70.522,-70.478,-70.405,-70.301,-70.169,-70.002,-69.562,-69.15,-68.624,-65.674,-64.871,-64.149,-63.39,-62.697,-62.052,-61.453,-60.966,-60.504,-60.068,-59.649,-59.165,-58.697,-58.329,-57.687,-57.506,-57.415,-57.336,-57.252,-57.156,-56.961,-55.517,-54.552,-53.354,-51.808,-40.258,-30.197,-24.874,-15.83,6.785,10.236,11.112,11.51,10.714,8.9066,-3.6949,-11.105,-30.4,-47.532,-51.356,-54.713,-57.497,-59.778,-62.55,-63.77,-64.846,-65.848,-66.712,-67.49,-68.147,-68.721,-69.21,-69.615,-69.948,-70.089,-70.205,-70.304,-70.381,-70.444,-70.487,-70.512,-70.521,-70.506,-70.462,-70.389,-70.288,-70.156,-69.989,-69.55,-69.138,-68.618,-65.674,-64.871,-64.149,-63.391,-62.699,-62.058,-61.459,-60.975,-60.516,-60.083,-59.666,-59.177,-58.705,-58.335,-57.689,-57.505,-57.41,-57.328,-57.247,-57.145,-55.493,-54.511,-53.261,-51.594,-40.597,-29.957,-24.487,-15.168,6.1327,9.9054,10.929,11.516,11.378,10.901,9.2033,-3.9516,-11.31,-30.581,-47.69,-51.483,-54.807,-57.564,-59.825,-62.577,-63.789,-64.858,-65.855,-66.715,-67.49,-68.144,-68.715,-69.202,-69.605,-69.937,-70.186,-70.286,-70.364,-70.428,-70.471,-70.497,-70.506,-70.492,-70.448,-70.375,-70.275,-70.143,-69.977,-69.542,-69.131,-68.611,-65.674,-64.866,-64.145,-63.391,-62.695,-62.049,-61.451,-60.964,-60.502,-60.065,-59.649,-59.164,-58.698,-58.331,-57.51,-57.416,-57.337,-57.254,-57.159,-56.968,-55.468,-54.469,-53.162,-51.362,-40.327,-30.254,-24.963,-15.98,6.6742,10.187,11.091,11.524,10.761,8.9742,-3.6201,-11.514,-30.318,-47.432,-51.266,-54.636,-57.431,-59.72,-62.501,-63.724,-64.802,-65.807,-66.673,-67.453,-68.112,-68.687,-69.177,-69.583,-69.918,-70.059,-70.175,-70.274,-70.351,-70.415,-70.458,-70.484,-70.492,-70.477,-70.433,-70.36,-70.259,-70.127,-69.961,-69.526,-69.12,-68.6,-65.669,-64.868,-64.146,-63.393,-62.701,-62.056,-61.457,-60.969,-60.511,-60.077,-59.66,-59.174,-58.707,-58.335,-57.51,-57.415,-57.336,-57.252,-57.155,-56.96,-55.515,-54.547,-53.342,-51.78,-40.218,-30.156,-24.806,-15.71,6.8937,10.299,11.153,11.525,10.703,8.88,-3.723,-11.119,-30.383,-47.484,-51.305,-54.662,-57.447,-59.729,-62.502,-63.722,-64.798,-65.801,-66.665,-67.445,-68.102,-68.677,-69.166,-69.572,-69.906,-70.047,-70.163,-70.262,-70.339,-70.402,-70.445,-70.47,-70.479,-70.464,-70.42,-70.347,-70.245,-70.113,-69.951,-69.516,-69.111,-68.591,-65.673,-64.871,-64.155,-63.402,-62.71,-62.069,-61.469,-60.989,-60.533,-60.102,-59.69,-59.195,-58.72,-58.344,-57.691,-57.505,-57.409,-57.326,-57.244,-57.137,-55.419,-54.483,-53.194,-51.436,-40.409,-30.321,-25.069,-16.159,6.5363,10.124,11.061,11.537,10.814,9.0514,-4.1202,-11.44,-30.23,-47.329,-51.174,-54.557,-57.364,-59.662,-62.452,-63.679,-64.76,-65.768,-66.636,-67.419,-68.079,-68.656,-69.147,-69.554,-69.889,-70.031,-70.148,-70.247,-70.325,-70.389,-70.432,-70.458,-70.466,-70.452,-70.408,-70.335,-70.234,-70.102,-69.939,-69.505,-69.1,-68.585,-65.674,-64.873,-64.152,-63.399,-62.708,-62.067,-61.467,-60.987,-60.535,-60.103,-59.692,-59.199,-58.723,-58.347,-57.691,-57.505,-57.409,-57.326,-57.244,-57.138,-55.421,-54.486,-53.2,-51.45,-40.424,-30.332,-25.086,-16.187,6.5176,10.117,11.059,11.542,10.826,9.0668,-4.1032,-11.424,-30.206,-47.297,-51.489,-54.797,-57.541,-59.794,-62.537,-63.746,-64.813,-65.808,-66.666,-67.44,-68.094,-68.665,-69.152,-69.555,-69.886,-70.135,-70.235,-70.312,-70.376,-70.42,-70.446,-70.454,-70.44,-70.398,-70.326,-70.225,-70.094,-69.932,-69.498,-69.093,-68.579,-65.664,-64.863,-64.143,-63.391,-62.7,-62.055,-61.456,-60.968,-60.509,-60.075,-59.658,-59.173,-58.707,-58.34,-57.511,-57.416,-57.337,-57.254,-57.162,-56.976,-55.475,-54.479,-53.184,-51.411,-40.38,-30.293,-25.022,-16.075,6.6139,10.168,11.09,11.547,10.805,9.0306,-3.5576,-11.454,-30.226,-47.307,-51.149,-54.531,-57.338,-59.635,-62.425,-63.652,-64.734,-65.742,-66.61,-67.393,-68.053,-68.631,-69.122,-69.53,-69.865,-70.008,-70.124,-70.224,-70.301,-70.365,-70.408,-70.434,-70.443,-70.429,-70.387,-70.315,-70.214,-70.083,-69.92,-69.487,-69.087,-68.573,-65.671,-64.87,-64.15,-63.403,-62.711,-62.07,-61.471,-60.995,-60.542,-60.113,-59.7,-59.206,-58.728,-58.353,-57.692,-57.505,-57.408,-57.325,-57.243,-57.137,-55.418,-54.48,-53.186,-51.416,-40.384,-30.295,-25.024,-16.078,6.6159,10.172,11.094,11.551,10.81,9.0362,-3.5515,-11.447,-30.212,-47.284,-51.472,-54.777,-57.52,-59.771,-62.513,-63.722,-64.789,-65.784,-66.642,-67.417,-68.07,-68.641,-69.128,-69.532,-69.864,-70.113,-70.213,-70.29,-70.354,-70.398,-70.424,-70.432,-70.418,-70.376,-70.304,-70.204,-70.072,-69.91,-69.477,-69.077,-68.563,-65.667,-64.153,-63.401,-62.709,-62.069,-61.469,-60.989,-60.537,-60.104,-59.692,-59.201,-58.726,-58.353,-57.694,-57.506,-57.409,-57.327,-57.246,-57.144,-55.49,-54.503,-53.241,-51.545,-40.534,-30.421,-25.225,-16.422,6.3314,10.029,11.016,11.556,10.894,9.1678,-3.9917,-11.327,-30.534,-47.58,-51.37,-54.695,-57.455,-59.719,-62.474,-63.688,-64.759,-65.757,-66.618,-67.395,-68.051,-68.624,-69.113,-69.517,-69.85,-69.992,-70.107,-70.206,-70.283,-70.346,-70.389,-70.414,-70.422,-70.407,-70.365,-70.292,-70.191,-70.059,-69.897,-69.468,-69.068,-68.56,-65.666,-64.866,-64.147,-63.395,-62.705,-62.06,-61.461,-60.977,-60.521,-60.085,-59.67,-59.187,-58.718,-58.349,-57.512,-57.416,-57.336,-57.253,-57.16,-56.972,-55.469,-54.468,-53.157,-51.348,-40.308,-30.226,-24.912,-15.883,6.7816,10.26,11.147,11.558,10.774,8.9733,-3.6213,-11.024,-30.245,-47.3,-51.135,-54.511,-57.313,-59.608,-62.395,-63.621,-64.702,-65.709,-66.578,-67.36,-68.021,-68.598,-69.09,-69.498,-69.834,-69.976,-70.093,-70.193,-70.27,-70.334,-70.378,-70.404,-70.413,-70.398,-70.356,-70.284,-70.184,-70.052,-69.89,-69.462,-69.062,-68.555,-65.662,-64.149,-63.403,-62.712,-62.071,-61.472,-60.995,-60.546,-60.116,-59.706,-59.21,-58.734,-58.36,-57.694,-57.506,-57.409,-57.325,-57.243,-57.138,-55.478,-54.482,-53.191,-51.427,-40.395,-30.3,-25.03,-16.084,6.6221,10.183,11.107,11.565,10.826,9.052,-3.5348,-11.427,-30.614,-47.223,-51.413,-54.723,-57.47,-59.725,-62.471,-63.681,-64.749,-65.746,-66.605,-67.38,-68.035,-68.607,-69.095,-69.499,-69.832,-69.973,-70.089,-70.187,-70.264,-70.327,-70.37,-70.395,-70.403,-70.388,-70.346,-70.273,-70.172,-70.04,-69.878,-69.449,-69.049,-68.547,-65.661,-64.863,-64.144,-63.393,-62.702,-62.062,-61.463,-60.983,-60.527,-60.094,-59.678,-59.194,-58.724,-58.352,-57.512,-57.416,-57.336,-57.252,-57.158,-56.969,-55.522,-54.555,-53.359,-51.816,-40.26,-30.181,-24.839,-15.756,6.8906,10.319,11.183,11.565,10.752,8.9346,-4.8206,-13.372,-30.26,-47.714,-52.136,-55.524,-58.257,-60.6,-62.683,-64.396,-65.857,-67.112,-67.656,-68.145,-68.579,-68.96,-69.452,-69.655,-69.834,-69.989,-70.118,-70.222,-70.301,-70.356,-70.387,-70.394,-70.377,-70.337,-70.274,-70.071,-69.869,-69.612,-69.291,-68.898,-68.131,-65.506,-64.685,-63.94,-63.327,-62.75,-62.208,-61.698,-61.14,-60.612,-60.116,-59.646,-59.17,-58.707,-58.333,-57.536,-57.38,-57.314,-57.247,-57.146,-56.996,-55.438,-54.688,-53.462,-51.583,-40.577,-29.921,-24.42,-15.037,6.284,10.013,11.015,11.573,10.928,9.2114,-3.9445,-11.282,-30.464,-47.067,-51.28,-54.347,-56.974,-59.342,-62.205,-63.372,-64.493,-65.475,-66.334,-67.12,-67.823,-68.412,-68.921,-69.348,-69.707,-69.984,-70.183,-70.26,-70.317,-70.357,-70.38,-70.384,-70.356,-70.297,-70.205,-70.08,-69.921,-69.483,-69.077,-68.555,-65.634,-64.826,-64.098,-63.345,-62.647,-62.001,-61.401,-60.936,-60.494,-60.074,-59.669,-59.187,-58.722,-57.512,-57.415,-57.335,-57.251,-57.156,-56.964,-55.516,-54.544,-53.334,-51.758,-40.185,-30.112,-24.726,-15.559,7.0509,10.402,11.23,11.568,10.713,8.8698,-3.7349,-11.11,-30.74,-45.607,-52.467,-57.094,-59.888,-62.262,-64.308,-65.199,-65.95,-66.678,-67.325,-67.895,-68.393,-68.844,-69.225,-69.554,-69.827,-70.058,-70.227,-70.331,-70.377,-70.361,-70.284,-70.147,-69.942,-69.737,-69.482,-68.798,-68.078,-65.582,-64.786,-64.07,-63.438,-62.847,-62.293,-61.77,-61.229,-60.72,-60.236,-59.779,-59.263,-58.768,-58.373,-57.513,-57.417,-57.337,-57.254,-57.162,-56.979,-55.475,-54.477,-53.177,-51.394,-40.356,-30.26,-24.963,-15.965,6.7341,10.248,11.15,11.581,10.814,9.0237,-4.7267,-13.292,-30.165,-47.604,-52.041,-55.445,-58.19,-60.543,-62.632,-64.351,-65.817,-67.075,-67.621,-68.111,-68.547,-68.929,-69.422,-69.626,-69.807,-69.962,-70.092,-70.196,-70.276,-70.331,-70.363,-70.37,-70.354,-70.314,-70.251,-70.049,-69.851,-69.595,-69.276,-68.883,-68.123,-65.491,-64.671,-63.928,-63.311,-62.734,-62.194,-61.68,-61.114,-60.58,-60.077,-59.602,-59.14,-58.69,-57.552,-57.41,-57.292,-57.189,-57.041,-55.492,-54.765,-54.191,-53.448,-51.547,-40.532,-30.41,-25.201,-16.372,6.3994,10.08,11.059,11.587,10.912,9.1778,-3.9836,-11.309,-30.471,-47.054,-51.263,-54.326,-56.951,-59.318,-62.179,-63.346,-64.466,-65.449,-66.307,-67.094,-67.797,-68.386,-68.895,-69.323,-69.683,-69.959,-70.159,-70.233,-70.291,-70.332,-70.356,-70.362,-70.335,-70.277,-70.186,-70.061,-69.903,-69.467,-69.062,-68.541,-65.625,-64.818,-64.091,-63.338,-62.642,-61.996,-61.396,-60.935,-60.496,-60.079,-59.677,-59.194,-58.727,-57.515,-57.419,-57.335,-57.25,-57.155,-56.962,-55.513,-54.539,-53.321,-51.729,-40.759,-30.073,-24.661,-15.445,5.9566,9.8484,10.926,11.58,11.477,11.028,9.3682,-4.922,-13.891,-30.303,-47.72,-52.128,-55.505,-58.23,-60.568,-62.646,-64.357,-65.816,-67.071,-67.615,-68.103,-68.537,-68.918,-69.411,-69.626,-69.804,-69.957,-70.085,-70.187,-70.265,-70.319,-70.35,-70.356,-70.339,-70.298,-70.235,-70.032,-69.833,-69.576,-69.262,-68.87,-68.11,-65.491,-64.672,-63.935,-63.322,-62.751,-62.214,-61.704,-61.15,-60.625,-60.13,-59.661,-59.182,-58.719,-58.342,-57.54,-57.379,-57.313,-57.245,-57.142,-56.989,-55.428,-54.585,-53.424,-51.481,-40.454,-30.34,-25.089,-16.178,6.5703,10.172,11.114,11.595,10.875,9.1129,-4.0563,-11.365,-30.513,-47.083,-51.282,-54.337,-56.955,-59.317,-62.173,-63.337,-64.456,-65.438,-66.295,-67.081,-67.752,-68.347,-68.862,-69.294,-69.647,-69.93,-70.135,-70.212,-70.272,-70.315,-70.341,-70.349,-70.325,-70.266,-70.176,-70.052,-69.894,-69.46,-69.055,-68.535,-65.621,-64.815,-64.089,-63.337,-62.645,-61.999,-61.4,-60.947,-60.515,-60.104,-59.71,-59.22,-58.745,-57.51,-57.408,-57.324,-57.241,-57.135,-55.469,-54.465,-53.148,-51.323,-40.276,-30.185,-24.84,-15.748,6.9213,10.35,11.213,11.593,10.777,8.9575,-3.6425,-11.028,-30.635,-45.476,-52.355,-57.005,-59.811,-62.194,-64.248,-65.078,-65.895,-66.625,-67.274,-67.847,-68.372,-68.82,-69.198,-69.525,-69.796,-70.026,-70.194,-70.3,-70.342,-70.325,-70.247,-70.109,-69.904,-69.698,-69.443,-68.765,-68.052,-65.573,-64.784,-64.069,-63.438,-62.853,-62.299,-61.781,-61.243,-60.737,-60.254,-59.799,-59.28,-58.781,-58.385,-57.704,-57.513,-57.416,-57.336,-57.252,-57.159,-56.973,-55.524,-54.556,-53.358,-51.813,-40.252,-30.163,-24.804,-15.686,6.9736,10.378,11.229,11.595,10.766,8.9378,-4.8196,-13.357,-30.205,-47.612,-52.035,-55.429,-58.167,-60.514,-62.6,-64.316,-65.78,-67.038,-67.584,-68.074,-68.51,-68.892,-69.386,-69.602,-69.781,-69.934,-70.063,-70.166,-70.245,-70.299,-70.331,-70.337,-70.32,-70.28,-70.217,-70.015,-69.817,-69.561,-69.247,-68.855,-68.097,-65.482,-64.664,-63.922,-63.311,-62.735,-62.199,-61.69,-61.123,-60.592,-60.091,-59.613,-59.152,-58.701,-57.553,-57.409,-57.291,-57.186,-57.035,-55.539,-54.829,-54.283,-53.598,-51.933,-40.412,-30.301,-25.024,-16.063,6.6751,10.232,11.152,11.605,10.859,9.0804,-3.5093,-11.392,-30.523,-47.077,-51.271,-54.323,-56.939,-59.298,-62.152,-63.316,-64.435,-65.416,-66.273,-67.059,-67.731,-68.326,-68.841,-69.274,-69.627,-69.902,-70.111,-70.189,-70.25,-70.295,-70.321,-70.331,-70.309,-70.253,-70.165,-70.042,-69.882,-69.449,-69.045,-68.526,-65.606,-64.796,-64.071,-63.32,-62.625,-61.98,-61.377,-60.92,-60.489,-60.075,-59.679,-59.2,-58.733,-57.517,-57.42,-57.335,-57.251,-57.157,-56.968,-55.517,-54.545,-53.333,-51.754,-40.79,-30.092,-24.689,-15.487,5.9372,9.8479,10.934,11.598,11.5,11.055,9.3992,-3.7387,-11.575,-30.249,-46.385,-53.293,-55.915,-57.988,-60.778,-63.164,-64.159,-65.127,-65.932,-66.697,-67.366,-67.978,-68.498,-68.956,-69.346,-69.657,-69.907,-70.102,-70.221,-70.295,-70.325,-70.313,-70.257,-70.159,-70.015,-69.823,-69.365,-68.708,-65.601,-64.119,-63.476,-62.88,-62.32,-61.793,-61.254,-60.747,-60.267,-59.814,-59.293,-58.791,-58.393,-57.706,-57.513,-57.416,-57.335,-57.25,-57.157,-56.968,-55.517,-54.545,-53.332,-51.752,-40.786,-30.088,-24.681,-15.472,5.953,9.8584,10.942,11.602,11.502,11.055,9.3973,-3.742,-11.576,-30.687,-45.946,-52.681,-55.432,-57.602,-60.37,-62.783,-64.727,-65.597,-66.373,-67.06,-67.697,-68.245,-68.713,-69.124,-69.462,-69.744,-69.975,-70.136,-70.248,-70.31,-70.319,-70.277,-70.186,-70.042,-69.843,-69.637,-69.385,-68.72,-68.018,-65.588,-64.101,-63.469,-62.878,-62.324,-61.805,-61.27,-60.766,-60.288,-59.837,-59.311,-58.801,-58.399,-57.707,-57.512,-57.413,-57.331,-57.244,-57.142,-55.485,-54.49,-53.205,-51.458,-40.423,-30.307,-25.031,-16.072,6.6778,10.239,11.161,11.616,10.871,9.0928,-3.4981,-10.906,-30.498,-45.317,-52.226,-56.907,-59.73,-62.126,-64.113,-64.958,-65.788,-66.486,-67.153,-67.74,-68.254,-68.698,-69.094,-69.437,-69.714,-69.966,-70.146,-70.212,-70.262,-70.313,-70.302,-70.228,-70.088,-69.88,-69.675,-69.422,-68.745,-68.028,-65.561,-64.065,-63.44,-62.86,-62.315,-61.801,-61.27,-60.77,-60.296,-59.844,-59.317,-58.807,-58.401,-57.708,-57.511,-57.409,-57.324,-57.243,-57.139,-55.477,-54.478,-53.176,-51.388,-40.344,-30.236,-24.918,-15.877,6.8392,10.322,11.208,11.617,10.828,9.0235,-4.7322,-13.281,-30.111,-47.499,-51.937,-55.345,-58.095,-60.451,-62.544,-64.266,-65.734,-66.996,-67.543,-68.035,-68.472,-68.856,-69.352,-69.569,-69.749,-69.903,-70.033,-70.137,-70.217,-70.272,-70.304,-70.311,-70.295,-70.255,-70.19,-69.988,-69.791,-69.535,-69.221,-68.831,-68.074,-65.476,-64.66,-63.924,-62.752,-62.221,-61.715,-61.163,-60.641,-60.147,-59.679,-59.198,-58.733,-57.542,-57.384,-57.314,-57.247,-57.148,-57.002,-55.44,-54.689,-53.46,-51.574,-40.56,-30.42,-25.211,-16.379,6.4273,10.115,11.095,11.623,10.948,9.2119,-3.9535,-11.273,-30.39,-48.557,-53.068,-56.415,-59.218,-61.644,-63.076,-64.306,-65.423,-66.416,-67.28,-68.019,-68.66,-69.177,-69.583,-69.759,-69.903,-70.026,-70.126,-70.204,-70.26,-70.294,-70.307,-70.298,-70.268,-70.215,-70.142,-69.931,-69.725,-69.472,-68.782,-68.045,-65.52,-64.724,-64.007,-62.83,-62.295,-61.791,-61.261,-60.761,-60.287,-59.839,-59.314,-58.806,-58.405,-57.709,-57.513,-57.414,-57.332,-57.245,-57.145,-56.996,-55.49,-54.499,-53.225,-51.504,-40.476,-30.348,-25.095,-16.179,6.5988,10.205,11.147,11.627,10.906,9.1409,-4.0326,-11.337,-30.445,-46.976,-53.965,-56.653,-59.072,-61.877,-63.081,-64.236,-65.246,-66.127,-66.894,-67.59,-68.207,-68.72,-69.158,-69.532,-69.826,-70.045,-70.131,-70.196,-70.249,-70.283,-70.302,-70.287,-70.238,-70.154,-70.033,-69.877,-69.682,-69.44,-69.033,-68.506,-65.577,-64.769,-64.041,-63.287,-62.594,-61.946,-61.344,-60.901,-60.478,-60.074,-59.684,-59.205,-58.741,-57.517,-57.42,-57.334,-57.249,-57.155,-56.966,-55.514,-54.537,-53.312,-51.707,-40.725,-30.028,-24.582,-15.297,6.1167,9.9553,11.006,11.624,11.501,11.035,9.3513,-3.7994,-11.146,-30.705,-45.509,-52.355,-56.982,-59.776,-62.151,-64.199,-65.091,-65.843,-66.573,-67.221,-67.793,-68.318,-68.767,-69.146,-69.473,-69.746,-69.976,-70.146,-70.252,-70.297,-70.279,-70.201,-70.06,-69.855,-69.649,-69.395,-68.724,-68.014,-65.551,-64.063,-62.858,-62.313,-61.799,-61.264,-60.76,-60.282,-59.83,-59.308,-58.803,-58.404,-57.518,-57.42,-57.334,-57.249,-57.154,-56.964,-55.512,-54.533,-53.304,-51.688,-40.7,-30.005,-24.544,-15.231,6.1747,9.9879,11.027,11.629,11.497,11.025,9.3313,-4.4022,-13.467,-30.278,-47.639,-52.041,-55.416,-58.141,-60.479,-62.558,-64.27,-65.731,-66.987,-67.533,-68.023,-68.459,-68.841,-69.336,-69.553,-69.732,-69.886,-70.016,-70.12,-70.199,-70.254,-70.286,-70.294,-70.278,-70.238,-70.174,-70.085,-69.968,-69.77,-69.515,-69.201,-68.811,-68.055,-65.462,-64.647,-63.913,-62.737,-62.206,-61.701,-61.141,-60.611,-60.111,-59.636,-59.173,-58.72,-57.559,-57.41,-57.29,-57.187,-57.04,-55.543,-54.832,-54.286,-53.601,-51.939,-40.416,-30.293,-25.005,-16.02,6.739,10.281,11.194,11.636,10.878,9.0903,-3.5064,-11.381,-30.476,-46.572,-53.689,-56.437,-58.737,-61.529,-62.791,-63.918,-64.919,-65.804,-66.627,-67.336,-67.974,-68.51,-68.974,-69.379,-69.693,-69.943,-70.043,-70.126,-70.239,-70.283,-70.287,-70.253,-70.181,-70.068,-69.916,-69.719,-69.477,-69.065,-68.524,-65.54,-64.718,-63.981,-63.22,-62.52,-61.867,-61.261,-60.756,-60.278,-59.822,-59.385,-59.01,-58.639,-57.682,-57.483,-57.397,-57.32,-57.246,-57.147,-56.949,-55.494,-54.504,-53.236,-51.529,-40.503,-30.366,-25.121,-16.22,6.5775,10.201,11.151,11.641,10.927,9.1665,-4.0083,-11.314,-30.41,-46.505,-53.642,-56.399,-58.707,-61.506,-62.675,-63.821,-64.838,-65.736,-66.526,-67.254,-67.878,-68.432,-68.913,-69.303,-69.625,-69.887,-70.085,-70.212,-70.27,-70.286,-70.262,-70.196,-70.089,-69.939,-69.742,-69.498,-69.084,-68.533,-65.523,-64.696,-63.95,-63.186,-62.483,-61.827,-61.218,-60.724,-60.251,-59.803,-59.37,-59.0,-58.635,-57.685,-57.482,-57.396,-57.318,-57.243,-57.141,-55.481,-54.482,-53.183,-51.403,-40.357,-30.239,-24.918,-15.87,6.8668,10.349,11.233,11.64,10.848,9.0397,-3.5637,-10.952,-30.511,-46.599,-53.703,-56.224,-58.571,-61.411,-63.672,-64.647,-65.578,-66.395,-67.146,-67.79,-68.361,-68.837,-69.243,-69.579,-69.846,-70.051,-70.189,-70.257,-70.283,-70.265,-70.205,-70.103,-69.957,-69.763,-69.517,-69.095,-68.541,-65.499,-64.662,-63.913,-63.145,-62.439,-61.781,-61.17,-60.682,-60.219,-59.776,-59.351,-58.629,-57.686,-57.483,-57.398,-57.321,-57.247,-57.151,-56.959,-55.504,-54.52,-53.272,-51.612,-40.603,-29.915,-24.396,-14.974,6.3981,10.112,11.104,11.646,10.983,9.2523,-3.9157,-11.237,-30.332,-45.559,-52.381,-56.989,-59.772,-62.14,-64.184,-65.074,-65.824,-66.553,-67.201,-67.772,-68.272,-68.726,-69.108,-69.439,-69.716,-69.956,-70.126,-70.233,-70.278,-70.261,-70.183,-70.043,-69.835,-69.629,-69.376,-68.701,-67.991,-65.544,-64.058,-62.859,-62.314,-61.804,-61.273,-60.771,-60.295,-59.845,-59.32,-58.815,-58.413,-57.518,-57.42,-57.333,-57.248,-57.153,-56.962,-55.507,-54.525,-53.283,-51.639,-40.635,-29.943,-24.44,-15.047,6.3414,10.084,11.089,11.648,11.001,9.2803,-4.4636,-13.51,-30.305,-47.647,-52.04,-55.408,-58.128,-60.462,-62.538,-64.249,-65.709,-66.965,-67.51,-68.0,-68.436,-68.819,-69.314,-69.532,-69.711,-69.866,-69.995,-70.1,-70.183,-70.237,-70.268,-70.275,-70.259,-70.219,-70.154,-70.066,-69.949,-69.751,-69.496,-69.183,-68.794,-68.039,-65.445,-64.637,-63.904,-62.739,-62.208,-61.706,-61.146,-60.619,-60.121,-59.644,-59.179,-58.725,-57.563,-57.414,-57.291,-57.189,-56.999,-55.492,-54.839,-54.296,-53.616,-51.975,-40.463,-30.327,-25.057,-16.104,6.6851,10.263,11.191,11.653,10.911,9.1338,-3.4634,-11.343,-30.424,-46.079,-53.051,-55.707,-57.991,-60.756,-63.126,-64.115,-65.077,-65.879,-66.64,-67.308,-67.918,-68.438,-68.895,-69.286,-69.598,-69.848,-70.044,-70.164,-70.24,-70.272,-70.26,-70.204,-70.103,-69.956,-69.76,-69.303,-68.648,-65.574,-64.107,-62.886,-62.331,-61.812,-61.28,-60.777,-60.301,-59.846,-59.324,-58.817,-58.416,-57.519,-57.42,-57.334,-57.249,-57.156,-56.97,-55.515,-54.537,-53.311,-51.702,-40.715,-30.009,-24.546,-15.227,6.1983,10.013,11.051,11.652,11.518,11.044,9.3477,-3.8124,-11.151,-30.683,-45.898,-52.923,-55.606,-57.724,-60.568,-62.9,-63.925,-64.854,-65.692,-66.44,-67.142,-67.753,-68.279,-68.749,-69.156,-69.486,-69.757,-69.969,-70.114,-70.213,-70.263,-70.264,-70.215,-70.118,-69.973,-69.772,-69.312,-68.653,-65.559,-64.094,-62.883,-62.333,-61.813,-61.281,-60.778,-60.301,-59.846,-59.324,-58.82,-58.419,-57.52,-57.421,-57.335,-57.25,-57.159,-56.976,-55.521,-54.547,-53.334,-51.753,-40.781,-30.065,-24.635,-15.378,6.0744,9.9483,11.014,11.651,11.537,11.078,9.4023,-3.7518,-11.102,-30.633,-45.411,-52.267,-56.907,-59.708,-62.089,-64.142,-65.035,-65.789,-66.521,-67.171,-67.745,-68.272,-68.723,-69.103,-69.432,-69.707,-69.945,-70.114,-70.221,-70.265,-70.248,-70.17,-70.027,-69.818,-69.612,-69.359,-68.684,-67.976,-65.532,-64.053,-62.859,-62.319,-61.809,-61.281,-60.778,-60.305,-59.853,-59.33,-58.821,-58.42,-57.519,-57.42,-57.334,-57.249,-57.155,-56.967,-55.511,-54.53,-53.295,-51.665,-40.666,-29.965,-24.473,-15.1,6.3095,10.074,11.089,11.66,11.023,9.3081,-4.4372,-13.486,-30.271,-47.603,-52.0,-55.373,-58.097,-60.434,-62.513,-64.225,-65.686,-66.944,-67.49,-67.953,-68.394,-68.782,-69.284,-69.504,-69.686,-69.843,-69.975,-70.081,-70.166,-70.222,-70.255,-70.263,-70.247,-70.208,-70.144,-70.055,-69.939,-69.742,-69.488,-69.17,-68.782,-68.028,-65.432,-64.62,-63.882,-62.724,-62.193,-61.692,-61.127,-60.592,-60.087,-59.604,-59.153,-58.712,-57.58,-57.446,-57.342,-57.232,-57.082,-55.049,-54.389,-53.76,-51.92,-40.384,-30.254,-24.938,-15.896,6.866,10.361,11.25,11.662,10.873,9.066,-3.542,-11.404,-30.469,-47.784,-51.819,-55.236,-57.994,-60.491,-61.933,-63.294,-64.469,-65.484,-66.451,-67.259,-67.962,-68.56,-69.057,-69.47,-69.637,-69.786,-69.916,-70.026,-70.115,-70.179,-70.225,-70.253,-70.261,-70.249,-70.218,-70.166,-70.02,-69.803,-69.506,-69.122,-68.324,-65.685,-64.271,-63.56,-62.899,-62.283,-61.707,-61.214,-60.742,-60.297,-59.871,-59.342,-58.832,-58.432,-57.717,-57.512,-57.407,-57.32,-57.235,-57.124,-55.444,-54.514,-53.258,-51.577,-40.557,-30.401,-25.171,-16.296,6.5392,10.197,11.161,11.668,10.969,9.2162,-3.963,-11.271,-30.343,-47.664,-51.721,-55.161,-57.937,-60.175,-61.677,-62.997,-64.154,-65.229,-66.151,-66.982,-67.713,-68.343,-68.873,-69.307,-69.661,-69.805,-69.931,-70.037,-70.118,-70.181,-70.226,-70.251,-70.258,-70.246,-70.214,-70.088,-69.88,-69.578,-69.176,-68.346,-65.658,-64.231,-63.516,-62.852,-62.233,-61.651,-61.168,-60.711,-60.271,-59.852,-59.331,-58.828,-58.43,-57.717,-57.513,-57.407,-57.32,-57.236,-57.126,-55.446,-54.518,-53.265,-51.594,-40.577,-30.417,-25.195,-16.338,6.5071,10.182,11.154,11.671,10.981,9.2336,-3.945,-11.256,-30.327,-45.967,-52.66,-55.393,-57.551,-60.304,-62.708,-64.646,-65.514,-66.289,-66.976,-67.581,-68.136,-68.61,-69.027,-69.37,-69.657,-69.894,-70.063,-70.178,-70.242,-70.254,-70.212,-70.119,-69.971,-69.768,-69.307,-68.645,-65.544,-64.081,-62.881,-62.335,-61.824,-61.299,-60.799,-60.328,-59.877,-59.347,-58.836,-58.432,-57.72,-57.519,-57.419,-57.331,-57.245,-57.147,-56.951,-55.493,-54.499,-53.22,-51.489,-40.451,-30.308,-25.023,-16.039,6.7583,10.312,11.228,11.673,10.914,9.1255,-3.48,-11.352,-30.414,-45.618,-52.408,-56.992,-59.763,-62.122,-64.159,-65.795,-66.523,-67.17,-67.741,-68.241,-68.694,-69.077,-69.408,-69.685,-69.926,-70.097,-70.205,-70.251,-70.235,-70.155,-70.011,-69.802,-69.596,-69.343,-68.669,-67.956,-65.526,-64.054,-62.875,-61.832,-61.311,-60.814,-60.346,-59.897,-59.362,-58.846,-58.438,-57.719,-57.518,-57.417,-57.329,-57.24,-57.136,-55.468,-54.552,-53.344,-51.775,-40.807,-30.079,-24.655,-15.407,6.0657,9.9531,11.025,11.668,11.556,11.1,9.4259,-4.8829,-13.385,-30.161,-47.487,-51.903,-55.295,-58.033,-60.381,-62.468,-64.186,-65.653,-66.915,-67.463,-67.955,-68.393,-68.778,-69.277,-69.496,-69.677,-69.833,-69.964,-70.07,-70.154,-70.21,-70.242,-70.25,-70.234,-70.193,-70.128,-69.923,-69.725,-69.471,-69.154,-68.765,-68.007,-65.421,-64.614,-63.883,-62.734,-61.714,-61.16,-60.634,-60.137,-59.664,-59.197,-58.742,-57.566,-57.415,-57.29,-57.169,-56.999,-55.489,-54.835,-54.288,-53.603,-51.939,-40.409,-30.27,-24.96,-15.93,6.8526,10.362,11.258,11.677,10.893,9.0891,-3.5219,-11.385,-30.439,-47.334,-51.451,-54.698,-57.396,-59.764,-61.222,-62.527,-63.77,-64.851,-65.791,-66.649,-67.413,-68.052,-68.605,-69.088,-69.477,-69.779,-69.901,-70.005,-70.092,-70.157,-70.206,-70.236,-70.248,-70.242,-70.212,-70.157,-70.076,-69.967,-69.67,-69.248,-68.859,-68.372,-65.612,-64.152,-63.425,-62.754,-62.126,-61.539,-61.069,-60.623,-60.198,-59.79,-59.288,-58.801,-57.523,-57.419,-57.332,-57.246,-57.15,-56.957,-55.499,-54.508,-53.241,-51.538,-40.507,-30.353,-25.092,-16.156,6.6705,10.272,11.21,11.682,10.949,9.1747,-3.4289,-11.31,-30.367,-46.426,-53.564,-56.324,-58.634,-61.436,-62.606,-63.753,-64.772,-65.671,-66.508,-67.229,-67.876,-68.421,-68.894,-69.292,-69.616,-69.868,-70.058,-70.127,-70.181,-70.231,-70.246,-70.228,-70.176,-70.092,-69.969,-69.813,-69.618,-69.168,-68.544,-65.82,-65.985,-66.16,-66.348,-66.544,-66.914,-67.262,-67.611,-67.96,-68.31,-68.649,-68.976,-69.288,-69.583,-69.861,-70.124,-70.371,-70.604,-70.823,-71.019,-71.203,-71.377,-71.541,-71.694,-71.838,-72.1,-72.328,-72.524,-72.691,-72.828,-72.967,-73.059,-73.108,-73.116,-73.075,-72.845,-72.729,-72.64,-72.572
