0.0078125,1000.0,1000.0078125,1001.234375,1001.609375,1002.0390625,1002.4140625,1002.6171875,1002.8125,1003.0,1003.1875,1003.375,1003.5546875,1003.734375,1003.9140625,1004.2265625,1004.546875,1004.875,1005.2109375,1005.5078125,1005.828125,1006.84375,1007.2109375,1007.5625,1007.8828125,1008.046875,1008.2109375,1008.3671875,1008.5234375,1008.6796875,1008.8359375,1008.9921875,1009.140625,1009.4140625,1009.6875,1009.96875,1010.2578125,1010.515625,1010.796875,1011.71875,1012.0546875,1012.3984375,1012.5546875,1012.703125,1012.875,1013.046875,1013.2109375,1013.375,1013.53125,1013.6875,1013.84375,1013.9921875,1014.203125,1014.4140625,1014.625,1014.8359375,1015.046875,1015.2578125,1015.4765625,1015.703125,1015.890625,1016.0859375,1016.2890625,1016.5,1016.6875,1016.890625,1017.578125,1017.84375,1018.1015625,1018.3359375,1018.5859375,1018.828125,1019.0546875,1019.28125,1019.40625,1019.5234375,1019.640625,1019.7578125,1019.875,1019.9921875,1020.109375,1020.2265625,1020.34375,1020.4609375,1020.578125,1020.703125,1020.8203125,1020.9453125,1021.0625,1021.1875,1021.40625,1021.640625,1021.875,1022.1328125,1022.3515625,1022.59375,1023.375,1023.6640625,1023.9375,1024.1953125,1024.421875,1024.6484375,1024.8671875,1025.0859375,1025.3515625,1025.625,1025.90625,1026.1953125,1026.453125,1026.734375,1027.0078125,1027.6640625,1028.0078125,1028.1875,1028.359375,1028.5234375,1028.6796875,1028.8671875,1029.046875,1029.21875,1029.390625,1029.5625,1029.7265625,1029.890625,1030.0546875,1030.25,1030.4375,1030.625,1030.8203125,1031.015625,1031.2109375,1031.40625,1031.609375,1031.78125,1031.953125,1032.140625,1032.3359375,1032.5078125,1032.6953125,1033.3203125,1033.546875,1033.765625,1033.96875,1034.1796875,1034.3828125,1034.578125,1034.765625,1034.9609375,1035.0625,1035.15625,1035.34375,1035.4375,1035.53125,1035.625,1035.71875,1035.8984375,1035.9921875,1036.0859375,1036.1796875,1036.265625,1036.3515625,1036.4453125,1036.5390625,1036.6328125,1036.7265625,1036.8203125,1036.9140625,1037.0078125,1037.1953125,1037.2890625,1037.390625,1037.5859375,1037.7890625,1037.9609375,1038.1328125,1038.3125,1038.5078125,1038.6796875,1038.8671875,1039.5,1039.734375,1039.96875,1040.1875,1040.4140625,1040.625,1040.828125,1041.03125,1041.234375,1041.3359375,1041.4375,1041.5390625,1041.6328125,1041.734375,1041.828125,1041.9296875,1042.0234375,1042.2109375,1042.3046875,1042.40625,1042.5,1042.6015625,1042.7578125,1042.9140625,1043.0703125,1043.234375,1043.3984375,1043.5703125,1043.7421875,1043.921875,1044.0703125,1044.2265625,1044.390625,1044.5625,1044.890625,1045.703125,1045.9296875,1046.140625,1046.3671875,1046.5859375,1046.7890625,1046.9921875,1047.2109375,1047.4296875,1047.640625,1047.8515625,1048.0625,1048.2734375,1048.484375,1048.6953125,1048.8203125,1048.9453125,1049.0703125,1049.203125,1049.3359375,1049.46875,1049.6015625,1049.7421875,1050.03125,1050.3515625,1050.6875,1051.390625,1051.6953125,1052.015625,1052.3125,1052.484375,1052.65625,1052.8203125,1052.984375,1053.1484375,1053.3046875,1053.4609375,1053.6171875,1053.7734375,1053.9375,1054.09375,1054.2578125,1054.421875,1054.5859375,1054.7578125,1054.9375,1055.2421875,1055.578125,1055.8984375,1056.671875,1057.0859375,1057.296875,1057.5,1057.6953125,1057.8828125,1058.09375,1058.296875,1058.4921875,1058.6875,1058.8828125,1059.078125,1059.2734375,1059.4609375,1059.65625,1059.8515625,1060.046875,1060.2421875,1060.4453125,1060.6484375,1060.859375,1061.0703125,1061.25,1061.4375,1061.6328125,1061.8359375,1062.21875,1063.1640625,1063.4296875,1063.6640625,1063.921875,1064.1640625,1064.390625,1064.6171875,1064.859375,1065.09375,1065.328125,1065.5625,1065.796875,1066.0234375,1066.25,1066.484375,1066.671875,1066.859375,1067.046875,1067.2421875,1067.4375,1067.640625,1067.84375,1068.0546875,1068.2421875,1068.4296875,1068.6328125,1068.84375,1069.265625,1070.09375,1070.4453125,1070.8125,1071.1484375,1071.34375,1071.53125,1071.71875,1071.90625,1072.09375,1072.2734375,1072.453125,1072.6328125,1072.9375,1073.25,1073.5703125,1073.8984375,1074.2265625,1074.5859375,1074.953125,1075.984375,1076.3046875,1076.59375,1076.9375,1077.2578125,1077.5703125,1077.875,1078.21875,1078.5625,1078.9140625,1079.28125,1079.640625,1080.03125,1080.4375,1081.5703125,1081.921875,1082.2421875,1082.6171875,1082.984375,1083.34375,1083.6953125,1084.0078125,1084.3203125,1084.640625,1084.984375,1085.2734375,1085.6015625,1086.703125,1087.140625,1087.59375,1088.0234375,1088.390625,1088.78125,1090.234375,1090.53125,1090.796875,1091.109375,1091.40625,1091.6875,1091.9609375,1092.2265625,1092.4921875,1092.7578125,1093.015625,1093.2734375,1093.53125,1093.796875,1094.078125,1094.3359375,1094.6171875,1095.5703125,1095.9296875,1096.125,1096.3125,1096.484375,1096.6484375,1096.8515625,1097.0546875,1097.2421875,1097.4296875,1097.609375,1097.7890625,1097.96875,1098.140625,1098.3359375,1098.53125,1098.7265625,1098.921875,1099.1171875,1099.3125,1099.5078125,1099.7109375,1099.8203125,1099.9296875,1100.1484375,1100.375,1100.6171875,1100.8515625,1101.109375,1101.3671875,1102.0546875,1102.265625,1102.453125,1102.671875,1102.875,1103.0625,1103.25,1103.3671875,1103.4765625,1103.5859375,1103.6953125,1103.8046875,1103.90625,1104.015625,1104.1171875,1104.2265625,1104.328125,1104.4296875,1104.53125,1104.640625,1104.7421875,1104.84375,1104.9453125,1105.1171875,1105.203125,1105.296875,1105.3828125,1105.4765625,1105.65625,1105.8359375,1106.0234375,1106.21875,1106.4140625,1106.59375,1106.7734375,1106.96875,1107.171875,1107.359375,1107.5703125,1108.34375,1108.6640625,1108.8359375,1109.0,1109.15625,1109.3125,1109.4921875,1109.671875,1109.84375,1110.015625,1110.1875,1110.3515625,1110.515625,1110.6796875,1110.8359375,1111.0,1111.15625,1111.3203125,1111.484375,1111.65625,1111.828125,1112.0,1112.1640625,1112.328125,1112.5,1112.6875,1113.046875,1113.75,1114.0390625,1114.34375,1114.625,1114.7890625,1114.9453125,1115.1015625,1115.2578125,1115.40625,1115.5546875,1115.703125,1115.8515625,1116.0,1116.1484375,1116.296875,1116.4453125,1116.6015625,1116.7578125,1116.9140625,1117.078125,1117.359375,1117.6640625,1117.953125,1118.6484375,1119.0078125,1119.1875,1119.359375,1119.5234375,1119.6796875,1119.8515625,1120.015625,1120.1796875,1120.34375,1120.5,1120.65625,1120.8125,1120.96875,1121.1328125,1121.296875,1121.4609375,1121.625,1121.7890625,1121.9609375,1122.1328125,1122.3125,1122.484375,1122.65625,1122.8359375,1123.0234375,1123.203125,1123.3984375,1124.1328125,1124.4375,1124.6015625,1124.7578125,1124.90625,1125.046875,1125.21875,1125.3828125,1125.546875,1125.703125,1125.859375,1126.015625,1126.171875,1126.328125,1126.484375,1126.640625,1126.796875,1126.953125,1127.1171875,1127.28125,1127.4453125,1127.6171875,1127.7578125,1127.90625,1128.0625,1128.2265625,1128.53125,1129.25,1129.4453125,1129.625,1129.8125,1129.984375,1130.15625,1130.3203125,1130.4921875,1130.6640625,1130.828125,1130.9921875,1131.15625,1131.3203125,1131.484375,1131.640625,1131.7890625,1131.9453125,1132.09375,1132.25,1132.40625,1132.5625,1132.7265625,1132.890625,1133.03125,1133.1796875,1133.328125,1133.4921875,1133.7890625,1134.5,1134.6953125,1134.8671875,1135.0546875,1135.2265625,1135.390625,1135.5546875,1135.734375,1135.90625,1136.078125,1136.2421875,1136.40625,1136.5703125,1136.734375,1136.890625,1137.0625,1137.234375,1137.40625,1137.578125,1137.75,1137.9296875,1138.109375,1138.2890625,1138.4609375,1138.6328125,1138.8125,1139.0078125,1139.1875,1139.390625,1140.109375,1140.40625,1140.5625,1140.7109375,1140.8515625,1140.9921875,1141.15625,1141.3203125,1141.4765625,1141.625,1141.7734375,1141.921875,1142.0703125,1142.2109375,1142.3046875,1142.390625,1142.484375,1142.5703125,1142.65625,1142.75,1142.8359375,1142.9296875,1143.015625,1143.109375,1143.1953125,1143.2890625,1143.3828125,1143.4765625,1143.6640625,1143.84375,1144.03125,1144.2265625,1144.4296875,1144.625,1144.8359375,1145.046875,1145.6171875,1145.7890625,1145.9453125,1146.1171875,1146.28125,1146.4375,1146.59375,1146.78125,1146.9609375,1147.1328125,1147.3046875,1147.4765625,1147.640625,1147.8046875,1147.96875,1148.1328125,1148.3046875,1148.46875,1148.640625,1148.8125,1148.984375,1149.1640625,1149.3515625,1149.5078125,1149.6640625,1149.828125,1150.0,1150.15625,1150.328125,1150.8828125,1151.09375,1151.296875,1151.484375,1151.6796875,1151.8671875,1152.0390625,1152.2109375,1152.3828125,1152.5546875,1152.7265625,1152.890625,1153.0546875,1153.21875,1153.3046875,1153.3828125,1153.46875,1153.546875,1153.6328125,1153.71875,1153.8046875,1153.8984375,1153.984375,1154.0703125,1154.15625,1154.25,1154.3359375,1154.4296875,1154.5234375,1154.6171875,1154.7109375,1154.8046875,1154.8984375,1155.0,1155.1640625,1155.328125,1155.5,1155.6875,1155.8515625,1156.03125,1156.6328125,1156.859375,1157.0859375,1157.296875,1157.515625,1157.625,1157.7265625,1157.921875,1158.0234375,1158.1171875,1158.21875,1158.3203125,1158.421875,1158.5234375,1158.625,1158.71875,1158.8203125,1158.9140625,1159.015625,1159.109375,1159.203125,1159.296875,1159.390625,1159.4921875,1159.5859375,1159.6875,1159.828125,1159.96875,1160.109375,1160.25,1160.390625,1160.5390625,1160.6875,1160.84375,1161.0,1161.1640625,1161.328125,1161.5078125,1161.6796875,1161.875,1162.6171875,1162.9375,1163.1171875,1163.28125,1163.4375,1163.59375,1163.7734375,1163.953125,1164.1328125,1164.3046875,1164.4765625,1164.6484375,1164.8125,1164.984375,1165.1328125,1165.2890625,1165.4453125,1165.6015625,1165.7578125,1165.921875,1166.0859375,1166.2578125,1166.4140625,1166.578125,1166.75,1166.9296875,1167.296875,1168.0390625,1168.359375,1168.6953125,1168.8515625,1169.0078125,1169.1875,1169.3671875,1169.546875,1169.71875,1169.890625,1170.0625,1170.234375,1170.40625,1170.546875,1170.6875,1170.828125,1170.9765625,1171.125,1171.2734375,1171.4296875,1171.59375,1171.8671875,1172.171875,1172.46875,1173.2578125,1173.7109375,1173.953125,1174.1796875,1174.40625,1174.6328125,1174.84375,1175.0546875,1175.2734375,1175.5078125,1175.9296875,1176.8828125,1177.140625,1177.3671875,1177.6171875,1177.859375,1178.0859375,1178.3125,1178.5234375,1178.734375,1178.9375,1179.140625,1179.34375,1179.5546875,1179.765625,1179.9765625,1180.15625,1180.3359375,1180.5234375,1180.7265625,1181.1015625,1181.9453125,1182.1640625,1182.359375,1182.5625,1182.7578125,1182.9375,1183.1171875,1183.3046875,1183.484375,1183.6640625,1183.8359375,1184.0078125,1184.1796875,1184.3515625,1184.5234375,1184.6953125,1184.875,1185.046875,1185.2265625,1185.40625,1185.5859375,1185.7734375,1185.9609375,1186.125,1186.296875,1186.4765625,1186.671875,1187.0390625,1187.734375,1188.015625,1188.3125,1188.578125,1188.734375,1188.8828125,1189.03125,1189.1796875,1189.3203125,1189.4609375,1189.6015625,1189.7421875,1189.8984375,1190.0546875,1190.2109375,1190.3671875,1190.5234375,1190.6875,1190.8515625,1191.015625,1191.171875,1191.3359375,1191.5078125,1191.6875,1192.0390625,1192.7265625,1193.0078125,1193.3046875,1193.578125,1193.734375,1193.890625,1194.046875,1194.1953125,1194.34375,1194.4921875,1194.640625,1194.78125,1194.9296875,1195.078125,1195.2265625,1195.375,1195.5234375,1195.6796875,1195.8359375,1195.9921875,1196.265625,1196.5625,1196.84375,1197.5,1197.828125,1197.9921875,1198.140625,1198.28125,1198.421875,1198.5625,1198.703125,1198.84375,1198.9765625,1199.109375,1199.234375,1199.3671875,1199.4921875,1199.6953125,1199.890625,1200.0859375,1200.28125,1200.4765625,1200.6796875,1200.8828125,1201.09375,1201.265625,1201.4453125,1201.6328125,1201.828125,1202.0,1202.1953125,1202.8203125,1203.046875,1203.265625,1203.46875,1203.6796875,1203.875,1204.0625,1204.25,1204.4296875,1204.609375,1204.78125,1204.953125,1205.125,1205.296875,1205.4609375,1205.6328125,1205.7734375,1205.921875,1206.0703125,1206.21875,1206.3671875,1206.5234375,1206.6875,1206.8515625,1206.9921875,1207.1328125,1207.28125,1207.4375,1207.7265625,1208.4296875,1208.625,1208.796875,1208.984375,1209.15625,1209.3203125,1209.484375,1209.65625,1209.828125,1210.0,1210.1640625,1210.328125,1210.484375,1210.6484375,1210.8046875,1210.8984375,1210.984375,1211.078125,1211.171875,1211.265625,1211.359375,1211.453125,1211.546875,1211.640625,1211.734375,1211.828125,1211.9296875,1212.03125,1212.1328125,1212.234375,1212.3359375,1212.5078125,1212.6796875,1212.859375,1213.0546875,1213.2265625,1213.4140625,1214.046875,1214.28125,1214.515625,1214.7265625,1214.953125,1215.1640625,1215.3671875,1215.5703125,1215.671875,1215.7734375,1215.875,1215.96875,1216.0703125,1216.1640625,1216.2578125,1216.3515625,1216.4453125,1216.5390625,1216.6328125,1216.734375,1216.828125,1216.921875,1217.015625,1217.1171875,1217.265625,1217.421875,1217.578125,1217.734375,1217.890625,1218.0546875,1218.2265625,1218.3984375,1218.546875,1218.6953125,1218.8515625,1219.0234375,1219.34375,1219.9609375,1220.21875,1220.484375,1220.734375,1221.0078125,1221.2734375,1221.53125,1221.7890625,1222.0390625,1222.2890625,1222.546875,1222.8125,1223.0703125,1223.3515625,1223.640625,1224.4375,1224.6796875,1224.90625,1225.1640625,1225.40625,1225.640625,1225.875,1226.1328125,1226.390625,1226.65625,1226.9296875,1227.171875,1227.4375,1228.296875,1228.609375,1228.7734375,1228.9296875,1229.078125,1229.21875,1229.390625,1229.5546875,1229.7109375,1229.8671875,1230.0234375,1230.171875,1230.3203125,1230.4609375,1230.6484375,1230.828125,1231.0078125,1231.1875,1231.3671875,1231.546875,1231.7265625,1231.9140625,1232.109375,1232.3125,1232.515625,1232.734375,1232.9453125,1233.171875,1233.40625,1234.015625,1234.1953125,1234.359375,1234.546875,1234.71875,1234.8828125,1235.0390625,1235.140625,1235.234375,1235.328125,1235.421875,1235.515625,1235.6015625,1235.6953125,1235.78125,1235.8671875,1235.953125,1236.0390625,1236.125,1236.2109375,1236.296875,1236.3828125,1236.4609375,1236.578125,1236.6875,1236.8046875,1236.9140625,1237.0234375,1237.140625,1237.25,1237.3671875,1237.4765625,1237.59375,1237.7109375,1237.828125,1237.9453125,1238.0625,1238.1796875,1238.3046875,1238.40625,1238.5078125,1238.609375,1238.7109375,1238.8203125,1238.9296875,1239.0390625,1239.15625,1239.359375,1239.578125,1239.7890625,1240.3046875,1240.578125,1240.71875,1240.84375,1240.96875,1241.0859375,1241.2109375,1241.3359375,1241.4609375,1241.578125,1241.6953125,1241.8046875,1241.921875,1242.03125,1242.140625,1242.25,1242.359375,1242.4609375,1242.5703125,1242.671875,1242.78125,1242.8828125,1242.9921875,1243.09375,1243.1953125,1243.3046875,1243.40625,1243.515625,1243.6171875,1243.7265625,1243.8046875,1243.8828125,1243.9609375,1244.046875,1244.125,1244.2109375,1244.375,1244.4609375,1244.546875,1244.71875,1244.8984375,1245.0859375,1245.2421875,1245.3984375,1245.5625,1245.7421875,1245.8984375,1246.0703125,1246.671875,1246.90625,1247.140625,1247.3515625,1247.578125,1247.796875,1248.0078125,1248.2109375,1248.4140625,1248.515625,1248.6171875,1248.71875,1248.8203125,1249.015625,1249.2109375,1249.3125,1249.4140625,1249.6171875,1249.71875,1249.828125,1249.9453125,1250.0625,1250.1796875,1250.3046875,1250.4296875,1250.5625,1250.6953125,1250.828125,1251.09375,1251.3828125,1251.6875,1252.3125,1252.5859375,1252.875,1253.1328125,1253.4375,1253.5859375,1253.734375,1253.8828125,1254.0234375,1254.3046875,1254.5859375,1254.8671875,1255.1640625,1255.46875,1255.734375,1256.0234375,1256.984375,1257.34375,1257.703125,1257.8671875,1258.03125,1258.2109375,1258.3828125,1258.5546875,1258.71875,1258.8828125,1259.046875,1259.2109375,1259.3671875,1259.53125,1259.703125,1259.875,1260.046875,1260.21875,1260.3984375,1260.578125,1260.7578125,1261.0859375,1261.4453125,1261.7890625,1262.6640625,1262.9140625,1263.140625,1263.390625,1263.6328125,1263.8671875,1264.0859375,1264.21875,1264.34375,1264.4765625,1264.6015625,1264.7265625,1264.8515625,1264.9765625,1265.1015625,1265.2265625,1265.34375,1265.46875,1265.5859375,1265.7109375,1265.828125,1265.9453125,1266.0625,1266.1796875,1266.3046875,1266.421875,1266.546875,1266.6640625,1266.7890625,1266.90625,1267.03125,1267.15625,1267.28125,1267.40625,1267.53125,1267.6640625,1267.796875,1267.9296875,1268.0625,1268.28125,1268.515625,1268.7578125,1269.015625,1269.234375,1269.484375,1270.296875,1270.59375,1270.8828125,1271.140625,1271.4140625,1271.671875,1271.921875,1272.15625,1272.28125,1272.40625,1272.53125,1272.65625,1272.7734375,1272.890625,1273.0078125,1273.125,1273.2421875,1273.3515625,1273.46875,1273.578125,1273.6953125,1273.8046875,1273.9140625,1274.0234375,1274.1484375,1274.2734375,1274.3984375,1274.515625,1274.640625,1274.765625,1274.890625,1275.015625,1275.140625,1275.265625,1275.390625,1275.515625,1275.640625,1275.7734375,1275.90625,1276.0390625,1276.15625,1276.2734375,1276.390625,1276.515625,1276.640625,1276.765625,1276.8984375,1277.03125,1277.2734375,1277.546875,1277.8125,1278.4921875,1278.6953125,1278.875,1279.078125,1279.2734375,1279.453125,1279.6328125,1279.84375,1280.046875,1280.2421875,1280.4375,1280.5390625,1280.6328125,1280.8203125,1280.9140625,1281.0078125,1281.1015625,1281.1953125,1281.2890625,1281.3828125,1281.4765625,1281.5703125,1281.6640625,1281.7578125,1281.8515625,1281.953125,1282.046875,1282.1484375,1282.34375,1282.4453125,1282.546875,1282.75,1282.9375,1283.1328125,1283.3359375,1283.546875,1283.7421875,1283.9609375,1284.75,1285.078125,1285.25,1285.4140625,1285.5703125,1285.7265625,1285.90625,1286.0859375,1286.2578125,1286.4296875,1286.6015625,1286.765625,1286.9296875,1287.09375,1287.2578125,1287.421875,1287.5859375,1287.75,1287.921875,1288.09375,1288.265625,1288.4453125,1288.59375,1288.75,1288.9140625,1289.0859375,1289.40625,1290.1484375,1290.34375,1290.515625,1290.703125,1290.875,1291.0390625,1291.1953125,1291.359375,1291.515625,1291.671875,1291.828125,1291.9765625,1292.125,1292.2734375,1292.421875,1292.5234375,1292.625,1292.7265625,1292.8203125,1292.9140625,1293.015625,1293.1171875,1293.21875,1293.3203125,1293.421875,1293.5234375,1293.625,1293.7265625,1293.828125,1293.9296875,1294.0390625,1294.140625,1294.25,1294.359375,1294.46875,1294.578125,1294.6953125,1294.8125,1294.9375,1295.171875,1295.421875,1295.6796875,1296.390625,1296.609375,1296.8046875,1297.0234375,1297.234375,1297.4375,1297.6328125,1297.75,1297.8671875,1297.984375,1298.1015625,1298.21875,1298.328125,1298.4375,1298.546875,1298.6640625,1298.7734375,1298.8828125,1298.9921875,1299.1015625,1299.2109375,1299.3203125,1299.4375,1299.59375,1299.7578125,1299.921875,1300.0859375,1300.2578125,1300.4296875,1300.609375,1300.7890625,1300.953125,1301.1171875,1301.2890625,1301.4765625,1301.6484375,1301.8359375,1302.546875,1302.84375,1303.15625,1303.4375,1303.6015625,1303.765625,1303.921875,1304.078125,1304.234375,1304.3828125,1304.5390625,1304.6875,1304.8359375,1304.9921875,1305.1484375,1305.3046875,1305.4609375,1305.625,1305.7890625,1305.9609375,1306.1171875,1306.28125,1306.453125,1306.6328125,1306.9921875,1307.703125,1308.0,1308.3125,1308.59375,1308.7578125,1308.921875,1309.078125,1309.234375,1309.390625,1309.5390625,1309.6953125,1309.84375,1309.9921875,1310.1484375,1310.296875,1310.453125,1310.609375,1310.7734375,1310.9375,1311.1015625,1311.390625,1311.703125,1312.0,1312.6953125,1313.046875,1313.2265625,1313.390625,1313.546875,1313.703125,1313.8671875,1314.0234375,1314.1796875,1314.328125,1314.4765625,1314.625,1314.7734375,1314.9140625,1315.03125,1315.1484375,1315.265625,1315.3828125,1315.5,1315.609375,1315.7265625,1315.84375,1315.9609375,1316.078125,1316.1953125,1316.3125,1316.4296875,1316.5546875,1316.6796875,1316.8046875,1317.0078125,1317.21875,1317.4453125,1317.6796875,1317.8828125,1318.109375,1318.8515625,1319.125,1319.3984375,1319.6484375,1319.90625,1320.15625,1320.390625,1320.6171875,1320.734375,1320.8515625,1320.96875,1321.078125,1321.1953125,1321.3046875,1321.4140625,1321.5234375,1321.6328125,1321.7421875,1321.8515625,1321.9609375,1322.0703125,1322.1796875,1322.2890625,1322.40625,1322.6015625,1322.8046875,1323.0078125,1323.2109375,1323.421875,1323.6328125,1323.8515625,1324.078125,1324.265625,1324.4609375,1324.6640625,1324.8828125,1325.2890625,1326.03125,1326.3203125,1326.6171875,1326.8828125,1327.171875,1327.453125,1327.71875,1327.9765625,1328.1171875,1328.2578125,1328.3984375,1328.53125,1328.671875,1328.8046875,1328.9453125,1329.078125,1329.2109375,1329.3515625,1329.484375,1329.625,1329.765625,1329.90625,1330.046875,1330.1875,1330.375,1330.5625,1330.75,1330.9453125,1331.1484375,1331.3515625,1331.5625,1331.7890625,1332.15625,1332.5703125,1332.984375,1334.171875,1334.5546875,1334.9140625,1335.3203125,1335.7109375,1336.1015625,1336.5,1336.890625,1337.296875,1337.734375,1338.2265625,1338.8515625,1339.7109375,1340.8203125,1341.5390625,1341.9453125,1342.3203125,1342.6640625,1342.9921875,1343.3125,1343.625,1343.9296875,1344.234375,1344.515625,1344.796875,1345.0859375,1345.3828125,1345.9453125,1347.2890625,1347.6640625,1348.0078125,1348.3984375,1348.7734375,1349.1328125,1349.484375,1349.6796875,1349.8671875,1350.0546875,1350.25,1350.4453125,1350.640625,1350.84375,1351.046875,1351.390625,1351.7734375,1352.1328125,1352.9765625,1353.3984375,1353.8046875,1354.1796875,1354.375,1354.5625,1354.75,1354.9296875,1355.109375,1355.2890625,1355.46875,1355.6484375,1355.8203125,1355.9921875,1356.1640625,1356.34375,1356.5234375,1356.703125,1356.890625,1357.0859375,1357.40625,1357.765625,1358.1015625,1358.9140625,1359.328125,1359.7265625,1359.9140625,1360.09375,1360.2734375,1360.453125,1360.6328125,1360.8046875,1360.9765625,1361.1484375,1361.3203125,1361.4921875,1361.796875,1362.1015625,1362.421875,1362.7578125,1363.046875,1363.359375,1364.3828125,1364.75,1365.1171875,1365.4453125,1365.6171875,1365.7890625,1365.953125,1366.1171875,1366.28125,1366.4375,1366.59375,1366.75,1367.015625,1367.2734375,1367.53125,1367.796875,1368.0625,1368.3359375,1368.609375,1368.8984375,1369.140625,1369.3984375,1369.6640625,1369.953125,1370.4765625,1371.7890625,1372.15625,1372.5,1372.8125,1373.1171875,1373.4296875,1373.7421875,1374.234375,1374.78125,1376.734375,1378.28125,1378.765625,1379.2109375,1379.609375,1379.984375,1380.34375,1380.59375,1380.84375,1381.09375,1381.3359375,1381.578125,1381.828125,1382.078125,1382.328125,1382.75,1383.2109375,1383.6484375,1384.71875,1385.2890625,1385.578125,1385.859375,1386.1328125,1386.40625,1386.84375,1387.3125,1387.75,1388.6953125,1389.1171875,1389.5,1389.8515625,1390.0546875,1390.25,1390.4453125,1390.6328125,1390.8203125,1391.0,1391.1796875,1391.359375,1391.5390625,1391.71875,1391.890625,1392.0703125,1392.25,1392.4296875,1392.609375,1392.7890625,1393.078125,1393.3828125,1393.6953125,1394.03125,1394.359375,1394.71875,1395.109375,1396.3671875,1396.7890625,1397.1875,1397.6484375,1398.1015625,1398.5625,1399.0234375,1399.3125,1399.609375,1399.90625,1400.1953125,1400.4765625,1400.7578125,1401.03125,1401.2890625,1401.5390625,1401.7734375,1402.0,1402.2265625,1402.4375,1402.6484375,1402.8515625,1403.0546875,1403.3515625,1403.640625,1403.921875,1404.1953125,1404.46875,1404.7421875,1405.015625,1405.2890625,1405.5625,1405.84375,1406.1328125,1406.4296875,1406.7109375,1407.015625,1407.3125,1408.078125,1408.5,1408.7265625,1408.9375,1409.140625,1409.3359375,1409.578125,1409.8046875,1410.03125,1410.25,1410.46875,1410.6796875,1410.890625,1411.1015625,1411.3046875,1411.515625,1411.71875,1411.9296875,1412.140625,1412.3515625,1412.5703125,1412.796875,1413.0,1413.203125,1413.421875,1413.65625,1413.875,1414.109375,1415.0234375,1415.40625,1415.6171875,1415.8203125,1416.0078125,1416.1953125,1416.4140625,1416.6328125,1416.84375,1417.0546875,1417.265625,1417.4765625,1417.6875,1417.8984375,1418.1640625,1418.4375,1418.71875,1419.015625,1419.2890625,1419.5859375,1419.890625,1420.7578125,1421.03125,1421.28125,1421.5703125,1421.84375,1422.109375,1422.375,1422.6328125,1422.890625,1423.15625,1423.4375,1423.953125,1425.140625,1425.4609375,1425.75,1426.0546875,1426.34375,1426.625,1426.90625,1427.1640625,1427.421875,1427.6953125,1427.9765625,1428.484375,1429.6328125,1429.9296875,1430.1953125,1430.46875,1430.734375,1430.9921875,1431.2421875,1431.5546875,1431.875,1432.1953125,1432.5234375,1432.8125,1433.1328125,1433.4375,1434.15625,1434.53125,1434.7265625,1434.90625,1435.078125,1435.25,1435.4453125,1435.640625,1435.828125,1436.015625,1436.1953125,1436.375,1436.5546875,1436.7265625,1436.9453125,1437.15625,1437.375,1437.59375,1437.8125,1438.03125,1438.2578125,1438.4921875,1438.6875,1438.890625,1439.109375,1439.3359375,1439.5390625,1439.765625,1440.5625,1440.8828125,1441.21875,1441.5234375,1441.6953125,1441.8671875,1442.03125,1442.1953125,1442.359375,1442.515625,1442.671875,1442.828125,1442.984375,1443.1484375,1443.3125,1443.4765625,1443.640625,1443.8046875,1443.9765625,1444.1484375,1444.328125,1444.5078125,1444.6953125,1444.8984375,1445.3125,1446.15625,1446.5234375,1446.9140625,1447.09375,1447.2734375,1447.484375,1447.6953125,1447.8984375,1448.1015625,1448.3046875,1448.5,1448.703125,1448.90625,1449.0703125,1449.234375,1449.3984375,1449.5703125,1449.921875,1450.296875,1450.609375,1450.953125,1452.2421875,1452.8125,1453.1171875,1453.4140625,1453.7109375,1454.015625,1454.4375,1454.90625,1456.5625,1458.0078125,1458.5078125,1458.9765625,1459.390625,1459.765625,1459.9453125,1460.125,1460.296875,1460.46875,1460.6328125,1460.796875,1460.9609375,1461.125,1461.2890625,1461.4453125,1461.6484375,1461.84375,1462.046875,1462.25,1462.453125,1462.65625,1462.8671875,1463.0859375,1463.2734375,1463.4609375,1463.6640625,1463.875,1464.28125,1465.0546875,1465.3671875,1465.6875,1465.984375,1466.3203125,1466.640625,1466.9609375,1467.2734375,1467.5625,1467.8515625,1468.1484375,1468.4609375,1468.75,1469.0625,1470.234375,1470.7265625,1471.0,1471.2578125,1471.5078125,1471.7578125,1472.0078125,1472.2578125,1472.515625,1472.78125,1473.265625,1474.328125,1474.5859375,1474.8203125,1475.0625,1475.2890625,1475.5078125,1475.7265625,1475.953125,1476.171875,1476.390625,1476.6015625,1476.8125,1477.03125,1477.25,1477.4765625,1477.6640625,1477.8515625,1478.046875,1478.2578125,1478.640625,1479.5078125,1479.7265625,1479.921875,1480.125,1480.3125,1480.4921875,1480.6640625,1480.84375,1481.0234375,1481.1953125,1481.3671875,1481.5390625,1481.703125,1481.8671875,1482.03125,1482.140625,1482.2421875,1482.3515625,1482.453125,1482.5546875,1482.6640625,1482.765625,1482.875,1482.9765625,1483.0859375,1483.1953125,1483.3046875,1483.4140625,1483.5234375,1483.6328125,1483.75,1483.9375,1484.1328125,1484.3359375,1484.5546875,1484.7421875,1484.953125,1485.6484375,1485.9140625,1486.171875,1486.40625,1486.65625,1486.890625,1487.0078125,1487.1171875,1487.234375,1487.34375,1487.4609375,1487.578125,1487.6953125,1487.8046875,1487.921875,1488.03125,1488.1484375,1488.2578125,1488.375,1488.484375,1488.59375,1488.7109375,1488.8203125,1488.9375,1489.046875,1489.1640625,1489.296875,1489.4375,1489.578125,1489.71875,1489.859375,1490.0078125,1490.15625,1490.3125,1490.4609375,1490.609375,1490.765625,1490.9375,1491.28125,1491.9765625,1492.2734375,1492.59375,1492.8828125,1493.0546875,1493.21875,1493.3828125,1493.5390625,1493.703125,1493.859375,1494.015625,1494.171875,1494.3203125,1494.4765625,1494.6328125,1494.7890625,1494.9453125,1495.109375,1495.2734375,1495.4453125,1495.734375,1496.0546875,1496.359375,1497.1171875,1497.5234375,1497.7265625,1497.921875,1498.109375,1498.2890625,1498.484375,1498.6796875,1498.875,1499.0625,1499.25,1499.4375,1499.6171875,1499.8046875,1499.96875,1500.1328125,1500.296875,1500.46875,1500.640625,1500.8125,1500.9921875,1501.171875,1501.5234375,1501.90625,1502.3203125,1503.1875,1503.5703125,1503.984375,1504.3671875,1504.59375,1504.8125,1505.03125,1505.2421875,1505.4609375,1505.6796875,1505.8984375,1506.1171875,1506.3984375,1506.6796875,1506.9765625,1507.2734375,1507.578125,1507.8984375,1508.2265625,1508.5546875,1508.890625,1509.234375,1509.5703125,1509.8984375,1510.2265625,1510.546875,1510.859375,1511.171875,1511.5078125,1511.84375,1512.1796875,1512.53125,1512.8671875,1513.234375,1514.5234375,1515.046875,1515.3359375,1515.6015625,1515.859375,1516.1171875,1516.4375,1516.7578125,1517.078125,1517.40625,1517.703125,1518.0234375,1519.078125,1519.4609375,1519.6640625,1519.8515625,1520.03125,1520.203125,1520.421875,1520.625,1520.828125,1521.0234375,1521.2109375,1521.3984375,1521.5859375,1521.765625,1521.8828125,1522.0,1522.1171875,1522.234375,1522.3515625,1522.46875,1522.5859375,1522.703125,1522.8203125,1522.9375,1523.0546875,1523.171875,1523.2890625,1523.4140625,1523.5390625,1523.6640625,1523.875,1524.0859375,1524.3046875,1524.5390625,1524.7421875,1524.96875,1525.71875,1525.9921875,1526.265625,1526.515625,1526.7734375,1527.0234375,1527.2578125,1527.375,1527.4921875,1527.6171875,1527.7421875,1527.8671875,1527.9921875,1528.1171875,1528.234375,1528.3515625,1528.46875,1528.59375,1528.7109375,1528.828125,1528.9453125,1529.0625,1529.1796875,1529.296875,1529.4140625,1529.515625,1529.625,1529.7265625,1529.8359375,1529.9453125,1530.0546875,1530.1640625,1530.2734375,1530.3828125,1530.5,1530.609375,1530.7265625,1530.84375,1530.9609375,1531.203125,1531.3984375,1531.609375,1531.828125,1532.0625,1532.265625,1532.4921875,1533.2734375,1533.5859375,1533.8984375,1534.1796875,1534.4765625,1534.7578125,1535.03125,1535.3046875,1535.5546875,1535.8046875,1536.0546875,1536.3046875,1536.5546875,1536.8046875,1537.0546875,1537.3046875,1537.546875,1537.7890625,1538.0390625,1538.2890625,1538.546875,1538.8046875,1539.0703125,1539.34375,1539.609375,1539.890625,1540.1796875,1540.4921875,1540.78125,1541.09375,1542.2265625,1542.671875,1542.9140625,1543.140625,1543.3515625,1543.5546875,1543.8046875,1544.046875,1544.28125,1544.5078125,1544.734375,1544.953125,1545.171875,1545.390625,1545.59375,1545.7890625,1545.9921875,1546.1953125,1546.3984375,1546.609375,1546.8203125,1547.03125,1547.2265625,1547.4296875,1547.640625,1547.859375,1548.0625,1548.2890625,1549.0859375,1549.40625,1549.7421875,1550.046875,1550.2265625,1550.3984375,1550.5625,1550.7265625,1550.890625,1551.046875,1551.2109375,1551.3671875,1551.546875,1551.7265625,1551.90625,1552.09375,1552.2734375,1552.4609375,1552.6484375,1552.84375,1553.0234375,1553.203125,1553.3984375,1553.6015625,1554.0,1554.75,1555.0625,1555.3828125,1555.6796875,1555.8515625,1556.0234375,1556.1875,1556.3515625,1556.5078125,1556.6640625,1556.8203125,1556.9765625,1557.1328125,1557.296875,1557.453125,1557.6171875,1557.78125,1557.9453125,1558.109375,1558.28125,1558.578125,1558.8984375,1559.203125,1559.921875,1560.28125,1560.4609375,1560.625,1560.78125,1560.9375,1561.1015625,1561.2578125,1561.4140625,1561.5625,1561.7109375,1561.859375,1562.0078125,1562.15625,1562.3515625,1562.5390625,1562.734375,1562.9296875,1563.125,1563.3203125,1563.5234375,1563.7265625,1563.8984375,1564.078125,1564.265625,1564.4609375,1564.6328125,1564.8203125,1565.4375,1565.6640625,1565.8828125,1566.078125,1566.28125,1566.4765625,1566.6640625,1566.84375,1567.0234375,1567.203125,1567.3828125,1567.5546875,1567.7265625,1567.890625,1568.0625,1568.2265625,1568.328125,1568.4296875,1568.53125,1568.640625,1568.7421875,1568.8515625,1568.953125,1569.0625,1569.1640625,1569.2734375,1569.3828125,1569.4921875,1569.6015625,1569.71875,1569.828125,1569.9453125,1570.1328125,1570.328125,1570.53125,1570.75,1570.9453125,1571.15625,1571.875,1572.1484375,1572.421875,1572.671875,1572.8046875,1572.9375,1573.0625,1573.1875,1573.3125,1573.4296875,1573.546875,1573.6640625,1573.78125,1573.8984375,1574.015625,1574.125,1574.2421875,1574.3515625,1574.46875,1574.5859375,1574.703125,1574.8203125,1574.9375,1575.0546875,1575.171875,1575.296875,1575.4140625,1575.5390625,1575.7578125,1575.9921875,1576.234375,1576.4921875,1576.7265625,1576.984375,1577.9921875,1578.4453125,1578.6953125,1578.9296875,1579.1640625,1579.3984375,1579.625,1579.8515625,1580.0859375,1580.328125,1580.7734375,1581.8359375,1582.125,1582.390625,1582.6796875,1582.9609375,1583.2265625,1583.4921875,1583.7890625,1584.0859375,1584.390625,1584.7109375,1584.984375,1585.28125,1586.234375,1586.5703125,1586.8984375,1587.203125,1587.3671875,1587.5234375,1587.6796875,1587.8359375,1587.984375,1588.1328125,1588.28125,1588.421875,1588.6015625,1588.78125,1588.9609375,1589.140625,1589.3203125,1589.5078125,1589.6953125,1589.8828125,1590.046875,1590.2109375,1590.3828125,1590.5703125,1590.90625,1591.703125,1591.90625,1592.09375,1592.2890625,1592.4765625,1592.65625,1592.828125,1593.0078125,1593.1875,1593.3671875,1593.5390625,1593.7109375,1593.875,1594.0390625,1594.203125,1594.3984375,1594.6015625,1594.8046875,1595.0078125,1595.2109375,1595.421875,1595.6328125,1595.8515625,1596.03125,1596.21875,1596.4140625,1596.625,1596.8125,1597.015625,1597.6875,1597.9453125,1598.203125,1598.4296875,1598.671875,1598.90625,1599.125,1599.34375,1599.4609375,1599.5703125,1599.6875,1599.796875,1599.90625,1600.015625,1600.125,1600.234375,1600.34375,1600.453125,1600.5625,1600.6640625,1600.7734375,1600.8828125,1600.9921875,1601.1015625,1601.203125,1601.3125,1601.421875,1601.53125,1601.640625,1601.75,1601.96875,1602.1953125,1602.4296875,1602.6640625,1602.9140625,1603.109375,1603.3203125,1603.5390625,1603.78125,1604.21875,1605.0390625,1605.3828125,1605.7265625,1606.046875,1606.390625,1606.7265625,1607.046875,1607.3671875,1607.671875,1607.96875,1608.265625,1608.5625,1608.859375,1609.15625,1609.4609375,1609.7578125,1609.9296875,1610.1015625,1610.2734375,1610.4453125,1610.6171875,1610.7890625,1610.9609375,1611.1328125,1611.3046875,1611.4765625,1611.640625,1611.8125,1611.9765625,1612.1484375,1612.3203125,1612.4921875,1612.8046875,1613.125,1613.453125,1613.7890625,1614.1015625,1614.4375,1614.765625,1615.5703125,1616.0,1616.2265625,1616.4453125,1616.6484375,1616.84375,1617.0859375,1617.3125,1617.53125,1617.75,1617.96875,1618.1796875,1618.390625,1618.6015625,1618.7734375,1618.9453125,1619.1171875,1619.2890625,1619.4609375,1619.640625,1619.8203125,1620.0078125,1620.1953125,1620.3828125,1620.5859375,1620.796875,1621.0,1621.21875,1622.0546875,1622.40625,1622.7734375,1622.9375,1623.1015625,1623.296875,1623.4921875,1623.6796875,1623.8671875,1624.046875,1624.2265625,1624.40625,1624.5859375,1624.765625,1624.9453125,1625.125,1625.3046875,1625.4921875,1625.6796875,1625.875,1626.0703125,1626.234375,1626.40625,1626.5859375,1626.7734375,1627.125,1627.953125,1628.1796875,1628.3828125,1628.6015625,1628.8046875,1629.0,1629.1875,1629.3828125,1629.578125,1629.7734375,1629.9609375,1630.1484375,1630.3359375,1630.515625,1630.703125,1630.859375,1631.015625,1631.171875,1631.328125,1631.4921875,1631.65625,1631.828125,1632.0,1632.296875,1632.625,1632.9375,1633.671875,1634.046875,1634.2421875,1634.421875,1634.59375,1634.7578125,1634.9375,1635.1171875,1635.2890625,1635.453125,1635.6171875,1635.7734375,1635.9375,1636.09375,1636.2109375,1636.3203125,1636.4296875,1636.5390625,1636.6484375,1636.7578125,1636.8671875,1636.984375,1637.09375,1637.203125,1637.3125,1637.4296875,1637.5390625,1637.65625,1637.765625,1637.8828125,1638.0,1638.125,1638.2421875,1638.3671875,1638.4921875,1638.625,1638.7578125,1638.890625,1639.1484375,1639.4375,1639.7265625,1640.4765625,1640.703125,1640.90625,1641.140625,1641.359375,1641.5703125,1641.765625,1641.890625,1642.015625,1642.1328125,1642.25,1642.3671875,1642.4765625,1642.59375,1642.703125,1642.8125,1642.921875,1643.03125,1643.140625,1643.25,1643.359375,1643.46875,1643.5703125,1643.7109375,1643.84375,1643.984375,1644.1171875,1644.25,1644.390625,1644.53125,1644.671875,1644.8125,1644.953125,1645.09375,1645.234375,1645.375,1645.5234375,1645.671875,1645.8203125,1645.9375,1646.0625,1646.1875,1646.3125,1646.4453125,1646.578125,1646.71875,1646.859375,1647.1015625,1647.375,1647.6328125,1648.2734375,1648.609375,1648.78125,1648.9375,1649.09375,1649.2421875,1649.3984375,1649.5546875,1649.703125,1649.8515625,1650.0,1650.140625,1650.28125,1650.421875,1650.5625,1650.6953125,1650.8359375,1650.96875,1651.109375,1651.2421875,1651.375,1651.5078125,1651.640625,1651.7734375,1651.90625,1652.046875,1652.1796875,1652.3203125,1652.453125,1652.59375,1652.7421875,1652.890625,1653.046875,1653.203125,1653.3671875,1653.53125,1653.703125,1653.875,1654.03125,1654.1875,1654.359375,1654.5390625,1654.8984375,1655.6171875,1655.9296875,1656.25,1656.546875,1656.71875,1656.8828125,1657.046875,1657.2109375,1657.375,1657.53125,1657.6875,1657.84375,1658.0,1658.1640625,1658.328125,1658.4921875,1658.65625,1658.828125,1659.0,1659.171875,1659.3359375,1659.5078125,1659.6875,1659.8828125,1660.265625,1661.03125,1661.359375,1661.703125,1662.015625,1662.1953125,1662.375,1662.5546875,1662.7265625,1662.8984375,1663.0703125,1663.2421875,1663.40625,1663.5703125,1663.734375,1663.8984375,1664.0703125,1664.2421875,1664.4140625,1664.59375,1664.78125,1665.09375,1665.4453125,1665.7890625,1666.6640625,1667.15625,1667.4140625,1667.6640625,1667.90625,1668.140625,1668.40625,1668.671875,1668.9375,1669.203125,1669.4765625,1669.75,1670.03125,1670.328125,1670.578125,1670.84375,1671.453125,1674.125,1674.765625,1675.03125,1675.28125,1675.515625,1675.734375,1675.953125,1676.1640625,1676.3671875,1676.5703125,1676.7734375,1676.96875,1677.171875,1677.3671875,1677.5625,1677.765625,1677.96875,1678.1796875,1678.5390625,1678.921875,1679.28125,1680.1171875,1680.5234375,1680.7265625,1680.9140625,1681.09375,1681.2734375,1681.46875,1681.65625,1681.84375,1682.0234375,1682.203125,1682.375,1682.5546875,1682.7265625,1682.921875,1683.1171875,1683.3125,1683.5078125,1683.703125,1683.90625,1684.109375,1684.3203125,1684.4921875,1684.671875,1684.859375,1685.0625,1685.4296875,1686.296875,1686.5234375,1686.734375,1686.953125,1687.15625,1687.3515625,1687.5390625,1687.734375,1687.921875,1688.109375,1688.2890625,1688.46875,1688.6484375,1688.828125,1689.0078125,1689.171875,1689.3359375,1689.5,1689.6640625,1689.8359375,1690.0078125,1690.1875,1690.3671875,1690.515625,1690.671875,1690.8359375,1691.015625,1691.34375,1692.125,1692.3359375,1692.5234375,1692.7265625,1692.9140625,1693.09375,1693.265625,1693.453125,1693.6328125,1693.8125,1693.984375,1694.15625,1694.328125,1694.5,1694.6640625,1694.7734375,1694.8828125,1694.9921875,1695.1015625,1695.2109375,1695.3203125,1695.4296875,1695.546875,1695.65625,1695.7734375,1695.8828125,1696.0,1696.1171875,1696.234375,1696.3515625,1696.4765625,1696.671875,1696.8828125,1697.1015625,1697.328125,1697.53125,1697.75,1698.5078125,1698.8046875,1699.1015625,1699.3671875,1699.65625,1699.9296875,1700.1953125,1700.453125,1700.5859375,1700.7109375,1700.9609375,1701.2109375,1701.4609375,1701.5859375,1701.71875,1701.9765625,1702.2421875,1702.515625,1702.7265625,1702.953125,1703.1875,1703.4375,1703.6875,1703.96875,1705.1875,1705.484375,1705.7578125,1706.078125,1706.3828125,1706.6875,1706.9921875,1707.2890625,1707.59375,1707.90625,1708.234375,1708.53125,1708.8515625,1709.96875,1710.421875,1710.8828125,1711.3125,1711.5546875,1711.796875,1712.03125,1712.265625,1712.5,1712.7265625,1712.953125,1713.1875,1713.421875,1713.65625,1713.890625,1714.1328125,1714.3828125,1714.6328125,1715.15625,1715.671875,1716.234375,1716.8203125,1718.453125,1718.953125,1719.40625,1719.9296875,1720.4296875,1720.90625,1721.375,1721.796875,1722.2265625,1722.65625,1723.109375,1723.5078125,1723.9453125,1725.4296875,1726.015625,1726.328125,1726.6328125,1726.921875,1727.2109375,1727.515625,1727.8203125,1728.125,1728.4453125,1729.03125,1730.3671875,1730.71875,1731.0390625,1731.3984375,1731.7421875,1732.0703125,1732.390625,1732.6484375,1732.90625,1733.1640625,1733.4140625,1733.6640625,1733.921875,1734.1796875,1734.4375,1734.6796875,1734.921875,1735.1796875,1735.453125,1735.703125,1735.9765625,1736.9453125,1737.3359375,1737.7421875,1738.1171875,1738.3359375,1738.546875,1738.75,1738.953125,1739.15625,1739.3515625,1739.546875,1739.7421875,1739.96875,1740.1953125,1740.421875,1740.65625,1740.890625,1741.125,1741.359375,1741.6015625,1741.84375,1742.1015625,1742.3671875,1742.640625,1742.90625,1743.203125,1744.328125,1744.8046875,1745.0625,1745.3125,1745.546875,1745.7734375,1746.046875,1746.3125,1746.578125,1746.8359375,1747.09375,1747.34375,1747.59375,1747.8515625,1748.0390625,1748.234375,1748.4296875,1748.625,1748.8203125,1749.0234375,1749.2265625,1749.4375,1749.6484375,1749.859375,1750.078125,1750.3125,1750.78125,1751.6953125,1752.0703125,1752.46875,1752.828125,1753.0390625,1753.25,1753.453125,1753.6484375,1753.84375,1754.0390625,1754.234375,1754.421875,1754.6171875,1754.8125,1755.0078125,1755.203125,1755.3984375,1755.6015625,1755.8046875,1756.015625,1756.3671875,1756.7578125,1757.125,1757.9921875,1758.421875,1758.6328125,1758.8359375,1759.0234375,1759.2109375,1759.3984375,1759.5859375,1759.7734375,1759.953125,1760.1328125,1760.3125,1760.4921875,1760.6640625,1760.8203125,1760.9765625,1761.1328125,1761.296875,1761.4609375,1761.625,1761.7890625,1761.9609375,1762.2578125,1762.5859375,1762.8984375,1763.6328125,1764.015625,1764.2109375,1764.3984375,1764.578125,1764.75,1764.9453125,1765.1328125,1765.3203125,1765.5,1765.6796875,1765.8515625,1766.0234375,1766.1953125,1766.3984375,1766.59375,1766.7890625,1766.9921875,1767.1953125,1767.3984375,1767.609375,1767.828125,1768.0078125,1768.1875,1768.3828125,1768.5859375,1768.9609375,1769.84375,1770.078125,1770.2890625,1770.5078125,1770.71875,1770.9140625,1771.109375,1771.3046875,1771.4921875,1771.6796875,1771.859375,1772.046875,1772.2265625,1772.40625,1772.5859375,1772.7421875,1772.90625,1773.0703125,1773.234375,1773.3984375,1773.5703125,1773.7421875,1773.921875,1774.0859375,1774.2578125,1774.4375,1774.6328125,1775.0078125,1775.75,1776.0625,1776.390625,1776.6875,1776.859375,1777.03125,1777.1953125,1777.359375,1777.5234375,1777.6796875,1777.84375,1778.0,1778.15625,1778.3203125,1778.4765625,1778.640625,1778.8046875,1778.9765625,1779.1484375,1779.3203125,1779.46875,1779.625,1779.953125,1780.265625,1781.015625,1781.21875,1781.3984375,1781.59375,1781.78125,1781.953125,1782.125,1782.3125,1782.5,1782.6796875,1782.8515625,1783.0234375,1783.1953125,1783.3671875,1783.5390625,1783.71875,1783.8984375,1784.078125,1784.265625,1784.4453125,1784.6328125,1784.828125,1785.0234375,1785.1875,1785.359375,1785.5390625,1785.7265625,1786.0859375,1786.7109375,1786.9453125,1787.1796875,1787.3984375,1787.6328125,1787.859375,1788.0703125,1788.2734375,1788.390625,1788.5078125,1788.625,1788.734375,1788.8515625,1788.9609375,1789.0703125,1789.1796875,1789.2890625,1789.3984375,1789.5078125,1789.6171875,1789.7265625,1789.828125,1789.9375,1790.046875,1790.140625,1790.2421875,1790.34375,1790.4453125,1790.5390625,1790.640625,1790.7421875,1790.84375,1790.9453125,1791.0546875,1791.15625,1791.265625,1791.375,1791.484375,1791.59375,1791.703125,1791.890625,1792.078125,1792.28125,1792.4921875,1792.6796875,1792.8828125,1793.578125,1793.8359375,1794.1015625,1794.3359375,1794.578125,1794.8125,1795.03125,1795.25,1795.453125,1795.65625,1795.859375,1796.0546875,1796.2578125,1796.453125,1796.6484375,1796.8515625,1797.015625,1797.1875,1797.3515625,1797.5234375,1797.6953125,1797.8671875,1798.046875,1798.234375,1798.4140625,1798.6015625,1798.796875,1799.0,1799.203125,1799.421875,1800.265625,1800.6328125,1800.8359375,1801.0234375,1801.203125,1801.375,1801.5859375,1801.7890625,1801.984375,1802.1796875,1802.375,1802.5625,1802.7578125,1802.9453125,1803.1328125,1803.3203125,1803.5078125,1803.703125,1803.8984375,1804.09375,1804.296875,1804.5,1804.7109375,1804.921875,1805.140625,1805.375,1805.6015625,1805.8515625,1806.828125,1807.2421875,1807.46875,1807.6796875,1807.8828125,1808.0859375,1808.3203125,1808.5546875,1808.78125,1809.0078125,1809.234375,1809.453125,1809.6796875,1809.90625,1810.1796875,1810.4609375,1810.75,1811.0546875,1811.3828125,1811.7421875,1812.125,1812.890625,1813.21875,1813.5625,1813.875,1814.0625,1814.2421875,1814.4140625,1814.5859375,1814.7578125,1814.921875,1815.09375,1815.2578125,1815.421875,1815.59375,1815.765625,1815.9375,1816.109375,1816.2890625,1816.46875,1816.6484375,1816.96875,1817.3125,1817.640625,1818.4140625,1818.8125,1819.1953125,1819.375,1819.546875,1819.734375,1819.9140625,1820.09375,1820.265625,1820.4375,1820.609375,1820.78125,1820.953125,1821.1171875,1821.2890625,1821.453125,1821.625,1821.796875,1821.9765625,1822.15625,1822.3359375,1822.65625,1823.0078125,1823.34375,1824.1640625,1824.390625,1824.6015625,1824.8359375,1825.0546875,1825.2578125,1825.4609375,1825.6953125,1825.921875,1826.1484375,1826.3671875,1826.5859375,1826.8046875,1827.0234375,1827.2421875,1827.3828125,1827.53125,1827.6796875,1827.828125,1827.984375,1828.140625,1828.296875,1828.4609375,1828.765625,1829.09375,1829.4375,1830.390625,1830.6875,1830.953125,1831.265625,1831.5625,1831.8515625,1832.140625,1832.4296875,1832.71875,1833.015625,1833.328125,1833.59375,1833.890625,1834.84375,1835.1875,1835.5234375,1835.8359375,1836.0,1836.1640625,1836.328125,1836.484375,1836.640625,1836.7890625,1836.9453125,1837.09375,1837.2578125,1837.421875,1837.5859375,1837.75,1837.9140625,1838.0859375,1838.2578125,1838.4375,1838.7421875,1839.078125,1839.3984375,1840.171875,1840.3828125,1840.578125,1840.7890625,1840.984375,1841.171875,1841.359375,1841.5703125,1841.78125,1841.984375,1842.1796875,1842.375,1842.5625,1842.7578125,1842.9453125,1843.0546875,1843.1640625,1843.2734375,1843.3828125,1843.4921875,1843.6015625,1843.7109375,1843.828125,1843.9375,1844.0546875,1844.171875,1844.2890625,1844.40625,1844.5234375,1844.640625,1844.765625,1844.9609375,1845.171875,1845.390625,1845.6171875,1845.8203125,1846.046875,1846.8203125,1847.1171875,1847.421875,1847.6953125,1847.984375,1848.265625,1848.5390625,1848.8046875,1849.0625,1849.3203125,1849.578125,1849.8359375,1850.1015625,1850.375,1850.6484375,1850.9375,1851.125,1851.3125,1851.5078125,1851.71875,1851.9375,1852.1640625,1852.671875,1853.03125,1853.4453125,1854.4609375,1855.234375,1855.5625,1855.8671875,1856.28125,1856.6796875,1857.0703125,1857.4609375,1857.796875,1858.1640625,1859.2578125,1859.6171875,1859.96875,1860.28125,1860.4609375,1860.640625,1860.8125,1860.9765625,1861.140625,1861.296875,1861.453125,1861.609375,1861.8125,1862.0078125,1862.203125,1862.3984375,1862.59375,1862.796875,1863.0,1863.203125,1863.375,1863.5546875,1863.7421875,1863.9375,1864.296875,1865.125,1865.3359375,1865.53125,1865.7265625,1865.9140625,1866.09375,1866.265625,1866.4453125,1866.6171875,1866.7890625,1866.953125,1867.1171875,1867.28125,1867.4453125,1867.609375,1867.7890625,1867.9765625,1868.15625,1868.34375,1868.53125,1868.71875,1868.9140625,1869.109375,1869.2734375,1869.4453125,1869.625,1869.8125,1870.1640625,1870.9765625,1871.1953125,1871.390625,1871.59375,1871.7890625,1871.96875,1872.1484375,1872.3359375,1872.515625,1872.6953125,1872.875,1873.046875,1873.21875,1873.390625,1873.5625,1873.671875,1873.7734375,1873.875,1873.984375,1874.0859375,1874.1953125,1874.3046875,1874.4140625,1874.5234375,1874.6328125,1874.7421875,1874.8515625,1874.9609375,1875.078125,1875.1875,1875.3046875,1875.5,1875.6953125,1875.90625,1876.125,1876.3203125,1876.53125,1877.25,1877.5234375,1877.796875,1878.0390625,1878.171875,1878.296875,1878.421875,1878.546875,1878.671875,1878.7890625,1878.90625,1879.0234375,1879.1484375,1879.265625,1879.3828125,1879.5,1879.6171875,1879.734375,1879.8515625,1879.9609375,1880.0703125,1880.1875,1880.3046875,1880.421875,1880.5390625,1880.65625,1880.7734375,1880.890625,1881.0625,1881.2421875,1881.421875,1881.6015625,1881.7890625,1881.9765625,1882.171875,1882.375,1882.546875,1882.7265625,1882.921875,1883.125,1883.53125,1884.40625,1884.8046875,1885.2265625,1885.6171875,1885.84375,1886.0703125,1886.296875,1886.5234375,1886.75,1886.9765625,1887.2109375,1887.4453125,1887.7421875,1888.0546875,1888.375,1888.7109375,1889.0625,1889.421875,1889.7890625,1890.15625,1890.5078125,1890.84375,1891.171875,1891.484375,1891.7890625,1892.078125,1892.3671875,1892.6484375,1892.890625,1893.125,1893.3671875,1893.6015625,1893.8359375,1894.0703125,1894.3046875,1894.546875,1894.7890625,1895.0390625,1895.296875,1895.5703125,1895.8359375,1896.125,1897.2421875,1897.71875,1897.9765625,1898.2265625,1898.4609375,1898.6953125,1898.9765625,1899.25,1899.5234375,1899.796875,1900.0703125,1900.3515625,1900.640625,1900.9375,1901.328125,1901.75,1902.2109375,1903.2265625,1903.703125,1904.21875,1904.703125,1905.265625,1905.8515625,1906.46875,1907.7734375,1908.3671875,1909.015625,1909.640625,1910.0234375,1910.4140625,1910.828125,1911.2578125,1912.2421875,1913.2421875,1913.671875,1914.0703125,1914.4375,1914.78125,1915.109375,1915.4296875,1915.7421875,1916.0546875,1916.3203125,1916.5859375,1917.1328125,1917.640625,1918.6875,1919.1328125,1919.53125,1919.890625,1920.078125,1920.265625,1920.4453125,1920.625,1920.796875,1920.96875,1921.140625,1921.3046875,1921.53125,1921.75,1921.96875,1922.1953125,1922.421875,1922.6484375,1922.875,1923.109375,1923.3046875,1923.5078125,1923.71875,1923.9375,1924.34375,1925.28125,1925.5234375,1925.7421875,1925.96875,1926.1875,1926.390625,1926.59375,1926.796875,1927.0,1927.1953125,1927.390625,1927.5859375,1927.7734375,1927.96875,1928.15625,1928.3046875,1928.4609375,1928.6171875,1928.7734375,1928.9296875,1929.09375,1929.2578125,1929.4296875,1929.6015625,1929.78125,1929.96875,1930.1640625,1930.359375,1930.5703125,1931.3828125,1931.7265625,1931.9140625,1932.09375,1932.265625,1932.4296875,1932.625,1932.8203125,1933.0078125,1933.1953125,1933.3828125,1933.5625,1933.7421875,1933.921875,1934.09375,1934.265625,1934.4375,1934.609375,1934.78125,1934.9609375,1935.1484375,1935.3359375,1935.5078125,1935.6875,1935.875,1936.078125,1936.484375,1937.296875,1937.6484375,1938.0234375,1938.3671875,1938.5703125,1938.765625,1938.9609375,1939.1484375,1939.34375,1939.53125,1939.7265625,1939.921875,1940.109375,1940.296875,1940.4921875,1940.6875,1940.890625,1941.1015625,1941.328125,1941.5625,1942.078125,1943.5390625,1944.8515625,1945.25,1945.5234375,1945.765625,1945.9921875,1946.2109375,1946.484375,1946.7421875,1946.9921875,1947.234375,1947.4765625,1947.7109375,1947.953125,1948.1875,1948.4453125,1948.703125,1948.96875,1949.2421875,1949.5,1949.78125,1950.0625,1950.765625,1951.1484375,1951.359375,1951.5546875,1951.734375,1951.9140625,1952.1328125,1952.34375,1952.546875,1952.6484375,1952.75,1952.9453125,1953.046875,1953.140625,1953.2421875,1953.3359375,1953.4296875,1953.5234375,1953.65625,1953.78125,1953.9140625,1954.0390625,1954.1640625,1954.2890625,1954.4140625,1954.546875,1954.671875,1954.8046875,1954.9375,1955.0703125,1955.203125,1955.3359375,1955.46875,1955.609375,1955.71875,1955.8359375,1955.953125,1956.0703125,1956.1875,1956.3125,1956.5703125,1956.796875,1957.046875,1957.2890625,1957.8828125,1958.203125,1958.3671875,1958.5234375,1958.671875,1958.8203125,1958.9765625,1959.1328125,1959.28125,1959.4296875,1959.578125,1959.71875,1959.859375,1960.0,1960.140625,1960.28125,1960.421875,1960.5546875,1960.6875,1960.828125,1960.9609375,1961.1015625,1961.2421875,1961.3828125,1961.5234375,1961.6640625,1961.8046875,1961.953125,1962.1015625,1962.2578125,1962.3984375,1962.5390625,1962.6875,1962.8359375,1962.984375,1963.140625,1963.3046875,1963.4765625,1963.796875,1964.15625,1964.5,1965.3671875,1965.8359375,1966.2265625,1966.6171875,1967.0546875,1967.53125,1967.9765625,1969.0859375,1969.6953125,1970.015625,1970.328125,1970.6328125,1970.9375,1971.390625,1971.8671875,1972.3671875,1972.9296875,1973.5859375,1974.5078125,1977.734375,1978.2890625,1978.75,1979.0625,1979.3515625,1979.625,1979.8828125,1980.1328125,1980.3671875,1980.59375,1980.8203125,1980.9609375,1981.09375,1981.234375,1981.3671875,1981.5,1981.6328125,1981.765625,1981.890625,1982.0234375,1982.1484375,1982.28125,1982.40625,1982.53125,1982.6640625,1982.7890625,1982.921875,1983.0625,1983.203125,1983.34375,1983.484375,1983.625,1983.7734375,1983.921875,1984.078125,1984.3671875,1984.6875,1985.0,1985.8203125,1986.0625,1986.28125,1986.5234375,1986.7578125,1986.984375,1987.1953125,1987.328125,1987.4609375,1987.5859375,1987.7109375,1987.8359375,1987.9609375,1988.0859375,1988.203125,1988.328125,1988.4453125,1988.5703125,1988.6875,1988.8125,1988.9296875,1989.046875,1989.1640625,1989.2578125,1989.359375,1989.453125,1989.5546875,1989.6484375,1989.75,1989.8515625,1989.953125,1990.0546875,1990.15625,1990.2578125,1990.359375,1990.4609375,1990.5703125,1990.6796875,1990.7890625,1990.984375,1991.1875,1991.3984375,1991.625,1991.84375,1992.078125,1992.9921875,1993.390625,1993.609375,1993.8125,1994.0078125,1994.203125,1994.4296875,1994.65625,1994.8828125,1995.1015625,1995.3203125,1995.5390625,1995.7578125,1995.984375,1996.203125,1996.421875,1996.6484375,1996.8828125,1997.125,1997.375,1997.6484375,1997.9453125,1998.4453125,1999.859375,2000.328125,2001.40625,2001.71875,2001.9921875,2002.390625,2002.75,2003.09375,2003.421875,2003.609375,2003.7890625,2003.96875,2004.1484375,2004.328125,2004.5078125,2004.6953125,2004.8828125,2005.2421875,2005.6328125,2006.0234375,2007.046875,2007.359375,2007.640625,2007.96875,2008.28125,2008.578125,2008.7265625,2008.875,2009.03125,2009.1875,2009.34375,2009.5,2009.65625,2009.8203125,2009.984375,2010.1484375,2010.4296875,2010.7421875,2011.0390625,2011.734375,2012.0859375,2012.265625,2012.4296875,2012.5859375,2012.734375,2012.8984375,2013.0625,2013.21875,2013.375,2013.5234375,2013.671875,2013.8203125,2013.96875,2014.1640625,2014.359375,2014.546875,2014.7421875,2014.9375,2015.1328125,2015.3359375,2015.5390625,2015.734375,2015.9375,2016.1484375,2016.3671875,2016.578125,2016.8125,2017.6640625,2018.0234375,2018.21875,2018.3984375,2018.5703125,2018.7421875,2018.9453125,2019.140625,2019.3359375,2019.5234375,2019.7109375,2019.8984375,2020.0859375,2020.265625,2020.4296875,2020.6015625,2020.765625,2020.9375,2021.109375,2021.2890625,2021.46875,2021.65625,2021.8125,2021.9765625,2022.1484375,2022.3359375,2022.6875,2023.34375,2023.609375,2023.890625,2024.1484375,2024.4375,2024.7109375,2024.984375,2025.25,2025.5,2025.7578125,2026.0234375,2026.296875,2026.53125,2026.796875,2027.6015625,2027.8671875,2028.125,2028.3515625,2028.5703125,2028.78125,2028.9765625,2029.171875,2029.296875,2029.4140625,2029.5390625,2029.65625,2029.7734375,2029.890625,2030.0078125,2030.125,2030.2421875,2030.359375,2030.46875,2030.5859375,2030.703125,2030.8203125,2030.9375,2031.0546875,2031.1640625,2031.28125,2031.3984375,2031.515625,2031.6328125,2031.7578125,2031.8828125,2032.015625,2032.2578125,2032.5234375,2032.7890625,2033.46875,2033.671875,2033.859375,2034.0703125,2034.265625,2034.453125,2034.6328125,2034.7421875,2034.8515625,2034.9609375,2035.0625,2035.171875,2035.2734375,2035.375,2035.4765625,2035.578125,2035.6796875,2035.78125,2035.8828125,2035.984375,2036.0859375,2036.1796875,2036.28125,2036.4453125,2036.609375,2036.7734375,2036.9453125,2037.1171875,2037.2890625,2037.4609375,2037.640625,2037.8125,2037.9921875,2038.1796875,2038.3828125,2038.578125,2038.7890625,2039.5859375,2039.921875,2040.109375,2040.28125,2040.4453125,2040.6015625,2040.7890625,2040.9765625,2041.15625,2041.3359375,2041.515625,2041.6875,2041.859375,2042.03125,2042.125,2042.2265625,2042.328125,2042.4296875,2042.5234375,2042.625,2042.7265625,2042.828125,2042.9296875,2043.03125,2043.1328125,2043.2421875,2043.3515625,2043.4609375,2043.6796875,2043.859375,2044.046875,2044.2421875,2044.453125,2044.6328125,2044.8359375,2045.5078125,2045.765625,2046.015625,2046.25,2046.4921875,2046.71875,2046.9375,2047.15625,2047.359375,2047.5625,2047.765625,2047.96875,2048.1640625,2048.3671875,2048.5703125,2048.7734375,2048.90625,2049.046875,2049.1875,2049.328125,2049.4765625,2049.625,2049.78125,2049.9375,2050.203125,2050.5,2050.78125,2051.4765625,2051.8359375,2052.1796875,2052.4921875,2052.78125,2053.0625,2053.203125,2053.34375,2053.484375,2053.6171875,2053.7734375,2053.9375,2054.09375,2054.2578125,2054.421875,2054.5859375,2054.7578125,2054.9375,2055.2421875,2055.578125,2055.8984375,2056.671875,2057.0859375,2057.296875,2057.5,2057.6953125,2057.8828125,2058.09375,2058.296875,2058.5,2058.6953125,2058.890625,2059.0859375,2059.28125,2059.46875,2059.65625,2059.8515625,2060.046875,2060.2421875,2060.4453125,2060.6484375,2060.859375,2061.0703125,2061.25,2061.4375,2061.6328125,2061.8359375,2062.21875,2063.1640625,2063.4296875,2063.6640625,2063.921875,2064.1640625,2064.390625,2064.6171875,2064.859375,2065.09375,2065.328125,2065.5625,2065.796875,2066.0234375,2066.25,2066.484375,2066.671875,2066.859375,2067.046875,2067.2421875,2067.4375,2067.640625,2067.84375,2068.0546875,2068.2421875,2068.4296875,2068.6328125,2068.84375,2069.265625,2070.09375,2070.4453125,2070.8125,2071.1484375,2071.34375,2071.53125,2071.71875,2071.90625,2072.09375,2072.2734375,2072.453125,2072.6328125,2072.9375,2073.25,2073.5703125,2073.8984375,2074.2265625,2074.5859375,2074.953125,2075.984375,2076.3046875,2076.59375,2076.9375,2077.2578125,2077.5703125,2077.875,2078.21875,2078.5625,2078.9140625,2079.28125,2079.640625,2080.03125,2080.4375,2081.5703125,2081.921875,2082.2421875,2082.6171875,2082.984375,2083.34375,2083.6953125,2084.0078125,2084.3203125,2084.640625,2084.984375,2085.2734375,2085.6015625,2086.703125,2087.140625,2087.59375,2088.0234375,2088.390625,2088.78125,2090.234375,2090.53125,2090.796875,2091.1171875,2091.421875,2091.7109375,2091.984375,2092.2578125,2092.5234375,2092.7890625,2093.0546875,2093.3046875,2093.5625,2093.828125,2094.1015625,2094.3515625,2094.6328125,2095.5546875,2095.90625,2096.09375,2096.265625,2096.4296875,2096.59375,2096.7890625,2096.9765625,2097.15625,2097.3359375,2097.5078125,2097.6796875,2097.84375,2098.0078125,2098.1171875,2098.21875,2098.3203125,2098.421875,2098.5234375,2098.625,2098.7265625,2098.828125,2098.9296875,2099.03125,2099.1328125,2099.234375,2099.3359375,2099.4453125,2099.546875,2099.65625,2099.765625,2099.8828125,2099.9921875,2100.109375,2100.2265625,2100.34375,2100.59375,2100.8359375,2101.09375,2101.359375,2102.0625,2102.2734375,2102.46875,2102.6875,2102.8984375,2103.09375,2103.28125,2103.3984375,2103.5078125,2103.625,2103.734375,2103.84375,2103.953125,2104.0625,2104.171875,2104.28125,2104.390625,2104.5,2104.6015625,2104.7109375,2104.8125,2104.9140625,2105.0234375,2105.1953125,2105.3671875,2105.5390625,2105.7109375,2105.890625,2106.0703125,2106.2578125,2106.4453125,2106.6171875,2106.796875,2106.984375,2107.1796875,2107.3671875,2107.5703125,2108.34375,2108.6640625,2108.8359375,2109.0,2109.15625,2109.3125,2109.4921875,2109.6640625,2109.8359375,2110.0078125,2110.1796875,2110.34375,2110.5078125,2110.671875,2110.828125,2110.9921875,2111.15625,2111.3203125,2111.484375,2111.65625,2111.828125,2112.0,2112.1640625,2112.328125,2112.5,2112.6875,2113.046875,2113.75,2114.0390625,2114.34375,2114.625,2114.7890625,2114.9453125,2115.1015625,2115.2578125,2115.40625,2115.5546875,2115.703125,2115.8515625,2116.0,2116.1484375,2116.296875,2116.4453125,2116.6015625,2116.7578125,2116.9140625,2117.078125,2117.359375,2117.6640625,2117.953125,2118.6484375,2119.0,2119.1796875,2119.34375,2119.5078125,2119.6640625,2119.828125,2119.9921875,2120.15625,2120.3125,2120.46875,2120.625,2120.78125,2120.9296875,2121.09375,2121.265625,2121.4296875,2121.6015625,2121.7734375,2121.9453125,2122.125,2122.3046875,2122.4765625,2122.6484375,2122.828125,2123.015625,2123.1953125,2123.3984375,2124.1328125,2124.4375,2124.6015625,2124.7578125,2124.90625,2125.046875,2125.21875,2125.3828125,2125.546875,2125.703125,2125.859375,2126.015625,2126.171875,2126.328125,2126.484375,2126.640625,2126.796875,2126.953125,2127.1171875,2127.28125,2127.4453125,2127.6171875,2127.7578125,2127.90625,2128.0625,2128.2265625,2128.53125,2129.25,2129.4453125,2129.625,2129.8125,2129.984375,2130.15625,2130.3203125,2130.4921875,2130.6640625,2130.828125,2130.9921875,2131.15625,2131.3203125,2131.484375,2131.640625,2131.7890625,2131.9453125,2132.09375,2132.25,2132.40625,2132.5625,2132.7265625,2132.890625,2133.03125,2133.1796875,2133.328125,2133.4921875,2133.7890625,2134.5,2134.6953125,2134.8671875,2135.0546875,2135.2265625,2135.390625,2135.5546875,2135.734375,2135.90625,2136.078125,2136.2421875,2136.40625,2136.5703125,2136.734375,2136.890625,2137.0625,2137.234375,2137.40625,2137.578125,2137.75,2137.9296875,2138.109375,2138.2890625,2138.4609375,2138.6328125,2138.8125,2139.0078125,2139.1875,2139.390625,2140.109375,2140.40625,2140.5625,2140.7109375,2140.8515625,2140.9921875,2141.15625,2141.3203125,2141.4765625,2141.625,2141.7734375,2141.921875,2142.0703125,2142.2109375,2142.3046875,2142.390625,2142.484375,2142.5703125,2142.65625,2142.75,2142.8359375,2142.9296875,2143.015625,2143.109375,2143.1953125,2143.2890625,2143.3828125,2143.4765625,2143.6640625,2143.84375,2144.03125,2144.2265625,2144.4296875,2144.625,2144.8359375,2145.046875,2145.6171875,2145.7890625,2145.9453125,2146.1171875,2146.28125,2146.4375,2146.59375,2146.78125,2146.9609375,2147.1328125,2147.3046875,2147.4765625,2147.640625,2147.8046875,2147.96875,2148.1328125,2148.3046875,2148.46875,2148.640625,2148.8125,2148.984375,2149.1640625,2149.3515625,2149.5078125,2149.6640625,2149.828125,2150.0,2150.15625,2150.328125,2150.8828125,2151.09375,2151.296875,2151.484375,2151.6796875,2151.8671875,2152.0390625,2152.2109375,2152.3828125,2152.5546875,2152.7265625,2152.890625,2153.0546875,2153.21875,2153.3046875,2153.3828125,2153.46875,2153.546875,2153.6328125,2153.71875,2153.8046875,2153.8984375,2153.984375,2154.0703125,2154.15625,2154.25,2154.3359375,2154.4296875,2154.5234375,2154.6171875,2154.7109375,2154.8046875,2154.8984375,2155.0,2155.1640625,2155.328125,2155.5,2155.6875,2155.8515625,2156.03125,2156.6328125,2156.859375,2157.0859375,2157.296875,2157.515625,2157.71875,2157.9140625,2158.015625,2158.109375,2158.2109375,2158.3125,2158.4140625,2158.5078125,2158.609375,2158.703125,2158.8046875,2158.8984375,2159.0,2159.09375,2159.1875,2159.28125,2159.375,2159.46875,2159.5625,2159.6640625,2159.8046875,2159.9453125,2160.0859375,2160.234375,2160.3828125,2160.53125,2160.6875,2160.84375,2161.0,2161.1640625,2161.328125,2161.5078125,2161.6796875,2161.875,2162.6171875,2162.9375,2163.1171875,2163.28125,2163.4375,2163.59375,2163.7734375,2163.953125,2164.1328125,2164.3046875,2164.4765625,2164.6484375,2164.8125,2164.984375,2165.1328125,2165.2890625,2165.4453125,2165.6015625,2165.7578125,2165.921875,2166.0859375,2166.2578125,2166.4140625,2166.578125,2166.75,2166.9296875,2167.296875,2168.0390625,2168.359375,2168.6953125,2168.8515625,2169.0078125,2169.1875,2169.3671875,2169.546875,2169.71875,2169.890625,2170.0625,2170.234375,2170.40625,2170.546875,2170.6875,2170.828125,2170.9765625,2171.125,2171.2734375,2171.4296875,2171.59375,2171.8671875,2172.171875,2172.46875,2173.2578125,2173.7109375,2173.953125,2174.1796875,2174.40625,2174.6328125,2174.84375,2175.0546875,2175.2734375,2175.5078125,2175.9296875,2176.8828125,2177.140625,2177.3671875,2177.6171875,2177.859375,2178.0859375,2178.3125,2178.5234375,2178.734375,2178.9375,2179.140625,2179.34375,2179.5546875,2179.765625,2179.9765625,2180.15625,2180.3359375,2180.5234375,2180.7265625,2181.1015625,2181.9453125,2182.1640625,2182.359375,2182.5625,2182.7578125,2182.9375,2183.1171875,2183.3046875,2183.484375,2183.6640625,2183.8359375,2184.0078125,2184.1796875,2184.3515625,2184.5234375,2184.6953125,2184.875,2185.046875,2185.2265625,2185.40625,2185.5859375,2185.7734375,2185.9609375,2186.125,2186.296875,2186.4765625,2186.671875,2187.0390625,2187.734375,2188.015625,2188.3125,2188.578125,2188.734375,2188.8828125,2189.03125,2189.1796875,2189.3203125,2189.4609375,2189.6015625,2189.7421875,2189.8984375,2190.0546875,2190.2109375,2190.3671875,2190.5234375,2190.6875,2190.8515625,2191.015625,2191.171875,2191.3359375,2191.5078125,2191.6875,2192.0390625,2192.7265625,2193.0078125,2193.3046875,2193.578125,2193.734375,2193.890625,2194.046875,2194.1953125,2194.34375,2194.4921875,2194.640625,2194.78125,2194.9296875,2195.078125,2195.2265625,2195.375,2195.5234375,2195.6796875,2195.8359375,2195.9921875,2196.265625,2196.5625,2196.84375,2197.5,2197.828125,2197.9921875,2198.140625,2198.28125,2198.421875,2198.5625,2198.703125,2198.84375,2198.9765625,2199.109375,2199.234375,2199.3671875,2199.4921875,2199.6953125,2199.890625,2200.0859375,2200.28125,2200.4765625,2200.6796875,2200.8828125,2201.09375,2201.265625,2201.4453125,2201.6328125,2201.828125,2202.0,2202.1953125,2202.8203125,2203.046875,2203.265625,2203.46875,2203.6796875,2203.875,2204.0625,2204.25,2204.4296875,2204.609375,2204.78125,2204.953125,2205.125,2205.296875,2205.4609375,2205.6328125,2205.7734375,2205.921875,2206.0703125,2206.21875,2206.3671875,2206.5234375,2206.6875,2206.8515625,2206.9921875,2207.1328125,2207.28125,2207.4375,2207.7265625,2208.4296875,2208.625,2208.796875,2208.984375,2209.15625,2209.3203125,2209.484375,2209.65625,2209.828125,2210.0,2210.1640625,2210.328125,2210.484375,2210.6484375,2210.8046875,2210.8984375,2210.984375,2211.078125,2211.171875,2211.265625,2211.359375,2211.453125,2211.546875,2211.640625,2211.734375,2211.828125,2211.9296875,2212.03125,2212.1328125,2212.234375,2212.3359375,2212.5078125,2212.6796875,2212.859375,2213.0546875,2213.2265625,2213.4140625,2214.046875,2214.28125,2214.515625,2214.7265625,2214.953125,2215.1640625,2215.3671875,2215.5703125,2215.671875,2215.7734375,2215.875,2215.96875,2216.0703125,2216.1640625,2216.2578125,2216.3515625,2216.4453125,2216.5390625,2216.6328125,2216.734375,2216.828125,2216.921875,2217.015625,2217.1171875,2217.265625,2217.421875,2217.578125,2217.734375,2217.890625,2218.0546875,2218.2265625,2218.3984375,2218.546875,2218.6953125,2218.8515625,2219.0234375,2219.34375,2219.9609375,2220.21875,2220.484375,2220.734375,2221.0078125,2221.2734375,2221.53125,2221.7890625,2222.0390625,2222.2890625,2222.546875,2222.8125,2223.0703125,2223.3515625,2223.640625,2224.4375,2224.6796875,2224.90625,2225.1640625,2225.40625,2225.640625,2225.875,2226.1328125,2226.390625,2226.65625,2226.9296875,2227.171875,2227.4375,2228.296875,2228.609375,2228.7734375,2228.9296875,2229.078125,2229.21875,2229.390625,2229.5546875,2229.7109375,2229.8671875,2230.0234375,2230.171875,2230.3203125,2230.4609375,2230.6484375,2230.828125,2231.0078125,2231.1875,2231.3671875,2231.546875,2231.7265625,2231.9140625,2232.109375,2232.3125,2232.515625,2232.734375,2232.9453125,2233.171875,2233.40625,2234.015625,2234.1953125,2234.359375,2234.546875,2234.71875,2234.8828125,2235.0390625,2235.140625,2235.234375,2235.328125,2235.421875,2235.515625,2235.6015625,2235.6953125,2235.78125,2235.8671875,2235.953125,2236.0390625,2236.125,2236.2109375,2236.296875,2236.3828125,2236.4609375,2236.578125,2236.6875,2236.8046875,2236.9140625,2237.0234375,2237.140625,2237.25,2237.3671875,2237.4765625,2237.59375,2237.7109375,2237.828125,2237.9453125,2238.0625,2238.1796875,2238.3046875,2238.40625,2238.5078125,2238.609375,2238.7109375,2238.8203125,2238.9296875,2239.0390625,2239.15625,2239.359375,2239.578125,2239.7890625,2240.3046875,2240.578125,2240.71875,2240.84375,2240.96875,2241.0859375,2241.2109375,2241.3359375,2241.4609375,2241.578125,2241.6953125,2241.8046875,2241.921875,2242.03125,2242.140625,2242.25,2242.359375,2242.4609375,2242.5703125,2242.671875,2242.78125,2242.8828125,2242.9921875,2243.09375,2243.1953125,2243.3046875,2243.40625,2243.515625,2243.6171875,2243.7265625,2243.8046875,2243.8828125,2243.9609375,2244.046875,2244.125,2244.2109375,2244.375,2244.4609375,2244.546875,2244.71875,2244.8984375,2245.0859375,2245.2421875,2245.3984375,2245.5625,2245.7421875,2245.8984375,2246.0703125,2246.671875,2246.90625,2247.140625,2247.3515625,2247.578125,2247.796875,2248.0078125,2248.2109375,2248.4140625,2248.515625,2248.6171875,2248.71875,2248.8203125,2249.015625,2249.2109375,2249.3125,2249.4140625,2249.6171875,2249.71875,2249.828125,2249.9453125,2250.0625,2250.1796875,2250.3046875,2250.4296875,2250.5625,2250.6953125,2250.828125,2251.09375,2251.3828125,2251.6875,2252.3125,2252.5859375,2252.875,2253.1328125,2253.4375,2253.5859375,2253.734375,2253.8828125,2254.0234375,2254.3046875,2254.5859375,2254.8671875,2255.1640625,2255.46875,2255.734375,2256.0234375,2256.984375,2257.34375,2257.703125,2257.8671875,2258.03125,2258.2109375,2258.3828125,2258.5546875,2258.71875,2258.8828125,2259.046875,2259.2109375,2259.3671875,2259.53125,2259.703125,2259.875,2260.046875,2260.21875,2260.3984375,2260.578125,2260.7578125,2261.0859375,2261.4453125,2261.7890625,2262.6640625,2262.9140625,2263.140625,2263.390625,2263.6328125,2263.8671875,2264.0859375,2264.21875,2264.34375,2264.4765625,2264.6015625,2264.7265625,2264.8515625,2264.9765625,2265.1015625,2265.2265625,2265.34375,2265.46875,2265.5859375,2265.7109375,2265.828125,2265.9453125,2266.0625,2266.1796875,2266.3046875,2266.421875,2266.546875,2266.6640625,2266.7890625,2266.90625,2267.03125,2267.15625,2267.28125,2267.40625,2267.53125,2267.6640625,2267.796875,2267.9296875,2268.0625,2268.28125,2268.515625,2268.7578125,2269.015625,2269.234375,2269.484375,2270.296875,2270.59375,2270.8828125,2271.140625,2271.4140625,2271.671875,2271.921875,2272.15625,2272.28125,2272.40625,2272.53125,2272.65625,2272.7734375,2272.890625,2273.0078125,2273.125,2273.2421875,2273.3515625,2273.46875,2273.578125,2273.6953125,2273.8046875,2273.9140625,2274.0234375,2274.1484375,2274.2734375,2274.3984375,2274.515625,2274.640625,2274.765625,2274.890625,2275.015625,2275.140625,2275.265625,2275.390625,2275.515625,2275.640625,2275.7734375,2275.90625,2276.0390625,2276.15625,2276.2734375,2276.390625,2276.515625,2276.640625,2276.765625,2276.8984375,2277.03125,2277.2734375,2277.546875,2277.8125,2278.4921875,2278.6953125,2278.875,2279.078125,2279.2734375,2279.453125,2279.6328125,2279.84375,2280.046875,2280.2421875,2280.4375,2280.5390625,2280.6328125,2280.8203125,2280.9140625,2281.0078125,2281.1015625,2281.1953125,2281.2890625,2281.3828125,2281.4765625,2281.5703125,2281.6640625,2281.7578125,2281.8515625,2281.953125,2282.046875,2282.1484375,2282.34375,2282.4453125,2282.546875,2282.75,2282.9375,2283.1328125,2283.3359375,2283.546875,2283.7421875,2283.9609375,2284.75,2285.078125,2285.25,2285.4140625,2285.5703125,2285.7265625,2285.90625,2286.0859375,2286.2578125,2286.4296875,2286.6015625,2286.765625,2286.9296875,2287.09375,2287.2578125,2287.421875,2287.5859375,2287.75,2287.921875,2288.09375,2288.265625,2288.4453125,2288.59375,2288.75,2288.9140625,2289.0859375,2289.40625,2290.1484375,2290.34375,2290.515625,2290.6953125,2290.8671875,2291.03125,2291.1875,2291.34375,2291.5,2291.65625,2291.8046875,2291.953125,2292.1015625,2292.25,2292.390625,2292.4921875,2292.59375,2292.6953125,2292.796875,2292.8984375,2293.0,2293.1015625,2293.203125,2293.3046875,2293.40625,2293.5078125,2293.609375,2293.7109375,2293.8203125,2293.921875,2294.03125,2294.140625,2294.25,2294.359375,2294.46875,2294.578125,2294.6953125,2294.8125,2294.9375,2295.171875,2295.421875,2295.6796875,2296.390625,2296.609375,2296.8046875,2297.0234375,2297.234375,2297.4375,2297.6328125,2297.75,2297.8671875,2297.984375,2298.1015625,2298.21875,2298.328125,2298.4375,2298.546875,2298.6640625,2298.7734375,2298.8828125,2298.9921875,2299.1015625,2299.2109375,2299.3203125,2299.4375,2299.59375,2299.7578125,2299.921875,2300.0859375,2300.2578125,2300.4296875,2300.609375,2300.7890625,2300.953125,2301.1171875,2301.2890625,2301.4765625,2301.6484375,2301.8359375,2302.546875,2302.84375,2303.15625,2303.4375,2303.6015625,2303.765625,2303.921875,2304.078125,2304.234375,2304.3828125,2304.5390625,2304.6875,2304.8359375,2304.9921875,2305.1484375,2305.3046875,2305.4609375,2305.625,2305.7890625,2305.9609375,2306.1171875,2306.28125,2306.453125,2306.6328125,2306.9921875,2307.703125,2308.0,2308.3125,2308.59375,2308.7578125,2308.921875,2309.078125,2309.234375,2309.390625,2309.5390625,2309.6953125,2309.84375,2309.9921875,2310.1484375,2310.296875,2310.453125,2310.609375,2310.7734375,2310.9375,2311.1015625,2311.390625,2311.703125,2312.0,2312.6953125,2313.046875,2313.2265625,2313.390625,2313.546875,2313.703125,2313.8671875,2314.0234375,2314.1796875,2314.328125,2314.4765625,2314.625,2314.7734375,2314.9140625,2315.03125,2315.1484375,2315.265625,2315.3828125,2315.5,2315.609375,2315.7265625,2315.84375,2315.9609375,2316.078125,2316.1953125,2316.3125,2316.4296875,2316.5546875,2316.6796875,2316.8046875,2317.0078125,2317.21875,2317.4453125,2317.6796875,2317.8828125,2318.109375,2318.8515625,2319.125,2319.3984375,2319.6484375,2319.90625,2320.15625,2320.390625,2320.6171875,2320.734375,2320.8515625,2320.96875,2321.078125,2321.1953125,2321.3046875,2321.4140625,2321.5234375,2321.6328125,2321.7421875,2321.8515625,2321.9609375,2322.0703125,2322.1796875,2322.2890625,2322.40625,2322.6015625,2322.8046875,2323.0078125,2323.2109375,2323.421875,2323.6328125,2323.8515625,2324.078125,2324.265625,2324.4609375,2324.6640625,2324.8828125,2325.2890625,2326.03125,2326.3203125,2326.6171875,2326.8828125,2327.171875,2327.453125,2327.71875,2327.9765625,2328.1171875,2328.2578125,2328.3984375,2328.53125,2328.671875,2328.8046875,2328.9453125,2329.078125,2329.2109375,2329.3515625,2329.484375,2329.625,2329.765625,2329.90625,2330.046875,2330.1875,2330.375,2330.5625,2330.75,2330.9453125,2331.1484375,2331.3515625,2331.5625,2331.7890625,2332.15625,2332.5703125,2332.984375,2334.171875,2334.5546875,2334.9140625,2335.3203125,2335.7109375,2336.1015625,2336.5,2336.890625,2337.296875,2337.734375,2338.2265625,2338.8515625,2339.7109375,2340.8203125,2341.5390625,2341.9453125,2342.3203125,2342.6640625,2342.9921875,2343.3125,2343.625,2343.9296875,2344.234375,2344.515625,2344.796875,2345.0859375,2345.3828125,2345.9453125,2347.2890625,2347.6640625,2348.0078125,2348.3984375,2348.7734375,2349.1328125,2349.484375,2349.6796875,2349.8671875,2350.0546875,2350.25,2350.4453125,2350.640625,2350.84375,2351.046875,2351.390625,2351.7734375,2352.1328125,2352.9765625,2353.3984375,2353.8046875,2354.1796875,2354.375,2354.5625,2354.75,2354.9296875,2355.109375,2355.2890625,2355.46875,2355.6484375,2355.8203125,2355.9921875,2356.1640625,2356.34375,2356.5234375,2356.703125,2356.890625,2357.0859375,2357.40625,2357.765625,2358.1015625,2358.9140625,2359.328125,2359.7265625,2359.9140625,2360.09375,2360.2734375,2360.453125,2360.6328125,2360.8046875,2360.9765625,2361.1484375,2361.3203125,2361.4921875,2361.796875,2362.1015625,2362.421875,2362.7578125,2363.046875,2363.359375,2364.3828125,2364.75,2365.1171875,2365.4453125,2365.6171875,2365.7890625,2365.953125,2366.1171875,2366.28125,2366.4375,2366.59375,2366.75,2367.015625,2367.2734375,2367.53125,2367.796875,2368.0625,2368.3359375,2368.609375,2368.8984375,2369.140625,2369.3984375,2369.6640625,2369.953125,2370.4765625,2371.7890625,2372.15625,2372.5,2372.8125,2373.1171875,2373.4296875,2373.7421875,2374.234375,2374.78125,2376.734375,2378.28125,2378.765625,2379.2109375,2379.609375,2379.984375,2380.34375,2380.59375,2380.84375,2381.09375,2381.3359375,2381.578125,2381.828125,2382.078125,2382.328125,2382.75,2383.2109375,2383.6484375,2384.71875,2385.2890625,2385.578125,2385.859375,2386.1328125,2386.40625,2386.84375,2387.3125,2387.75,2388.6953125,2389.1171875,2389.5,2389.8515625,2390.0546875,2390.25,2390.4453125,2390.6328125,2390.8203125,2391.0,2391.1796875,2391.359375,2391.5390625,2391.71875,2391.890625,2392.0703125,2392.25,2392.4296875,2392.609375,2392.7890625,2393.078125,2393.3828125,2393.6953125,2394.03125,2394.359375,2394.71875,2395.109375,2396.3671875,2396.7890625,2397.1875,2397.6484375,2398.1015625,2398.5625,2399.0234375,2399.3125,2399.609375,2399.90625,2400.1953125,2400.4765625,2400.7578125,2401.03125,2401.2890625,2401.5390625,2401.7734375,2402.0,2402.2265625,2402.4375,2402.6484375,2402.8515625,2403.0546875,2403.3515625,2403.640625,2403.921875,2404.1953125,2404.46875,2404.7421875,2405.015625,2405.2890625,2405.5625,2405.84375,2406.1328125,2406.4296875,2406.7109375,2407.015625,2407.3125,2408.078125,2408.5,2408.7265625,2408.9375,2409.140625,2409.3359375,2409.578125,2409.8046875,2410.03125,2410.25,2410.46875,2410.6796875,2410.890625,2411.1015625,2411.3046875,2411.515625,2411.71875,2411.9296875,2412.140625,2412.3515625,2412.5703125,2412.796875,2413.0,2413.203125,2413.421875,2413.65625,2413.875,2414.109375,2415.0234375,2415.40625,2415.6171875,2415.8203125,2416.0078125,2416.1953125,2416.4140625,2416.6328125,2416.84375,2417.0546875,2417.265625,2417.4765625,2417.6875,2417.8984375,2418.1640625,2418.4375,2418.71875,2419.015625,2419.2890625,2419.5859375,2419.890625,2420.7578125,2421.03125,2421.28125,2421.5703125,2421.84375,2422.109375,2422.375,2422.6328125,2422.890625,2423.15625,2423.4375,2423.953125,2425.140625,2425.4609375,2425.75,2426.0546875,2426.34375,2426.625,2426.90625,2427.1640625,2427.421875,2427.6953125,2427.9765625,2428.484375,2429.6328125,2429.9296875,2430.1953125,2430.46875,2430.734375,2430.9921875,2431.2421875,2431.5546875,2431.875,2432.1953125,2432.5234375,2432.8125,2433.1328125,2433.4375,2434.15625,2434.5234375,2434.71875,2434.8984375,2435.0703125,2435.2421875,2435.4375,2435.6328125,2435.8203125,2436.0,2436.1796875,2436.359375,2436.53125,2436.703125,2436.921875,2437.140625,2437.359375,2437.578125,2437.796875,2438.0234375,2438.25,2438.484375,2438.6796875,2438.8828125,2439.1015625,2439.328125,2439.5390625,2439.765625,2440.5625,2440.8828125,2441.21875,2441.5234375,2441.6953125,2441.8671875,2442.03125,2442.1953125,2442.359375,2442.515625,2442.671875,2442.828125,2442.984375,2443.1484375,2443.3125,2443.4765625,2443.640625,2443.8046875,2443.9765625,2444.1484375,2444.328125,2444.5078125,2444.6953125,2444.8984375,2445.3125,2446.15625,2446.5234375,2446.9140625,2447.09375,2447.2734375,2447.484375,2447.6953125,2447.8984375,2448.1015625,2448.3046875,2448.5,2448.703125,2448.90625,2449.0703125,2449.234375,2449.3984375,2449.5703125,2449.921875,2450.296875,2450.609375,2450.953125,2452.2421875,2452.8125,2453.1171875,2453.4140625,2453.7109375,2454.015625,2454.4375,2454.90625,2456.5625,2458.0078125,2458.5078125,2458.9765625,2459.390625,2459.765625,2459.9453125,2460.125,2460.296875,2460.46875,2460.6328125,2460.796875,2460.9609375,2461.125,2461.2890625,2461.4453125,2461.6484375,2461.84375,2462.046875,2462.25,2462.453125,2462.65625,2462.8671875,2463.0859375,2463.2734375,2463.4609375,2463.6640625,2463.875,2464.28125,2465.0546875,2465.3671875,2465.6875,2465.984375,2466.3203125,2466.640625,2466.9609375,2467.2734375,2467.5625,2467.8515625,2468.1484375,2468.4609375,2468.75,2469.0625,2470.234375,2470.7265625,2471.0,2471.2578125,2471.5078125,2471.7578125,2472.0078125,2472.2578125,2472.515625,2472.78125,2473.265625,2474.328125,2474.5859375,2474.8203125,2475.0625,2475.2890625,2475.5078125,2475.7265625,2475.953125,2476.171875,2476.390625,2476.6015625,2476.8125,2477.03125,2477.25,2477.4765625,2477.6640625,2477.8515625,2478.046875,2478.2578125,2478.640625,2479.5078125,2479.7265625,2479.921875,2480.125,2480.3125,2480.4921875,2480.6640625,2480.84375,2481.0234375,2481.1953125,2481.3671875,2481.5390625,2481.703125,2481.8671875,2482.03125,2482.140625,2482.2421875,2482.3515625,2482.453125,2482.5546875,2482.6640625,2482.765625,2482.875,2482.9765625,2483.0859375,2483.1953125,2483.3046875,2483.4140625,2483.5234375,2483.6328125,2483.75,2483.9375,2484.1328125,2484.3359375,2484.5546875,2484.7421875,2484.953125,2485.6484375,2485.9140625,2486.171875,2486.40625,2486.65625,2486.890625,2487.0078125,2487.1171875,2487.234375,2487.34375,2487.4609375,2487.578125,2487.6953125,2487.8046875,2487.921875,2488.03125,2488.1484375,2488.2578125,2488.375,2488.484375,2488.59375,2488.7109375,2488.8203125,2488.9375,2489.046875,2489.1640625,2489.296875,2489.4375,2489.578125,2489.71875,2489.859375,2490.0078125,2490.15625,2490.3125,2490.4609375,2490.609375,2490.765625,2490.9375,2491.28125,2491.9765625,2492.2734375,2492.59375,2492.8828125,2493.0546875,2493.21875,2493.3828125,2493.5390625,2493.703125,2493.859375,2494.015625,2494.171875,2494.3203125,2494.4765625,2494.6328125,2494.7890625,2494.9453125,2495.109375,2495.2734375,2495.4453125,2495.734375,2496.0546875,2496.359375,2497.1171875,2497.5234375,2497.7265625,2497.921875,2498.109375,2498.2890625,2498.484375,2498.6796875,2498.875,2499.0625,2499.25,2499.4375,2499.6171875,2499.8046875,2499.96875,2500.1328125,2500.296875,2500.46875,2500.640625,2500.8125,2500.9921875,2501.171875,2501.5234375,2501.90625,2502.3203125,2503.1875,2503.5703125,2503.984375,2504.3671875,2504.59375,2504.8125,2505.03125,2505.2421875,2505.4609375,2505.6796875,2505.8984375,2506.1171875,2506.3984375,2506.6796875,2506.9765625,2507.2734375,2507.578125,2507.8984375,2508.2265625,2508.5546875,2508.890625,2509.234375,2509.5703125,2509.8984375,2510.2265625,2510.546875,2510.859375,2511.171875,2511.5078125,2511.84375,2512.1796875,2512.53125,2512.8671875,2513.234375,2514.5234375,2515.046875,2515.3359375,2515.6015625,2515.859375,2516.1171875,2516.4375,2516.7578125,2517.078125,2517.40625,2517.703125,2518.0234375,2519.078125,2519.4609375,2519.6640625,2519.8515625,2520.03125,2520.203125,2520.421875,2520.625,2520.828125,2521.0234375,2521.2109375,2521.3984375,2521.5859375,2521.765625,2521.8828125,2522.0,2522.1171875,2522.234375,2522.3515625,2522.46875,2522.5859375,2522.703125,2522.8203125,2522.9375,2523.0546875,2523.171875,2523.2890625,2523.4140625,2523.5390625,2523.6640625,2523.875,2524.0859375,2524.3046875,2524.5390625,2524.7421875,2524.96875,2525.71875,2525.9921875,2526.265625,2526.515625,2526.7734375,2527.0234375,2527.2578125,2527.375,2527.4921875,2527.6171875,2527.7421875,2527.8671875,2527.9921875,2528.1171875,2528.234375,2528.3515625,2528.46875,2528.59375,2528.7109375,2528.828125,2528.9453125,2529.0625,2529.1796875,2529.296875,2529.4140625,2529.515625,2529.625,2529.7265625,2529.8359375,2529.9453125,2530.0546875,2530.1640625,2530.2734375,2530.3828125,2530.5,2530.609375,2530.7265625,2530.84375,2530.9609375,2531.203125,2531.3984375,2531.609375,2531.828125,2532.0625,2532.265625,2532.4921875,2533.2734375,2533.5859375,2533.8984375,2534.1796875,2534.4765625,2534.7578125,2535.03125,2535.3046875,2535.5546875,2535.8046875,2536.0546875,2536.3046875,2536.5546875,2536.8046875,2537.0546875,2537.3046875,2537.546875,2537.7890625,2538.0390625,2538.2890625,2538.546875,2538.8046875,2539.0703125,2539.34375,2539.609375,2539.890625,2540.1796875,2540.4921875,2540.78125,2541.09375,2542.2265625,2542.671875,2542.9140625,2543.140625,2543.3515625,2543.5546875,2543.8046875,2544.046875,2544.28125,2544.5078125,2544.734375,2544.953125,2545.171875,2545.390625,2545.59375,2545.7890625,2545.9921875,2546.1953125,2546.3984375,2546.609375,2546.8203125,2547.03125,2547.2265625,2547.4296875,2547.640625,2547.859375,2548.0625,2548.2890625,2549.0859375,2549.40625,2549.7421875,2550.046875,2550.2265625,2550.3984375,2550.5625,2550.7265625,2550.890625,2551.046875,2551.2109375,2551.3671875,2551.546875,2551.7265625,2551.90625,2552.09375,2552.2734375,2552.4609375,2552.6484375,2552.84375,2553.0234375,2553.203125,2553.3984375,2553.6015625,2554.0,2554.75,2555.0625,2555.3828125,2555.6796875,2555.8515625,2556.0234375,2556.1875,2556.3515625,2556.5078125,2556.6640625,2556.8203125,2556.9765625,2557.1328125,2557.296875,2557.453125,2557.6171875,2557.78125,2557.9453125,2558.109375,2558.28125,2558.578125,2558.8984375,2559.203125,2559.921875,2560.28125,2560.4609375,2560.625,2560.78125,2560.9375,2561.1015625,2561.2578125,2561.4140625,2561.5625,2561.7109375,2561.859375,2562.0078125,2562.15625,2562.3515625,2562.5390625,2562.734375,2562.9296875,2563.125,2563.3203125,2563.5234375,2563.7265625,2563.8984375,2564.078125,2564.265625,2564.4609375,2564.6328125,2564.8203125,2565.4375,2565.6640625,2565.8828125,2566.078125,2566.28125,2566.4765625,2566.6640625,2566.84375,2567.0234375,2567.203125,2567.3828125,2567.5546875,2567.7265625,2567.890625,2568.0625,2568.2265625,2568.328125,2568.4296875,2568.53125,2568.640625,2568.7421875,2568.8515625,2568.953125,2569.0625,2569.1640625,2569.2734375,2569.3828125,2569.4921875,2569.6015625,2569.71875,2569.828125,2569.9453125,2570.1328125,2570.328125,2570.53125,2570.75,2570.9453125,2571.15625,2571.875,2572.1484375,2572.421875,2572.671875,2572.8046875,2572.9375,2573.0625,2573.1875,2573.3125,2573.4296875,2573.546875,2573.6640625,2573.78125,2573.8984375,2574.015625,2574.125,2574.2421875,2574.3515625,2574.46875,2574.5859375,2574.703125,2574.8203125,2574.9375,2575.0546875,2575.171875,2575.296875,2575.4140625,2575.5390625,2575.7578125,2575.9921875,2576.234375,2576.4921875,2576.7265625,2576.984375,2577.9921875,2578.4453125,2578.6953125,2578.9296875,2579.1640625,2579.3984375,2579.625,2579.8515625,2580.0859375,2580.328125,2580.7734375,2581.8359375,2582.125,2582.390625,2582.6796875,2582.9609375,2583.2265625,2583.4921875,2583.7890625,2584.0859375,2584.390625,2584.7109375,2584.984375,2585.28125,2586.234375,2586.5703125,2586.8984375,2587.203125,2587.3671875,2587.5234375,2587.6796875,2587.8359375,2587.984375,2588.1328125,2588.28125,2588.421875,2588.6015625,2588.78125,2588.9609375,2589.140625,2589.3203125,2589.5078125,2589.6953125,2589.8828125,2590.046875,2590.2109375,2590.3828125,2590.5703125,2590.90625,2591.703125,2591.90625,2592.09375,2592.2890625,2592.4765625,2592.65625,2592.828125,2593.0078125,2593.1875,2593.3671875,2593.5390625,2593.7109375,2593.875,2594.0390625,2594.203125,2594.3984375,2594.6015625,2594.8046875,2595.0078125,2595.2109375,2595.421875,2595.6328125,2595.8515625,2596.03125,2596.21875,2596.4140625,2596.625,2596.8125,2597.015625,2597.6875,2597.9453125,2598.203125,2598.4296875,2598.671875,2598.90625,2599.125,2599.34375,2599.4609375,2599.5703125,2599.6875,2599.796875,2599.90625,2600.015625,2600.125,2600.234375,2600.34375,2600.453125,2600.5625,2600.6640625,2600.7734375,2600.8828125,2600.9921875,2601.1015625,2601.203125,2601.3125,2601.421875,2601.53125,2601.640625,2601.75,2601.96875,2602.1953125,2602.4296875,2602.6640625,2602.9140625,2603.109375,2603.3203125,2603.5390625,2603.78125,2604.21875,2605.0390625,2605.3828125,2605.7265625,2606.046875,2606.390625,2606.7265625,2607.046875,2607.3671875,2607.671875,2607.96875,2608.265625,2608.5625,2608.859375,2609.15625,2609.4609375,2609.7578125,2609.9296875,2610.1015625,2610.2734375,2610.4453125,2610.6171875,2610.7890625,2610.9609375,2611.1328125,2611.3046875,2611.4765625,2611.640625,2611.8125,2611.9765625,2612.1484375,2612.3203125,2612.4921875,2612.8046875,2613.125,2613.453125,2613.7890625,2614.1015625,2614.4375,2614.765625,2615.5703125,2616.0,2616.2265625,2616.4453125,2616.6484375,2616.84375,2617.0859375,2617.3125,2617.53125,2617.75,2617.96875,2618.1796875,2618.390625,2618.6015625,2618.7734375,2618.9453125,2619.1171875,2619.2890625,2619.4609375,2619.640625,2619.8203125,2620.0078125,2620.1953125,2620.3828125,2620.5859375,2620.796875,2621.0,2621.21875,2622.0546875,2622.40625,2622.7734375,2622.9375,2623.1015625,2623.296875,2623.4921875,2623.6796875,2623.8671875,2624.046875,2624.2265625,2624.40625,2624.5859375,2624.765625,2624.9453125,2625.125,2625.3046875,2625.4921875,2625.6796875,2625.875,2626.0703125,2626.234375,2626.40625,2626.5859375,2626.7734375,2627.125,2627.953125,2628.1796875,2628.3828125,2628.6015625,2628.8046875,2629.0,2629.1875,2629.3828125,2629.578125,2629.7734375,2629.9609375,2630.1484375,2630.3359375,2630.515625,2630.703125,2630.859375,2631.015625,2631.171875,2631.328125,2631.4921875,2631.65625,2631.828125,2632.0,2632.296875,2632.625,2632.9375,2633.671875,2634.046875,2634.2421875,2634.421875,2634.59375,2634.7578125,2634.9375,2635.1171875,2635.2890625,2635.453125,2635.6171875,2635.7734375,2635.9375,2636.09375,2636.2109375,2636.3203125,2636.4296875,2636.5390625,2636.6484375,2636.7578125,2636.8671875,2636.984375,2637.09375,2637.203125,2637.3125,2637.4296875,2637.5390625,2637.65625,2637.765625,2637.8828125,2638.0,2638.125,2638.2421875,2638.3671875,2638.4921875,2638.625,2638.7578125,2638.890625,2639.1484375,2639.4375,2639.7265625,2640.4765625,2640.703125,2640.90625,2641.140625,2641.359375,2641.5703125,2641.765625,2641.890625,2642.015625,2642.1328125,2642.25,2642.3671875,2642.4765625,2642.59375,2642.703125,2642.8125,2642.921875,2643.03125,2643.140625,2643.25,2643.359375,2643.46875,2643.5703125,2643.7109375,2643.84375,2643.984375,2644.1171875,2644.25,2644.390625,2644.53125,2644.671875,2644.8125,2644.953125,2645.09375,2645.234375,2645.375,2645.5234375,2645.671875,2645.8203125,2645.9375,2646.0625,2646.1875,2646.3125,2646.4453125,2646.578125,2646.71875,2646.859375,2647.1015625,2647.375,2647.6328125,2648.2734375,2648.609375,2648.78125,2648.9375,2649.09375,2649.2421875,2649.3984375,2649.5546875,2649.703125,2649.8515625,2650.0,2650.140625,2650.28125,2650.421875,2650.5625,2650.6953125,2650.8359375,2650.96875,2651.109375,2651.2421875,2651.375,2651.5078125,2651.640625,2651.7734375,2651.90625,2652.046875,2652.1796875,2652.3203125,2652.453125,2652.59375,2652.7421875,2652.890625,2653.046875,2653.203125,2653.3671875,2653.53125,2653.703125,2653.875,2654.03125,2654.1875,2654.359375,2654.5390625,2654.8984375,2655.6171875,2655.9296875,2656.25,2656.546875,2656.71875,2656.8828125,2657.046875,2657.2109375,2657.375,2657.53125,2657.6875,2657.84375,2658.0,2658.1640625,2658.328125,2658.4921875,2658.65625,2658.828125,2659.0,2659.171875,2659.3359375,2659.5078125,2659.6875,2659.8828125,2660.265625,2661.03125,2661.359375,2661.703125,2662.015625,2662.1953125,2662.375,2662.5546875,2662.7265625,2662.8984375,2663.0703125,2663.2421875,2663.40625,2663.5703125,2663.734375,2663.8984375,2664.0703125,2664.2421875,2664.4140625,2664.59375,2664.78125,2665.09375,2665.4453125,2665.7890625,2666.6640625,2667.15625,2667.4140625,2667.6640625,2667.90625,2668.140625,2668.40625,2668.671875,2668.9375,2669.203125,2669.4765625,2669.75,2670.03125,2670.328125,2670.578125,2670.84375,2671.453125,2674.125,2674.765625,2675.03125,2675.28125,2675.515625,2675.734375,2675.953125,2676.1640625,2676.3671875,2676.5703125,2676.7734375,2676.96875,2677.171875,2677.3671875,2677.5625,2677.765625,2677.96875,2678.1796875,2678.5390625,2678.921875,2679.28125,2680.1171875,2680.5234375,2680.7265625,2680.9140625,2681.09375,2681.2734375,2681.46875,2681.65625,2681.84375,2682.0234375,2682.203125,2682.375,2682.5546875,2682.7265625,2682.921875,2683.1171875,2683.3125,2683.5078125,2683.703125,2683.90625,2684.109375,2684.3203125,2684.4921875,2684.671875,2684.859375,2685.0625,2685.4296875,2686.296875,2686.5234375,2686.734375,2686.953125,2687.15625,2687.3515625,2687.5390625,2687.734375,2687.921875,2688.109375,2688.2890625,2688.46875,2688.6484375,2688.828125,2689.0078125,2689.171875,2689.3359375,2689.5,2689.6640625,2689.8359375,2690.0078125,2690.1875,2690.3671875,2690.515625,2690.671875,2690.8359375,2691.015625,2691.34375,2692.125,2692.3359375,2692.5234375,2692.7265625,2692.9140625,2693.09375,2693.265625,2693.453125,2693.6328125,2693.8125,2693.984375,2694.15625,2694.328125,2694.5,2694.6640625,2694.7734375,2694.8828125,2694.9921875,2695.1015625,2695.2109375,2695.3203125,2695.4296875,2695.546875,2695.65625,2695.7734375,2695.8828125,2696.0,2696.1171875,2696.234375,2696.3515625,2696.4765625,2696.671875,2696.8828125,2697.1015625,2697.328125,2697.53125,2697.75,2698.5078125,2698.8046875,2699.1015625,2699.3671875,2699.65625,2699.9296875,2700.1953125,2700.453125,2700.5859375,2700.7109375,2700.9609375,2701.2109375,2701.4609375,2701.5859375,2701.71875,2701.9765625,2702.2421875,2702.515625,2702.7265625,2702.953125,2703.1875,2703.4375,2703.6875,2703.96875,2705.1875,2705.484375,2705.7578125,2706.078125,2706.3828125,2706.6875,2706.9921875,2707.2890625,2707.59375,2707.90625,2708.234375,2708.53125,2708.8515625,2709.96875,2710.421875,2710.8828125,2711.3125,2711.5546875,2711.796875,2712.03125,2712.265625,2712.5,2712.7265625,2712.953125,2713.1875,2713.421875,2713.65625,2713.890625,2714.1328125,2714.3828125,2714.6328125,2715.15625,2715.671875,2716.234375,2716.8203125,2718.453125,2718.953125,2719.40625,2719.9296875,2720.4296875,2720.90625,2721.375,2721.796875,2722.2265625,2722.65625,2723.109375,2723.5078125,2723.9453125,2725.4296875,2726.015625,2726.328125,2726.6328125,2726.921875,2727.2109375,2727.515625,2727.8203125,2728.125,2728.4453125,2729.03125,2730.3671875,2730.71875,2731.0390625,2731.3984375,2731.7421875,2732.0703125,2732.390625,2732.6484375,2732.90625,2733.1640625,2733.4140625,2733.6640625,2733.921875,2734.1796875,2734.4375,2734.6796875,2734.921875,2735.1796875,2735.453125,2735.703125,2735.9765625,2736.9453125,2737.3359375,2737.7421875,2738.1171875,2738.3359375,2738.546875,2738.75,2738.953125,2739.15625,2739.3515625,2739.546875,2739.7421875,2739.96875,2740.1953125,2740.421875,2740.65625,2740.890625,2741.125,2741.359375,2741.6015625,2741.84375,2742.1015625,2742.3671875,2742.640625,2742.90625,2743.203125,2744.328125,2744.8046875,2745.0625,2745.3125,2745.546875,2745.7734375,2746.046875,2746.3125,2746.578125,2746.8359375,2747.09375,2747.34375,2747.59375,2747.8515625,2748.0390625,2748.234375,2748.4296875,2748.625,2748.8203125,2749.0234375,2749.2265625,2749.4375,2749.6484375,2749.859375,2750.078125,2750.3125,2750.78125,2751.6953125,2752.0703125,2752.46875,2752.828125,2753.0390625,2753.25,2753.453125,2753.6484375,2753.84375,2754.0390625,2754.234375,2754.421875,2754.6171875,2754.8125,2755.0078125,2755.203125,2755.3984375,2755.6015625,2755.8046875,2756.015625,2756.3671875,2756.7578125,2757.125,2757.9921875,2758.421875,2758.6328125,2758.8359375,2759.0234375,2759.2109375,2759.3984375,2759.5859375,2759.7734375,2759.953125,2760.1328125,2760.3125,2760.4921875,2760.6640625,2760.8203125,2760.9765625,2761.1328125,2761.296875,2761.4609375,2761.625,2761.7890625,2761.9609375,2762.2578125,2762.5859375,2762.8984375,2763.6328125,2764.015625,2764.2109375,2764.3984375,2764.578125,2764.75,2764.9453125,2765.1328125,2765.3203125,2765.5,2765.6796875,2765.8515625,2766.0234375,2766.1953125,2766.3984375,2766.59375,2766.7890625,2766.9921875,2767.1953125,2767.3984375,2767.609375,2767.828125,2768.0078125,2768.1875,2768.3828125,2768.5859375,2768.9609375,2769.84375,2770.078125,2770.2890625,2770.5078125,2770.71875,2770.9140625,2771.109375,2771.3046875,2771.4921875,2771.6796875,2771.859375,2772.046875,2772.2265625,2772.40625,2772.5859375,2772.7421875,2772.90625,2773.0703125,2773.234375,2773.3984375,2773.5703125,2773.7421875,2773.921875,2774.0859375,2774.2578125,2774.4375,2774.6328125,2775.0078125,2775.75,2776.0625,2776.390625,2776.6875,2776.859375,2777.03125,2777.1953125,2777.359375,2777.5234375,2777.6796875,2777.84375,2778.0,2778.15625,2778.3203125,2778.4765625,2778.640625,2778.8046875,2778.9765625,2779.1484375,2779.3203125,2779.46875,2779.625,2779.953125,2780.265625,2781.015625,2781.21875,2781.3984375,2781.59375,2781.78125,2781.953125,2782.125,2782.3125,2782.5,2782.6796875,2782.8515625,2783.0234375,2783.1953125,2783.3671875,2783.5390625,2783.71875,2783.8984375,2784.078125,2784.265625,2784.4453125,2784.6328125,2784.828125,2785.0234375,2785.1875,2785.359375,2785.5390625,2785.7265625,2786.0859375,2786.7109375,2786.9453125,2787.1796875,2787.3984375,2787.6328125,2787.859375,2788.0703125,2788.2734375,2788.390625,2788.5078125,2788.625,2788.734375,2788.8515625,2788.9609375,2789.0703125,2789.1796875,2789.2890625,2789.3984375,2789.5078125,2789.6171875,2789.7265625,2789.828125,2789.9375,2790.046875,2790.140625,2790.2421875,2790.34375,2790.4453125,2790.5390625,2790.640625,2790.7421875,2790.84375,2790.9453125,2791.0546875,2791.15625,2791.265625,2791.375,2791.484375,2791.59375,2791.703125,2791.890625,2792.078125,2792.28125,2792.4921875,2792.6796875,2792.8828125,2793.578125,2793.8359375,2794.1015625,2794.3359375,2794.578125,2794.8125,2795.03125,2795.25,2795.453125,2795.65625,2795.859375,2796.0546875,2796.2578125,2796.453125,2796.6484375,2796.8515625,2797.015625,2797.1875,2797.3515625,2797.5234375,2797.6953125,2797.8671875,2798.046875,2798.234375,2798.4140625,2798.6015625,2798.796875,2799.0,2799.203125,2799.421875,2800.265625,2800.6328125,2800.8359375,2801.0234375,2801.203125,2801.375,2801.5859375,2801.7890625,2801.984375,2802.1796875,2802.375,2802.5625,2802.7578125,2802.9453125,2803.1328125,2803.3203125,2803.5078125,2803.703125,2803.8984375,2804.09375,2804.296875,2804.5,2804.7109375,2804.921875,2805.140625,2805.375,2805.6015625,2805.8515625,2806.828125,2807.2421875,2807.46875,2807.6796875,2807.8828125,2808.0859375,2808.3203125,2808.5546875,2808.78125,2809.0078125,2809.234375,2809.453125,2809.6796875,2809.90625,2810.1796875,2810.4609375,2810.75,2811.0546875,2811.3828125,2811.7421875,2812.125,2812.890625,2813.21875,2813.5625,2813.875,2814.0625,2814.2421875,2814.4140625,2814.5859375,2814.7578125,2814.921875,2815.09375,2815.2578125,2815.421875,2815.59375,2815.765625,2815.9375,2816.109375,2816.2890625,2816.46875,2816.6484375,2816.96875,2817.3125,2817.640625,2818.4140625,2818.8125,2819.1953125,2819.375,2819.546875,2819.734375,2819.9140625,2820.09375,2820.265625,2820.4375,2820.609375,2820.78125,2820.953125,2821.1171875,2821.2890625,2821.453125,2821.625,2821.796875,2821.9765625,2822.15625,2822.3359375,2822.65625,2823.0078125,2823.34375,2824.1640625,2824.390625,2824.6015625,2824.8359375,2825.0546875,2825.2578125,2825.4609375,2825.6953125,2825.921875,2826.1484375,2826.3671875,2826.5859375,2826.8046875,2827.0234375,2827.2421875,2827.3828125,2827.53125,2827.6796875,2827.828125,2827.984375,2828.140625,2828.296875,2828.4609375,2828.765625,2829.09375,2829.4375,2830.390625,2830.6875,2830.953125,2831.265625,2831.5625,2831.8515625,2832.140625,2832.4296875,2832.71875,2833.015625,2833.328125,2833.59375,2833.890625,2834.84375,2835.1875,2835.5234375,2835.8359375,2836.0,2836.1640625,2836.328125,2836.484375,2836.640625,2836.7890625,2836.9453125,2837.09375,2837.2578125,2837.421875,2837.5859375,2837.75,2837.9140625,2838.0859375,2838.2578125,2838.4375,2838.7421875,2839.078125,2839.3984375,2840.171875,2840.3828125,2840.578125,2840.7890625,2840.984375,2841.171875,2841.359375,2841.5703125,2841.78125,2841.984375,2842.1796875,2842.375,2842.5625,2842.7578125,2842.9453125,2843.0546875,2843.1640625,2843.2734375,2843.3828125,2843.4921875,2843.6015625,2843.7109375,2843.828125,2843.9375,2844.0546875,2844.171875,2844.2890625,2844.40625,2844.5234375,2844.640625,2844.765625,2844.9609375,2845.171875,2845.390625,2845.6171875,2845.8203125,2846.046875,2846.8203125,2847.1171875,2847.421875,2847.6953125,2847.984375,2848.265625,2848.5390625,2848.8046875,2849.0625,2849.3203125,2849.578125,2849.8359375,2850.1015625,2850.375,2850.6484375,2850.9375,2851.125,2851.3125,2851.5078125,2851.71875,2851.9375,2852.1640625,2852.671875,2853.03125,2853.4453125,2854.4609375,2855.234375,2855.5625,2855.8671875,2856.28125,2856.6796875,2857.0703125,2857.4609375,2857.796875,2858.1640625,2859.2578125,2859.6171875,2859.96875,2860.28125,2860.4609375,2860.640625,2860.8125,2860.9765625,2861.140625,2861.296875,2861.453125,2861.609375,2861.8125,2862.0078125,2862.203125,2862.3984375,2862.59375,2862.796875,2863.0,2863.203125,2863.375,2863.5546875,2863.7421875,2863.9375,2864.296875,2865.125,2865.3359375,2865.53125,2865.7265625,2865.9140625,2866.09375,2866.265625,2866.4453125,2866.6171875,2866.7890625,2866.953125,2867.1171875,2867.28125,2867.4453125,2867.609375,2867.7890625,2867.9765625,2868.15625,2868.34375,2868.53125,2868.71875,2868.9140625,2869.109375,2869.2734375,2869.4453125,2869.625,2869.8125,2870.1640625,2870.9765625,2871.1953125,2871.390625,2871.59375,2871.7890625,2871.96875,2872.1484375,2872.3359375,2872.515625,2872.6953125,2872.875,2873.046875,2873.21875,2873.390625,2873.5625,2873.671875,2873.7734375,2873.875,2873.984375,2874.0859375,2874.1953125,2874.3046875,2874.4140625,2874.5234375,2874.6328125,2874.7421875,2874.8515625,2874.9609375,2875.078125,2875.1875,2875.3046875,2875.5,2875.6953125,2875.90625,2876.125,2876.3203125,2876.53125,2877.25,2877.5234375,2877.796875,2878.0390625,2878.171875,2878.296875,2878.421875,2878.546875,2878.671875,2878.7890625,2878.90625,2879.0234375,2879.1484375,2879.265625,2879.3828125,2879.5,2879.6171875,2879.734375,2879.8515625,2879.9609375,2880.0703125,2880.1875,2880.3046875,2880.421875,2880.5390625,2880.65625,2880.7734375,2880.890625,2881.0625,2881.2421875,2881.421875,2881.6015625,2881.7890625,2881.9765625,2882.171875,2882.375,2882.546875,2882.7265625,2882.921875,2883.125,2883.53125,2884.40625,2884.8046875,2885.2265625,2885.6171875,2885.84375,2886.0703125,2886.296875,2886.5234375,2886.75,2886.9765625,2887.2109375,2887.4453125,2887.7421875,2888.0546875,2888.375,2888.7109375,2889.0625,2889.421875,2889.7890625,2890.15625,2890.5078125,2890.84375,2891.171875,2891.484375,2891.7890625,2892.078125,2892.3671875,2892.6484375,2892.890625,2893.125,2893.3671875,2893.6015625,2893.8359375,2894.0703125,2894.3046875,2894.546875,2894.7890625,2895.0390625,2895.296875,2895.5703125,2895.8359375,2896.125,2897.2421875,2897.71875,2897.9765625,2898.2265625,2898.4609375,2898.6953125,2898.9765625,2899.25,2899.5234375,2899.796875,2900.0703125,2900.3515625,2900.640625,2900.9375,2901.328125,2901.75,2902.2109375,2903.2265625,2903.703125,2904.21875,2904.703125,2905.265625,2905.8515625,2906.46875,2907.7734375,2908.3671875,2909.015625,2909.640625,2910.0234375,2910.4140625,2910.828125,2911.2578125,2912.2421875,2913.2421875,2913.671875,2914.0703125,2914.4375,2914.78125,2915.109375,2915.4296875,2915.7421875,2916.0546875,2916.3203125,2916.5859375,2917.1328125,2917.640625,2918.6875,2919.1328125,2919.53125,2919.890625,2920.078125,2920.265625,2920.4453125,2920.625,2920.796875,2920.96875,2921.140625,2921.3046875,2921.53125,2921.75,2921.96875,2922.1953125,2922.421875,2922.6484375,2922.875,2923.109375,2923.3046875,2923.5078125,2923.71875,2923.9375,2924.34375,2925.28125,2925.5234375,2925.7421875,2925.96875,2926.1875,2926.390625,2926.59375,2926.796875,2927.0,2927.1953125,2927.390625,2927.5859375,2927.7734375,2927.96875,2928.15625,2928.3046875,2928.4609375,2928.6171875,2928.7734375,2928.9296875,2929.09375,2929.2578125,2929.4296875,2929.6015625,2929.78125,2929.96875,2930.1640625,2930.359375,2930.5703125,2931.3828125,2931.7265625,2931.9140625,2932.09375,2932.265625,2932.4296875,2932.625,2932.8203125,2933.0078125,2933.1953125,2933.3828125,2933.5625,2933.7421875,2933.921875,2934.09375,2934.265625,2934.4375,2934.609375,2934.78125,2934.9609375,2935.1484375,2935.3359375,2935.5078125,2935.6875,2935.875,2936.078125,2936.484375,2937.296875,2937.6484375,2938.0234375,2938.3671875,2938.5703125,2938.765625,2938.9609375,2939.1484375,2939.34375,2939.53125,2939.7265625,2939.921875,2940.109375,2940.296875,2940.4921875,2940.6875,2940.890625,2941.1015625,2941.328125,2941.5625,2942.078125,2943.5390625,2944.8515625,2945.25,2945.5234375,2945.765625,2945.9921875,2946.2109375,2946.484375,2946.7421875,2946.9921875,2947.234375,2947.4765625,2947.7109375,2947.953125,2948.1875,2948.4453125,2948.703125,2948.96875,2949.2421875,2949.5,2949.78125,2950.0625,2950.765625,2951.1484375,2951.359375,2951.5546875,2951.734375,2951.9140625,2952.1328125,2952.34375,2952.546875,2952.6484375,2952.75,2952.9453125,2953.046875,2953.140625,2953.2421875,2953.3359375,2953.4296875,2953.5234375,2953.65625,2953.78125,2953.9140625,2954.0390625,2954.1640625,2954.2890625,2954.4140625,2954.546875,2954.671875,2954.8046875,2954.9375,2955.0703125,2955.203125,2955.3359375,2955.46875,2955.609375,2955.71875,2955.8359375,2955.953125,2956.0703125,2956.1875,2956.3125,2956.5703125,2956.796875,2957.046875,2957.2890625,2957.8828125,2958.203125,2958.3671875,2958.5234375,2958.671875,2958.8203125,2958.9765625,2959.1328125,2959.28125,2959.4296875,2959.578125,2959.71875,2959.859375,2960.0,2960.140625,2960.28125,2960.421875,2960.5546875,2960.6875,2960.828125,2960.9609375,2961.1015625,2961.2421875,2961.3828125,2961.5234375,2961.6640625,2961.8046875,2961.953125,2962.1015625,2962.2578125,2962.3984375,2962.5390625,2962.6875,2962.8359375,2962.984375,2963.140625,2963.3046875,2963.4765625,2963.796875,2964.15625,2964.5,2965.3671875,2965.8359375,2966.2265625,2966.6171875,2967.0546875,2967.53125,2967.9765625,2969.0859375,2969.6953125,2970.015625,2970.328125,2970.6328125,2970.9375,2971.390625,2971.8671875,2972.3671875,2972.9296875,2973.5859375,2974.5078125,2977.734375,2978.2890625,2978.75,2979.0625,2979.3515625,2979.625,2979.8828125,2980.1328125,2980.3671875,2980.59375,2980.8203125,2980.9609375,2981.09375,2981.234375,2981.3671875,2981.5,2981.6328125,2981.765625,2981.890625,2982.0234375,2982.1484375,2982.28125,2982.40625,2982.53125,2982.6640625,2982.7890625,2982.921875,2983.0625,2983.203125,2983.34375,2983.484375,2983.625,2983.7734375,2983.921875,2984.078125,2984.3671875,2984.6875,2985.0,2985.8203125,2986.0625,2986.28125,2986.5234375,2986.7578125,2986.984375,2987.1953125,2987.328125,2987.4609375,2987.5859375,2987.7109375,2987.8359375,2987.9609375,2988.0859375,2988.203125,2988.328125,2988.4453125,2988.5703125,2988.6875,2988.8125,2988.9296875,2989.046875,2989.1640625,2989.2578125,2989.359375,2989.453125,2989.5546875,2989.6484375,2989.75,2989.8515625,2989.953125,2990.0546875,2990.15625,2990.2578125,2990.359375,2990.4609375,2990.5703125,2990.6796875,2990.7890625,2990.984375,2991.1875,2991.3984375,2991.625,2991.84375,2992.078125,2992.9921875,2993.390625,2993.609375,2993.8125,2994.0078125,2994.203125,2994.4296875,2994.65625,2994.8828125,2995.1015625,2995.3203125,2995.5390625,2995.7578125,2995.984375,2996.203125,2996.421875,2996.6484375,2996.8828125,2997.125,2997.375,2997.6484375,2997.9453125,2998.4453125,2999.859375,3000.328125,3001.40625,3001.71875,3001.9921875,3002.390625,3002.75,3003.09375,3003.421875,3003.609375,3003.7890625,3003.96875,3004.1484375,3004.328125,3004.5078125,3004.6953125,3004.8828125,3005.2421875,3005.6328125,3006.0234375,3007.046875,3007.359375,3007.640625,3007.96875,3008.28125,3008.578125,3008.7265625,3008.875,3009.03125,3009.1875,3009.34375,3009.5,3009.65625,3009.8203125,3009.984375,3010.1484375,3010.4296875,3010.7421875,3011.0390625,3011.734375,3012.0859375,3012.265625,3012.4296875,3012.5859375,3012.734375,3012.8984375,3013.0625,3013.21875,3013.375,3013.5234375,3013.671875,3013.8203125,3013.96875,3014.1640625,3014.359375,3014.546875,3014.7421875,3014.9375,3015.1328125,3015.3359375,3015.5390625,3015.734375,3015.9375,3016.1484375,3016.3671875,3016.578125,3016.8125,3017.6640625,3018.0234375,3018.21875,3018.3984375,3018.5703125,3018.7421875,3018.9453125,3019.140625,3019.3359375,3019.5234375,3019.7109375,3019.8984375,3020.0859375,3020.265625,3020.4296875,3020.6015625,3020.765625,3020.9375,3021.109375,3021.2890625,3021.46875,3021.65625,3021.8125,3021.9765625,3022.1484375,3022.3359375,3022.6875,3023.34375,3023.609375,3023.890625,3024.1484375,3024.4375,3024.7109375,3024.984375,3025.25,3025.5,3025.7578125,3026.0234375,3026.296875,3026.53125,3026.796875,3027.6015625,3027.8671875,3028.125,3028.3515625,3028.5703125,3028.78125,3028.9765625,3029.171875,3029.296875,3029.4140625,3029.5390625,3029.65625,3029.7734375,3029.890625,3030.0078125,3030.125,3030.2421875,3030.359375,3030.46875,3030.5859375,3030.703125,3030.8203125,3030.9375,3031.0546875,3031.1640625,3031.28125,3031.3984375,3031.515625,3031.6328125,3031.7578125,3031.8828125,3032.015625,3032.2578125,3032.5234375,3032.7890625,3033.46875,3033.671875,3033.859375,3034.0703125,3034.265625,3034.453125,3034.6328125,3034.7421875,3034.8515625,3034.9609375,3035.0625,3035.171875,3035.2734375,3035.375,3035.4765625,3035.578125,3035.6796875,3035.78125,3035.8828125,3035.984375,3036.0859375,3036.1796875,3036.28125,3036.4453125,3036.609375,3036.7734375,3036.9453125,3037.1171875,3037.2890625,3037.4609375,3037.640625,3037.8125,3037.9921875,3038.1796875,3038.3828125,3038.578125,3038.7890625,3039.5859375,3039.921875,3040.109375,3040.28125,3040.4453125,3040.6015625,3040.7890625,3040.9765625,3041.15625,3041.3359375,3041.515625,3041.6875,3041.859375,3042.03125,3042.125,3042.2265625,3042.328125,3042.4296875,3042.5234375,3042.625,3042.7265625,3042.828125,3042.9296875,3043.03125,3043.1328125,3043.2421875,3043.3515625,3043.4609375,3043.6796875,3043.859375,3044.046875,3044.2421875,3044.453125,3044.6328125,3044.8359375,3045.5078125,3045.765625,3046.015625,3046.25,3046.4921875,3046.71875,3046.9375,3047.15625,3047.359375,3047.5625,3047.765625,3047.96875,3048.1640625,3048.3671875,3048.5703125,3048.7734375,3048.90625,3049.046875,3049.1875,3049.328125,3049.4765625,3049.625,3049.78125,3049.9375,3050.203125,3050.5,3050.78125,3051.4765625,3051.8359375,3052.1796875,3052.4921875,3052.78125,3053.0625,3053.203125,3053.34375,3053.484375,3053.6171875,3053.7734375,3053.9375,3054.09375,3054.2578125,3054.421875,3054.5859375,3054.7578125,3054.9375,3055.2421875,3055.578125,3055.8984375,3056.671875,3057.0859375,3057.296875,3057.5,3057.6953125,3057.8828125,3058.09375,3058.296875,3058.5,3058.6953125,3058.890625,3059.0859375,3059.28125,3059.46875,3059.65625,3059.8515625,3060.046875,3060.2421875,3060.4453125,3060.6484375,3060.859375,3061.0703125,3061.25,3061.4375,3061.6328125,3061.8359375,3062.21875,3063.1640625,3063.4296875,3063.6640625,3063.921875,3064.1640625,3064.390625,3064.6171875,3064.859375,3065.09375,3065.328125,3065.5625,3065.796875,3066.0234375,3066.25,3066.484375,3066.671875,3066.859375,3067.046875,3067.2421875,3067.4375,3067.640625,3067.84375,3068.0546875,3068.2421875,3068.4296875,3068.6328125,3068.84375,3069.265625,3070.09375,3070.4453125,3070.8125,3071.1484375,3071.34375,3071.53125,3071.71875,3071.90625,3072.09375,3072.2734375,3072.453125,3072.6328125,3072.9375,3073.25,3073.5703125,3073.8984375,3074.2265625,3074.5859375,3074.953125,3075.984375,3076.3046875,3076.59375,3076.9375,3077.2578125,3077.5703125,3077.875,3078.21875,3078.5625,3078.9140625,3079.28125,3079.640625,3080.03125,3080.4375,3081.5703125,3081.921875,3082.2421875,3082.6171875,3082.984375,3083.34375,3083.6953125,3084.0078125,3084.3203125,3084.640625,3084.984375,3085.2734375,3085.6015625,3086.703125,3087.140625,3087.59375,3088.0234375,3088.390625,3088.78125,3090.234375,3090.53125,3090.796875,3091.1171875,3091.421875,3091.7109375,3091.984375,3092.2578125,3092.5234375,3092.7890625,3093.0546875,3093.3046875,3093.5625,3093.828125,3094.1015625,3094.3515625,3094.6328125,3095.5546875,3095.90625,3096.09375,3096.265625,3096.4296875,3096.59375,3096.7890625,3096.9765625,3097.15625,3097.3359375,3097.5078125,3097.6796875,3097.84375,3098.0078125,3098.1171875,3098.21875,3098.3203125,3098.421875,3098.5234375,3098.625,3098.7265625,3098.828125,3098.9296875,3099.03125,3099.1328125,3099.234375,3099.3359375,3099.4453125,3099.546875,3099.65625,3099.765625,3099.8828125,3099.9921875,3100.109375,3100.2265625,3100.34375,3100.59375,3100.8359375,3101.09375,3101.359375,3102.0625,3102.2734375,3102.46875,3102.6875,3102.8984375,3103.09375,3103.28125,3103.3984375,3103.5078125,3103.625,3103.734375,3103.84375,3103.953125,3104.0625,3104.171875,3104.28125,3104.390625,3104.5,3104.6015625,3104.7109375,3104.8125,3104.9140625,3105.0234375,3105.1953125,3105.3671875,3105.5390625,3105.7109375,3105.890625,3106.0703125,3106.2578125,3106.4453125,3106.6171875,3106.796875,3106.984375,3107.1796875,3107.3671875,3107.5703125,3108.34375,3108.6640625,3108.8359375,3109.0,3109.15625,3109.3125,3109.4921875,3109.6640625,3109.8359375,3110.0078125,3110.1796875,3110.34375,3110.5078125,3110.671875,3110.828125,3110.9921875,3111.15625,3111.3203125,3111.484375,3111.65625,3111.828125,3112.0,3112.1640625,3112.328125,3112.5,3112.6875,3113.046875,3113.75,3114.0390625,3114.34375,3114.625,3114.7890625,3114.9453125,3115.1015625,3115.2578125,3115.40625,3115.5546875,3115.703125,3115.8515625,3116.0,3116.1484375,3116.296875,3116.4453125,3116.6015625,3116.7578125,3116.9140625,3117.078125,3117.359375,3117.6640625,3117.953125,3118.6484375,3119.0,3119.1796875,3119.34375,3119.5078125,3119.6640625,3119.828125,3119.9921875,3120.15625,3120.3125,3120.46875,3120.625,3120.78125,3120.9296875,3121.09375,3121.265625,3121.4296875,3121.6015625,3121.7734375,3121.9453125,3122.125,3122.3046875,3122.4765625,3122.6484375,3122.828125,3123.015625,3123.1953125,3123.3984375,3124.1328125,3124.4375,3124.6015625,3124.7578125,3124.90625,3125.046875,3125.21875,3125.3828125,3125.546875,3125.703125,3125.859375,3126.015625,3126.171875,3126.328125,3126.484375,3126.640625,3126.796875,3126.953125,3127.1171875,3127.28125,3127.4453125,3127.6171875,3127.7578125,3127.90625,3128.0625,3128.2265625,3128.53125,3129.25,3129.4453125,3129.625,3129.8125,3129.984375,3130.15625,3130.3203125,3130.4921875,3130.6640625,3130.828125,3130.9921875,3131.15625,3131.3203125,3131.484375,3131.640625,3131.7890625,3131.9453125,3132.09375,3132.25,3132.40625,3132.5625,3132.7265625,3132.890625,3133.03125,3133.1796875,3133.328125,3133.4921875,3133.7890625,3134.5,3134.6953125,3134.8671875,3135.0546875,3135.2265625,3135.390625,3135.5546875,3135.734375,3135.90625,3136.078125,3136.2421875,3136.40625,3136.5703125,3136.734375,3136.890625,3137.0625,3137.234375,3137.40625,3137.578125,3137.75,3137.9296875,3138.109375,3138.2890625,3138.4609375,3138.6328125,3138.8125,3139.0078125,3139.1875,3139.390625,3140.109375,3140.40625,3140.5625,3140.7109375,3140.8515625,3140.9921875,3141.15625,3141.3203125,3141.4765625,3141.625,3141.7734375,3141.921875,3142.0703125,3142.2109375,3142.3046875,3142.390625,3142.484375,3142.5703125,3142.65625,3142.75,3142.8359375,3142.9296875,3143.015625,3143.109375,3143.1953125,3143.2890625,3143.3828125,3143.4765625,3143.6640625,3143.84375,3144.03125,3144.2265625,3144.4296875,3144.625,3144.8359375,3145.046875,3145.6171875,3145.7890625,3145.9453125,3146.1171875,3146.28125,3146.4375,3146.59375,3146.78125,3146.9609375,3147.1328125,3147.3046875,3147.4765625,3147.640625,3147.8046875,3147.96875,3148.1328125,3148.3046875,3148.46875,3148.640625,3148.8125,3148.984375,3149.1640625,3149.3515625,3149.5078125,3149.6640625,3149.828125,3150.0,3150.15625,3150.328125,3150.8828125,3151.09375,3151.296875,3151.484375,3151.6796875,3151.8671875,3152.0390625,3152.2109375,3152.3828125,3152.5546875,3152.7265625,3152.890625,3153.0546875,3153.21875,3153.3046875,3153.3828125,3153.46875,3153.546875,3153.6328125,3153.71875,3153.8046875,3153.8984375,3153.984375,3154.0703125,3154.15625,3154.25,3154.3359375,3154.4296875,3154.5234375,3154.6171875,3154.7109375,3154.8046875,3154.8984375,3155.0,3155.1640625,3155.328125,3155.5,3155.6875,3155.8515625,3156.03125,3156.6328125,3156.859375,3157.0859375,3157.296875,3157.515625,3157.71875,3157.9140625,3158.015625,3158.109375,3158.2109375,3158.3125,3158.4140625,3158.5078125,3158.609375,3158.703125,3158.8046875,3158.8984375,3159.0,3159.09375,3159.1875,3159.28125,3159.375,3159.46875,3159.5625,3159.6640625,3159.8046875,3159.9453125,3160.0859375,3160.234375,3160.3828125,3160.53125,3160.6875,3160.84375,3161.0,3161.1640625,3161.328125,3161.5078125,3161.6796875,3161.875,3162.6171875,3162.9375,3163.1171875,3163.28125,3163.4375,3163.59375,3163.7734375,3163.953125,3164.1328125,3164.3046875,3164.4765625,3164.6484375,3164.8125,3164.984375,3165.1328125,3165.2890625,3165.4453125,3165.6015625,3165.7578125,3165.921875,3166.0859375,3166.2578125,3166.4140625,3166.578125,3166.75,3166.9296875,3167.296875,3168.0390625,3168.359375,3168.6953125,3168.8515625,3169.0078125,3169.1875,3169.3671875,3169.546875,3169.71875,3169.890625,3170.0625,3170.234375,3170.40625,3170.546875,3170.6875,3170.828125,3170.9765625,3171.125,3171.2734375,3171.4296875,3171.59375,3171.8671875,3172.171875,3172.46875,3173.2578125,3173.7109375,3173.953125,3174.1796875,3174.40625,3174.6328125,3174.84375,3175.0546875,3175.2734375,3175.5078125,3175.9296875,3176.8828125,3177.140625,3177.3671875,3177.6171875,3177.859375,3178.0859375,3178.3125,3178.5234375,3178.734375,3178.9375,3179.140625,3179.34375,3179.5546875,3179.765625,3179.9765625,3180.15625,3180.3359375,3180.5234375,3180.7265625,3181.1015625,3181.9453125,3182.1640625,3182.359375,3182.5625,3182.7578125,3182.9375,3183.1171875,3183.3046875,3183.484375,3183.6640625,3183.8359375,3184.0078125,3184.1796875,3184.3515625,3184.5234375,3184.6953125,3184.875,3185.046875,3185.2265625,3185.40625,3185.5859375,3185.7734375,3185.9609375,3186.125,3186.296875,3186.4765625,3186.671875,3187.0390625,3187.734375,3188.015625,3188.3125,3188.578125,3188.734375,3188.8828125,3189.03125,3189.1796875,3189.3203125,3189.4609375,3189.6015625,3189.7421875,3189.8984375,3190.0546875,3190.2109375,3190.3671875,3190.5234375,3190.6875,3190.8515625,3191.015625,3191.171875,3191.3359375,3191.5078125,3191.6875,3192.0390625,3192.7265625,3193.0078125,3193.3046875,3193.578125,3193.734375,3193.890625,3194.046875,3194.1953125,3194.34375,3194.4921875,3194.640625,3194.78125,3194.9296875,3195.078125,3195.2265625,3195.375,3195.5234375,3195.6796875,3195.8359375,3195.9921875,3196.265625,3196.5625,3196.84375,3197.5,3197.828125,3197.9921875,3198.140625,3198.28125,3198.421875,3198.5625,3198.703125,3198.84375,3198.9765625,3199.109375,3199.234375,3199.3671875,3199.4921875,3199.6953125,3199.890625,3200.0859375,3200.28125,3200.4765625,3200.6796875,3200.8828125,3201.09375,3201.265625,3201.4453125,3201.6328125,3201.828125,3202.0,3202.1953125,3202.8203125,3203.046875,3203.265625,3203.46875,3203.6796875,3203.875,3204.0625,3204.25,3204.4296875,3204.609375,3204.78125,3204.953125,3205.125,3205.296875,3205.4609375,3205.6328125,3205.7734375,3205.921875,3206.0703125,3206.21875,3206.3671875,3206.5234375,3206.6875,3206.8515625,3206.9921875,3207.1328125,3207.28125,3207.4375,3207.7265625,3208.4296875,3208.625,3208.796875,3208.984375,3209.15625,3209.3203125,3209.484375,3209.65625,3209.828125,3210.0,3210.1640625,3210.328125,3210.484375,3210.6484375,3210.8046875,3210.8984375,3210.984375,3211.078125,3211.171875,3211.265625,3211.359375,3211.453125,3211.546875,3211.640625,3211.734375,3211.828125,3211.9296875,3212.03125,3212.1328125,3212.234375,3212.3359375,3212.5078125,3212.6796875,3212.859375,3213.0546875,3213.2265625,3213.4140625,3214.046875,3214.28125,3214.515625,3214.7265625,3214.953125,3215.1640625,3215.3671875,3215.5703125,3215.671875,3215.7734375,3215.875,3215.96875,3216.0703125,3216.1640625,3216.2578125,3216.3515625,3216.4453125,3216.5390625,3216.6328125,3216.734375,3216.828125,3216.921875,3217.015625,3217.1171875,3217.265625,3217.421875,3217.578125,3217.734375,3217.890625,3218.0546875,3218.2265625,3218.3984375,3218.546875,3218.6953125,3218.8515625,3219.0234375,3219.34375,3219.9609375,3220.21875,3220.484375,3220.734375,3221.0078125,3221.2734375,3221.53125,3221.7890625,3222.0390625,3222.2890625,3222.546875,3222.8125,3223.0703125,3223.3515625,3223.640625,3224.4375,3224.6796875,3224.90625,3225.1640625,3225.40625,3225.640625,3225.875,3226.1328125,3226.390625,3226.65625,3226.9296875,3227.171875,3227.4375,3228.296875,3228.609375,3228.7734375,3228.9296875,3229.078125,3229.21875,3229.390625,3229.5546875,3229.7109375,3229.8671875,3230.0234375,3230.171875,3230.3203125,3230.4609375,3230.6484375,3230.828125,3231.0078125,3231.1875,3231.3671875,3231.546875,3231.7265625,3231.9140625,3232.109375,3232.3125,3232.515625,3232.734375,3232.9453125,3233.171875,3233.40625,3234.015625,3234.1953125,3234.359375,3234.546875,3234.71875,3234.8828125,3235.0390625,3235.140625,3235.234375,3235.328125,3235.421875,3235.515625,3235.6015625,3235.6953125,3235.78125,3235.8671875,3235.953125,3236.0390625,3236.125,3236.2109375,3236.296875,3236.3828125,3236.4609375,3236.578125,3236.6875,3236.8046875,3236.9140625,3237.0234375,3237.140625,3237.25,3237.3671875,3237.4765625,3237.59375,3237.7109375,3237.828125,3237.9453125,3238.0625,3238.1796875,3238.3046875,3238.40625,3238.5078125,3238.609375,3238.7109375,3238.8203125,3238.9296875,3239.0390625,3239.15625,3239.359375,3239.578125,3239.7890625,3240.3046875,3240.578125,3240.71875,3240.84375,3240.96875,3241.0859375,3241.2109375,3241.3359375,3241.4609375,3241.578125,3241.6953125,3241.8046875,3241.921875,3242.03125,3242.140625,3242.25,3242.359375,3242.4609375,3242.5703125,3242.671875,3242.78125,3242.8828125,3242.9921875,3243.09375,3243.1953125,3243.3046875,3243.40625,3243.515625,3243.6171875,3243.7265625,3243.8046875,3243.8828125,3243.9609375,3244.046875,3244.125,3244.2109375,3244.375,3244.4609375,3244.546875,3244.71875,3244.8984375,3245.0859375,3245.2421875,3245.3984375,3245.5625,3245.7421875,3245.8984375,3246.0703125,3246.671875,3246.90625,3247.140625,3247.3515625,3247.578125,3247.796875,3248.0078125,3248.2109375,3248.4140625,3248.515625,3248.6171875,3248.71875,3248.8203125,3249.015625,3249.2109375,3249.3125,3249.4140625,3249.6171875,3249.71875,3249.828125,3249.9453125,3250.0625,3250.1796875,3250.3046875,3250.4296875,3250.5625,3250.6953125,3250.828125,3251.09375,3251.3828125,3251.6875,3252.3125,3252.5859375,3252.875,3253.1328125,3253.4375,3253.5859375,3253.734375,3253.8828125,3254.0234375,3254.3046875,3254.5859375,3254.8671875,3255.1640625,3255.46875,3255.734375,3256.0234375,3256.984375,3257.34375,3257.703125,3257.8671875,3258.03125,3258.2109375,3258.3828125,3258.5546875,3258.71875,3258.8828125,3259.046875,3259.2109375,3259.3671875,3259.53125,3259.703125,3259.875,3260.046875,3260.21875,3260.3984375,3260.578125,3260.7578125,3261.0859375,3261.4453125,3261.7890625,3262.6640625,3262.9140625,3263.140625,3263.390625,3263.6328125,3263.8671875,3264.0859375,3264.21875,3264.34375,3264.4765625,3264.6015625,3264.7265625,3264.8515625,3264.9765625,3265.1015625,3265.2265625,3265.34375,3265.46875,3265.5859375,3265.7109375,3265.828125,3265.9453125,3266.0625,3266.1796875,3266.3046875,3266.421875,3266.546875,3266.6640625,3266.7890625,3266.90625,3267.03125,3267.15625,3267.28125,3267.40625,3267.53125,3267.6640625,3267.796875,3267.9296875,3268.0625,3268.28125,3268.515625,3268.7578125,3269.015625,3269.234375,3269.484375,3270.296875,3270.59375,3270.8828125,3271.140625,3271.4140625,3271.671875,3271.921875,3272.15625,3272.28125,3272.40625,3272.53125,3272.65625,3272.7734375,3272.890625,3273.0078125,3273.125,3273.2421875,3273.3515625,3273.46875,3273.578125,3273.6953125,3273.8046875,3273.9140625,3274.0234375,3274.1484375,3274.2734375,3274.3984375,3274.515625,3274.640625,3274.765625,3274.890625,3275.015625,3275.140625,3275.265625,3275.390625,3275.515625,3275.640625,3275.7734375,3275.90625,3276.0390625,3276.15625,3276.2734375,3276.390625,3276.515625,3276.640625,3276.765625,3276.8984375,3277.03125,3277.2734375,3277.546875,3277.8125,3278.4921875,3278.6953125,3278.875,3279.078125,3279.2734375,3279.453125,3279.6328125,3279.84375,3280.046875,3280.2421875,3280.4375,3280.5390625,3280.6328125,3280.8203125,3280.9140625,3281.0078125,3281.1015625,3281.1953125,3281.2890625,3281.3828125,3281.4765625,3281.5703125,3281.6640625,3281.7578125,3281.8515625,3281.953125,3282.046875,3282.1484375,3282.34375,3282.4453125,3282.546875,3282.75,3282.9375,3283.1328125,3283.3359375,3283.546875,3283.7421875,3283.9609375,3284.75,3285.078125,3285.25,3285.4140625,3285.5703125,3285.7265625,3285.90625,3286.0859375,3286.2578125,3286.4296875,3286.6015625,3286.765625,3286.9296875,3287.09375,3287.2578125,3287.421875,3287.5859375,3287.75,3287.921875,3288.09375,3288.265625,3288.4453125,3288.59375,3288.75,3288.9140625,3289.0859375,3289.40625,3290.1484375,3290.34375,3290.515625,3290.6953125,3290.8671875,3291.03125,3291.1875,3291.34375,3291.5,3291.65625,3291.8046875,3291.953125,3292.1015625,3292.25,3292.390625,3292.4921875,3292.59375,3292.6953125,3292.796875,3292.8984375,3293.0,3293.1015625,3293.203125,3293.3046875,3293.40625,3293.5078125,3293.609375,3293.7109375,3293.8203125,3293.921875,3294.03125,3294.140625,3294.25,3294.359375,3294.46875,3294.578125,3294.6953125,3294.8125,3294.9375,3295.171875,3295.421875,3295.6796875,3296.390625,3296.609375,3296.8046875,3297.0234375,3297.234375,3297.4375,3297.6328125,3297.75,3297.8671875,3297.984375,3298.1015625,3298.21875,3298.328125,3298.4375,3298.546875,3298.6640625,3298.7734375,3298.8828125,3298.9921875,3299.1015625,3299.2109375,3299.3203125,3299.4375,3299.59375,3299.7578125,3299.921875,3300.0859375,3300.2578125,3300.4296875,3300.609375,3300.7890625,3300.953125,3301.1171875,3301.2890625,3301.4765625,3301.6484375,3301.8359375,3302.546875,3302.84375,3303.15625,3303.4375,3303.6015625,3303.765625,3303.921875,3304.078125,3304.234375,3304.3828125,3304.5390625,3304.6875,3304.8359375,3304.9921875,3305.1484375,3305.3046875,3305.4609375,3305.625,3305.7890625,3305.9609375,3306.1171875,3306.28125,3306.453125,3306.6328125,3306.9921875,3307.703125,3308.0,3308.3125,3308.59375,3308.7578125,3308.921875,3309.078125,3309.234375,3309.390625,3309.5390625,3309.6953125,3309.84375,3309.9921875,3310.1484375,3310.296875,3310.453125,3310.609375,3310.7734375,3310.9375,3311.1015625,3311.390625,3311.703125,3312.0,3312.6953125,3313.046875,3313.2265625,3313.390625,3313.546875,3313.703125,3313.8671875,3314.0234375,3314.1796875,3314.328125,3314.4765625,3314.625,3314.7734375,3314.9140625,3315.03125,3315.1484375,3315.265625,3315.3828125,3315.5,3315.609375,3315.7265625,3315.84375,3315.9609375,3316.078125,3316.1953125,3316.3125,3316.4296875,3316.5546875,3316.6796875,3316.8046875,3317.0078125,3317.21875,3317.4453125,3317.6796875,3317.8828125,3318.109375,3318.8515625,3319.125,3319.3984375,3319.6484375,3319.90625,3320.15625,3320.390625,3320.6171875,3320.734375,3320.8515625,3320.96875,3321.078125,3321.1953125,3321.3046875,3321.4140625,3321.5234375,3321.6328125,3321.7421875,3321.8515625,3321.9609375,3322.0703125,3322.1796875,3322.2890625,3322.40625,3322.6015625,3322.8046875,3323.0078125,3323.2109375,3323.421875,3323.6328125,3323.8515625,3324.078125,3324.265625,3324.4609375,3324.6640625,3324.8828125,3325.2890625,3326.03125,3326.3203125,3326.6171875,3326.8828125,3327.171875,3327.453125,3327.71875,3327.9765625,3328.1171875,3328.2578125,3328.3984375,3328.53125,3328.671875,3328.8046875,3328.9453125,3329.078125,3329.2109375,3329.3515625,3329.484375,3329.625,3329.765625,3329.90625,3330.046875,3330.1875,3330.375,3330.5625,3330.75,3330.9453125,3331.1484375,3331.3515625,3331.5625,3331.7890625,3332.15625,3332.5703125,3332.984375,3334.171875,3334.5546875,3334.9140625,3335.3203125,3335.7109375,3336.1015625,3336.5,3336.890625,3337.296875,3337.734375,3338.2265625,3338.8515625,3339.7109375,3340.8203125,3341.5390625,3341.9453125,3342.3203125,3342.6640625,3342.9921875,3343.3125,3343.625,3343.9296875,3344.234375,3344.515625,3344.796875,3345.0859375,3345.3828125,3345.9453125,3347.2890625,3347.6640625,3348.0078125,3348.3984375,3348.7734375,3349.1328125,3349.484375,3349.6796875,3349.8671875,3350.0546875,3350.25,3350.4453125,3350.640625,3350.84375,3351.046875,3351.390625,3351.7734375,3352.1328125,3352.9765625,3353.3984375,3353.8046875,3354.1796875,3354.375,3354.5625,3354.75,3354.9296875,3355.109375,3355.2890625,3355.46875,3355.6484375,3355.8203125,3355.9921875,3356.1640625,3356.34375,3356.5234375,3356.703125,3356.890625,3357.0859375,3357.40625,3357.765625,3358.1015625,3358.9140625,3359.328125,3359.7265625,3359.9140625,3360.09375,3360.2734375,3360.453125,3360.6328125,3360.8046875,3360.9765625,3361.1484375,3361.3203125,3361.4921875,3361.796875,3362.1015625,3362.421875,3362.7578125,3363.046875,3363.359375,3364.3828125,3364.75,3365.1171875,3365.4453125,3365.6171875,3365.7890625,3365.953125,3366.1171875,3366.28125,3366.4375,3366.59375,3366.75,3367.015625,3367.2734375,3367.53125,3367.796875,3368.0625,3368.3359375,3368.609375,3368.8984375,3369.140625,3369.3984375,3369.6640625,3369.953125,3370.4765625,3371.7890625,3372.15625,3372.5,3372.8125,3373.1171875,3373.4296875,3373.7421875,3374.234375,3374.78125,3376.734375,3378.28125,3378.765625,3379.2109375,3379.609375,3379.984375,3380.34375,3380.59375,3380.84375,3381.09375,3381.3359375,3381.578125,3381.828125,3382.078125,3382.328125,3382.75,3383.2109375,3383.6484375,3384.71875,3385.2890625,3385.578125,3385.859375,3386.1328125,3386.40625,3386.84375,3387.3125,3387.75,3388.6953125,3389.1171875,3389.5,3389.8515625,3390.0546875,3390.25,3390.4453125,3390.6328125,3390.8203125,3391.0,3391.1796875,3391.359375,3391.5390625,3391.71875,3391.890625,3392.0703125,3392.25,3392.4296875,3392.609375,3392.7890625,3393.078125,3393.3828125,3393.6953125,3394.03125,3394.359375,3394.71875,3395.109375,3396.3671875,3396.7890625,3397.1875,3397.6484375,3398.1015625,3398.5625,3399.0234375,3399.3125,3399.609375,3399.90625,3400.1953125,3400.4765625,3400.7578125,3401.03125,3401.2890625,3401.5390625,3401.7734375,3402.0,3402.2265625,3402.4375,3402.6484375,3402.8515625,3403.0546875,3403.3515625,3403.640625,3403.921875,3404.1953125,3404.46875,3404.7421875,3405.015625,3405.2890625,3405.5625,3405.84375,3406.1328125,3406.4296875,3406.7109375,3407.015625,3407.3125,3408.078125,3408.5,3408.7265625,3408.9375,3409.140625,3409.3359375,3409.578125,3409.8046875,3410.03125,3410.25,3410.46875,3410.6796875,3410.890625,3411.1015625,3411.3046875,3411.515625,3411.71875,3411.9296875,3412.140625,3412.3515625,3412.5703125,3412.796875,3413.0,3413.203125,3413.421875,3413.65625,3413.875,3414.109375,3415.0234375,3415.40625,3415.6171875,3415.8203125,3416.0078125,3416.1953125,3416.4140625,3416.6328125,3416.84375,3417.0546875,3417.265625,3417.4765625,3417.6875,3417.8984375,3418.1640625,3418.4375,3418.71875,3419.015625,3419.2890625,3419.5859375,3419.890625,3420.7578125,3421.03125,3421.28125,3421.5703125,3421.84375,3422.109375,3422.375,3422.6328125,3422.890625,3423.15625,3423.4375,3423.953125,3425.140625,3425.4609375,3425.75,3426.0546875,3426.34375,3426.625,3426.90625,3427.1640625,3427.421875,3427.6875,3427.96875,3428.4765625,3429.640625,3429.9375,3430.203125,3430.4765625,3430.7421875,3431.0,3431.25,3431.5625,3431.875,3432.1953125,3432.5234375,3432.8125,3433.1328125,3433.4375,3434.1484375,3434.515625,3434.703125,3434.8828125,3435.0546875,3435.21875,3435.4140625,3435.6015625,3435.78125,3435.9609375,3436.140625,3436.3125,3436.484375,3436.6484375,3436.875,3437.09375,3437.3125,3437.5390625,3437.765625,3437.9921875,3438.2265625,3438.46875,3438.671875,3438.875,3439.09375,3439.328125,3439.5390625,3439.765625,3440.5625,3440.8828125,3441.21875,3441.5234375,3441.6953125,3441.8671875,3442.03125,3442.1953125,3442.359375,3442.515625,3442.671875,3442.828125,3442.984375,3443.1484375,3443.3125,3443.4765625,3443.640625,3443.8046875,3443.9765625,3444.1484375,3444.328125,3444.5078125,3444.6953125,3444.8984375,3445.3125,3446.15625,3446.5234375,3446.9140625,3447.09375,3447.2734375,3447.484375,3447.6953125,3447.8984375,3448.1015625,3448.3046875,3448.5,3448.703125,3448.90625,3449.0703125,3449.234375,3449.3984375,3449.5703125,3449.921875,3450.296875,3450.609375,3450.953125,3452.2421875,3452.8125,3453.1171875,3453.4140625,3453.7109375,3454.015625,3454.4375,3454.90625,3456.5625,3458.0078125,3458.5078125,3458.9765625,3459.390625,3459.765625,3459.9453125,3460.125,3460.296875,3460.46875,3460.6328125,3460.796875,3460.9609375,3461.125,3461.2890625,3461.4453125,3461.6484375,3461.84375,3462.046875,3462.25,3462.453125,3462.65625,3462.8671875,3463.0859375,3463.2734375,3463.4609375,3463.6640625,3463.875,3464.28125,3465.0546875,3465.3671875,3465.6875,3465.984375,3466.3203125,3466.640625,3466.9609375,3467.2734375,3467.5625,3467.8515625,3468.1484375,3468.4609375,3468.75,3469.0625,3470.234375,3470.7265625,3471.0,3471.2578125,3471.5078125,3471.7578125,3472.0078125,3472.2578125,3472.515625,3472.78125,3473.265625,3474.328125,3474.5859375,3474.8203125,3475.0625,3475.2890625,3475.5078125,3475.7265625,3475.953125,3476.171875,3476.390625,3476.6015625,3476.8125,3477.03125,3477.25,3477.4765625,3477.6640625,3477.8515625,3478.046875,3478.2578125,3478.640625,3479.5078125,3479.7265625,3479.921875,3480.125,3480.3125,3480.4921875,3480.6640625,3480.84375,3481.0234375,3481.1953125,3481.3671875,3481.5390625,3481.703125,3481.8671875,3482.03125,3482.140625,3482.2421875,3482.3515625,3482.453125,3482.5546875,3482.6640625,3482.765625,3482.875,3482.9765625,3483.0859375,3483.1953125,3483.3046875,3483.4140625,3483.5234375,3483.6328125,3483.75,3483.9375,3484.1328125,3484.3359375,3484.5546875,3484.7421875,3484.953125,3485.6484375,3485.9140625,3486.171875,3486.40625,3486.65625,3486.890625,3487.0078125,3487.1171875,3487.234375,3487.34375,3487.4609375,3487.578125,3487.6953125,3487.8046875,3487.921875,3488.03125,3488.1484375,3488.2578125,3488.375,3488.484375,3488.59375,3488.7109375,3488.8203125,3488.9375,3489.046875,3489.1640625,3489.296875,3489.4375,3489.578125,3489.71875,3489.859375,3490.0078125,3490.15625,3490.3125,3490.4609375,3490.609375,3490.765625,3490.9375,3491.28125,3491.9765625,3492.2734375,3492.59375,3492.8828125,3493.0546875,3493.21875,3493.3828125,3493.5390625,3493.703125,3493.859375,3494.015625,3494.171875,3494.3203125,3494.4765625,3494.6328125,3494.7890625,3494.9453125,3495.109375,3495.2734375,3495.4453125,3495.734375,3496.0546875,3496.359375,3497.1171875,3497.5234375,3497.7265625,3497.921875,3498.109375,3498.2890625,3498.484375,3498.6796875,3498.875,3499.0625,3499.25,3499.4375,3499.6171875,3499.8046875,3499.96875,3500.1328125,3500.296875,3500.46875,3500.640625,3500.8125,3500.9921875,3501.171875,3501.5234375,3501.90625,3502.3203125,3503.1875,3503.5703125,3503.984375,3504.3671875,3504.59375,3504.8125,3505.03125,3505.2421875,3505.4609375,3505.6796875,3505.8984375,3506.1171875,3506.3984375,3506.6796875,3506.9765625,3507.2734375,3507.578125,3507.8984375,3508.2265625,3508.5546875,3508.890625,3509.234375,3509.5703125,3509.8984375,3510.2265625,3510.546875,3510.859375,3511.171875,3511.5078125,3511.84375,3512.1796875,3512.53125,3512.8671875,3513.234375,3514.5234375,3515.046875,3515.3359375,3515.6015625,3515.859375,3516.1171875,3516.4375,3516.7578125,3517.078125,3517.40625,3517.703125,3518.0234375,3519.078125,3519.4609375,3519.6640625,3519.8515625,3520.03125,3520.203125,3520.421875,3520.625,3520.828125,3521.0234375,3521.2109375,3521.3984375,3521.5859375,3521.765625,3521.8828125,3522.0,3522.1171875,3522.234375,3522.3515625,3522.46875,3522.5859375,3522.703125,3522.8203125,3522.9375,3523.0546875,3523.171875,3523.2890625,3523.4140625,3523.5390625,3523.6640625,3523.875,3524.0859375,3524.3046875,3524.5390625,3524.7421875,3524.96875,3525.71875,3525.9921875,3526.265625,3526.515625,3526.7734375,3527.0234375,3527.2578125,3527.375,3527.4921875,3527.6171875,3527.7421875,3527.8671875,3527.9921875,3528.1171875,3528.234375,3528.3515625,3528.46875,3528.59375,3528.7109375,3528.828125,3528.9453125,3529.0625,3529.1796875,3529.296875,3529.4140625,3529.515625,3529.625,3529.7265625,3529.8359375,3529.9453125,3530.0546875,3530.1640625,3530.2734375,3530.3828125,3530.5,3530.609375,3530.7265625,3530.84375,3530.9609375,3531.203125,3531.3984375,3531.609375,3531.828125,3532.0625,3532.265625,3532.4921875,3533.2734375,3533.5859375,3533.8984375,3534.1796875,3534.4765625,3534.7578125,3535.03125,3535.3046875,3535.5546875,3535.8046875,3536.0546875,3536.3046875,3536.5546875,3536.8046875,3537.0546875,3537.3046875,3537.546875,3537.7890625,3538.0390625,3538.2890625,3538.546875,3538.8046875,3539.0703125,3539.34375,3539.609375,3539.890625,3540.1796875,3540.4921875,3540.78125,3541.09375,3542.2265625,3542.671875,3542.9140625,3543.140625,3543.3515625,3543.5546875,3543.8046875,3544.046875,3544.28125,3544.5078125,3544.734375,3544.953125,3545.171875,3545.390625,3545.59375,3545.7890625,3545.9921875,3546.1953125,3546.3984375,3546.609375,3546.8203125,3547.03125,3547.2265625,3547.4296875,3547.640625,3547.859375,3548.0625,3548.2890625,3549.0859375,3549.40625,3549.7421875,3550.046875,3550.2265625,3550.3984375,3550.5625,3550.7265625,3550.890625,3551.046875,3551.2109375,3551.3671875,3551.546875,3551.7265625,3551.90625,3552.09375,3552.2734375,3552.4609375,3552.6484375,3552.84375,3553.0234375,3553.203125,3553.3984375,3553.6015625,3554.0,3554.75,3555.0625,3555.3828125,3555.6796875,3555.8515625,3556.0234375,3556.1875,3556.3515625,3556.5078125,3556.6640625,3556.8203125,3556.9765625,3557.1328125,3557.296875,3557.453125,3557.6171875,3557.78125,3557.9453125,3558.109375,3558.28125,3558.578125,3558.8984375,3559.203125,3559.921875,3560.28125,3560.4609375,3560.625,3560.78125,3560.9375,3561.1015625,3561.2578125,3561.4140625,3561.5625,3561.7109375,3561.859375,3562.0078125,3562.15625,3562.3515625,3562.5390625,3562.734375,3562.9296875,3563.125,3563.3203125,3563.5234375,3563.7265625,3563.8984375,3564.078125,3564.265625,3564.4609375,3564.6328125,3564.8203125,3565.4375,3565.6640625,3565.8828125,3566.078125,3566.28125,3566.4765625,3566.6640625,3566.84375,3567.0234375,3567.203125,3567.3828125,3567.5546875,3567.7265625,3567.890625,3568.0625,3568.2265625,3568.328125,3568.4296875,3568.53125,3568.640625,3568.7421875,3568.8515625,3568.953125,3569.0625,3569.1640625,3569.2734375,3569.3828125,3569.4921875,3569.6015625,3569.71875,3569.828125,3569.9453125,3570.1328125,3570.328125,3570.53125,3570.75,3570.9453125,3571.15625,3571.875,3572.1484375,3572.421875,3572.671875,3572.8046875,3572.9375,3573.0625,3573.1875,3573.3125,3573.4296875,3573.546875,3573.6640625,3573.78125,3573.8984375,3574.015625,3574.125,3574.2421875,3574.3515625,3574.46875,3574.5859375,3574.703125,3574.8203125,3574.9375,3575.0546875,3575.171875,3575.296875,3575.4140625,3575.5390625,3575.7578125,3575.9921875,3576.234375,3576.4921875,3576.7265625,3576.984375,3577.9921875,3578.4453125,3578.6953125,3578.9296875,3579.1640625,3579.3984375,3579.625,3579.8515625,3580.0859375,3580.328125,3580.7734375,3581.8359375,3582.125,3582.390625,3582.6796875,3582.9609375,3583.2265625,3583.4921875,3583.7890625,3584.0859375,3584.390625,3584.7109375,3584.984375,3585.28125,3586.234375,3586.5703125,3586.8984375,3587.203125,3587.3671875,3587.5234375,3587.6796875,3587.8359375,3587.984375,3588.1328125,3588.28125,3588.421875,3588.6015625,3588.78125,3588.9609375,3589.140625,3589.3203125,3589.5078125,3589.6953125,3589.8828125,3590.046875,3590.2109375,3590.3828125,3590.5703125,3590.90625,3591.703125,3591.90625,3592.09375,3592.2890625,3592.4765625,3592.65625,3592.828125,3593.0078125,3593.1875,3593.3671875,3593.5390625,3593.7109375,3593.875,3594.0390625,3594.203125,3594.3984375,3594.6015625,3594.8046875,3595.0078125,3595.2109375,3595.421875,3595.6328125,3595.8515625,3596.03125,3596.21875,3596.4140625,3596.625,3596.8125,3597.015625,3597.6875,3597.9453125,3598.203125,3598.4296875,3598.671875,3598.90625,3599.125,3599.34375,3599.4609375,3599.5703125,3599.6875,3599.796875,3599.90625,3600.015625,3600.125,3600.234375,3600.34375,3600.453125,3600.5625,3600.6640625,3600.7734375,3600.8828125,3600.9921875,3601.1015625,3601.203125,3601.3125,3601.421875,3601.53125,3601.640625,3601.75,3601.96875,3602.1953125,3602.4296875,3602.6640625,3602.9140625,3603.109375,3603.3203125,3603.5390625,3603.78125,3604.21875,3605.0390625,3605.3828125,3605.7265625,3606.046875,3606.390625,3606.7265625,3607.046875,3607.3671875,3607.671875,3607.96875,3608.265625,3608.5625,3608.859375,3609.15625,3609.4609375,3609.7578125,3609.9296875,3610.1015625,3610.2734375,3610.4453125,3610.6171875,3610.7890625,3610.9609375,3611.1328125,3611.3046875,3611.4765625,3611.640625,3611.8125,3611.9765625,3612.1484375,3612.3203125,3612.4921875,3612.8046875,3613.125,3613.453125,3613.7890625,3614.1015625,3614.4375,3614.765625,3615.5703125,3616.0,3616.2265625,3616.4453125,3616.6484375,3616.84375,3617.0859375,3617.3125,3617.53125,3617.75,3617.96875,3618.1796875,3618.390625,3618.6015625,3618.7734375,3618.9453125,3619.1171875,3619.2890625,3619.4609375,3619.640625,3619.8203125,3620.0078125,3620.1953125,3620.3828125,3620.5859375,3620.796875,3621.0,3621.21875,3622.0546875,3622.40625,3622.7734375,3622.9375,3623.1015625,3623.296875,3623.4921875,3623.6796875,3623.8671875,3624.046875,3624.2265625,3624.40625,3624.5859375,3624.765625,3624.9453125,3625.125,3625.3046875,3625.4921875,3625.6796875,3625.875,3626.0703125,3626.234375,3626.40625,3626.5859375,3626.7734375,3627.125,3627.953125,3628.1796875,3628.3828125,3628.6015625,3628.8046875,3629.0,3629.1875,3629.3828125,3629.578125,3629.7734375,3629.9609375,3630.1484375,3630.3359375,3630.515625,3630.703125,3630.859375,3631.015625,3631.171875,3631.328125,3631.4921875,3631.65625,3631.828125,3632.0,3632.296875,3632.625,3632.9375,3633.671875,3634.046875,3634.2421875,3634.421875,3634.59375,3634.7578125,3634.9375,3635.1171875,3635.2890625,3635.453125,3635.6171875,3635.7734375,3635.9375,3636.09375,3636.2109375,3636.3203125,3636.4296875,3636.5390625,3636.6484375,3636.7578125,3636.8671875,3636.984375,3637.09375,3637.203125,3637.3125,3637.4296875,3637.5390625,3637.65625,3637.7734375,3637.890625,3638.0078125,3638.1328125,3638.25,3638.375,3638.5,3638.6328125,3638.765625,3638.8984375,3639.15625,3639.4375,3639.7265625,3640.4765625,3640.703125,3640.90625,3641.1328125,3641.3515625,3641.5625,3641.7578125,3641.8828125,3642.0,3642.1171875,3642.234375,3642.3515625,3642.4609375,3642.578125,3642.6875,3642.796875,3642.90625,3643.015625,3643.125,3643.234375,3643.34375,3643.453125,3643.5546875,3643.6796875,3643.8046875,3643.9296875,3644.046875,3644.1640625,3644.2890625,3644.40625,3644.53125,3644.6484375,3644.7734375,3644.8984375,3645.0234375,3645.1484375,3645.2734375,3645.3984375,3645.53125,3645.65625,3645.7890625,3645.921875,3646.0625,3646.203125,3646.34375,3646.484375,3646.6328125,3646.7734375,3646.921875,3647.0703125,3647.234375,3647.5546875,3648.171875,3648.4296875,3648.6953125,3648.9375,3649.078125,3649.21875,3649.3515625,3649.4765625,3649.6015625,3649.7265625,3649.8515625,3649.96875,3650.1171875,3650.2578125,3650.40625,3650.546875,3650.6875,3650.828125,3650.96875,3651.1015625,3651.2421875,3651.3828125,3651.515625,3651.65625,3651.7890625,3651.9296875,3652.0703125,3652.2109375,3652.390625,3652.5703125,3652.75,3652.9375,3653.125,3653.3203125,3653.5234375,3653.7265625,3653.90625,3654.0859375,3654.28125,3654.484375,3654.671875,3654.875,3655.6328125,3655.9453125,3656.2734375,3656.578125,3656.75,3656.921875,3657.0859375,3657.25,3657.4140625,3657.5703125,3657.734375,3657.890625,3658.046875,3658.203125,3658.359375,3658.5234375,3658.6875,3658.8515625,3659.015625,3659.1875,3659.3515625,3659.5234375,3659.890625,3660.2734375,3661.03125,3661.3515625,3661.6953125,3662.0078125,3662.1875,3662.3671875,3662.546875,3662.71875,3662.890625,3663.0546875,3663.2265625,3663.390625,3663.5546875,3663.71875,3663.8828125,3664.0546875,3664.2265625,3664.3984375,3664.578125,3664.765625,3665.0859375,3665.4375,3665.78125,3666.6875,3666.9609375,3667.203125,3667.4765625,3667.7421875,3668.0,3668.25,3668.5390625,3668.828125,3669.1171875,3669.40625,3669.703125,3670.015625,3670.3359375,3670.6796875,3671.1328125,3671.671875,3672.8984375,3674.1875,3674.5625,3674.8828125,3675.140625,3675.375,3675.6015625,3675.8125,3676.0234375,3676.2265625,3676.4296875,3676.625,3676.8203125,3677.015625,3677.2109375,3677.40625,3677.6015625,3677.796875,3678.0,3678.203125,3678.5546875,3678.9296875,3679.2890625,3680.109375,3680.515625,3680.71875,3680.90625,3681.0859375,3681.265625,3681.4609375,3681.6484375,3681.8359375,3682.015625,3682.1953125,3682.3671875,3682.546875,3682.71875,3682.9140625,3683.109375,3683.3046875,3683.5,3683.6953125,3683.8984375,3684.1015625,3684.3125,3684.4921875,3684.671875,3684.859375,3685.0625,3685.4296875,3686.296875,3686.5234375,3686.734375,3686.953125,3687.15625,3687.3515625,3687.5390625,3687.734375,3687.921875,3688.109375,3688.2890625,3688.4765625,3688.65625,3688.8359375,3689.015625,3689.1796875,3689.34375,3689.5078125,3689.671875,3689.84375,3690.015625,3690.1953125,3690.375,3690.5234375,3690.6796875,3690.84375,3691.0234375,3691.34375,3692.125,3692.3359375,3692.5234375,3692.7265625,3692.9140625,3693.09375,3693.2734375,3693.4609375,3693.640625,3693.8203125,3694.0,3694.1796875,3694.3515625,3694.5234375,3694.6953125,3694.8046875,3694.9140625,3695.0234375,3695.1328125,3695.2421875,3695.3515625,3695.4609375,3695.5703125,3695.6796875,3695.796875,3695.90625,3696.0234375,3696.140625,3696.2578125,3696.4921875,3696.6875,3696.890625,3697.109375,3697.3359375,3697.5390625,3697.7578125,3698.5078125,3698.796875,3699.09375,3699.359375,3699.640625,3699.9140625,3700.1796875,3700.4375,3700.5703125,3700.6953125,3700.9453125,3701.1953125,3701.3203125,3701.453125,3701.578125,3701.7109375,3701.96875,3702.234375,3702.515625,3702.7265625,3702.953125,3703.1875,3703.4375,3703.6875,3703.96875,3705.1875,3705.484375,3705.7578125,3706.078125,3706.3828125,3706.6875,3706.9921875,3707.2890625,3707.59375,3707.90625,3708.234375,3708.53125,3708.8515625,3709.96875,3710.421875,3710.8828125,3711.3125,3711.5546875,3711.796875,3712.03125,3712.265625,3712.5,3712.7265625,3712.953125,3713.1875,3713.421875,3713.65625,3713.890625,3714.1328125,3714.3828125,3714.6328125,3715.15625,3715.671875,3716.234375,3716.8203125,3718.453125,3718.953125,3719.40625,3719.9296875,3720.4296875,3720.90625,3721.375,3721.796875,3722.2265625,3722.65625,3723.109375,3723.5078125,3723.9453125,3725.4296875,3726.015625,3726.328125,3726.6328125,3726.921875,3727.2109375,3727.515625,3727.8203125,3728.125,3728.4453125,3729.03125,3730.3671875,3730.71875,3731.0390625,3731.3984375,3731.7421875,3732.0703125,3732.390625,3732.6484375,3732.90625,3733.1640625,3733.4140625,3733.6640625,3733.921875,3734.1796875,3734.4375,3734.6796875,3734.921875,3735.1796875,3735.453125,3735.703125,3735.9765625,3736.9453125,3737.3359375,3737.7421875,3738.1171875,3738.3359375,3738.546875,3738.75,3738.953125,3739.15625,3739.3515625,3739.546875,3739.7421875,3739.96875,3740.1953125,3740.421875,3740.65625,3740.890625,3741.125,3741.359375,3741.6015625,3741.84375,3742.1015625,3742.3671875,3742.640625,3742.90625,3743.203125,3744.328125,3744.8046875,3745.0625,3745.3125,3745.546875,3745.7734375,3746.046875,3746.3125,3746.578125,3746.8359375,3747.09375,3747.34375,3747.59375,3747.8515625,3748.0390625,3748.234375,3748.4296875,3748.625,3748.8203125,3749.0234375,3749.2265625,3749.4375,3749.6484375,3749.859375,3750.078125,3750.3125,3750.78125,3751.6953125,3752.0703125,3752.46875,3752.828125,3753.0390625,3753.25,3753.453125,3753.6484375,3753.84375,3754.0390625,3754.234375,3754.421875,3754.6171875,3754.8125,3755.0078125,3755.203125,3755.3984375,3755.6015625,3755.8046875,3756.015625,3756.3671875,3756.7578125,3757.125,3757.9921875,3758.421875,3758.6328125,3758.8359375,3759.0234375,3759.2109375,3759.3984375,3759.5859375,3759.7734375,3759.953125,3760.1328125,3760.3125,3760.4921875,3760.6640625,3760.8203125,3760.9765625,3761.1328125,3761.296875,3761.4609375,3761.625,3761.7890625,3761.9609375,3762.2578125,3762.5859375,3762.8984375,3763.6328125,3764.015625,3764.2109375,3764.3984375,3764.578125,3764.75,3764.9453125,3765.1328125,3765.3203125,3765.5,3765.6796875,3765.8515625,3766.0234375,3766.1953125,3766.3984375,3766.59375,3766.7890625,3766.9921875,3767.1953125,3767.3984375,3767.609375,3767.8203125,3768.0,3768.1875,3768.3828125,3768.5859375,3768.9609375,3769.8515625,3770.0859375,3770.296875,3770.5234375,3770.734375,3770.9375,3771.1328125,3771.3359375,3771.53125,3771.7265625,3771.921875,3772.1171875,3772.3046875,3772.4921875,3772.6875,3772.8359375,3772.9921875,3773.1484375,3773.3046875,3773.4609375,3773.625,3773.7890625,3773.953125,3774.1171875,3774.28125,3774.453125,3774.640625,3775.015625,3775.7421875,3776.0546875,3776.3828125,3776.6796875,3776.8515625,3777.0234375,3777.1875,3777.3515625,3777.515625,3777.671875,3777.8359375,3777.9921875,3778.1484375,3778.3125,3778.4765625,3778.640625,3778.8046875,3778.9765625,3779.1484375,3779.3203125,3779.46875,3779.625,3779.953125,3780.265625,3781.015625,3781.21875,3781.3984375,3781.59375,3781.78125,3781.9609375,3782.1328125,3782.3203125,3782.5078125,3782.6875,3782.859375,3783.03125,3783.203125,3783.375,3783.546875,3783.7265625,3783.90625,3784.0859375,3784.265625,3784.4453125,3784.6328125,3784.828125,3785.0234375,3785.1875,3785.359375,3785.5390625,3785.7265625,3786.0859375,3786.7109375,3786.9453125,3787.1796875,3787.3984375,3787.6328125,3787.859375,3788.0703125,3788.2734375,3788.390625,3788.5078125,3788.625,3788.734375,3788.8515625,3788.9609375,3789.0703125,3789.1796875,3789.2890625,3789.3984375,3789.5078125,3789.6171875,3789.7265625,3789.8359375,3789.9453125,3790.0546875,3790.2265625,3790.3984375,3790.5703125,3790.75,3790.9296875,3791.109375,3791.296875,3791.484375,3791.6796875,3791.8828125,3792.09375,3792.3125,3792.53125,3792.7734375,3793.015625,3793.7109375,3793.921875,3794.1171875,3794.3359375,3794.546875,3794.75,3794.9453125,3795.0625,3795.1796875,3795.296875,3795.40625,3795.5234375,3795.6328125,3795.7421875,3795.8515625,3795.9609375,3796.0703125,3796.1796875,3796.2890625,3796.3984375,3796.5078125,3796.6171875,3796.7265625,3796.8984375,3797.078125,3797.2578125,3797.4375,3797.6171875,3797.8046875,3798.0,3798.1953125,3798.3828125,3798.5703125,3798.7734375,3798.984375,3799.1875,3799.4140625,3800.265625,3800.6328125,3800.8359375,3801.0234375,3801.203125,3801.375,3801.5859375,3801.7890625,3801.984375,3802.1796875,3802.375,3802.5625,3802.75,3802.9375,3803.125,3803.3203125,3803.5078125,3803.703125,3803.8984375,3804.09375,3804.296875,3804.5,3804.7109375,3804.921875,3805.140625,3805.375,3805.6015625,3805.8515625,3806.828125,3807.2421875,3807.46875,3807.6796875,3807.8828125,3808.0859375,3808.328125,3808.5625,3808.7890625,3809.015625,3809.2421875,3809.4609375,3809.6875,3809.9140625,3810.0703125,3810.234375,3810.3984375,3810.5625,3810.7265625,3810.8984375,3811.078125,3811.2578125,3811.5625,3811.90625,3812.2265625,3812.984375,3813.3671875,3813.734375,3814.0703125,3814.3828125,3814.6796875,3814.96875,3815.2578125,3815.421875,3815.59375,3815.765625,3815.9375,3816.109375,3816.2890625,3816.46875,3816.6484375,3816.96875,3817.3125,3817.640625,3818.4140625,3818.8125,3819.015625,3819.203125,3819.3828125,3819.5546875,3819.7421875,3819.921875,3820.1015625,3820.28125,3820.4609375,3820.6328125,3820.8046875,3820.9765625,3821.140625,3821.3125,3821.4765625,3821.6484375,3821.8203125,3821.9921875,3822.171875,3822.359375,3822.671875,3823.0234375,3823.3515625,3824.140625,3824.546875,3824.7578125,3824.953125,3825.140625,3825.328125,3825.53125,3825.7265625,3825.921875,3826.109375,3826.296875,3826.484375,3826.671875,3826.859375,3827.03125,3827.2109375,3827.390625,3827.5703125,3827.75,3827.9375,3828.125,3828.3203125,3828.4921875,3828.6640625,3828.84375,3829.0390625,3829.4140625,3830.1171875,3830.40625,3830.7109375,3830.984375,3831.296875,3831.59375,3831.890625,3832.1796875,3832.4609375,3832.7421875,3833.0390625,3833.34375,3833.609375,3833.8984375,3834.84375,3835.1796875,3835.515625,3835.828125,3835.9921875,3836.15625,3836.3125,3836.46875,3836.625,3836.7734375,3836.9296875,3837.078125,3837.2421875,3837.40625,3837.5703125,3837.7421875,3837.9140625,3838.0859375,3838.2578125,3838.4375,3838.7421875,3839.078125,3839.3984375,3840.1640625,3840.546875,3840.7421875,3840.9296875,3841.109375,3841.28125,3841.4765625,3841.6640625,3841.8515625,3842.03125,3842.2109375,3842.3828125,3842.5546875,3842.7265625,3842.84375,3842.9609375,3843.078125,3843.1953125,3843.3125,3843.4296875,3843.546875,3843.671875,3843.7890625,3843.9140625,3844.0390625,3844.1640625,3844.2890625,3844.4140625,3844.5390625,3844.671875,3844.8828125,3845.1015625,3845.328125,3845.5703125,3845.78125,3846.0234375,3846.8359375,3847.15625,3847.4765625,3847.7734375,3847.9296875,3848.0859375,3848.234375,3848.3828125,3848.53125,3848.6796875,3848.828125,3848.96875,3849.109375,3849.25,3849.390625,3849.53125,3849.671875,3849.8125,3849.953125,3850.1015625,3850.25,3850.3984375,3850.546875,3850.703125,3851.015625,3851.3515625,3851.71875,3852.125,3852.578125,3853.1171875,3853.96875,3854.8359375,3855.4765625,3856.0390625,3856.421875,3856.7890625,3857.15625,3857.5234375,3857.84375,3858.1875,3859.25,3859.6015625,3859.9453125,3860.2578125,3860.4375,3860.6171875,3860.7890625,3860.9609375,3861.125,3861.2890625,3861.4453125,3861.6015625,3861.8046875,3862.0,3862.1953125,3862.390625,3862.5859375,3862.7890625,3862.9921875,3863.203125,3863.375,3863.5546875,3863.7421875,3863.9375,3864.296875,3865.125,3865.3359375,3865.53125,3865.734375,3865.921875,3866.1015625,3866.2734375,3866.453125,3866.625,3866.796875,3866.96875,3867.1328125,3867.296875,3867.4609375,3867.625,3867.8046875,3867.984375,3868.1640625,3868.3515625,3868.5390625,3868.7265625,3868.921875,3869.1171875,3869.28125,3869.453125,3869.6328125,3869.8203125,3870.1640625,3870.9765625,3871.1875,3871.3828125,3871.5859375,3871.7734375,3871.953125,3872.125,3872.3046875,3872.484375,3872.6640625,3872.8359375,3873.0078125,3873.171875,3873.3359375,3873.5,3873.609375,3873.71875,3873.8203125,3873.9296875,3874.0390625,3874.1484375,3874.2578125,3874.3671875,3874.4765625,3874.5859375,3874.6953125,3874.8125,3874.9296875,3875.046875,3875.1640625,3875.28125,3875.4765625,3875.6796875,3875.890625,3876.1171875,3876.3125,3876.53125,3877.25,3877.5234375,3877.7890625,3878.03125,3878.28125,3878.40625,3878.5234375,3878.640625,3878.75,3878.8671875,3878.9765625,3879.0859375,3879.1953125,3879.3046875,3879.40625,3879.515625,3879.6171875,3879.71875,3879.8203125,3879.9296875,3880.03125,3880.1328125,3880.234375,3880.3359375,3880.4453125,3880.546875,3880.65625,3880.8515625,3881.046875,3881.2421875,3881.4453125,3881.65625,3881.8671875,3882.0859375,3882.3125,3882.4921875,3882.6875,3882.890625,3883.109375,3883.53125,3884.3984375,3884.78125,3885.1875,3885.5703125,3885.7890625,3886.0,3886.21875,3886.4296875,3886.640625,3886.859375,3887.078125,3887.296875,3887.5546875,3887.8203125,3888.0859375,3888.3671875,3888.65625,3888.953125,3889.265625,3889.578125,3889.8984375,3890.2109375,3890.5234375,3890.828125,3891.125,3891.40625,3891.6796875,3891.9453125,3892.265625,3892.5703125,3892.875,3893.171875,3893.46875,3893.765625,3894.0625,3894.359375,3894.6328125,3894.90625,3895.1953125,3895.5,3895.78125,3896.09375,3897.25,3897.734375,3898.0,3898.25,3898.484375,3898.71875,3899.0,3899.2734375,3899.546875,3899.8203125,3900.09375,3900.375,3900.6640625,3900.9609375,3901.34375,3901.7578125,3902.2109375,3903.2265625,3903.703125,3904.21875,3904.703125,3905.265625,3905.8515625,3906.46875,3907.78125,3908.375,3909.0234375,3909.6484375,3910.03125,3910.421875,3910.828125,3911.265625,3911.75,3912.2578125,3913.2578125,3913.6875,3914.078125,3914.4453125,3914.7890625,3915.1171875,3915.4375,3915.75,3916.0625,3916.3203125,3916.5859375,3917.1328125,3917.640625,3918.6875,3919.1328125,3919.5234375,3919.8828125,3920.0703125,3920.2578125,3920.4375,3920.6171875,3920.7890625,3920.9609375,3921.125,3921.2890625,3921.515625,3921.7421875,3921.9609375,3922.1875,3922.4140625,3922.640625,3922.8671875,3923.1015625,3923.296875,3923.5,3923.7109375,3923.9296875,3924.3359375,3925.28125,3925.53125,3925.75,3925.9765625,3926.1953125,3926.3984375,3926.6015625,3926.8046875,3927.0078125,3927.203125,3927.3984375,3927.59375,3927.78125,3927.96875,3928.1640625,3928.3125,3928.46875,3928.625,3928.78125,3928.9375,3929.1015625,3929.265625,3929.4296875,3929.6015625,3929.78125,3929.96875,3930.1640625,3930.359375,3930.5703125,3931.3828125,3931.7265625,3931.9140625,3932.09375,3932.265625,3932.4296875,3932.625,3932.8203125,3933.0078125,3933.1953125,3933.3828125,3933.5625,3933.7421875,3933.921875,3934.09375,3934.265625,3934.4375,3934.609375,3934.78125,3934.9609375,3935.1484375,3935.3359375,3935.5078125,3935.6875,3935.875,3936.078125,3936.484375,3937.296875,3937.6484375,3938.0234375,3938.3671875,3938.5703125,3938.765625,3938.9609375,3939.1484375,3939.34375,3939.53125,3939.7265625,3939.921875,3940.1015625,3940.2890625,3940.484375,3940.6796875,3940.8828125,3941.09375,3941.3203125,3941.5546875,3942.078125,3943.546875,3944.84375,3945.2421875,3945.515625,3945.7578125,3945.984375,3946.203125,3946.515625,3946.8125,3947.09375,3947.375,3947.6484375,3947.921875,3948.1953125,3948.46875,3948.6953125,3948.9296875,3949.171875,3949.4296875,3949.6484375,3949.890625,3950.6484375,3950.90625,3951.15625,3951.375,3951.59375,3951.8046875,3952.0,3952.1953125,3952.390625,3952.578125,3952.765625,3952.9453125,3953.125,3953.3046875,3953.484375,3953.65625,3953.765625,3953.875,3953.984375,3954.0859375,3954.1875,3954.296875,3954.40625,3954.515625,3954.625,3954.734375,3954.84375,3954.953125,3955.0625,3955.1796875,3955.2890625,3955.40625,3955.5234375,3955.640625,3955.7578125,3955.875,3956.0,3956.125,3956.25,3956.3828125,3956.640625,3956.921875,3957.2109375,3958.03125,3958.2890625,3958.515625,3958.78125,3959.03125,3959.265625,3959.3828125,3959.5,3959.640625,3959.78125,3959.921875,3960.0546875,3960.1953125,3960.328125,3960.46875,3960.6015625,3960.734375,3960.875,3961.0078125,3961.1484375,3961.2890625,3961.4296875,3961.5703125,3961.7109375,3961.890625,3962.078125,3962.2734375,3962.46875,3962.671875,3962.8828125,3963.1015625,3963.328125,3963.6484375,3964.015625,3964.390625,3965.28125,3965.7109375,3966.1796875,3966.640625,3967.078125,3967.546875,3967.984375,3969.0546875,3969.6171875,3970.1796875,3970.7109375,3971.1953125,3971.6953125,3972.2265625,3972.8203125,3973.4765625,3974.375,3977.7578125,3978.3125,3978.7734375,3979.0859375,3979.375,3979.640625,3979.8984375,3980.1484375,3980.3828125,3980.609375,3980.8359375,3980.9765625,3981.1171875,3981.2578125,3981.390625,3981.53125,3981.6640625,3981.796875,3981.9296875,3982.0625,3982.1953125,3982.328125,3982.453125,3982.5859375,3982.71875,3982.8515625,3982.984375,3983.1171875,3983.2578125,3983.390625,3983.53125,3983.671875,3983.8203125,3983.96875,3984.1171875,3984.3984375,3984.703125,3985.015625,3985.8046875,3986.0390625,3986.2421875,3986.4765625,3986.703125,3986.9140625,3987.1171875,3987.2421875,3987.3671875,3987.4921875,3987.609375,3987.7265625,3987.84375,3987.9609375,3988.078125,3988.1953125,3988.3046875,3988.421875,3988.53125,3988.6484375,3988.7578125,3988.8671875,3988.9765625,3989.0859375,3989.1953125,3989.3046875,3989.4140625,3989.5234375,3989.6328125,3989.7421875,3989.8515625,3989.9609375,3990.078125,3990.1875,3990.3046875,3990.421875,3990.5390625,3990.65625,3990.78125,3990.984375,3991.1953125,3991.4140625,3991.6484375,3991.859375,3992.1015625,3992.9609375,3993.3203125,3993.5078125,3993.6875,3993.859375,3994.03125,3994.2265625,3994.421875,3994.609375,3994.796875,3994.984375,3995.171875,3995.3515625,3995.5390625,3995.7265625,3995.921875,3996.1171875,3996.3203125,3996.5234375,3996.734375,3996.953125,3997.1796875,3997.3828125,3997.59375,3997.8203125,3998.0703125,3998.4765625,3999.4609375,3999.9921875,4000.0,4000.0078125,4250.0
0.0,0.0,0.037248,0.036227,0.035926,0.035615,0.035389,0.03529,0.035213,0.035157,0.03512,0.035104,0.035108,0.035133,0.035178,0.035307,0.035504,0.035771,0.036106,0.036447,0.036851,0.038244,0.038727,0.039146,0.039476,0.039623,0.039752,0.039857,0.039945,0.040015,0.040066,0.040097,0.040109,0.040085,0.040004,0.039863,0.039665,0.039448,0.039179,0.038188,0.037851,0.037558,0.037449,0.037363,0.037286,0.037237,0.037218,0.037229,0.037268,0.037338,0.037438,0.037563,0.037793,0.038083,0.038436,0.03885,0.039325,0.039859,0.040472,0.041167,0.041784,0.042463,0.043205,0.044008,0.044745,0.045561,0.048382,0.049458,0.050475,0.051364,0.052266,0.053085,0.053795,0.054446,0.054778,0.05507,0.055345,0.055601,0.055838,0.056056,0.056254,0.056434,0.056594,0.056736,0.056858,0.056969,0.057053,0.057124,0.057173,0.057206,0.057222,0.057183,0.057092,0.056943,0.056783,0.056579,0.055843,0.055585,0.05537,0.055203,0.055091,0.055015,0.05498,0.054984,0.055044,0.055167,0.055357,0.055612,0.055885,0.056222,0.056577,0.057461,0.05789,0.058091,0.058262,0.058405,0.058518,0.05862,0.058681,0.058701,0.058683,0.058622,0.058524,0.058384,0.058201,0.057927,0.057605,0.057226,0.05677,0.056254,0.05568,0.05505,0.05434,0.053699,0.053024,0.052254,0.05142,0.050663,0.04982,0.046952,0.045924,0.044955,0.044086,0.043223,0.042438,0.041733,0.041109,0.040518,0.040236,0.039993,0.039555,0.039361,0.039185,0.039026,0.038886,0.038667,0.03858,0.038512,0.038463,0.038434,0.038421,0.038424,0.038446,0.038487,0.038546,0.038622,0.038717,0.038829,0.039104,0.039266,0.039459,0.03988,0.040383,0.040854,0.041364,0.041933,0.042586,0.043186,0.04386,0.046197,0.047048,0.047872,0.048603,0.049313,0.04992,0.05045,0.05092,0.051325,0.051502,0.05166,0.051801,0.051914,0.052018,0.052098,0.052165,0.05221,0.052249,0.052244,0.05222,0.05218,0.052119,0.051988,0.051813,0.051595,0.051323,0.051008,0.050635,0.050221,0.049748,0.04933,0.048866,0.048355,0.047798,0.04669,0.043871,0.043113,0.042434,0.041741,0.041116,0.040579,0.04009,0.039619,0.039211,0.038879,0.038611,0.038406,0.038264,0.038186,0.038169,0.038187,0.038225,0.038282,0.038364,0.038465,0.038586,0.038725,0.038889,0.039279,0.039777,0.040352,0.04162,0.042152,0.042675,0.043111,0.043337,0.043542,0.043716,0.043867,0.043995,0.044095,0.044172,0.044227,0.04426,0.04427,0.044256,0.04422,0.04416,0.044079,0.043972,0.043837,0.043564,0.043209,0.042834,0.041887,0.041424,0.041216,0.041039,0.040896,0.040784,0.040694,0.040644,0.040634,0.040662,0.04073,0.04084,0.040991,0.041177,0.041412,0.041689,0.042007,0.042365,0.042779,0.043232,0.043743,0.04429,0.044782,0.04532,0.045901,0.046527,0.047747,0.050831,0.051672,0.052391,0.05315,0.053825,0.054419,0.054972,0.055515,0.055988,0.056409,0.056774,0.057082,0.057326,0.057515,0.057655,0.057726,0.057763,0.057765,0.057733,0.057667,0.057565,0.057431,0.057261,0.057086,0.056891,0.05666,0.056401,0.055842,0.054679,0.054201,0.053733,0.053346,0.053142,0.052963,0.052801,0.052658,0.052534,0.052433,0.05235,0.052285,0.052215,0.052196,0.052226,0.052305,0.052426,0.052596,0.052798,0.053406,0.053572,0.0537,0.053818,0.053889,0.053916,0.053901,0.053832,0.053707,0.053525,0.05328,0.052992,0.052637,0.052233,0.051061,0.050725,0.050444,0.050154,0.049917,0.049736,0.049608,0.049536,0.0495,0.049499,0.049532,0.049583,0.049661,0.049983,0.050096,0.050184,0.050232,0.050245,0.050233,0.050095,0.050093,0.050113,0.050172,0.05027,0.050409,0.050593,0.05082,0.051099,0.051433,0.051809,0.052236,0.052712,0.053252,0.053872,0.054479,0.055175,0.057644,0.058545,0.05901,0.059434,0.059799,0.060123,0.060488,0.060808,0.061057,0.06126,0.061407,0.061505,0.061552,0.061546,0.06148,0.061347,0.061146,0.060878,0.060543,0.060142,0.059677,0.059127,0.058804,0.058464,0.057732,0.056909,0.055964,0.054995,0.053882,0.052734,0.049627,0.048698,0.047895,0.046995,0.046203,0.045517,0.044878,0.044506,0.044179,0.043872,0.043586,0.043322,0.043098,0.042878,0.042696,0.042523,0.042385,0.042268,0.042174,0.042097,0.04205,0.042024,0.042022,0.042069,0.042116,0.042186,0.042266,0.042372,0.042625,0.042943,0.04334,0.043822,0.044367,0.044921,0.04552,0.046215,0.046981,0.04772,0.048578,0.051824,0.053137,0.053816,0.054443,0.055017,0.055566,0.056162,0.056718,0.057208,0.057655,0.058059,0.058401,0.058701,0.058957,0.059161,0.059333,0.059458,0.059549,0.0596,0.059612,0.059585,0.059521,0.059429,0.059308,0.059156,0.058963,0.058536,0.057611,0.05725,0.056914,0.05666,0.056544,0.056456,0.056394,0.056359,0.056351,0.05637,0.056415,0.056487,0.056587,0.056713,0.056867,0.057046,0.057263,0.057505,0.057774,0.05808,0.058659,0.059347,0.06004,0.061756,0.062596,0.062988,0.06334,0.063651,0.063921,0.064186,0.064405,0.064589,0.064734,0.064836,0.064901,0.064928,0.064916,0.064862,0.064764,0.064623,0.064441,0.064217,0.06394,0.063621,0.063247,0.062852,0.062424,0.061946,0.061418,0.060889,0.060294,0.057982,0.057048,0.056565,0.056122,0.055719,0.055355,0.054939,0.054571,0.054237,0.05395,0.053695,0.053475,0.05329,0.053139,0.053025,0.052946,0.052902,0.052892,0.052917,0.052978,0.053071,0.053201,0.053331,0.053487,0.053672,0.053884,0.054316,0.055394,0.055667,0.055899,0.056116,0.056287,0.056427,0.056528,0.056597,0.056624,0.056609,0.056551,0.056449,0.056302,0.056109,0.055881,0.055625,0.055316,0.054983,0.054594,0.054166,0.0537,0.053175,0.052613,0.052106,0.051548,0.050968,0.050306,0.049067,0.046032,0.045222,0.04453,0.043805,0.043174,0.042606,0.042076,0.041544,0.041088,0.040686,0.040356,0.040082,0.039865,0.039707,0.039613,0.039572,0.039599,0.039691,0.039849,0.040071,0.040367,0.040728,0.041148,0.041602,0.042101,0.042668,0.043327,0.043967,0.04472,0.047485,0.048595,0.049154,0.049664,0.050124,0.050559,0.051031,0.05146,0.051826,0.052131,0.052394,0.052611,0.052782,0.052899,0.052953,0.052985,0.053001,0.052998,0.052979,0.052938,0.052884,0.052805,0.052716,0.052601,0.052479,0.052327,0.052158,0.051971,0.051546,0.051078,0.050533,0.049909,0.049208,0.048492,0.047683,0.046849,0.044561,0.043888,0.043294,0.042663,0.042091,0.041577,0.041097,0.040571,0.040125,0.039754,0.039442,0.039192,0.039014,0.038894,0.038836,0.038838,0.038906,0.039033,0.039228,0.039486,0.039803,0.040194,0.040663,0.041096,0.041565,0.04209,0.042671,0.043222,0.043846,0.045918,0.046693,0.047415,0.04805,0.04867,0.049218,0.049671,0.050074,0.05042,0.050704,0.050925,0.051071,0.051153,0.051169,0.05115,0.051116,0.051062,0.050996,0.050905,0.050795,0.050667,0.050506,0.050339,0.050153,0.04995,0.049708,0.049468,0.049186,0.048885,0.048565,0.048226,0.04787,0.047496,0.047073,0.046352,0.045588,0.044747,0.04379,0.042925,0.041956,0.038639,0.037405,0.036204,0.035129,0.03407,0.033566,0.033115,0.032295,0.031897,0.031547,0.031187,0.030849,0.030534,0.030241,0.029971,0.029744,0.029521,0.029336,0.029161,0.029021,0.028903,0.028806,0.02873,0.028672,0.028641,0.028631,0.028658,0.02873,0.028847,0.029007,0.029208,0.029463,0.029759,0.030112,0.030504,0.030953,0.031437,0.032,0.032566,0.033234,0.035864,0.036964,0.037552,0.038065,0.038528,0.038965,0.039429,0.03985,0.040224,0.040536,0.040801,0.041018,0.04118,0.041301,0.041367,0.041398,0.04139,0.041344,0.041262,0.041138,0.040979,0.040776,0.040563,0.040312,0.040024,0.039698,0.038973,0.037412,0.036762,0.036132,0.035864,0.035613,0.03535,0.035115,0.034911,0.034746,0.03461,0.034505,0.03443,0.034386,0.034372,0.034378,0.034402,0.034447,0.034512,0.034594,0.034698,0.034826,0.035074,0.035392,0.035729,0.036661,0.037152,0.037385,0.037581,0.037753,0.0379,0.038015,0.038108,0.038184,0.038244,0.038307,0.038381,0.038425,0.038485,0.038582,0.038713,0.038875,0.03908,0.039311,0.039584,0.039889,0.040235,0.040623,0.041069,0.041559,0.042091,0.042574,0.043083,0.043638,0.044265,0.045473,0.04827,0.048973,0.049579,0.050181,0.050729,0.051201,0.051638,0.052054,0.052409,0.052721,0.052975,0.053184,0.053348,0.053464,0.053533,0.053555,0.053526,0.05345,0.053323,0.053147,0.052924,0.052646,0.052324,0.052009,0.051649,0.051243,0.050775,0.049833,0.047961,0.047222,0.046481,0.045869,0.045535,0.04524,0.044966,0.044715,0.044501,0.044309,0.044142,0.043998,0.043867,0.043766,0.043695,0.043654,0.043642,0.043659,0.043705,0.043779,0.043873,0.043995,0.044145,0.044322,0.044716,0.04556,0.045889,0.046199,0.046437,0.046547,0.046637,0.046703,0.046743,0.04676,0.046753,0.046721,0.046668,0.046587,0.046481,0.046349,0.046194,0.046014,0.0458,0.045563,0.045303,0.044802,0.044202,0.043596,0.042142,0.041451,0.041127,0.040851,0.040607,0.040383,0.040179,0.039998,0.039842,0.039719,0.03962,0.039552,0.039505,0.039486,0.03951,0.039597,0.039747,0.039962,0.040239,0.040591,0.041007,0.041501,0.041946,0.04245,0.043013,0.043633,0.044202,0.044869,0.047064,0.047848,0.048581,0.04923,0.049864,0.050406,0.05088,0.051304,0.051659,0.051959,0.052193,0.052372,0.052495,0.052561,0.05257,0.052524,0.052443,0.052317,0.052151,0.051945,0.051701,0.051406,0.051056,0.050668,0.050309,0.049927,0.049502,0.049036,0.048131,0.045864,0.045259,0.044748,0.044221,0.043771,0.043377,0.043022,0.042695,0.042419,0.042198,0.042041,0.041939,0.041894,0.041905,0.04197,0.042035,0.042112,0.042215,0.042337,0.042479,0.04264,0.042819,0.043018,0.043235,0.043469,0.043722,0.044015,0.044327,0.044658,0.045006,0.045372,0.046028,0.046726,0.047494,0.048368,0.049165,0.050056,0.053132,0.054257,0.05535,0.056296,0.057261,0.058102,0.058853,0.059538,0.059855,0.060154,0.060434,0.060676,0.060919,0.061126,0.061316,0.061489,0.061644,0.061782,0.061902,0.062013,0.062098,0.062165,0.062215,0.06225,0.062266,0.06224,0.06217,0.06206,0.06191,0.061714,0.061469,0.061187,0.060917,0.060625,0.060298,0.059917,0.059166,0.057657,0.057039,0.056429,0.05589,0.055349,0.054879,0.054481,0.054141,0.053869,0.053651,0.053481,0.053356,0.053279,0.053233,0.053216,0.05321,0.053186,0.053143,0.05306,0.052944,0.052793,0.0526,0.052337,0.05202,0.05164,0.051196,0.050764,0.050255,0.048501,0.047888,0.047586,0.047316,0.047077,0.046871,0.046647,0.046468,0.04633,0.046227,0.046162,0.046138,0.046153,0.046203,0.046327,0.046509,0.046755,0.047065,0.047438,0.047875,0.048373,0.048957,0.049631,0.050397,0.051226,0.052179,0.053149,0.054233,0.055389,0.058437,0.059314,0.060095,0.060954,0.061705,0.062381,0.062983,0.06335,0.06367,0.063972,0.064255,0.064517,0.064739,0.06496,0.065143,0.065306,0.065449,0.065571,0.065672,0.065752,0.065809,0.065845,0.065857,0.065841,0.065787,0.065688,0.065555,0.065385,0.065161,0.064912,0.064604,0.064278,0.063888,0.063457,0.062986,0.062476,0.061928,0.061343,0.06068,0.060114,0.059523,0.05891,0.058275,0.057569,0.056842,0.056094,0.055273,0.053808,0.052182,0.050583,0.046638,0.044582,0.043549,0.04265,0.04177,0.040966,0.040133,0.039329,0.038554,0.037858,0.037193,0.036601,0.035999,0.03547,0.034971,0.034506,0.034074,0.033704,0.033339,0.033031,0.032735,0.032492,0.032265,0.032088,0.031941,0.031819,0.031738,0.031684,0.031667,0.031682,0.031714,0.031763,0.031829,0.03192,0.032021,0.03215,0.032449,0.032632,0.032832,0.033281,0.033816,0.034439,0.035003,0.035604,0.036268,0.037028,0.037712,0.038483,0.04124,0.042299,0.043328,0.044218,0.045123,0.045941,0.046669,0.047309,0.047885,0.048147,0.048393,0.048622,0.048833,0.049189,0.04948,0.049606,0.049715,0.049882,0.04994,0.049986,0.050014,0.050023,0.050012,0.04998,0.049929,0.049855,0.049761,0.04965,0.049381,0.049032,0.048621,0.047724,0.047346,0.046974,0.046679,0.046384,0.046265,0.046162,0.046078,0.046015,0.045939,0.04593,0.045986,0.046111,0.046301,0.04651,0.046774,0.047762,0.048107,0.048401,0.048512,0.048605,0.048685,0.048738,0.048767,0.04877,0.048749,0.048703,0.048631,0.048537,0.048414,0.048257,0.048071,0.047858,0.047618,0.04734,0.047036,0.046708,0.046052,0.045265,0.044467,0.042378,0.041804,0.041307,0.040791,0.04033,0.039928,0.039597,0.039419,0.039267,0.039125,0.039008,0.03891,0.038831,0.03877,0.038729,0.038708,0.038707,0.038725,0.038762,0.03882,0.038895,0.038988,0.039099,0.039229,0.039389,0.039557,0.039757,0.039962,0.040202,0.040445,0.040723,0.04102,0.041336,0.041671,0.042023,0.042417,0.04283,0.04326,0.043708,0.044481,0.045354,0.046299,0.047346,0.048261,0.04933,0.052875,0.054156,0.055373,0.056421,0.057483,0.058426,0.059278,0.060012,0.060376,0.060719,0.061041,0.06134,0.061598,0.061836,0.062051,0.062244,0.062413,0.062549,0.062672,0.062764,0.062837,0.062883,0.062906,0.062906,0.062877,0.062817,0.062727,0.062615,0.062465,0.062284,0.062072,0.06183,0.061557,0.061255,0.060922,0.060561,0.060172,0.059728,0.059254,0.05875,0.058283,0.057794,0.057286,0.056722,0.056138,0.055535,0.054875,0.054196,0.052918,0.051423,0.049935,0.046085,0.044954,0.043973,0.042891,0.041886,0.040997,0.040147,0.039203,0.038357,0.037605,0.036918,0.036588,0.0363,0.035774,0.035536,0.035315,0.035111,0.034925,0.034756,0.034604,0.03447,0.034353,0.034253,0.034171,0.034105,0.034053,0.034022,0.034007,0.03403,0.034069,0.034124,0.034283,0.034485,0.034745,0.035064,0.03544,0.035821,0.036277,0.038026,0.038721,0.039059,0.03936,0.039624,0.039862,0.0401,0.040297,0.040444,0.040546,0.040603,0.040613,0.040579,0.0405,0.040375,0.040205,0.03999,0.039732,0.039416,0.039055,0.038653,0.03819,0.037779,0.03732,0.036813,0.036258,0.035176,0.032591,0.031934,0.031377,0.030798,0.0303,0.029858,0.029472,0.029107,0.028801,0.028538,0.028323,0.028163,0.02805,0.027985,0.027969,0.027987,0.028029,0.028095,0.028177,0.02828,0.028415,0.028574,0.028757,0.028965,0.029196,0.02945,0.029728,0.030028,0.03035,0.030694,0.031088,0.031475,0.031913,0.032373,0.032853,0.033353,0.033909,0.034485,0.035119,0.036355,0.037729,0.039188,0.043268,0.044493,0.045556,0.046705,0.047759,0.048716,0.049577,0.050063,0.050524,0.05096,0.051369,0.051751,0.052083,0.05239,0.052671,0.052945,0.053173,0.053375,0.053551,0.053701,0.053825,0.053923,0.054,0.054057,0.054062,0.054014,0.053914,0.053756,0.053548,0.053279,0.052963,0.052637,0.052279,0.051874,0.051403,0.050948,0.050434,0.048419,0.047599,0.046784,0.046111,0.04575,0.045415,0.045123,0.044858,0.044621,0.044422,0.044243,0.0441,0.043984,0.043892,0.043829,0.043795,0.043789,0.043812,0.043863,0.043944,0.04404,0.044163,0.044312,0.044488,0.044883,0.045739,0.046079,0.046401,0.046645,0.046762,0.046858,0.04693,0.046979,0.047007,0.047011,0.046993,0.046953,0.046892,0.046803,0.046697,0.046563,0.046407,0.046219,0.046009,0.045778,0.045327,0.044788,0.04424,0.04292,0.042287,0.041986,0.041729,0.041502,0.041295,0.041102,0.040944,0.040812,0.040714,0.040642,0.040599,0.040585,0.040599,0.040633,0.040687,0.04076,0.040853,0.040967,0.041091,0.041244,0.041417,0.041609,0.041822,0.042053,0.042304,0.042573,0.04288,0.043206,0.043551,0.04415,0.044817,0.04558,0.046412,0.047162,0.048022,0.050912,0.051962,0.05298,0.053869,0.054734,0.055511,0.056176,0.056755,0.057027,0.05728,0.057514,0.057714,0.057907,0.058069,0.058211,0.058335,0.058439,0.058524,0.058589,0.058635,0.058661,0.058667,0.058653,0.058617,0.058508,0.05833,0.058089,0.057787,0.057413,0.056979,0.056473,0.055891,0.055371,0.054796,0.054166,0.053458,0.052082,0.049484,0.048486,0.047492,0.04664,0.045764,0.044972,0.044286,0.043685,0.043385,0.043105,0.042847,0.042623,0.042407,0.042223,0.04205,0.041907,0.041784,0.041676,0.041593,0.041527,0.041483,0.04146,0.041457,0.041475,0.041529,0.041616,0.041735,0.04189,0.042084,0.042308,0.042569,0.04288,0.043437,0.044128,0.044864,0.047028,0.047695,0.048292,0.048927,0.049494,0.050016,0.050503,0.050941,0.051357,0.051769,0.052198,0.052708,0.053376,0.05422,0.054744,0.055022,0.05526,0.055458,0.055625,0.055765,0.055877,0.055963,0.056022,0.056055,0.056067,0.056059,0.056031,0.055933,0.055622,0.055567,0.055547,0.055571,0.055651,0.055788,0.055984,0.056121,0.056271,0.056441,0.056636,0.056852,0.057086,0.057349,0.05763,0.058143,0.05876,0.05937,0.060835,0.061539,0.062166,0.062683,0.062924,0.063135,0.063325,0.063485,0.063624,0.06374,0.063834,0.063905,0.063952,0.063978,0.063983,0.063967,0.06393,0.063874,0.063794,0.063692,0.063484,0.063204,0.062912,0.062169,0.061822,0.061542,0.061434,0.061347,0.061279,0.06123,0.061202,0.061194,0.061207,0.061241,0.061295,0.06137,0.061554,0.0618,0.062121,0.062518,0.062902,0.06335,0.064926,0.06547,0.065971,0.066366,0.066549,0.066713,0.06685,0.066968,0.067066,0.067139,0.067192,0.067224,0.067231,0.067178,0.067067,0.066892,0.066658,0.066358,0.066001,0.065568,0.065165,0.064701,0.06419,0.063603,0.06248,0.05957,0.058785,0.058074,0.05745,0.056865,0.056288,0.055732,0.054898,0.054016,0.050996,0.048551,0.047797,0.047128,0.046561,0.046061,0.045619,0.045336,0.045074,0.044834,0.044623,0.044433,0.044259,0.044107,0.043976,0.043795,0.043648,0.043541,0.043319,0.043163,0.043062,0.042946,0.042814,0.042665,0.042387,0.042043,0.041688,0.040886,0.040552,0.040286,0.040084,0.039992,0.039921,0.039869,0.03984,0.039831,0.039842,0.039874,0.039928,0.040002,0.040099,0.040211,0.040351,0.040512,0.040694,0.040898,0.041121,0.041522,0.041994,0.042528,0.043148,0.043794,0.044535,0.045369,0.048096,0.048981,0.049787,0.050678,0.051507,0.052302,0.05305,0.053496,0.053936,0.054357,0.05475,0.055114,0.05546,0.055777,0.056057,0.056309,0.056525,0.056714,0.056881,0.057015,0.057126,0.05721,0.057269,0.057308,0.057286,0.057206,0.057068,0.056869,0.056607,0.056282,0.055893,0.055443,0.054918,0.054318,0.053645,0.052962,0.052182,0.051393,0.049324,0.04823,0.047677,0.047191,0.046755,0.046368,0.04594,0.045597,0.045314,0.045103,0.044955,0.044876,0.044861,0.04491,0.04502,0.045199,0.045433,0.045739,0.046107,0.046534,0.047037,0.047618,0.048185,0.048794,0.049489,0.050273,0.051036,0.051877,0.055255,0.056637,0.057372,0.058057,0.058667,0.059252,0.0599,0.060509,0.061057,0.061565,0.062032,0.062459,0.062845,0.063192,0.063575,0.063912,0.064202,0.064457,0.064652,0.06483,0.064989,0.065408,0.065559,0.065714,0.06592,0.066145,0.066393,0.066673,0.066974,0.067304,0.067672,0.068088,0.068909,0.07089,0.071396,0.071827,0.07225,0.072615,0.072934,0.073217,0.073443,0.07364,0.073817,0.073969,0.074185,0.074579,0.074708,0.074848,0.075023,0.075227,0.075463,0.075729,0.076116,0.076576,0.0771,0.077697,0.078267,0.078939,0.079605,0.081208,0.082011,0.082408,0.082755,0.083067,0.083359,0.083661,0.083928,0.08415,0.084334,0.084473,0.084573,0.084634,0.084654,0.084624,0.084535,0.084381,0.084165,0.083888,0.083552,0.083145,0.082665,0.082224,0.081727,0.081156,0.08053,0.079945,0.079271,0.076832,0.075871,0.074907,0.074086,0.073652,0.073239,0.072868,0.072521,0.072198,0.071914,0.071654,0.071418,0.071205,0.071008,0.070837,0.070691,0.070571,0.070474,0.070398,0.070345,0.070313,0.070303,0.070313,0.070345,0.07046,0.070781,0.070898,0.070974,0.070986,0.070981,0.070951,0.070893,0.070809,0.070696,0.070554,0.070389,0.070189,0.069959,0.069753,0.069529,0.069287,0.069017,0.068412,0.0677,0.067066,0.066335,0.063484,0.062256,0.061623,0.061025,0.060446,0.059869,0.059099,0.058274,0.055447,0.052931,0.05208,0.051324,0.050711,0.050217,0.050006,0.049813,0.049647,0.0495,0.049379,0.049278,0.049196,0.049136,0.049097,0.04908,0.049088,0.049128,0.049203,0.049311,0.049451,0.049623,0.049834,0.050083,0.050321,0.050578,0.050876,0.051204,0.051876,0.053216,0.053746,0.054263,0.05471,0.055168,0.055551,0.055874,0.056131,0.056316,0.056452,0.056544,0.056593,0.056603,0.056582,0.056389,0.056347,0.056353,0.056385,0.056442,0.056526,0.056639,0.056779,0.056952,0.057157,0.057587,0.05862,0.058847,0.059033,0.059197,0.059321,0.059407,0.059458,0.05947,0.05944,0.059366,0.059252,0.059096,0.058889,0.058639,0.058335,0.058051,0.05774,0.05739,0.056986,0.056201,0.054339,0.053893,0.053516,0.053151,0.052844,0.052582,0.052365,0.052176,0.052029,0.051932,0.05188,0.051875,0.051916,0.052003,0.052138,0.052254,0.052382,0.052541,0.052707,0.052893,0.053113,0.053337,0.053599,0.053861,0.054163,0.054486,0.054828,0.055189,0.055569,0.055967,0.056413,0.057164,0.057993,0.0589,0.05992,0.060823,0.061863,0.065369,0.066691,0.067939,0.069031,0.070139,0.071112,0.071572,0.071984,0.072406,0.072782,0.073163,0.073522,0.073858,0.07415,0.07444,0.074689,0.074932,0.075135,0.07533,0.075488,0.075625,0.075748,0.07584,0.075915,0.075963,0.075992,0.075997,0.075971,0.075913,0.075827,0.075712,0.075562,0.075385,0.07517,0.074944,0.074696,0.074416,0.074089,0.073388,0.071895,0.071276,0.07065,0.070137,0.069861,0.06962,0.069402,0.069217,0.069047,0.06891,0.068797,0.068709,0.068647,0.068605,0.068586,0.06859,0.068616,0.068665,0.068735,0.06883,0.069031,0.069303,0.069596,0.070364,0.070734,0.070894,0.071027,0.071132,0.07121,0.071267,0.071294,0.071287,0.071249,0.071179,0.071075,0.070945,0.070777,0.070603,0.070405,0.070184,0.069927,0.069646,0.069342,0.069002,0.06864,0.067878,0.066982,0.065959,0.063751,0.062794,0.061797,0.060925,0.060435,0.059982,0.05955,0.059153,0.058762,0.058392,0.058044,0.057716,0.057324,0.056962,0.056613,0.056293,0.055995,0.05571,0.055446,0.05521,0.054995,0.054803,0.054642,0.054511,0.054408,0.054335,0.054291,0.054276,0.054292,0.054341,0.054423,0.054542,0.054683,0.054863,0.055587,0.055851,0.055971,0.056061,0.056125,0.056164,0.056175,0.056143,0.056067,0.055947,0.055805,0.055622,0.054919,0.054688,0.054585,0.054507,0.05445,0.054414,0.054401,0.054423,0.054483,0.05458,0.054712,0.054884,0.055098,0.055345,0.055528,0.055729,0.055949,0.056187,0.056443,0.056718,0.057012,0.057325,0.057655,0.058005,0.058372,0.058756,0.059158,0.059606,0.060072,0.060555,0.06141,0.062309,0.063283,0.064367,0.065335,0.066438,0.070162,0.071505,0.072814,0.07397,0.075107,0.076147,0.077056,0.077484,0.077893,0.078309,0.078701,0.079069,0.079413,0.079731,0.080005,0.080257,0.080484,0.080701,0.080879,0.081032,0.081161,0.081265,0.081345,0.081401,0.081432,0.08144,0.081428,0.081398,0.081347,0.081277,0.081186,0.081077,0.080949,0.080803,0.080628,0.080446,0.080234,0.080004,0.079757,0.079195,0.078698,0.078121,0.077485,0.076767,0.076122,0.075383,0.072773,0.071745,0.070748,0.06989,0.069034,0.068278,0.067601,0.066986,0.066481,0.066032,0.065643,0.065313,0.065043,0.064833,0.064683,0.064591,0.064557,0.064576,0.064648,0.064773,0.064954,0.065186,0.065474,0.06582,0.0662,0.066646,0.067146,0.067727,0.068296,0.068937,0.071358,0.07228,0.072758,0.073184,0.07356,0.073899,0.074281,0.074611,0.074887,0.075112,0.075292,0.075421,0.075504,0.07554,0.07553,0.075481,0.075388,0.075255,0.07508,0.074857,0.074594,0.074291,0.073979,0.073625,0.073228,0.07279,0.072363,0.071868,0.070067,0.069362,0.068662,0.06808,0.067767,0.06749,0.067249,0.067033,0.066842,0.066686,0.066549,0.066446,0.06636,0.06631,0.066296,0.066319,0.066377,0.066474,0.066606,0.066779,0.066967,0.067182,0.067443,0.067738,0.068376,0.069661,0.070178,0.070667,0.071065,0.071267,0.071443,0.071587,0.071705,0.071791,0.071852,0.071886,0.071892,0.071872,0.071821,0.071744,0.071635,0.071497,0.071332,0.071141,0.070915,0.070468,0.069922,0.069358,0.067979,0.067332,0.067036,0.066786,0.06657,0.066378,0.066204,0.066068,0.065964,0.065895,0.065858,0.065854,0.065883,0.065948,0.066086,0.066278,0.06654,0.066863,0.067246,0.067689,0.068208,0.068784,0.069312,0.0699,0.070548,0.071256,0.071901,0.072623,0.075055,0.075937,0.076764,0.077474,0.078176,0.078809,0.07937,0.079861,0.080302,0.080687,0.081013,0.081268,0.081463,0.081593,0.081668,0.08168,0.081658,0.081614,0.081547,0.08145,0.081338,0.081191,0.081033,0.080839,0.080637,0.080396,0.080132,0.079846,0.079538,0.079184,0.078833,0.078436,0.077758,0.077001,0.076165,0.075219,0.074341,0.073366,0.069964,0.06869,0.067454,0.066372,0.065821,0.065287,0.064802,0.064336,0.063889,0.063488,0.063106,0.062742,0.062398,0.062074,0.061769,0.061503,0.061238,0.061009,0.060783,0.060578,0.060392,0.060227,0.06008,0.059953,0.059844,0.059747,0.059674,0.059615,0.059554,0.059543,0.059584,0.059677,0.059797,0.059959,0.060699,0.060992,0.061123,0.061222,0.061296,0.061343,0.061363,0.06136,0.061332,0.061281,0.061141,0.060729,0.060644,0.060592,0.060572,0.060596,0.060661,0.060773,0.060953,0.061193,0.061499,0.061879,0.062245,0.062676,0.064168,0.064674,0.065126,0.065492,0.065662,0.065805,0.065927,0.066027,0.066101,0.066152,0.066181,0.066186,0.066162,0.066103,0.066008,0.065878,0.065714,0.065507,0.065266,0.064993,0.064729,0.064445,0.064128,0.063762,0.063067,0.061357,0.06094,0.060573,0.060213,0.059896,0.059621,0.059389,0.059181,0.059013,0.058887,0.058808,0.058772,0.058779,0.058828,0.05892,0.059085,0.059322,0.059624,0.059992,0.060422,0.060933,0.061506,0.06216,0.062739,0.063379,0.064081,0.064874,0.065602,0.06641,0.069142,0.070177,0.071183,0.072032,0.072895,0.073676,0.07435,0.074964,0.075268,0.075533,0.075799,0.076028,0.07624,0.076433,0.076607,0.076762,0.076898,0.077014,0.077111,0.077184,0.077243,0.077282,0.077302,0.077303,0.077287,0.077251,0.077197,0.077124,0.077033,0.076925,0.076658,0.076313,0.075889,0.075401,0.074819,0.074324,0.073755,0.073134,0.072414,0.071052,0.068417,0.067328,0.06627,0.065323,0.064358,0.063474,0.062689,0.061965,0.061334,0.060776,0.060273,0.059826,0.059435,0.0591,0.058814,0.058591,0.058488,0.058403,0.058338,0.058291,0.058263,0.058255,0.058265,0.058295,0.058345,0.058413,0.058497,0.058604,0.058724,0.058868,0.059032,0.059214,0.059593,0.060042,0.060561,0.061147,0.061736,0.062406,0.063088,0.06479,0.065663,0.066098,0.066495,0.066841,0.067149,0.067493,0.067772,0.068,0.068184,0.068321,0.068407,0.068446,0.068437,0.068394,0.068319,0.068213,0.068075,0.067908,0.067701,0.067464,0.067185,0.066877,0.066542,0.066152,0.065721,0.065285,0.064798,0.062868,0.06208,0.06131,0.06099,0.060688,0.060355,0.060053,0.059796,0.059571,0.059389,0.059241,0.059127,0.059047,0.059003,0.058994,0.05902,0.059079,0.059176,0.059307,0.059478,0.059681,0.059874,0.060097,0.060349,0.060629,0.061192,0.062577,0.062936,0.063241,0.063543,0.063797,0.064012,0.064188,0.064337,0.064449,0.064521,0.06455,0.064541,0.06449,0.064403,0.064273,0.064133,0.063965,0.063771,0.06355,0.063291,0.063006,0.06268,0.06233,0.061674,0.060886,0.060094,0.058188,0.057258,0.056803,0.056406,0.056051,0.055738,0.055425,0.055149,0.054921,0.054739,0.054594,0.054492,0.054424,0.054398,0.054403,0.054428,0.054473,0.054537,0.054621,0.054724,0.054848,0.055002,0.055166,0.05535,0.055554,0.055793,0.056036,0.056316,0.056597,0.056917,0.057258,0.057641,0.05802,0.058443,0.058885,0.059373,0.059881,0.060406,0.061467,0.062712,0.063998,0.067383,0.06838,0.069249,0.070214,0.071067,0.07184,0.072505,0.072903,0.073276,0.073604,0.073909,0.07419,0.07443,0.074661,0.074854,0.075022,0.075166,0.075285,0.075379,0.075446,0.075487,0.075502,0.075491,0.075437,0.075344,0.075201,0.075023,0.074805,0.074529,0.074207,0.07384,0.073429,0.072973,0.072475,0.071935,0.071353,0.070697,0.069998,0.069258,0.068647,0.06797,0.067267,0.066542,0.065746,0.064928,0.064038,0.063127,0.061515,0.059643,0.057843,0.05333,0.051004,0.049841,0.048803,0.047788,0.046848,0.045886,0.044956,0.044103,0.043284,0.0425,0.041791,0.041117,0.040478,0.039877,0.039344,0.038817,0.038357,0.037908,0.037521,0.037171,0.036858,0.036581,0.03634,0.036136,0.035959,0.035828,0.035727,0.035667,0.035639,0.035648,0.035696,0.035787,0.035917,0.036092,0.036305,0.036566,0.036862,0.037158,0.037477,0.037851,0.038264,0.039141,0.040974,0.041752,0.042508,0.043156,0.043504,0.043814,0.044101,0.044365,0.044604,0.044808,0.044988,0.045144,0.045276,0.045389,0.045477,0.045538,0.045576,0.04559,0.04558,0.045546,0.045495,0.045423,0.045329,0.04521,0.044934,0.044315,0.044066,0.043841,0.043683,0.043615,0.043567,0.043541,0.043536,0.043553,0.043592,0.043653,0.043732,0.043831,0.043951,0.044091,0.044257,0.044444,0.04465,0.044885,0.045149,0.045627,0.046211,0.046814,0.048388,0.049226,0.049635,0.050005,0.050337,0.050629,0.050926,0.051184,0.051402,0.051581,0.051727,0.051834,0.051908,0.051951,0.051963,0.051954,0.051875,0.051322,0.051158,0.051067,0.050964,0.050848,0.050719,0.05057,0.050403,0.050219,0.050012,0.04978,0.049533,0.04925,0.048952,0.04863,0.048269,0.047883,0.047456,0.046674,0.045778,0.044893,0.042787,0.041806,0.041341,0.040932,0.040561,0.040215,0.039869,0.039569,0.039303,0.039084,0.0389,0.038759,0.038649,0.038581,0.038548,0.038563,0.038624,0.038733,0.038886,0.039093,0.039344,0.039648,0.039927,0.040245,0.040602,0.041015,0.041809,0.043766,0.044253,0.044683,0.045098,0.04545,0.045753,0.046007,0.04623,0.046401,0.046528,0.046606,0.046639,0.046628,0.04657,0.046467,0.046333,0.046161,0.045952,0.045708,0.045416,0.045088,0.044709,0.044297,0.043933,0.04353,0.043087,0.042582,0.04162,0.039268,0.038654,0.038128,0.037584,0.03711,0.036688,0.036315,0.035947,0.035635,0.035367,0.035153,0.034983,0.034857,0.034778,0.034747,0.03475,0.034772,0.034814,0.034874,0.034954,0.035053,0.035171,0.035318,0.035473,0.03566,0.035852,0.036076,0.036319,0.03658,0.036858,0.037172,0.037698,0.03831,0.038986,0.039723,0.040411,0.041172,0.043876,0.044919,0.045929,0.046791,0.047675,0.048449,0.049137,0.049738,0.050022,0.050272,0.050722,0.051105,0.051422,0.051556,0.05168,0.051872,0.052003,0.052074,0.052087,0.052066,0.05201,0.051916,0.051795,0.051632,0.050814,0.050632,0.050483,0.050338,0.050232,0.050161,0.050125,0.050125,0.050158,0.050224,0.050326,0.05044,0.050583,0.051144,0.051354,0.051531,0.05165,0.051693,0.051718,0.051723,0.051709,0.051675,0.051623,0.051552,0.05146,0.051347,0.051216,0.051066,0.050892,0.050694,0.050478,0.049972,0.049414,0.048752,0.048023,0.045938,0.045329,0.044807,0.044249,0.043771,0.043372,0.043039,0.042791,0.042589,0.042437,0.042325,0.042263,0.042226,0.042203,0.042166,0.042125,0.042067,0.041992,0.041898,0.041776,0.041631,0.041463,0.041265,0.040854,0.039835,0.039594,0.039402,0.039227,0.039109,0.03905,0.039048,0.03909,0.039173,0.039298,0.039461,0.039665,0.039918,0.040212,0.040547,0.040896,0.041275,0.04171,0.0422,0.042672,0.043206,0.045164,0.045934,0.046691,0.047333,0.047676,0.047981,0.04825,0.048491,0.048705,0.048883,0.049032,0.049152,0.049255,0.049318,0.049341,0.049323,0.049264,0.049164,0.049026,0.048844,0.048627,0.048359,0.048047,0.047695,0.047327,0.046891,0.045155,0.044452,0.044096,0.043774,0.043495,0.04325,0.042989,0.042777,0.042607,0.042485,0.042408,0.042376,0.042388,0.042447,0.042518,0.042618,0.042744,0.042895,0.04307,0.043276,0.043507,0.04377,0.044055,0.044361,0.044697,0.045076,0.045877,0.047512,0.048166,0.048825,0.049372,0.049668,0.049942,0.050183,0.050392,0.050579,0.050741,0.050878,0.050986,0.051073,0.051135,0.05117,0.05118,0.051166,0.051126,0.051061,0.05097,0.05077,0.05049,0.050187,0.049427,0.049089,0.048945,0.048826,0.048734,0.048663,0.048614,0.04859,0.048591,0.048618,0.04867,0.04875,0.048856,0.048983,0.049121,0.049279,0.049457,0.049665,0.049894,0.050144,0.050412,0.050711,0.051269,0.051934,0.0526,0.054202,0.055,0.055384,0.055732,0.056043,0.056318,0.0566,0.056837,0.057038,0.057194,0.057314,0.057392,0.057433,0.057437,0.057393,0.0573,0.057157,0.056956,0.056704,0.056403,0.05604,0.055614,0.055228,0.054815,0.054337,0.053813,0.052791,0.050298,0.049664,0.049117,0.048583,0.048105,0.0477,0.047336,0.047017,0.046756,0.046541,0.046381,0.046264,0.0462,0.046185,0.046217,0.046285,0.046395,0.046544,0.04673,0.046953,0.047225,0.047532,0.04789,0.048246,0.048647,0.049092,0.049603,0.050642,0.052791,0.053675,0.054554,0.055288,0.05568,0.056045,0.056366,0.056658,0.056921,0.057142,0.057344,0.057506,0.057638,0.057746,0.057818,0.057864,0.057879,0.057865,0.05782,0.057747,0.057664,0.057558,0.057283,0.056974,0.056179,0.055982,0.055825,0.055678,0.055564,0.055488,0.055443,0.055431,0.055463,0.055538,0.055652,0.05581,0.056013,0.056263,0.05656,0.056921,0.057335,0.0578,0.058339,0.058905,0.059546,0.060265,0.061033,0.061713,0.062455,0.063261,0.064129,0.065852,0.068928,0.070069,0.071185,0.072192,0.073225,0.074167,0.074986,0.075714,0.076105,0.076474,0.076819,0.077119,0.077416,0.07767,0.077901,0.078108,0.078291,0.07845,0.078584,0.078694,0.078778,0.078834,0.07887,0.078881,0.078871,0.078839,0.078786,0.078712,0.078625,0.078512,0.078378,0.078225,0.078052,0.077846,0.077635,0.077389,0.077123,0.076839,0.076536,0.076217,0.075632,0.075006,0.074286,0.073499,0.072774,0.071967,0.069136,0.068101,0.067066,0.066191,0.065334,0.064559,0.063891,0.063282,0.062773,0.062322,0.06193,0.061612,0.061342,0.061143,0.061003,0.060918,0.060895,0.060913,0.060969,0.061067,0.061204,0.061378,0.061596,0.061861,0.062148,0.062477,0.062849,0.063264,0.0637,0.06419,0.066151,0.066977,0.067412,0.067795,0.068141,0.068453,0.068805,0.069109,0.069368,0.069591,0.069777,0.06992,0.070031,0.0701,0.070133,0.07013,0.07009,0.070012,0.069897,0.069746,0.069553,0.069326,0.069057,0.068756,0.068416,0.068022,0.067619,0.067153,0.065253,0.064477,0.064076,0.063722,0.063402,0.063105,0.062794,0.06252,0.062293,0.062104,0.061955,0.06185,0.061781,0.061752,0.06177,0.061845,0.06198,0.062178,0.062447,0.062795,0.063209,0.06409,0.064455,0.064807,0.06509,0.065238,0.065364,0.065466,0.065552,0.065618,0.065664,0.065693,0.065701,0.065691,0.065661,0.065611,0.065541,0.065452,0.065339,0.065207,0.065058,0.064754,0.064382,0.063997,0.063055,0.062602,0.06222,0.062066,0.061936,0.061816,0.061724,0.061656,0.061615,0.061599,0.061608,0.061643,0.061704,0.061786,0.061899,0.06203,0.062192,0.062379,0.0626,0.062845,0.063112,0.063638,0.064276,0.064926,0.06656,0.066993,0.067379,0.067783,0.06813,0.068421,0.068681,0.068935,0.069131,0.069276,0.069364,0.0694,0.069383,0.069313,0.069191,0.069085,0.068951,0.068794,0.068615,0.068406,0.068174,0.067922,0.067638,0.067062,0.066386,0.065633,0.063489,0.062854,0.062317,0.061731,0.061228,0.060796,0.060423,0.06011,0.059856,0.059653,0.059497,0.059404,0.059333,0.059211,0.059146,0.05904,0.058888,0.058782,0.058656,0.058509,0.058348,0.058165,0.05797,0.057742,0.057504,0.057215,0.0569,0.056559,0.056191,0.055799,0.055361,0.054898,0.054389,0.053473,0.052399,0.051332,0.048704,0.048006,0.047377,0.046723,0.046147,0.045624,0.045136,0.044633,0.044182,0.043803,0.043493,0.043238,0.043047,0.042907,0.042829,0.04281,0.04281,0.042829,0.042867,0.042924,0.042999,0.043094,0.043215,0.043347,0.043507,0.043687,0.043886,0.044104,0.044339,0.044591,0.044877,0.045359,0.045921,0.046545,0.047228,0.047866,0.048599,0.051168,0.052138,0.0531,0.053922,0.054738,0.055472,0.056122,0.056689,0.057176,0.057601,0.057962,0.058261,0.058506,0.058696,0.058826,0.058904,0.058925,0.058926,0.058907,0.058865,0.058803,0.05872,0.058485,0.058288,0.058042,0.057392,0.056849,0.056598,0.056347,0.055976,0.055579,0.055148,0.054675,0.054237,0.053729,0.052131,0.05162,0.051152,0.050775,0.050579,0.0504,0.050248,0.050121,0.050012,0.049928,0.049863,0.049817,0.049788,0.049795,0.049834,0.049907,0.050012,0.050157,0.050335,0.050544,0.050744,0.050975,0.051235,0.051525,0.052097,0.053476,0.053809,0.054102,0.054373,0.054609,0.05481,0.054975,0.055116,0.055219,0.055288,0.055321,0.055318,0.055281,0.055206,0.055094,0.054928,0.054706,0.054447,0.054128,0.053762,0.05335,0.052875,0.052356,0.051888,0.051371,0.050804,0.050187,0.048979,0.046104,0.045356,0.044713,0.044075,0.043498,0.043004,0.042551,0.042125,0.041766,0.041459,0.041206,0.041019,0.040886,0.040808,0.040789,0.040806,0.040843,0.040901,0.040986,0.041085,0.041215,0.041368,0.041544,0.041742,0.041962,0.042203,0.042465,0.042748,0.043072,0.043394,0.043759,0.044409,0.045109,0.045913,0.046792,0.047608,0.048514,0.051683,0.05287,0.054019,0.054991,0.055502,0.055965,0.056412,0.056839,0.057247,0.05761,0.057953,0.058276,0.058598,0.058878,0.059136,0.05937,0.059583,0.059771,0.059937,0.06007,0.060182,0.060279,0.060353,0.060403,0.06043,0.060433,0.060414,0.060372,0.060272,0.060118,0.059917,0.059671,0.059369,0.059024,0.058622,0.058164,0.057747,0.057286,0.05676,0.05619,0.054996,0.052336,0.051149,0.049944,0.048893,0.048315,0.047763,0.047237,0.046737,0.046262,0.045814,0.045375,0.044962,0.044472,0.043994,0.04354,0.043099,0.042671,0.042267,0.041887,0.041538,0.041234,0.040974,0.040752,0.040573,0.040432,0.040332,0.040269,0.040244,0.040255,0.040294,0.040365,0.040463,0.040592,0.04075,0.040938,0.041161,0.041414,0.041702,0.042027,0.042398,0.04278,0.043216,0.044975,0.045697,0.046066,0.046404,0.046702,0.046978,0.047279,0.047537,0.047762,0.047951,0.048106,0.04823,0.048323,0.048385,0.048421,0.048413,0.048365,0.048208,0.048151,0.048123,0.048139,0.048212,0.048348,0.048541,0.049017,0.049215,0.049388,0.049504,0.049548,0.049574,0.049582,0.049572,0.049495,0.049351,0.049265,0.049168,0.04906,0.048939,0.048803,0.048647,0.048472,0.048273,0.048084,0.047878,0.047402,0.046909,0.045838,0.045415,0.045086,0.044847,0.044749,0.044673,0.044622,0.044594,0.04459,0.04461,0.044656,0.044723,0.044856,0.04503,0.045249,0.045524,0.045848,0.046219,0.046635,0.047111,0.04754,0.048015,0.048536,0.049101,0.050205,0.052834,0.053489,0.054057,0.054616,0.055122,0.055556,0.055952,0.056307,0.056617,0.056869,0.057075,0.057233,0.057338,0.057399,0.05741,0.057386,0.057329,0.057242,0.057124,0.056977,0.056792,0.056577,0.056322,0.056039,0.055715,0.05535,0.054945,0.054519,0.054039,0.052123,0.051338,0.05093,0.050557,0.050221,0.04992,0.04959,0.049294,0.049045,0.048832,0.048657,0.048525,0.048429,0.048371,0.048349,0.04836,0.048404,0.04848,0.048587,0.04873,0.048912,0.049124,0.049343,0.049595,0.04988,0.05021,0.050921,0.052423,0.053053,0.053681,0.054199,0.054475,0.054716,0.054933,0.055118,0.055285,0.055421,0.055537,0.055627,0.055691,0.055733,0.055755,0.055756,0.055738,0.055699,0.055638,0.055558,0.055338,0.054629,0.05408,0.053899,0.053755,0.053609,0.053452,0.053277,0.053022,0.052738,0.052418,0.052062,0.051657,0.051218,0.050712,0.050172,0.049522,0.048815,0.04803,0.047168,0.046311,0.045338,0.044336,0.041796,0.040459,0.039757,0.039137,0.038596,0.038089,0.037524,0.037039,0.036634,0.036455,0.036294,0.036034,0.035926,0.035843,0.035772,0.035723,0.035693,0.035679,0.035691,0.035734,0.035816,0.035926,0.036068,0.036243,0.036451,0.036706,0.036979,0.037304,0.037663,0.038056,0.038482,0.03894,0.039429,0.039978,0.040427,0.040928,0.041448,0.041988,0.042544,0.043155,0.044467,0.045668,0.047031,0.048378,0.05171,0.053475,0.054359,0.055183,0.055949,0.056694,0.057455,0.058189,0.05886,0.059503,0.060117,0.060671,0.061197,0.061694,0.062161,0.062598,0.063005,0.063361,0.063689,0.064007,0.064279,0.064538,0.064767,0.064966,0.065137,0.065281,0.065397,0.065491,0.065558,0.065599,0.065613,0.065605,0.065576,0.065525,0.065456,0.065364,0.065249,0.06511,0.064809,0.064422,0.064021,0.062978,0.062442,0.062026,0.061644,0.061254,0.060869,0.060538,0.059746,0.059276,0.059006,0.058725,0.058433,0.058122,0.057624,0.057061,0.05643,0.055685,0.054783,0.05349,0.048904,0.048147,0.047559,0.047193,0.046887,0.046632,0.046428,0.04627,0.046162,0.046098,0.046078,0.04609,0.046118,0.046167,0.046233,0.046317,0.046421,0.046545,0.04668,0.046843,0.047016,0.047221,0.047432,0.047663,0.047928,0.048197,0.048503,0.04885,0.049219,0.049611,0.050023,0.050457,0.050935,0.051435,0.051981,0.053042,0.054281,0.055534,0.058882,0.059842,0.060682,0.06157,0.062379,0.063105,0.063724,0.064082,0.064415,0.064703,0.064966,0.065203,0.065413,0.065596,0.065741,0.065867,0.065959,0.066028,0.066064,0.066073,0.066054,0.066008,0.065934,0.065855,0.06575,0.065636,0.065493,0.065343,0.065162,0.064962,0.064743,0.064506,0.06425,0.063977,0.063687,0.063381,0.063033,0.062668,0.062285,0.061563,0.060762,0.059884,0.058896,0.057905,0.056814,0.052443,0.050579,0.04959,0.0487,0.047872,0.047077,0.046198,0.045368,0.044591,0.043892,0.043244,0.042647,0.0421,0.041585,0.041135,0.040728,0.040351,0.040003,0.039683,0.03939,0.039107,0.038833,0.038427,0.037366,0.036987,0.036087,0.035843,0.035647,0.035402,0.035236,0.035136,0.035103,0.035113,0.035144,0.035196,0.035269,0.035363,0.035477,0.035617,0.035778,0.03614,0.036601,0.037112,0.038516,0.03891,0.039232,0.039555,0.039801,0.039972,0.040032,0.040075,0.040102,0.040109,0.040097,0.040066,0.040016,0.039944,0.039854,0.039746,0.039524,0.039233,0.038926,0.038172,0.037822,0.037663,0.037535,0.03743,0.037347,0.037278,0.037234,0.037218,0.037229,0.037266,0.037329,0.037421,0.037542,0.037745,0.038002,0.038298,0.038659,0.039072,0.039536,0.040072,0.040658,0.041267,0.041944,0.042688,0.043499,0.044313,0.045245,0.048733,0.05017,0.050924,0.051595,0.052211,0.052801,0.05346,0.05405,0.054594,0.05507,0.055501,0.055883,0.056216,0.05649,0.0567,0.056881,0.057016,0.05712,0.057187,0.05722,0.057217,0.057178,0.057121,0.057039,0.056933,0.056795,0.056495,0.055872,0.055632,0.055405,0.055231,0.055084,0.055001,0.054977,0.055014,0.055103,0.055249,0.055453,0.055715,0.055975,0.056302,0.057379,0.05772,0.058023,0.058255,0.058441,0.058578,0.058662,0.0587,0.058698,0.058677,0.058633,0.058571,0.058488,0.058384,0.058257,0.058109,0.057939,0.057746,0.057546,0.057309,0.057051,0.05677,0.056467,0.056144,0.055823,0.055459,0.055076,0.054674,0.054254,0.053788,0.053304,0.052771,0.051757,0.050594,0.049393,0.046276,0.045367,0.04455,0.043664,0.042885,0.042178,0.041546,0.041184,0.040841,0.040518,0.040236,0.039954,0.039711,0.039488,0.039286,0.039103,0.038942,0.038802,0.038684,0.038587,0.038512,0.038463,0.03843,0.038424,0.038475,0.038582,0.038752,0.038981,0.039266,0.039603,0.040009,0.040444,0.040944,0.041509,0.042164,0.042829,0.043577,0.046511,0.04771,0.048347,0.048903,0.049406,0.049856,0.050353,0.0508,0.051177,0.051502,0.05177,0.051972,0.05212,0.052213,0.05224,0.05225,0.05224,0.052212,0.052168,0.052102,0.052018,0.051914,0.051793,0.051653,0.051497,0.051309,0.051102,0.050877,0.050376,0.049917,0.049398,0.048818,0.048155,0.047565,0.046878,0.044542,0.043659,0.042833,0.042094,0.041378,0.04076,0.040217,0.039731,0.039335,0.038995,0.038712,0.038489,0.03833,0.038222,0.038171,0.038177,0.038211,0.03827,0.038353,0.038459,0.038594,0.038751,0.038938,0.039146,0.039539,0.040026,0.040518,0.041772,0.042387,0.042922,0.043347,0.043676,0.043931,0.044033,0.044116,0.044182,0.044227,0.04426,0.04427,0.044256,0.04422,0.04416,0.044079,0.043972,0.043837,0.043564,0.043209,0.042834,0.041887,0.041424,0.041216,0.041039,0.040896,0.040784,0.040694,0.040644,0.040634,0.040664,0.040734,0.040845,0.040998,0.041185,0.041412,0.041689,0.042007,0.042365,0.042779,0.043232,0.043743,0.04429,0.044782,0.04532,0.045901,0.046527,0.047747,0.050831,0.051672,0.052391,0.05315,0.053825,0.054419,0.054972,0.055515,0.055988,0.056409,0.056774,0.057082,0.057326,0.057515,0.057655,0.057726,0.057763,0.057765,0.057733,0.057667,0.057565,0.057431,0.057261,0.057086,0.056891,0.05666,0.056401,0.055842,0.054679,0.054201,0.053733,0.053346,0.053142,0.052963,0.052801,0.052658,0.052534,0.052433,0.05235,0.052285,0.052215,0.052196,0.052226,0.052305,0.052426,0.052596,0.052798,0.053406,0.053572,0.0537,0.053818,0.053889,0.053916,0.053901,0.053832,0.053707,0.053525,0.05328,0.052992,0.052637,0.052233,0.051061,0.050725,0.050444,0.050154,0.049917,0.049736,0.049608,0.049536,0.0495,0.049499,0.049532,0.049583,0.049661,0.049983,0.050096,0.050184,0.050232,0.050245,0.050233,0.050095,0.050093,0.050113,0.050174,0.050277,0.050423,0.050611,0.05085,0.051136,0.051476,0.05187,0.052291,0.052773,0.053319,0.053926,0.054517,0.055215,0.057604,0.058488,0.058937,0.05933,0.059685,0.060018,0.060381,0.060691,0.060948,0.061165,0.06133,0.061451,0.061525,0.061555,0.06155,0.061528,0.061487,0.061429,0.061353,0.061259,0.061146,0.061015,0.060866,0.060699,0.060514,0.06031,0.06009,0.059833,0.059576,0.059281,0.058968,0.058612,0.058261,0.057867,0.057455,0.057026,0.056058,0.055061,0.053951,0.052769,0.049592,0.048664,0.047829,0.046933,0.046115,0.045407,0.044777,0.044411,0.044089,0.043767,0.043489,0.043234,0.043001,0.042791,0.042606,0.042446,0.04231,0.042201,0.042122,0.042062,0.04203,0.04202,0.042035,0.042111,0.042251,0.042452,0.042715,0.043052,0.04345,0.043926,0.04446,0.044997,0.045601,0.046273,0.047011,0.047751,0.048578,0.051824,0.053137,0.053816,0.054443,0.055017,0.055566,0.056162,0.056694,0.057186,0.057636,0.058041,0.058386,0.058687,0.058946,0.059152,0.059326,0.059458,0.059549,0.0596,0.059612,0.059585,0.059521,0.059429,0.059308,0.059156,0.058963,0.058536,0.057611,0.05725,0.056914,0.05666,0.056544,0.056456,0.056394,0.056359,0.056351,0.05637,0.056415,0.056487,0.056587,0.056713,0.056867,0.057046,0.057263,0.057505,0.057774,0.05808,0.058659,0.059347,0.06004,0.061756,0.062579,0.062972,0.063309,0.063622,0.063895,0.064152,0.064376,0.064565,0.06471,0.064819,0.064891,0.064926,0.064923,0.064879,0.064786,0.064653,0.064469,0.06424,0.063967,0.063637,0.063264,0.062871,0.062445,0.061968,0.061441,0.060912,0.060294,0.057982,0.057048,0.056565,0.056122,0.055719,0.055355,0.054939,0.054571,0.054237,0.05395,0.053695,0.053475,0.05329,0.053139,0.053025,0.052946,0.052902,0.052892,0.052917,0.052978,0.053071,0.053201,0.053331,0.053487,0.053672,0.053884,0.054316,0.055394,0.055667,0.055899,0.056116,0.056287,0.056427,0.056528,0.056597,0.056624,0.056609,0.056551,0.056449,0.056302,0.056109,0.055881,0.055625,0.055316,0.054983,0.054594,0.054166,0.0537,0.053175,0.052613,0.052106,0.051548,0.050968,0.050306,0.049067,0.046032,0.045222,0.04453,0.043805,0.043174,0.042606,0.042076,0.041544,0.041088,0.040686,0.040356,0.040082,0.039865,0.039707,0.039613,0.039572,0.039599,0.039691,0.039849,0.040071,0.040367,0.040728,0.041148,0.041602,0.042101,0.042668,0.043327,0.043967,0.04472,0.047485,0.048595,0.049154,0.049664,0.050124,0.050559,0.051031,0.05146,0.051826,0.052131,0.052394,0.052611,0.052782,0.052899,0.052953,0.052985,0.053001,0.052998,0.052979,0.052938,0.052884,0.052805,0.052716,0.052601,0.052479,0.052327,0.052158,0.051971,0.051546,0.051078,0.050533,0.049909,0.049208,0.048492,0.047683,0.046849,0.044561,0.043888,0.043294,0.042663,0.042091,0.041577,0.041097,0.040571,0.040125,0.039754,0.039442,0.039192,0.039014,0.038894,0.038836,0.038838,0.038906,0.039033,0.039228,0.039486,0.039803,0.040194,0.040663,0.041096,0.041565,0.04209,0.042671,0.043222,0.043846,0.045918,0.046693,0.047415,0.04805,0.04867,0.049218,0.049671,0.050074,0.05042,0.050704,0.050925,0.051071,0.051153,0.051169,0.05115,0.051116,0.051062,0.050996,0.050905,0.050795,0.050667,0.050506,0.050339,0.050153,0.04995,0.049708,0.049468,0.049186,0.048885,0.048565,0.048226,0.04787,0.047496,0.047073,0.046352,0.045588,0.044747,0.04379,0.042925,0.041956,0.038639,0.037405,0.036204,0.035129,0.03407,0.033149,0.032327,0.031927,0.031575,0.031214,0.030875,0.030557,0.030284,0.030011,0.02978,0.029553,0.029366,0.029186,0.029043,0.028921,0.02882,0.028741,0.028683,0.028647,0.028632,0.02865,0.028715,0.028825,0.028987,0.029196,0.029448,0.029759,0.030112,0.030504,0.030953,0.031437,0.032,0.032566,0.033234,0.035864,0.036964,0.037552,0.038065,0.038528,0.038965,0.039429,0.03985,0.040224,0.040536,0.040801,0.041018,0.04118,0.041301,0.041367,0.041398,0.04139,0.041344,0.041262,0.041138,0.040979,0.040776,0.040563,0.040312,0.040024,0.039698,0.038973,0.037412,0.036762,0.036132,0.035864,0.035613,0.03535,0.035115,0.034911,0.034746,0.03461,0.034505,0.03443,0.034386,0.034372,0.034378,0.034402,0.034447,0.034512,0.034594,0.034698,0.034826,0.035074,0.035392,0.035729,0.036661,0.037152,0.037385,0.037581,0.037753,0.0379,0.038015,0.038108,0.038184,0.038244,0.038307,0.038381,0.038425,0.038485,0.038582,0.038713,0.038875,0.03908,0.039311,0.039584,0.039889,0.040235,0.040623,0.041069,0.041559,0.042091,0.042574,0.043083,0.043638,0.044265,0.045473,0.04827,0.048973,0.049579,0.050181,0.050729,0.051201,0.051638,0.052054,0.052409,0.052721,0.052975,0.053184,0.053348,0.053464,0.053533,0.053555,0.053526,0.05345,0.053323,0.053147,0.052924,0.052646,0.052324,0.052009,0.051649,0.051243,0.050775,0.049833,0.047961,0.047222,0.046481,0.045869,0.045535,0.04524,0.044966,0.044715,0.044501,0.044309,0.044142,0.043998,0.043867,0.043766,0.043695,0.043654,0.043642,0.043659,0.043705,0.043779,0.043873,0.043995,0.044145,0.044322,0.044716,0.04556,0.045889,0.046199,0.046437,0.046547,0.046637,0.046703,0.046743,0.04676,0.046753,0.046721,0.046668,0.046587,0.046481,0.046349,0.046194,0.046014,0.0458,0.045563,0.045303,0.044802,0.044202,0.043596,0.042142,0.041451,0.041127,0.040851,0.040607,0.040383,0.040179,0.039998,0.039842,0.039719,0.03962,0.039552,0.039505,0.039486,0.03951,0.039597,0.039747,0.039962,0.040239,0.040591,0.041007,0.041501,0.041946,0.04245,0.043013,0.043633,0.044202,0.044869,0.047064,0.047848,0.048581,0.04923,0.049864,0.050406,0.05088,0.051304,0.051659,0.051959,0.052193,0.052372,0.052495,0.052561,0.05257,0.052524,0.052443,0.052317,0.052151,0.051945,0.051701,0.051406,0.051056,0.050668,0.050309,0.049927,0.049502,0.049036,0.048131,0.045864,0.045259,0.044748,0.044221,0.043771,0.043377,0.043022,0.042695,0.042419,0.042198,0.042041,0.041939,0.041894,0.041905,0.04197,0.042035,0.042112,0.042215,0.042337,0.042479,0.04264,0.042819,0.043018,0.043235,0.043469,0.043722,0.044015,0.044327,0.044658,0.045006,0.045372,0.046028,0.046726,0.047494,0.048368,0.049165,0.050056,0.053132,0.054257,0.05535,0.056296,0.057261,0.058102,0.058853,0.059538,0.059855,0.060154,0.060434,0.060676,0.060919,0.061126,0.061316,0.061489,0.061644,0.061782,0.061902,0.062013,0.062098,0.062165,0.062215,0.06225,0.062266,0.06224,0.06217,0.06206,0.06191,0.061714,0.061469,0.061187,0.060917,0.060625,0.060298,0.059917,0.059166,0.057657,0.057039,0.056429,0.05589,0.055349,0.054879,0.054481,0.054141,0.053869,0.053651,0.053481,0.053356,0.053279,0.053233,0.053216,0.05321,0.053186,0.053143,0.05306,0.052944,0.052793,0.0526,0.052337,0.05202,0.05164,0.051196,0.050764,0.050255,0.048501,0.047888,0.047586,0.047316,0.047077,0.046871,0.046647,0.046468,0.04633,0.046227,0.046162,0.046138,0.046153,0.046203,0.046327,0.046509,0.046755,0.047065,0.047438,0.047875,0.048373,0.048957,0.049631,0.050397,0.051226,0.052179,0.053149,0.054233,0.055389,0.058437,0.059314,0.060095,0.060954,0.061705,0.062381,0.062983,0.06335,0.06367,0.063972,0.064255,0.064517,0.064739,0.06496,0.065143,0.065306,0.065449,0.065571,0.065672,0.065752,0.065809,0.065845,0.065857,0.065841,0.065787,0.065688,0.065555,0.065385,0.065161,0.064912,0.064604,0.064278,0.063888,0.063457,0.062986,0.062476,0.061928,0.061343,0.06068,0.060114,0.059523,0.05891,0.058275,0.057569,0.056842,0.056094,0.055273,0.053808,0.052182,0.050583,0.046638,0.044582,0.043549,0.04265,0.04177,0.040966,0.040133,0.039329,0.038554,0.037858,0.037193,0.036601,0.035999,0.03547,0.034971,0.034506,0.034074,0.033704,0.033339,0.033031,0.032735,0.032492,0.032265,0.032088,0.031941,0.031819,0.031738,0.031684,0.031667,0.031682,0.031714,0.031763,0.031829,0.03192,0.032021,0.03215,0.032449,0.032632,0.032832,0.033281,0.033816,0.034439,0.035003,0.035604,0.036268,0.037028,0.037712,0.038483,0.04124,0.042299,0.043328,0.044218,0.045123,0.045941,0.046669,0.047309,0.047885,0.048147,0.048393,0.048622,0.048833,0.049189,0.04948,0.049606,0.049715,0.049882,0.04994,0.049986,0.050014,0.050023,0.050012,0.04998,0.049929,0.049855,0.049761,0.04965,0.049381,0.049032,0.048621,0.047724,0.047346,0.046974,0.046679,0.046384,0.046265,0.046162,0.046078,0.046015,0.045939,0.04593,0.045986,0.046111,0.046301,0.04651,0.046774,0.047762,0.048107,0.048401,0.048512,0.048605,0.048685,0.048738,0.048767,0.04877,0.048749,0.048703,0.048631,0.048537,0.048414,0.048257,0.048071,0.047858,0.047618,0.04734,0.047036,0.046708,0.046052,0.045265,0.044467,0.042378,0.041804,0.041307,0.040791,0.04033,0.039928,0.039597,0.039419,0.039267,0.039125,0.039008,0.03891,0.038831,0.03877,0.038729,0.038708,0.038707,0.038725,0.038762,0.03882,0.038895,0.038988,0.039099,0.039229,0.039389,0.039557,0.039757,0.039962,0.040202,0.040445,0.040723,0.04102,0.041336,0.041671,0.042023,0.042417,0.04283,0.04326,0.043708,0.044481,0.045354,0.046299,0.047346,0.048261,0.04933,0.052875,0.054156,0.055373,0.056421,0.057483,0.058426,0.059278,0.060012,0.060376,0.060719,0.061041,0.06134,0.061598,0.061836,0.062051,0.062244,0.062413,0.062549,0.062672,0.062764,0.062837,0.062883,0.062906,0.062906,0.062877,0.062817,0.062727,0.062615,0.062465,0.062284,0.062072,0.06183,0.061557,0.061255,0.060922,0.060561,0.060172,0.059728,0.059254,0.05875,0.058283,0.057794,0.057286,0.056722,0.056138,0.055535,0.054875,0.054196,0.052918,0.051423,0.049935,0.046085,0.044954,0.043973,0.042891,0.041886,0.040997,0.040147,0.039203,0.038357,0.037605,0.036918,0.036588,0.0363,0.035774,0.035536,0.035315,0.035111,0.034925,0.034756,0.034604,0.03447,0.034353,0.034253,0.034171,0.034105,0.034053,0.034022,0.034007,0.03403,0.034069,0.034124,0.034283,0.034485,0.034745,0.035064,0.03544,0.035821,0.036277,0.038026,0.038721,0.039059,0.03936,0.039624,0.039862,0.0401,0.040297,0.040444,0.040546,0.040603,0.040613,0.040579,0.0405,0.040375,0.040205,0.03999,0.039732,0.039416,0.039055,0.038653,0.03819,0.037779,0.03732,0.036813,0.036258,0.035176,0.032591,0.031934,0.031377,0.030821,0.030322,0.029878,0.02949,0.02914,0.028829,0.028562,0.028352,0.028185,0.028065,0.027992,0.027968,0.027979,0.028013,0.028072,0.028154,0.028261,0.028392,0.028548,0.028728,0.028931,0.029159,0.02941,0.029684,0.02998,0.030325,0.030667,0.031059,0.031475,0.031913,0.032373,0.032853,0.033353,0.033909,0.034485,0.035119,0.036355,0.037729,0.039188,0.043268,0.044493,0.045556,0.046705,0.047759,0.048716,0.049577,0.050063,0.050524,0.05096,0.051369,0.051751,0.052083,0.05239,0.052671,0.052945,0.053173,0.053375,0.053551,0.053701,0.053825,0.053923,0.054,0.054057,0.054062,0.054014,0.053914,0.053756,0.053548,0.053279,0.052963,0.052637,0.052279,0.051874,0.051403,0.050948,0.050434,0.048419,0.047599,0.046784,0.046111,0.04575,0.045415,0.045123,0.044858,0.044621,0.044422,0.044243,0.0441,0.043984,0.043892,0.043829,0.043795,0.043789,0.043812,0.043863,0.043944,0.04404,0.044163,0.044312,0.044488,0.044883,0.045739,0.046079,0.046401,0.046645,0.046762,0.046858,0.04693,0.046979,0.047007,0.047011,0.046993,0.046953,0.046892,0.046803,0.046697,0.046563,0.046407,0.046219,0.046009,0.045778,0.045327,0.044788,0.04424,0.04292,0.042287,0.041986,0.041729,0.041502,0.041295,0.041102,0.040944,0.040812,0.040714,0.040642,0.040599,0.040585,0.040599,0.040633,0.040687,0.04076,0.040853,0.040967,0.041091,0.041244,0.041417,0.041609,0.041822,0.042053,0.042304,0.042573,0.04288,0.043206,0.043551,0.04415,0.044817,0.04558,0.046412,0.047162,0.048022,0.050912,0.051962,0.05298,0.053869,0.054734,0.055511,0.056176,0.056755,0.057027,0.05728,0.057514,0.057714,0.057907,0.058069,0.058211,0.058335,0.058439,0.058524,0.058589,0.058635,0.058661,0.058667,0.058653,0.058617,0.058508,0.05833,0.058089,0.057787,0.057413,0.056979,0.056473,0.055891,0.055371,0.054796,0.054166,0.053458,0.052082,0.049484,0.048486,0.047492,0.04664,0.045764,0.044972,0.044286,0.043685,0.043385,0.043105,0.042847,0.042623,0.042407,0.042223,0.04205,0.041907,0.041784,0.041676,0.041593,0.041527,0.041483,0.04146,0.041457,0.041475,0.041529,0.041616,0.041735,0.04189,0.042084,0.042308,0.042569,0.04288,0.043437,0.044128,0.044864,0.047028,0.047695,0.048292,0.048927,0.049494,0.050016,0.050503,0.050941,0.051357,0.051769,0.052198,0.052708,0.053376,0.05422,0.054744,0.055022,0.05526,0.055458,0.055625,0.055765,0.055877,0.055963,0.056022,0.056055,0.056067,0.056059,0.056031,0.055933,0.055622,0.055567,0.055547,0.055571,0.055651,0.055788,0.055984,0.056121,0.056271,0.056441,0.056636,0.056852,0.057086,0.057349,0.05763,0.058143,0.05876,0.05937,0.060835,0.061539,0.062166,0.062683,0.062924,0.063135,0.063325,0.063485,0.063624,0.06374,0.063834,0.063905,0.063952,0.063978,0.063983,0.063967,0.06393,0.063874,0.063794,0.063692,0.063484,0.063204,0.062912,0.062169,0.061822,0.061542,0.061434,0.061347,0.061279,0.06123,0.061202,0.061194,0.061207,0.061241,0.061295,0.06137,0.061554,0.0618,0.062121,0.062518,0.062902,0.06335,0.064926,0.06547,0.065971,0.066366,0.066549,0.066713,0.06685,0.066968,0.067066,0.067139,0.067192,0.067224,0.067231,0.067178,0.067067,0.066892,0.066658,0.066358,0.066001,0.065568,0.065165,0.064701,0.06419,0.063603,0.06248,0.05957,0.058785,0.058074,0.05745,0.056865,0.056288,0.055732,0.054898,0.054016,0.050996,0.048551,0.047797,0.047128,0.046561,0.046061,0.045619,0.045336,0.045074,0.044834,0.044623,0.044433,0.044259,0.044107,0.043976,0.043795,0.043648,0.043541,0.043319,0.043163,0.043062,0.042946,0.042814,0.042665,0.042387,0.042043,0.041688,0.040886,0.040552,0.040286,0.040084,0.039992,0.039921,0.039869,0.03984,0.039831,0.039842,0.039874,0.039928,0.040002,0.040099,0.040211,0.040351,0.040512,0.040694,0.040898,0.041121,0.041522,0.041994,0.042528,0.043148,0.043794,0.044535,0.045369,0.048096,0.048981,0.049787,0.050678,0.051507,0.052302,0.05305,0.053496,0.053936,0.054357,0.05475,0.055114,0.05546,0.055777,0.056057,0.056309,0.056525,0.056714,0.056881,0.057015,0.057126,0.05721,0.057269,0.057308,0.057286,0.057206,0.057068,0.056869,0.056607,0.056282,0.055893,0.055443,0.054918,0.054318,0.053645,0.052962,0.052182,0.051393,0.049324,0.04823,0.047677,0.047191,0.046755,0.046368,0.04594,0.045597,0.045314,0.045103,0.044955,0.044876,0.044861,0.04491,0.04502,0.045199,0.045433,0.045739,0.046107,0.046534,0.047037,0.047618,0.048185,0.048794,0.049489,0.050273,0.051036,0.051877,0.055255,0.056637,0.057372,0.058057,0.058667,0.059252,0.0599,0.060509,0.061057,0.061565,0.062032,0.062459,0.062845,0.063192,0.063575,0.063912,0.064202,0.064457,0.064652,0.06483,0.064989,0.065408,0.065559,0.065714,0.06592,0.066145,0.066393,0.066673,0.066974,0.067304,0.067672,0.068088,0.068909,0.07089,0.071396,0.071827,0.07225,0.072615,0.072934,0.073217,0.073443,0.07364,0.073817,0.073969,0.074185,0.074579,0.074708,0.074848,0.075023,0.075227,0.075463,0.075729,0.076116,0.076576,0.0771,0.077697,0.078267,0.078939,0.079605,0.081208,0.081995,0.082392,0.08274,0.083054,0.083346,0.083649,0.083918,0.084141,0.08432,0.084462,0.084566,0.084628,0.084653,0.08463,0.084544,0.084394,0.084183,0.08391,0.083565,0.08316,0.082682,0.082242,0.081747,0.081177,0.080552,0.079945,0.079271,0.076832,0.075871,0.074907,0.074086,0.073652,0.073239,0.072868,0.072521,0.072198,0.071914,0.071654,0.071418,0.071205,0.071008,0.070837,0.070691,0.070571,0.070474,0.070398,0.070345,0.070313,0.070303,0.070313,0.070345,0.07046,0.070781,0.070898,0.070974,0.070986,0.070981,0.070951,0.070893,0.070809,0.070696,0.070554,0.070389,0.070189,0.069959,0.069753,0.069529,0.069287,0.069017,0.068412,0.0677,0.067066,0.066335,0.063484,0.062256,0.061623,0.061025,0.060446,0.059869,0.059099,0.058274,0.055447,0.052931,0.05208,0.051324,0.050711,0.050217,0.050006,0.049813,0.049647,0.0495,0.049379,0.049278,0.049196,0.049136,0.049097,0.04908,0.049088,0.049128,0.049203,0.049311,0.049451,0.049623,0.049834,0.050083,0.050321,0.050578,0.050876,0.051204,0.051876,0.053216,0.053746,0.054263,0.05471,0.055168,0.055551,0.055874,0.056131,0.056316,0.056452,0.056544,0.056593,0.056603,0.056582,0.056389,0.056347,0.056353,0.056385,0.056442,0.056526,0.056639,0.056779,0.056952,0.057157,0.057587,0.05862,0.058847,0.059033,0.059197,0.059321,0.059407,0.059458,0.05947,0.05944,0.059366,0.059252,0.059096,0.058889,0.058639,0.058335,0.058051,0.05774,0.05739,0.056986,0.056201,0.054339,0.053893,0.053516,0.053151,0.052844,0.052582,0.052365,0.052176,0.052029,0.051932,0.05188,0.051875,0.051916,0.052003,0.052138,0.052254,0.052382,0.052541,0.052707,0.052893,0.053113,0.053337,0.053599,0.053861,0.054163,0.054486,0.054828,0.055189,0.055569,0.055967,0.056413,0.057164,0.057993,0.0589,0.05992,0.060823,0.061863,0.065369,0.066691,0.067939,0.069031,0.070139,0.071112,0.071572,0.071984,0.072406,0.072782,0.073163,0.073522,0.073858,0.07415,0.07444,0.074689,0.074932,0.075135,0.07533,0.075488,0.075625,0.075748,0.07584,0.075915,0.075963,0.075992,0.075997,0.075971,0.075913,0.075827,0.075712,0.075562,0.075385,0.07517,0.074944,0.074696,0.074416,0.074089,0.073388,0.071895,0.071276,0.07065,0.070137,0.069861,0.06962,0.069402,0.069217,0.069047,0.06891,0.068797,0.068709,0.068647,0.068605,0.068586,0.06859,0.068616,0.068665,0.068735,0.06883,0.069031,0.069303,0.069596,0.070364,0.070734,0.070894,0.071027,0.071132,0.07121,0.071267,0.071294,0.071287,0.071249,0.071179,0.071075,0.070945,0.070777,0.070603,0.070405,0.070184,0.069927,0.069646,0.069342,0.069002,0.06864,0.067878,0.066982,0.065959,0.063751,0.062794,0.061797,0.060925,0.060435,0.059982,0.05955,0.059153,0.058762,0.058392,0.058044,0.057716,0.057324,0.056962,0.056613,0.056293,0.055995,0.05571,0.055446,0.05521,0.054995,0.054803,0.054642,0.054511,0.054408,0.054335,0.054291,0.054276,0.054292,0.054341,0.054423,0.054542,0.054683,0.054863,0.055587,0.055851,0.055971,0.056061,0.056125,0.056164,0.056175,0.056143,0.056067,0.055947,0.055805,0.055622,0.054919,0.054688,0.054585,0.054507,0.05445,0.054414,0.054401,0.054423,0.054483,0.05458,0.054712,0.054884,0.055098,0.055345,0.055528,0.055729,0.055949,0.056187,0.056443,0.056718,0.057012,0.057325,0.057655,0.058005,0.058372,0.058756,0.059158,0.059606,0.060072,0.060555,0.06141,0.062309,0.063283,0.064367,0.065335,0.066438,0.070162,0.071505,0.072814,0.07397,0.075107,0.076147,0.077056,0.077484,0.077893,0.078309,0.078701,0.079069,0.079413,0.079731,0.080005,0.080257,0.080484,0.080701,0.080879,0.081032,0.081161,0.081265,0.081345,0.081401,0.081432,0.08144,0.081428,0.081398,0.081347,0.081277,0.081186,0.081077,0.080949,0.080803,0.080628,0.080446,0.080234,0.080004,0.079757,0.079195,0.078698,0.078121,0.077485,0.076767,0.076122,0.075383,0.072773,0.071745,0.070748,0.06989,0.069034,0.068278,0.067601,0.066986,0.066481,0.066032,0.065643,0.065313,0.065043,0.064833,0.064683,0.064591,0.064557,0.064576,0.064648,0.064773,0.064954,0.065186,0.065474,0.06582,0.0662,0.066646,0.067146,0.067727,0.068296,0.068937,0.071358,0.07228,0.072758,0.073184,0.07356,0.073899,0.074281,0.074611,0.074887,0.075112,0.075292,0.075421,0.075504,0.07554,0.07553,0.075481,0.075388,0.075255,0.07508,0.074857,0.074594,0.074291,0.073979,0.073625,0.073228,0.07279,0.072363,0.071868,0.070067,0.069362,0.068662,0.06808,0.067767,0.06749,0.067249,0.067033,0.066842,0.066686,0.066549,0.066446,0.06636,0.06631,0.066296,0.066319,0.066377,0.066474,0.066606,0.066779,0.066967,0.067182,0.067443,0.067738,0.068376,0.069661,0.070178,0.070667,0.071065,0.071267,0.071443,0.071587,0.071705,0.071791,0.071852,0.071886,0.071892,0.071872,0.071821,0.071744,0.071635,0.071497,0.071332,0.071141,0.070915,0.070468,0.069922,0.069358,0.067979,0.067332,0.067036,0.066786,0.06657,0.066378,0.066204,0.066068,0.065964,0.065895,0.065858,0.065854,0.065883,0.065948,0.066086,0.066278,0.06654,0.066863,0.067246,0.067689,0.068208,0.068784,0.069312,0.0699,0.070548,0.071256,0.071901,0.072623,0.075055,0.075937,0.076764,0.077474,0.078176,0.078809,0.07937,0.079861,0.080302,0.080687,0.081013,0.081268,0.081463,0.081593,0.081668,0.08168,0.081658,0.081614,0.081547,0.08145,0.081338,0.081191,0.081033,0.080839,0.080637,0.080396,0.080132,0.079846,0.079538,0.079184,0.078833,0.078436,0.077758,0.077001,0.076165,0.075219,0.074341,0.073366,0.069964,0.06869,0.067454,0.066372,0.065821,0.065287,0.064802,0.064336,0.063889,0.063488,0.063106,0.062742,0.062398,0.062074,0.061769,0.061503,0.061238,0.061009,0.060783,0.060578,0.060392,0.060227,0.06008,0.059953,0.059844,0.059747,0.059674,0.059615,0.059554,0.059543,0.059584,0.059677,0.059797,0.059959,0.060699,0.060992,0.061123,0.061222,0.061296,0.061343,0.061363,0.06136,0.061332,0.061281,0.061141,0.060729,0.060644,0.060592,0.060572,0.060596,0.060661,0.060773,0.060953,0.061193,0.061499,0.061879,0.062245,0.062676,0.064168,0.064674,0.065126,0.065492,0.065662,0.065805,0.065927,0.066027,0.066101,0.066152,0.066181,0.066186,0.066162,0.066103,0.066008,0.065878,0.065714,0.065507,0.065266,0.064993,0.064729,0.064445,0.064128,0.063762,0.063067,0.061357,0.06094,0.060573,0.060213,0.059896,0.059621,0.059389,0.059181,0.059013,0.058887,0.058808,0.058772,0.058779,0.058828,0.05892,0.059085,0.059322,0.059624,0.059992,0.060422,0.060933,0.061506,0.06216,0.062739,0.063379,0.064081,0.064874,0.065602,0.06641,0.069142,0.070177,0.071183,0.072032,0.072895,0.073676,0.07435,0.074964,0.075268,0.075533,0.075799,0.076028,0.07624,0.076433,0.076607,0.076762,0.076898,0.077014,0.077111,0.077184,0.077243,0.077282,0.077302,0.077303,0.077287,0.077251,0.077197,0.077124,0.077033,0.076925,0.076658,0.076313,0.075889,0.075401,0.074819,0.074324,0.073755,0.073134,0.072414,0.071052,0.068417,0.067328,0.06627,0.065323,0.064358,0.063474,0.062689,0.061965,0.061334,0.060776,0.060273,0.059826,0.059435,0.0591,0.058814,0.058591,0.058488,0.058403,0.058338,0.058291,0.058263,0.058255,0.058265,0.058295,0.058345,0.058413,0.058497,0.058604,0.058724,0.058868,0.059032,0.059214,0.059593,0.060042,0.060561,0.061147,0.061736,0.062406,0.063088,0.06479,0.065663,0.066098,0.066495,0.066841,0.067149,0.067493,0.067772,0.068,0.068184,0.068321,0.068407,0.068446,0.068437,0.068394,0.068319,0.068213,0.068075,0.067908,0.067701,0.067464,0.067185,0.066877,0.066542,0.066152,0.065721,0.065285,0.064798,0.062868,0.06208,0.06131,0.06099,0.060688,0.060355,0.060053,0.059796,0.059571,0.059389,0.059241,0.059127,0.059047,0.059003,0.058994,0.05902,0.059079,0.059176,0.059307,0.059478,0.059681,0.059874,0.060097,0.060349,0.060629,0.061192,0.062577,0.062936,0.063241,0.063543,0.063797,0.064012,0.064188,0.064337,0.064449,0.064521,0.06455,0.064541,0.06449,0.064403,0.064273,0.064133,0.063965,0.063771,0.06355,0.063291,0.063006,0.06268,0.06233,0.061674,0.060886,0.060094,0.058188,0.057258,0.056803,0.056406,0.056051,0.055738,0.055425,0.055149,0.054921,0.054739,0.054594,0.054492,0.054424,0.054398,0.054403,0.054428,0.054473,0.054537,0.054621,0.054724,0.054848,0.055002,0.055166,0.05535,0.055554,0.055793,0.056036,0.056316,0.056597,0.056917,0.057258,0.057641,0.05802,0.058443,0.058885,0.059373,0.059881,0.060406,0.061467,0.062712,0.063998,0.067383,0.06838,0.069249,0.070214,0.071067,0.07184,0.072505,0.072903,0.073276,0.073604,0.073909,0.07419,0.07443,0.074661,0.074854,0.075022,0.075166,0.075285,0.075379,0.075446,0.075487,0.075502,0.075491,0.075437,0.075344,0.075201,0.075023,0.074805,0.074529,0.074207,0.07384,0.073429,0.072973,0.072475,0.071935,0.071353,0.070697,0.069998,0.069258,0.068647,0.06797,0.067267,0.066542,0.065746,0.064928,0.064038,0.063127,0.061515,0.059643,0.057843,0.05333,0.051004,0.049841,0.048803,0.047788,0.046848,0.045886,0.044956,0.044103,0.043284,0.0425,0.041791,0.041117,0.040478,0.039877,0.039344,0.038817,0.038357,0.037908,0.037521,0.037171,0.036858,0.036581,0.03634,0.036136,0.035959,0.035828,0.035727,0.035667,0.035639,0.035648,0.035696,0.035787,0.035917,0.036092,0.036305,0.036566,0.036862,0.037158,0.037477,0.037851,0.038264,0.039141,0.040974,0.041752,0.042508,0.043156,0.043504,0.043814,0.044101,0.044365,0.044604,0.044808,0.044988,0.045144,0.045276,0.045389,0.045477,0.045538,0.045576,0.04559,0.04558,0.045546,0.045495,0.045423,0.045329,0.04521,0.044934,0.044315,0.044066,0.043841,0.043683,0.043615,0.043567,0.043541,0.043536,0.043553,0.043592,0.043653,0.043732,0.043831,0.043951,0.044091,0.044257,0.044444,0.04465,0.044885,0.045149,0.045627,0.046211,0.046814,0.048388,0.049226,0.049635,0.050005,0.050337,0.050629,0.050926,0.051184,0.051402,0.051581,0.051727,0.051834,0.051908,0.051951,0.051963,0.051954,0.051875,0.051322,0.051158,0.051067,0.050964,0.050848,0.050719,0.05057,0.050403,0.050219,0.050012,0.04978,0.049533,0.04925,0.048952,0.04863,0.048269,0.047883,0.047456,0.046674,0.045778,0.044893,0.042787,0.041806,0.041341,0.040932,0.040561,0.040215,0.039869,0.039569,0.039303,0.039084,0.0389,0.038759,0.038649,0.038581,0.038548,0.038563,0.038624,0.038733,0.038886,0.039093,0.039344,0.039648,0.039927,0.040245,0.040602,0.041015,0.041809,0.043766,0.044253,0.044683,0.045098,0.04545,0.045753,0.046007,0.04623,0.046401,0.046528,0.046606,0.046639,0.046628,0.04657,0.046467,0.046333,0.046161,0.045952,0.045708,0.045416,0.045088,0.044709,0.044297,0.043933,0.04353,0.043087,0.042582,0.04162,0.039268,0.038654,0.038128,0.037584,0.03711,0.036688,0.036315,0.035947,0.035635,0.035367,0.035153,0.034983,0.034857,0.034778,0.034747,0.03475,0.034772,0.034814,0.034874,0.034954,0.035053,0.035171,0.035318,0.035473,0.03566,0.035852,0.036076,0.036319,0.03658,0.036858,0.037172,0.037698,0.03831,0.038986,0.039723,0.040411,0.041172,0.043876,0.044919,0.045929,0.046791,0.047675,0.048449,0.049137,0.049738,0.050022,0.050272,0.050722,0.051105,0.051422,0.051556,0.05168,0.051872,0.052003,0.052074,0.052087,0.052066,0.05201,0.051916,0.051795,0.051632,0.050814,0.050632,0.050483,0.050338,0.050232,0.050161,0.050125,0.050125,0.050158,0.050224,0.050326,0.05044,0.050583,0.051144,0.051354,0.051531,0.05165,0.051693,0.051718,0.051723,0.051709,0.051675,0.051623,0.051552,0.05146,0.051347,0.051216,0.051066,0.050892,0.050694,0.050478,0.049972,0.049414,0.048752,0.048023,0.045938,0.045329,0.044807,0.044249,0.043771,0.043372,0.043039,0.042791,0.042589,0.042437,0.042325,0.042263,0.042226,0.042203,0.042166,0.042125,0.042067,0.041992,0.041898,0.041776,0.041631,0.041463,0.041265,0.040854,0.039835,0.039594,0.039402,0.039227,0.039109,0.03905,0.039048,0.03909,0.039173,0.039298,0.039461,0.039665,0.039918,0.040212,0.040547,0.040896,0.041275,0.04171,0.0422,0.042672,0.043206,0.045164,0.045934,0.046691,0.047333,0.047676,0.047981,0.04825,0.048491,0.048705,0.048883,0.049032,0.049152,0.049255,0.049318,0.049341,0.049323,0.049264,0.049164,0.049026,0.048844,0.048627,0.048359,0.048047,0.047695,0.047327,0.046891,0.045155,0.044452,0.044096,0.043774,0.043495,0.04325,0.042989,0.042777,0.042607,0.042485,0.042408,0.042376,0.042388,0.042447,0.042518,0.042618,0.042744,0.042895,0.04307,0.043276,0.043507,0.04377,0.044055,0.044361,0.044697,0.045076,0.045877,0.047512,0.048166,0.048825,0.049372,0.049668,0.049942,0.050183,0.050392,0.050579,0.050741,0.050878,0.050986,0.051073,0.051135,0.05117,0.05118,0.051166,0.051126,0.051061,0.05097,0.05077,0.05049,0.050187,0.049427,0.049089,0.048945,0.048826,0.048734,0.048663,0.048614,0.04859,0.048591,0.048618,0.04867,0.04875,0.048856,0.048983,0.049121,0.049279,0.049457,0.049665,0.049894,0.050144,0.050412,0.050711,0.051269,0.051934,0.0526,0.054202,0.055,0.055384,0.055732,0.056043,0.056318,0.0566,0.056837,0.057038,0.057194,0.057314,0.057392,0.057433,0.057437,0.057393,0.0573,0.057157,0.056956,0.056704,0.056403,0.05604,0.055614,0.055228,0.054815,0.054337,0.053813,0.052791,0.050298,0.049664,0.049117,0.048583,0.048105,0.0477,0.047336,0.047017,0.046756,0.046541,0.046381,0.046264,0.0462,0.046185,0.046217,0.046285,0.046395,0.046544,0.04673,0.046953,0.047225,0.047532,0.04789,0.048246,0.048647,0.049092,0.049603,0.050642,0.052791,0.053675,0.054554,0.055288,0.05568,0.056045,0.056366,0.056658,0.056921,0.057142,0.057344,0.057506,0.057638,0.057746,0.057818,0.057864,0.057879,0.057865,0.05782,0.057747,0.057664,0.057558,0.057283,0.056974,0.056179,0.055982,0.055825,0.055678,0.055564,0.055488,0.055443,0.055431,0.055463,0.055538,0.055652,0.05581,0.056013,0.056263,0.05656,0.056921,0.057335,0.0578,0.058339,0.058905,0.059546,0.060265,0.061033,0.061713,0.062455,0.063261,0.064129,0.065852,0.068928,0.070069,0.071185,0.072192,0.073225,0.074167,0.074986,0.075714,0.076105,0.076474,0.076819,0.077119,0.077416,0.07767,0.077901,0.078108,0.078291,0.07845,0.078584,0.078694,0.078778,0.078834,0.07887,0.078881,0.078871,0.078839,0.078786,0.078712,0.078625,0.078512,0.078378,0.078225,0.078052,0.077846,0.077635,0.077389,0.077123,0.076839,0.076536,0.076217,0.075632,0.075006,0.074286,0.073499,0.072774,0.071967,0.069136,0.068101,0.067066,0.066191,0.065334,0.064559,0.063891,0.063282,0.062773,0.062322,0.06193,0.061612,0.061342,0.061143,0.061003,0.060918,0.060895,0.060913,0.060969,0.061067,0.061204,0.061378,0.061596,0.061861,0.062148,0.062477,0.062849,0.063264,0.0637,0.06419,0.066151,0.066977,0.067412,0.067795,0.068141,0.068453,0.068805,0.069109,0.069368,0.069591,0.069777,0.06992,0.070031,0.0701,0.070133,0.07013,0.07009,0.070012,0.069897,0.069746,0.069553,0.069326,0.069057,0.068756,0.068416,0.068022,0.067619,0.067153,0.065253,0.064477,0.064076,0.063722,0.063402,0.063105,0.062794,0.06252,0.062293,0.062104,0.061955,0.06185,0.061781,0.061752,0.06177,0.061845,0.06198,0.062178,0.062447,0.062795,0.063209,0.06409,0.064455,0.064807,0.06509,0.065238,0.065364,0.065466,0.065552,0.065618,0.065664,0.065693,0.065701,0.065691,0.065661,0.065611,0.065541,0.065452,0.065339,0.065207,0.065058,0.064754,0.064382,0.063997,0.063055,0.062602,0.06222,0.062066,0.061936,0.061816,0.061724,0.061656,0.061615,0.061599,0.061608,0.061643,0.061704,0.061786,0.061899,0.06203,0.062192,0.062379,0.0626,0.062845,0.063112,0.063638,0.064276,0.064926,0.06656,0.066993,0.067379,0.067783,0.06813,0.068421,0.068681,0.068935,0.069131,0.069276,0.069364,0.0694,0.069383,0.069313,0.069191,0.069085,0.068951,0.068794,0.068615,0.068406,0.068174,0.067922,0.067638,0.067062,0.066386,0.065633,0.063489,0.062854,0.062317,0.061731,0.061228,0.060796,0.060423,0.06011,0.059856,0.059653,0.059497,0.059404,0.059333,0.059211,0.059146,0.05904,0.058888,0.058782,0.058656,0.058509,0.058348,0.058165,0.05797,0.057742,0.057504,0.057215,0.0569,0.056559,0.056191,0.055799,0.055361,0.054898,0.054389,0.053473,0.052399,0.051332,0.048704,0.048006,0.047377,0.046723,0.046147,0.045624,0.045136,0.044633,0.044182,0.043803,0.043493,0.043238,0.043047,0.042907,0.042829,0.04281,0.04281,0.042829,0.042867,0.042924,0.042999,0.043094,0.043215,0.043347,0.043507,0.043687,0.043886,0.044104,0.044339,0.044591,0.044877,0.045359,0.045921,0.046545,0.047228,0.047866,0.048599,0.051168,0.052138,0.0531,0.053922,0.054738,0.055472,0.056122,0.056689,0.057176,0.057601,0.057962,0.058261,0.058506,0.058696,0.058826,0.058904,0.058925,0.058926,0.058907,0.058865,0.058803,0.05872,0.058485,0.058288,0.058042,0.057392,0.056849,0.056598,0.056347,0.055976,0.055579,0.055148,0.054675,0.054237,0.053729,0.052131,0.05162,0.051152,0.050775,0.050579,0.0504,0.050248,0.050121,0.050012,0.049928,0.049863,0.049817,0.049788,0.049795,0.049834,0.049907,0.050012,0.050157,0.050335,0.050544,0.050744,0.050975,0.051235,0.051525,0.052097,0.053476,0.053809,0.054102,0.054373,0.054609,0.05481,0.054975,0.055116,0.055219,0.055288,0.055321,0.055318,0.055281,0.055206,0.055094,0.054928,0.054706,0.054447,0.054128,0.053762,0.05335,0.052875,0.052356,0.051888,0.051371,0.050804,0.050187,0.048979,0.046104,0.045356,0.044713,0.044075,0.043498,0.043004,0.042551,0.042125,0.041766,0.041459,0.041206,0.041019,0.040886,0.040808,0.040789,0.040806,0.040843,0.040901,0.040986,0.041085,0.041215,0.041368,0.041544,0.041742,0.041962,0.042203,0.042465,0.042748,0.043072,0.043394,0.043759,0.044409,0.045109,0.045913,0.046792,0.047608,0.048514,0.051683,0.05287,0.054019,0.054991,0.055502,0.055965,0.056412,0.056839,0.057247,0.05761,0.057953,0.058276,0.058598,0.058878,0.059136,0.05937,0.059583,0.059771,0.059937,0.06007,0.060182,0.060279,0.060353,0.060403,0.06043,0.060433,0.060414,0.060372,0.060272,0.060118,0.059917,0.059671,0.059369,0.059024,0.058622,0.058164,0.057747,0.057286,0.05676,0.05619,0.054996,0.052336,0.051149,0.049944,0.048893,0.048315,0.047763,0.047237,0.046737,0.046262,0.045814,0.045375,0.044962,0.044472,0.043994,0.04354,0.043099,0.042671,0.042267,0.041887,0.041538,0.041234,0.040974,0.040752,0.040573,0.040432,0.040332,0.040269,0.040244,0.040255,0.040294,0.040365,0.040463,0.040592,0.04075,0.040938,0.041161,0.041414,0.041702,0.042027,0.042398,0.04278,0.043216,0.044975,0.045697,0.046066,0.046404,0.046702,0.046978,0.047279,0.047537,0.047762,0.047951,0.048106,0.04823,0.048323,0.048385,0.048421,0.048413,0.048365,0.048208,0.048151,0.048123,0.048139,0.048212,0.048348,0.048541,0.049017,0.049215,0.049388,0.049504,0.049548,0.049574,0.049582,0.049572,0.049495,0.049351,0.049265,0.049168,0.04906,0.048939,0.048803,0.048647,0.048472,0.048273,0.048084,0.047878,0.047402,0.046909,0.045838,0.045415,0.045086,0.044847,0.044749,0.044673,0.044622,0.044594,0.04459,0.04461,0.044656,0.044723,0.044856,0.04503,0.045249,0.045524,0.045848,0.046219,0.046635,0.047111,0.04754,0.048015,0.048536,0.049101,0.050205,0.052834,0.053489,0.054057,0.054616,0.055122,0.055556,0.055952,0.056307,0.056617,0.056869,0.057075,0.057233,0.057338,0.057399,0.05741,0.057386,0.057329,0.057242,0.057124,0.056977,0.056792,0.056577,0.056322,0.056039,0.055715,0.05535,0.054945,0.054519,0.054039,0.052123,0.051338,0.05093,0.050557,0.050221,0.04992,0.04959,0.049294,0.049045,0.048832,0.048657,0.048525,0.048429,0.048371,0.048349,0.04836,0.048404,0.04848,0.048587,0.04873,0.048912,0.049124,0.049343,0.049595,0.04988,0.05021,0.050921,0.052423,0.053053,0.053681,0.054199,0.054475,0.054716,0.054933,0.055118,0.055285,0.055421,0.055537,0.055627,0.055691,0.055733,0.055755,0.055756,0.055738,0.055699,0.055638,0.055558,0.055338,0.054629,0.05408,0.053899,0.053755,0.053609,0.053452,0.053277,0.053022,0.052738,0.052418,0.052062,0.051657,0.051218,0.050712,0.050172,0.049522,0.048815,0.04803,0.047168,0.046311,0.045338,0.044336,0.041796,0.040459,0.039757,0.039137,0.038596,0.038089,0.037524,0.037039,0.036634,0.036455,0.036294,0.036034,0.035926,0.035843,0.035772,0.035723,0.035693,0.035679,0.035691,0.035734,0.035816,0.035926,0.036068,0.036243,0.036451,0.036706,0.036979,0.037304,0.037663,0.038056,0.038482,0.03894,0.039429,0.039978,0.040427,0.040928,0.041448,0.041988,0.042544,0.043155,0.044467,0.045668,0.047031,0.048378,0.05171,0.053475,0.054359,0.055183,0.055949,0.056694,0.057455,0.058189,0.05886,0.059503,0.060117,0.060671,0.061197,0.061694,0.062161,0.062598,0.063005,0.063361,0.063689,0.064007,0.064279,0.064538,0.064767,0.064966,0.065137,0.065281,0.065397,0.065491,0.065558,0.065599,0.065613,0.065605,0.065576,0.065525,0.065456,0.065364,0.065249,0.06511,0.064809,0.064422,0.064021,0.062978,0.062442,0.062026,0.061644,0.061254,0.060869,0.060538,0.059746,0.059276,0.059006,0.058725,0.058433,0.058122,0.057624,0.057061,0.05643,0.055685,0.054783,0.05349,0.048904,0.048147,0.047559,0.047193,0.046887,0.046632,0.046428,0.04627,0.046162,0.046098,0.046078,0.04609,0.046118,0.046167,0.046233,0.046317,0.046421,0.046545,0.04668,0.046843,0.047016,0.047221,0.047432,0.047663,0.047928,0.048197,0.048503,0.04885,0.049219,0.049611,0.050023,0.050457,0.050935,0.051435,0.051981,0.053042,0.054281,0.055534,0.058882,0.059842,0.060682,0.06157,0.062379,0.063105,0.063724,0.064082,0.064415,0.064703,0.064966,0.065203,0.065413,0.065596,0.065741,0.065867,0.065959,0.066028,0.066064,0.066073,0.066054,0.066008,0.065934,0.065855,0.06575,0.065636,0.065493,0.065343,0.065162,0.064962,0.064743,0.064506,0.06425,0.063977,0.063687,0.063381,0.063033,0.062668,0.062285,0.061563,0.060762,0.059884,0.058896,0.057905,0.056814,0.052443,0.050579,0.04959,0.0487,0.047872,0.047077,0.046198,0.045368,0.044591,0.043892,0.043244,0.042647,0.0421,0.041585,0.041135,0.040728,0.040351,0.040003,0.039683,0.03939,0.039107,0.038833,0.038427,0.037366,0.036987,0.036087,0.035843,0.035647,0.035402,0.035236,0.035136,0.035103,0.035113,0.035144,0.035196,0.035269,0.035363,0.035477,0.035617,0.035778,0.03614,0.036601,0.037112,0.038516,0.03891,0.039232,0.039555,0.039801,0.039972,0.040032,0.040075,0.040102,0.040109,0.040097,0.040066,0.040016,0.039944,0.039854,0.039746,0.039524,0.039233,0.038926,0.038172,0.037822,0.037663,0.037535,0.03743,0.037347,0.037278,0.037234,0.037218,0.037229,0.037266,0.037329,0.037421,0.037542,0.037745,0.038002,0.038298,0.038659,0.039072,0.039536,0.040072,0.040658,0.041267,0.041944,0.042688,0.043499,0.044313,0.045245,0.048733,0.05017,0.050924,0.051595,0.052211,0.052801,0.05346,0.05405,0.054594,0.05507,0.055501,0.055883,0.056216,0.05649,0.0567,0.056881,0.057016,0.05712,0.057187,0.05722,0.057217,0.057178,0.057121,0.057039,0.056933,0.056795,0.056495,0.055872,0.055632,0.055405,0.055231,0.055084,0.055001,0.054977,0.055014,0.055103,0.055249,0.055453,0.055715,0.055975,0.056302,0.057379,0.05772,0.058023,0.058255,0.058441,0.058578,0.058662,0.0587,0.058698,0.058677,0.058633,0.058571,0.058488,0.058384,0.058257,0.058109,0.057939,0.057746,0.057546,0.057309,0.057051,0.05677,0.056467,0.056144,0.055823,0.055459,0.055076,0.054674,0.054254,0.053788,0.053304,0.052771,0.051757,0.050594,0.049393,0.046276,0.045367,0.04455,0.043664,0.042885,0.042178,0.041546,0.041184,0.040841,0.040518,0.040236,0.039954,0.039711,0.039488,0.039286,0.039103,0.038942,0.038802,0.038684,0.038587,0.038512,0.038463,0.03843,0.038424,0.038475,0.038582,0.038752,0.038981,0.039266,0.039603,0.040009,0.040444,0.040944,0.041509,0.042164,0.042829,0.043577,0.046511,0.04771,0.048347,0.048903,0.049406,0.049856,0.050353,0.0508,0.051177,0.051502,0.05177,0.051972,0.05212,0.052213,0.05224,0.05225,0.05224,0.052212,0.052168,0.052102,0.052018,0.051914,0.051793,0.051653,0.051497,0.051309,0.051102,0.050877,0.050376,0.049917,0.049398,0.048818,0.048155,0.047565,0.046878,0.044542,0.043659,0.042833,0.042094,0.041378,0.04076,0.040217,0.039731,0.039335,0.038995,0.038712,0.038489,0.03833,0.038222,0.038171,0.038177,0.038211,0.03827,0.038353,0.038459,0.038594,0.038751,0.038938,0.039146,0.039539,0.040026,0.040518,0.041772,0.042387,0.042922,0.043347,0.043676,0.043931,0.044033,0.044116,0.044182,0.044227,0.04426,0.04427,0.044256,0.04422,0.04416,0.044079,0.043972,0.043837,0.043564,0.043209,0.042834,0.041887,0.041424,0.041216,0.041039,0.040896,0.040784,0.040694,0.040644,0.040634,0.040664,0.040734,0.040845,0.040998,0.041185,0.041412,0.041689,0.042007,0.042365,0.042779,0.043232,0.043743,0.04429,0.044782,0.04532,0.045901,0.046527,0.047747,0.050831,0.051672,0.052391,0.05315,0.053825,0.054419,0.054972,0.055515,0.055988,0.056409,0.056774,0.057082,0.057326,0.057515,0.057655,0.057726,0.057763,0.057765,0.057733,0.057667,0.057565,0.057431,0.057261,0.057086,0.056891,0.05666,0.056401,0.055842,0.054679,0.054201,0.053733,0.053346,0.053142,0.052963,0.052801,0.052658,0.052534,0.052433,0.05235,0.052285,0.052215,0.052196,0.052226,0.052305,0.052426,0.052596,0.052798,0.053406,0.053572,0.0537,0.053818,0.053889,0.053916,0.053901,0.053832,0.053707,0.053525,0.05328,0.052992,0.052637,0.052233,0.051061,0.050725,0.050444,0.050154,0.049917,0.049736,0.049608,0.049536,0.0495,0.049499,0.049532,0.049583,0.049661,0.049983,0.050096,0.050184,0.050232,0.050245,0.050233,0.050095,0.050093,0.050113,0.050174,0.050277,0.050423,0.050611,0.05085,0.051136,0.051476,0.05187,0.052291,0.052773,0.053319,0.053926,0.054517,0.055215,0.057604,0.058488,0.058937,0.05933,0.059685,0.060018,0.060381,0.060691,0.060948,0.061165,0.06133,0.061451,0.061525,0.061555,0.06155,0.061528,0.061487,0.061429,0.061353,0.061259,0.061146,0.061015,0.060866,0.060699,0.060514,0.06031,0.06009,0.059833,0.059576,0.059281,0.058968,0.058612,0.058261,0.057867,0.057455,0.057026,0.056058,0.055061,0.053951,0.052769,0.049592,0.048664,0.047829,0.046933,0.046115,0.045407,0.044777,0.044411,0.044089,0.043767,0.043489,0.043234,0.043001,0.042791,0.042606,0.042446,0.04231,0.042201,0.042122,0.042062,0.04203,0.04202,0.042035,0.042111,0.042251,0.042452,0.042715,0.043052,0.04345,0.043926,0.04446,0.044997,0.045601,0.046273,0.047011,0.047751,0.048578,0.051824,0.053137,0.053816,0.054443,0.055017,0.055566,0.056162,0.056694,0.057186,0.057636,0.058041,0.058386,0.058687,0.058946,0.059152,0.059326,0.059458,0.059549,0.0596,0.059612,0.059585,0.059521,0.059429,0.059308,0.059156,0.058963,0.058536,0.057611,0.05725,0.056914,0.05666,0.056544,0.056456,0.056394,0.056359,0.056351,0.05637,0.056415,0.056487,0.056587,0.056713,0.056867,0.057046,0.057263,0.057505,0.057774,0.05808,0.058659,0.059347,0.06004,0.061756,0.062579,0.062972,0.063309,0.063622,0.063895,0.064152,0.064376,0.064565,0.06471,0.064819,0.064891,0.064926,0.064923,0.064879,0.064786,0.064653,0.064469,0.06424,0.063967,0.063637,0.063264,0.062871,0.062445,0.061968,0.061441,0.060912,0.060294,0.057982,0.057048,0.056565,0.056122,0.055719,0.055355,0.054939,0.054571,0.054237,0.05395,0.053695,0.053475,0.05329,0.053139,0.053025,0.052946,0.052902,0.052892,0.052917,0.052978,0.053071,0.053201,0.053331,0.053487,0.053672,0.053884,0.054316,0.055394,0.055667,0.055899,0.056116,0.056287,0.056427,0.056528,0.056597,0.056624,0.056609,0.056551,0.056449,0.056302,0.056109,0.055881,0.055625,0.055316,0.054983,0.054594,0.054166,0.0537,0.053175,0.052613,0.052106,0.051548,0.050968,0.050306,0.049067,0.046032,0.045222,0.04453,0.043805,0.043174,0.042606,0.042076,0.041544,0.041088,0.040686,0.040356,0.040082,0.039865,0.039707,0.039613,0.039572,0.039599,0.039691,0.039849,0.040071,0.040367,0.040728,0.041148,0.041602,0.042101,0.042668,0.043327,0.043967,0.04472,0.047485,0.048595,0.049154,0.049664,0.050124,0.050559,0.051031,0.05146,0.051826,0.052131,0.052394,0.052611,0.052782,0.052899,0.052953,0.052985,0.053001,0.052998,0.052979,0.052938,0.052884,0.052805,0.052716,0.052601,0.052479,0.052327,0.052158,0.051971,0.051546,0.051078,0.050533,0.049909,0.049208,0.048492,0.047683,0.046849,0.044561,0.043888,0.043294,0.042663,0.042091,0.041577,0.041097,0.040571,0.040125,0.039754,0.039442,0.039192,0.039014,0.038894,0.038836,0.038838,0.038906,0.039033,0.039228,0.039486,0.039803,0.040194,0.040663,0.041096,0.041565,0.04209,0.042671,0.043222,0.043846,0.045918,0.046693,0.047415,0.04805,0.04867,0.049218,0.049671,0.050074,0.05042,0.050704,0.050925,0.051071,0.051153,0.051169,0.05115,0.051116,0.051062,0.050996,0.050905,0.050795,0.050667,0.050506,0.050339,0.050153,0.04995,0.049708,0.049468,0.049186,0.048885,0.048565,0.048226,0.04787,0.047496,0.047073,0.046352,0.045588,0.044747,0.04379,0.042925,0.041956,0.038639,0.037405,0.036204,0.035129,0.03407,0.033149,0.032327,0.031927,0.031575,0.031214,0.030875,0.030557,0.030284,0.030011,0.02978,0.029553,0.029366,0.029186,0.029043,0.028921,0.02882,0.028741,0.028683,0.028647,0.028632,0.02865,0.028715,0.028825,0.028987,0.029196,0.029448,0.029759,0.030112,0.030504,0.030953,0.031437,0.032,0.032566,0.033234,0.035864,0.036964,0.037552,0.038065,0.038528,0.038965,0.039429,0.03985,0.040224,0.040536,0.040801,0.041018,0.04118,0.041301,0.041367,0.041398,0.04139,0.041344,0.041262,0.041138,0.040979,0.040776,0.040563,0.040312,0.040024,0.039698,0.038973,0.037412,0.036762,0.036132,0.035864,0.035613,0.03535,0.035115,0.034911,0.034746,0.03461,0.034505,0.03443,0.034386,0.034372,0.034378,0.034402,0.034447,0.034512,0.034594,0.034698,0.034826,0.035074,0.035392,0.035729,0.036661,0.037152,0.037385,0.037581,0.037753,0.0379,0.038015,0.038108,0.038184,0.038244,0.038307,0.038381,0.038425,0.038485,0.038582,0.038713,0.038875,0.03908,0.039311,0.039584,0.039889,0.040235,0.040623,0.041069,0.041559,0.042091,0.042574,0.043083,0.043638,0.044265,0.045473,0.04827,0.048973,0.049579,0.050181,0.050729,0.051201,0.051638,0.052054,0.052409,0.052721,0.052975,0.053184,0.053348,0.053464,0.053533,0.053555,0.053526,0.05345,0.053323,0.053147,0.052924,0.052646,0.052324,0.052009,0.051649,0.051243,0.050775,0.049833,0.047961,0.047222,0.046481,0.045869,0.045535,0.04524,0.044966,0.044715,0.044501,0.044309,0.044142,0.043998,0.043867,0.043766,0.043695,0.043654,0.043642,0.043659,0.043705,0.043779,0.043873,0.043995,0.044145,0.044322,0.044716,0.04556,0.045889,0.046199,0.046437,0.046547,0.046637,0.046703,0.046743,0.04676,0.046753,0.046721,0.046668,0.046587,0.046481,0.046349,0.046194,0.046014,0.0458,0.045563,0.045303,0.044802,0.044202,0.043596,0.042142,0.041451,0.041127,0.040851,0.040607,0.040383,0.040179,0.039998,0.039842,0.039719,0.03962,0.039552,0.039505,0.039486,0.03951,0.039597,0.039747,0.039962,0.040239,0.040591,0.041007,0.041501,0.041946,0.04245,0.043013,0.043633,0.044202,0.044869,0.047064,0.047848,0.048581,0.04923,0.049864,0.050406,0.05088,0.051304,0.051659,0.051959,0.052193,0.052372,0.052495,0.052561,0.05257,0.052524,0.052443,0.052317,0.052151,0.051945,0.051701,0.051406,0.051056,0.050668,0.050309,0.049927,0.049502,0.049036,0.048131,0.045864,0.045259,0.044748,0.044221,0.043771,0.043377,0.043022,0.042695,0.042419,0.042198,0.042041,0.041939,0.041894,0.041905,0.04197,0.042035,0.042112,0.042215,0.042337,0.042479,0.04264,0.042819,0.043018,0.043235,0.043469,0.043722,0.044015,0.044327,0.044658,0.045006,0.045372,0.046028,0.046726,0.047494,0.048368,0.049165,0.050056,0.053132,0.054257,0.05535,0.056296,0.057261,0.058102,0.058853,0.059538,0.059855,0.060154,0.060434,0.060676,0.060919,0.061126,0.061316,0.061489,0.061644,0.061782,0.061902,0.062013,0.062098,0.062165,0.062215,0.06225,0.062266,0.06224,0.06217,0.06206,0.06191,0.061714,0.061469,0.061187,0.060917,0.060625,0.060298,0.059917,0.059166,0.057657,0.057039,0.056429,0.05589,0.055349,0.054879,0.054481,0.054141,0.053869,0.053651,0.053481,0.053356,0.053279,0.053233,0.053216,0.05321,0.053186,0.053143,0.05306,0.052944,0.052793,0.0526,0.052337,0.05202,0.05164,0.051196,0.050764,0.050255,0.048501,0.047888,0.047586,0.047316,0.047077,0.046871,0.046647,0.046468,0.04633,0.046227,0.046162,0.046138,0.046153,0.046203,0.046327,0.046509,0.046755,0.047065,0.047438,0.047875,0.048373,0.048957,0.049631,0.050397,0.051226,0.052179,0.053149,0.054233,0.055389,0.058437,0.059314,0.060095,0.060954,0.061705,0.062381,0.062983,0.06335,0.06367,0.063972,0.064255,0.064517,0.064739,0.06496,0.065143,0.065306,0.065449,0.065571,0.065672,0.065752,0.065809,0.065845,0.065857,0.065841,0.065787,0.065688,0.065555,0.065385,0.065161,0.064912,0.064604,0.064278,0.063888,0.063457,0.062986,0.062476,0.061928,0.061343,0.06068,0.060114,0.059523,0.05891,0.058275,0.057569,0.056842,0.056094,0.055273,0.053808,0.052182,0.050583,0.046638,0.044582,0.043549,0.04265,0.04177,0.040966,0.040133,0.039329,0.038554,0.037858,0.037193,0.036601,0.035999,0.03547,0.034971,0.034506,0.034074,0.033704,0.033339,0.033031,0.032735,0.032492,0.032265,0.032088,0.031941,0.031819,0.031738,0.031684,0.031667,0.031682,0.031714,0.031763,0.031829,0.03192,0.032021,0.03215,0.032449,0.032632,0.032832,0.033281,0.033816,0.034439,0.035003,0.035604,0.036268,0.037028,0.037712,0.038483,0.04124,0.042299,0.043328,0.044218,0.045123,0.045941,0.046669,0.047309,0.047885,0.048147,0.048393,0.048622,0.048833,0.049189,0.04948,0.049606,0.049715,0.049882,0.04994,0.049986,0.050014,0.050023,0.050012,0.04998,0.049929,0.049855,0.049761,0.04965,0.049381,0.049032,0.048621,0.047724,0.047346,0.046974,0.046679,0.046384,0.046265,0.046162,0.046078,0.046015,0.045939,0.04593,0.045986,0.046111,0.046301,0.04651,0.046774,0.047762,0.048107,0.048401,0.048512,0.048605,0.048685,0.048738,0.048767,0.04877,0.048749,0.048703,0.048631,0.048537,0.048414,0.048257,0.048071,0.047858,0.047618,0.04734,0.047036,0.046708,0.046052,0.045265,0.044467,0.042378,0.041804,0.041307,0.040791,0.04033,0.039928,0.039597,0.039419,0.039267,0.039125,0.039008,0.03891,0.038831,0.03877,0.038729,0.038708,0.038707,0.038725,0.038762,0.03882,0.038895,0.038988,0.039099,0.039229,0.039389,0.039557,0.039757,0.039962,0.040202,0.040445,0.040723,0.04102,0.041336,0.041671,0.042023,0.042417,0.04283,0.04326,0.043708,0.044481,0.045354,0.046299,0.047346,0.048261,0.04933,0.052875,0.054156,0.055373,0.056421,0.057483,0.058426,0.059278,0.060012,0.060376,0.060719,0.061041,0.06134,0.061598,0.061836,0.062051,0.062244,0.062413,0.062549,0.062672,0.062764,0.062837,0.062883,0.062906,0.062906,0.062877,0.062817,0.062727,0.062615,0.062465,0.062284,0.062072,0.06183,0.061557,0.061255,0.060922,0.060561,0.060172,0.059728,0.059254,0.05875,0.058283,0.057794,0.057286,0.056722,0.056138,0.055535,0.054875,0.054196,0.052918,0.051423,0.049935,0.046085,0.044954,0.043973,0.042891,0.041886,0.040997,0.040147,0.039203,0.038357,0.037605,0.036918,0.036588,0.0363,0.035774,0.035536,0.035315,0.035111,0.034925,0.034756,0.034604,0.03447,0.034353,0.034253,0.034171,0.034105,0.034053,0.034022,0.034007,0.03403,0.034069,0.034124,0.034283,0.034485,0.034745,0.035064,0.03544,0.035821,0.036277,0.038026,0.038721,0.039059,0.03936,0.039624,0.039862,0.0401,0.040297,0.040444,0.040546,0.040603,0.040613,0.040579,0.0405,0.040375,0.040205,0.03999,0.039732,0.039416,0.039055,0.038653,0.03819,0.037779,0.03732,0.036813,0.036258,0.035176,0.032591,0.031934,0.031377,0.030821,0.030322,0.029878,0.02949,0.02914,0.028829,0.028562,0.028352,0.028185,0.028065,0.027992,0.027968,0.027979,0.028013,0.028072,0.028154,0.028261,0.028392,0.028548,0.028728,0.028931,0.029159,0.02941,0.029684,0.02998,0.030325,0.030667,0.031059,0.031475,0.031913,0.032373,0.032853,0.033353,0.033909,0.034485,0.035119,0.036355,0.037729,0.039188,0.043268,0.044493,0.045556,0.046705,0.047759,0.048716,0.049577,0.050063,0.050524,0.05096,0.051369,0.051751,0.052083,0.05239,0.052671,0.052945,0.053173,0.053375,0.053551,0.053701,0.053825,0.053923,0.054,0.054057,0.054062,0.054014,0.053914,0.053756,0.053548,0.053279,0.052963,0.052637,0.052279,0.051874,0.051403,0.050948,0.050434,0.048419,0.047599,0.046784,0.046111,0.04575,0.045415,0.045123,0.044858,0.044621,0.044422,0.044243,0.0441,0.043984,0.043892,0.043829,0.043795,0.043789,0.043812,0.043863,0.043944,0.04404,0.044163,0.044312,0.044488,0.044883,0.045739,0.046079,0.046401,0.046645,0.046762,0.046858,0.04693,0.046979,0.047007,0.047011,0.046993,0.046953,0.046892,0.046803,0.046697,0.046563,0.046407,0.046219,0.046009,0.045778,0.045327,0.044788,0.04424,0.04292,0.042287,0.041986,0.041729,0.041502,0.041295,0.041102,0.040944,0.040812,0.040714,0.040642,0.040599,0.040585,0.040599,0.040633,0.040687,0.04076,0.040853,0.040967,0.041091,0.041244,0.041417,0.041609,0.041822,0.042053,0.042304,0.042573,0.04288,0.043206,0.043551,0.04415,0.044817,0.04558,0.046412,0.047162,0.048022,0.050912,0.051962,0.05298,0.053869,0.054734,0.055511,0.056176,0.056755,0.057027,0.05728,0.057514,0.057714,0.057907,0.058069,0.058211,0.058335,0.058439,0.058524,0.058589,0.058635,0.058661,0.058667,0.058653,0.058617,0.058508,0.05833,0.058089,0.057787,0.057413,0.056979,0.056473,0.055891,0.055371,0.054796,0.054166,0.053458,0.052082,0.049484,0.048486,0.047492,0.04664,0.045764,0.044972,0.044286,0.043685,0.043385,0.043105,0.042847,0.042623,0.042407,0.042223,0.04205,0.041907,0.041784,0.041676,0.041593,0.041527,0.041483,0.04146,0.041457,0.041475,0.041529,0.041616,0.041735,0.04189,0.042084,0.042308,0.042569,0.04288,0.043437,0.044128,0.044864,0.047028,0.047695,0.048292,0.048927,0.049494,0.050016,0.050503,0.050941,0.051357,0.051769,0.052198,0.052708,0.053376,0.05422,0.054744,0.055022,0.05526,0.055458,0.055625,0.055765,0.055877,0.055963,0.056022,0.056055,0.056067,0.056059,0.056031,0.055933,0.055622,0.055567,0.055547,0.055571,0.055651,0.055788,0.055984,0.056121,0.056271,0.056441,0.056636,0.056852,0.057086,0.057349,0.05763,0.058143,0.05876,0.05937,0.060835,0.061539,0.062166,0.062683,0.062924,0.063135,0.063325,0.063485,0.063624,0.06374,0.063834,0.063905,0.063952,0.063978,0.063983,0.063967,0.06393,0.063874,0.063794,0.063692,0.063484,0.063204,0.062912,0.062169,0.061822,0.061542,0.061434,0.061347,0.061279,0.06123,0.061202,0.061194,0.061207,0.061241,0.061295,0.06137,0.061554,0.0618,0.062121,0.062518,0.062902,0.06335,0.064926,0.06547,0.065971,0.066366,0.066549,0.066713,0.06685,0.066968,0.067066,0.067139,0.067192,0.067224,0.067231,0.067178,0.067067,0.066892,0.066658,0.066358,0.066001,0.065568,0.065165,0.064701,0.06419,0.063603,0.06248,0.05957,0.058785,0.058074,0.05745,0.056865,0.056288,0.055732,0.054898,0.054016,0.050996,0.048551,0.047797,0.047128,0.046561,0.046061,0.045619,0.045336,0.045074,0.044834,0.044623,0.044433,0.044259,0.044107,0.043976,0.043795,0.043648,0.043541,0.043319,0.043163,0.043062,0.042946,0.042814,0.042665,0.042387,0.042043,0.041688,0.040886,0.040552,0.040286,0.040084,0.039992,0.039921,0.039869,0.03984,0.039831,0.039842,0.039874,0.039928,0.040002,0.040099,0.040211,0.040351,0.040512,0.040694,0.040898,0.041121,0.041522,0.041994,0.042528,0.043148,0.043794,0.044535,0.045369,0.048096,0.048981,0.049787,0.050678,0.051507,0.052302,0.05305,0.053496,0.053936,0.054357,0.05475,0.055114,0.05546,0.055777,0.056057,0.056309,0.056525,0.056714,0.056881,0.057015,0.057126,0.05721,0.057269,0.057308,0.057286,0.057206,0.057068,0.056869,0.056607,0.056282,0.055893,0.055443,0.054918,0.054318,0.053645,0.052962,0.052182,0.051393,0.049324,0.04823,0.047677,0.047191,0.046755,0.046368,0.04594,0.045597,0.045314,0.045103,0.044955,0.044876,0.044861,0.04491,0.04502,0.045199,0.045433,0.045739,0.046107,0.046534,0.047037,0.047618,0.048185,0.048794,0.049489,0.050273,0.051036,0.051877,0.055255,0.056637,0.057372,0.058057,0.058667,0.059252,0.0599,0.060509,0.061057,0.061565,0.062032,0.062459,0.062845,0.063192,0.063575,0.063912,0.064202,0.064457,0.064652,0.06483,0.064989,0.065408,0.065559,0.065714,0.06592,0.066145,0.066393,0.066673,0.066974,0.067304,0.067672,0.068088,0.068909,0.07089,0.071396,0.071827,0.07225,0.072615,0.072934,0.073217,0.073443,0.07364,0.073812,0.073966,0.074182,0.074582,0.074712,0.074852,0.075028,0.075234,0.07547,0.075738,0.076126,0.076576,0.0771,0.077697,0.078267,0.078939,0.079605,0.08119,0.081979,0.082361,0.08271,0.083026,0.083307,0.083615,0.083878,0.084098,0.084284,0.084434,0.084543,0.084615,0.08465,0.08464,0.084567,0.084432,0.084225,0.083952,0.083616,0.083205,0.082716,0.08226,0.081767,0.081198,0.080552,0.079945,0.079271,0.076832,0.075871,0.074907,0.074086,0.073652,0.073239,0.072868,0.072521,0.072198,0.071914,0.071654,0.071418,0.071205,0.071008,0.070837,0.070691,0.070571,0.070474,0.070398,0.070345,0.070313,0.070303,0.070313,0.070345,0.07046,0.070781,0.070898,0.070974,0.070986,0.070981,0.070951,0.070893,0.070809,0.070696,0.070554,0.070389,0.070189,0.069959,0.069753,0.069529,0.069287,0.069017,0.068412,0.0677,0.067066,0.066335,0.063484,0.062256,0.061623,0.061025,0.060446,0.059869,0.059099,0.058274,0.055447,0.052931,0.05208,0.051324,0.050711,0.050217,0.050006,0.049813,0.049647,0.0495,0.049379,0.049278,0.049196,0.049136,0.049097,0.04908,0.049088,0.049128,0.049203,0.049311,0.049451,0.049623,0.049834,0.050083,0.050321,0.050578,0.050876,0.051204,0.051876,0.053216,0.053746,0.054263,0.05471,0.055168,0.055551,0.055874,0.056131,0.056316,0.056452,0.056544,0.056593,0.056603,0.056582,0.056389,0.056347,0.056353,0.056385,0.056442,0.056526,0.056639,0.056779,0.056952,0.057157,0.057587,0.05862,0.058847,0.059033,0.059197,0.059321,0.059407,0.059458,0.05947,0.05944,0.059366,0.059252,0.059096,0.058889,0.058639,0.058335,0.058051,0.05774,0.05739,0.056986,0.056201,0.054339,0.053893,0.053516,0.053151,0.052844,0.052582,0.052365,0.052176,0.052029,0.051932,0.05188,0.051875,0.051916,0.052003,0.052138,0.052254,0.052382,0.052541,0.052707,0.052893,0.053113,0.053337,0.053599,0.053861,0.054163,0.054486,0.054828,0.055189,0.055569,0.055967,0.056413,0.057164,0.057993,0.0589,0.05992,0.060823,0.061863,0.065369,0.066691,0.067939,0.069031,0.070139,0.071112,0.071572,0.071984,0.072406,0.072782,0.073163,0.073522,0.073858,0.07415,0.07444,0.074689,0.074932,0.075135,0.07533,0.075488,0.075625,0.075748,0.07584,0.075915,0.075963,0.075992,0.075997,0.075971,0.075913,0.075827,0.075712,0.075562,0.075385,0.07517,0.074944,0.074696,0.074416,0.074089,0.073388,0.071895,0.071276,0.07065,0.070137,0.069861,0.06962,0.069402,0.069217,0.069047,0.06891,0.068797,0.068709,0.068647,0.068605,0.068586,0.06859,0.068616,0.068665,0.068735,0.06883,0.069031,0.069303,0.069596,0.070364,0.070734,0.070894,0.071027,0.071132,0.07121,0.071267,0.071294,0.071287,0.071249,0.071179,0.071075,0.070945,0.070777,0.070603,0.070405,0.070184,0.069927,0.069646,0.069342,0.069002,0.06864,0.067878,0.066982,0.065959,0.063751,0.062794,0.061797,0.060925,0.060435,0.059982,0.05955,0.059153,0.058762,0.058392,0.058044,0.057716,0.057324,0.056962,0.056613,0.056293,0.055995,0.05571,0.055446,0.05521,0.054995,0.054803,0.054642,0.054511,0.054408,0.054335,0.054291,0.054276,0.054292,0.054341,0.054423,0.054542,0.054683,0.054863,0.055587,0.055851,0.055971,0.056061,0.056125,0.056164,0.056175,0.056143,0.056067,0.055947,0.055805,0.055622,0.054919,0.054688,0.054585,0.054507,0.05445,0.054414,0.054401,0.054423,0.054483,0.05458,0.054712,0.054884,0.055098,0.055345,0.055528,0.055729,0.055949,0.056187,0.056443,0.056718,0.057012,0.057325,0.057655,0.058005,0.058372,0.058756,0.059158,0.059606,0.060072,0.060555,0.06141,0.062309,0.063283,0.064367,0.065335,0.066438,0.070162,0.071505,0.072814,0.07397,0.075107,0.076147,0.077056,0.077484,0.077893,0.078309,0.078701,0.079069,0.079413,0.079731,0.080005,0.080257,0.080484,0.080701,0.080879,0.081032,0.081161,0.081265,0.081345,0.081401,0.081432,0.08144,0.081428,0.081398,0.081347,0.081277,0.081186,0.081077,0.080949,0.080803,0.080628,0.080446,0.080234,0.080004,0.079757,0.079195,0.078698,0.078121,0.077485,0.076767,0.076122,0.075383,0.072773,0.071745,0.070748,0.06989,0.069034,0.068278,0.067601,0.066986,0.066481,0.066032,0.065643,0.065313,0.065043,0.064833,0.064683,0.064591,0.064557,0.064576,0.064648,0.064773,0.064954,0.065186,0.065474,0.06582,0.0662,0.066646,0.067146,0.067727,0.068296,0.068937,0.071358,0.07228,0.072758,0.073184,0.07356,0.073899,0.074281,0.074611,0.074887,0.075112,0.075292,0.075421,0.075504,0.07554,0.07553,0.075481,0.075388,0.075255,0.07508,0.074857,0.074594,0.074291,0.073979,0.073625,0.073228,0.07279,0.072363,0.071868,0.070067,0.069362,0.068662,0.06808,0.067767,0.06749,0.067249,0.067033,0.066842,0.066686,0.066549,0.066446,0.06636,0.06631,0.066296,0.066319,0.066377,0.066474,0.066606,0.066779,0.066967,0.067182,0.067443,0.067738,0.068376,0.069661,0.070178,0.070667,0.071065,0.071267,0.071443,0.071587,0.071705,0.071791,0.071852,0.071886,0.071892,0.071872,0.071821,0.071744,0.071635,0.071497,0.071332,0.071141,0.070915,0.070468,0.069922,0.069358,0.067979,0.067332,0.067036,0.066786,0.06657,0.066378,0.066204,0.066068,0.065964,0.065895,0.065858,0.065854,0.065883,0.065948,0.066086,0.066278,0.06654,0.066863,0.067246,0.067689,0.068208,0.068784,0.069312,0.0699,0.070548,0.071256,0.071901,0.072623,0.075055,0.075937,0.076764,0.077474,0.078176,0.078809,0.07937,0.079861,0.080302,0.080687,0.081013,0.081268,0.081463,0.081593,0.081668,0.08168,0.081658,0.081614,0.081547,0.08145,0.081338,0.081191,0.081033,0.080839,0.080637,0.080396,0.080132,0.079846,0.079538,0.079184,0.078833,0.078436,0.077758,0.077001,0.076165,0.075219,0.074341,0.073366,0.069964,0.06869,0.067454,0.066372,0.065821,0.065287,0.064802,0.064336,0.063889,0.063488,0.063106,0.062742,0.062398,0.062074,0.061769,0.061503,0.061238,0.061009,0.060783,0.060578,0.060392,0.060227,0.06008,0.059953,0.059844,0.059747,0.059674,0.059615,0.059554,0.059543,0.059584,0.059677,0.059797,0.059959,0.060699,0.060992,0.061123,0.061222,0.061296,0.061343,0.061363,0.06136,0.061332,0.061281,0.061141,0.060729,0.060644,0.060592,0.060572,0.060596,0.060661,0.060773,0.060953,0.061193,0.061499,0.061879,0.062245,0.062676,0.064168,0.064674,0.065126,0.065492,0.065662,0.065805,0.065927,0.066027,0.066101,0.066152,0.066181,0.066186,0.066162,0.066103,0.066008,0.065878,0.065714,0.065507,0.065266,0.064993,0.064729,0.064445,0.064128,0.063762,0.063067,0.061357,0.06094,0.060573,0.060213,0.059896,0.059621,0.059389,0.059181,0.059013,0.058887,0.058808,0.058772,0.058779,0.058828,0.05892,0.059085,0.059322,0.059624,0.059992,0.060422,0.060933,0.061506,0.06216,0.062739,0.063379,0.064081,0.064874,0.065602,0.06641,0.069142,0.070177,0.071183,0.072032,0.072895,0.073676,0.07435,0.074964,0.075268,0.075533,0.075799,0.076028,0.07624,0.076433,0.076607,0.076762,0.076898,0.077014,0.077111,0.077184,0.077243,0.077282,0.077302,0.077303,0.077287,0.077251,0.077197,0.077124,0.077033,0.076925,0.076658,0.076313,0.075889,0.075401,0.074819,0.074324,0.073755,0.073134,0.072414,0.071052,0.068417,0.067328,0.06627,0.065323,0.064358,0.063474,0.062689,0.061965,0.061334,0.060776,0.060273,0.059826,0.059435,0.0591,0.058814,0.058591,0.058488,0.058403,0.058338,0.058291,0.058263,0.058255,0.058265,0.058295,0.058345,0.058413,0.058497,0.058604,0.058724,0.058868,0.059032,0.059214,0.059593,0.060042,0.060561,0.061147,0.061736,0.062406,0.063088,0.06479,0.065663,0.066098,0.066495,0.066841,0.067149,0.067493,0.067772,0.068,0.068184,0.068321,0.068407,0.068446,0.068437,0.068394,0.068319,0.068213,0.068075,0.067908,0.067701,0.067464,0.067185,0.066877,0.066542,0.066152,0.065721,0.065285,0.064798,0.062868,0.06208,0.06131,0.06099,0.060688,0.060355,0.060053,0.059796,0.059571,0.059389,0.059241,0.059127,0.059047,0.059003,0.058994,0.05902,0.059079,0.059176,0.059307,0.059478,0.059681,0.059874,0.060097,0.060349,0.060629,0.061192,0.062577,0.062936,0.063241,0.063543,0.063797,0.064012,0.064188,0.064337,0.064449,0.064521,0.06455,0.064541,0.06449,0.064403,0.064273,0.064133,0.063965,0.063771,0.06355,0.063291,0.063006,0.06268,0.06233,0.061674,0.060886,0.060094,0.058188,0.057258,0.056803,0.056406,0.056051,0.055738,0.055425,0.055149,0.054921,0.054739,0.054594,0.054492,0.054424,0.054398,0.054403,0.054428,0.054473,0.054537,0.054621,0.054724,0.054848,0.055002,0.055166,0.05535,0.055554,0.055793,0.056036,0.056316,0.056618,0.05694,0.057281,0.057666,0.058046,0.05847,0.058913,0.059403,0.059911,0.060437,0.0615,0.062712,0.063998,0.067383,0.06838,0.069249,0.070182,0.071038,0.071813,0.07248,0.072878,0.073231,0.073562,0.07387,0.074154,0.074397,0.074632,0.074828,0.075,0.075147,0.07527,0.075367,0.075438,0.075483,0.075501,0.075494,0.075453,0.075375,0.075262,0.075122,0.074951,0.074733,0.074495,0.074207,0.073905,0.073548,0.073156,0.07273,0.07227,0.071777,0.071253,0.070661,0.070073,0.069417,0.06873,0.06797,0.067178,0.066357,0.065508,0.064585,0.063687,0.062716,0.061726,0.060612,0.058391,0.054043,0.052242,0.05042,0.048803,0.047888,0.046995,0.046171,0.045417,0.044683,0.043972,0.043284,0.042662,0.041907,0.041227,0.040547,0.039942,0.039374,0.038846,0.038357,0.037932,0.037521,0.037152,0.03684,0.03655,0.036314,0.036104,0.035933,0.035802,0.035691,0.035641,0.03565,0.035719,0.035847,0.036038,0.036294,0.036604,0.036919,0.037267,0.037678,0.038136,0.038581,0.039082,0.041013,0.04179,0.042561,0.043221,0.043564,0.043884,0.044166,0.044424,0.044657,0.044855,0.045037,0.045186,0.045311,0.045412,0.04549,0.045547,0.04558,0.04559,0.045577,0.045542,0.045489,0.045416,0.045205,0.044928,0.044315,0.044072,0.043846,0.043686,0.043618,0.043569,0.043542,0.043536,0.043552,0.043587,0.043646,0.043723,0.043821,0.043939,0.044076,0.044241,0.044426,0.044631,0.044864,0.045126,0.045615,0.046198,0.0468,0.048429,0.048901,0.049302,0.04973,0.050115,0.050457,0.050756,0.05106,0.051317,0.051528,0.051693,0.051818,0.051905,0.051952,0.051962,0.051925,0.051834,0.051569,0.051309,0.051217,0.05112,0.051025,0.05092,0.0508,0.050668,0.050517,0.050349,0.050158,0.049952,0.049723,0.04947,0.049192,0.048889,0.048562,0.048211,0.047821,0.047407,0.046639,0.045759,0.044874,0.042807,0.041824,0.041358,0.040948,0.040577,0.040229,0.039882,0.039581,0.039314,0.039093,0.038907,0.038765,0.038653,0.038583,0.038549,0.038561,0.038621,0.038727,0.038879,0.039084,0.039333,0.039636,0.039927,0.040245,0.040602,0.041015,0.041809,0.043766,0.044253,0.044683,0.045098,0.04545,0.045753,0.046007,0.04623,0.046401,0.046528,0.046606,0.04664,0.046626,0.046567,0.046461,0.046325,0.046152,0.045942,0.045696,0.045402,0.045072,0.044692,0.044278,0.043913,0.043509,0.043065,0.04256,0.04162,0.039268,0.038654,0.038128,0.037584,0.03711,0.036688,0.036299,0.035932,0.035623,0.035357,0.035136,0.034963,0.034844,0.034771,0.034746,0.034754,0.034782,0.034829,0.034895,0.034981,0.035085,0.035208,0.035349,0.035509,0.035699,0.035895,0.036123,0.03637,0.036634,0.037213,0.037742,0.038334,0.039011,0.039749,0.040438,0.041199,0.043876,0.044892,0.045903,0.046767,0.047629,0.048407,0.049098,0.049704,0.04999,0.050242,0.050696,0.051083,0.051252,0.051413,0.051548,0.051673,0.051867,0.052,0.052074,0.052087,0.052066,0.05201,0.051916,0.051795,0.051632,0.050814,0.050632,0.050483,0.050338,0.050232,0.050161,0.050125,0.050125,0.050158,0.050224,0.050326,0.05044,0.050583,0.051144,0.051354,0.051531,0.05165,0.051693,0.051718,0.051723,0.051709,0.051675,0.051623,0.051552,0.05146,0.051347,0.051216,0.051066,0.050892,0.050694,0.050478,0.049972,0.049414,0.048752,0.048023,0.045938,0.045329,0.044807,0.044249,0.043771,0.043372,0.043039,0.042791,0.042589,0.042437,0.042325,0.042263,0.042226,0.042203,0.042166,0.042125,0.042067,0.041992,0.041898,0.041776,0.041631,0.041463,0.041265,0.040854,0.039835,0.039594,0.039402,0.039227,0.039109,0.03905,0.039048,0.03909,0.039173,0.039298,0.039461,0.039665,0.039918,0.040212,0.040547,0.040896,0.041275,0.04171,0.0422,0.042672,0.043206,0.045164,0.045934,0.046691,0.047333,0.047676,0.047981,0.04825,0.048491,0.048705,0.048883,0.049032,0.049152,0.049255,0.049318,0.049341,0.049323,0.049264,0.049164,0.049026,0.048844,0.048627,0.048359,0.048047,0.047695,0.047327,0.046891,0.045155,0.044452,0.044096,0.043774,0.043495,0.04325,0.042989,0.042777,0.042607,0.042485,0.042408,0.042376,0.042388,0.042447,0.042518,0.042618,0.042744,0.042895,0.04307,0.043276,0.043507,0.04377,0.044055,0.044361,0.044697,0.045076,0.045877,0.047512,0.048166,0.048825,0.049372,0.049668,0.049942,0.050183,0.050392,0.050579,0.050741,0.050878,0.050986,0.051073,0.051135,0.05117,0.05118,0.051166,0.051126,0.051061,0.05097,0.05077,0.05049,0.050187,0.049427,0.049089,0.048945,0.048826,0.048734,0.048663,0.048614,0.04859,0.048591,0.048618,0.04867,0.04875,0.048856,0.048983,0.049121,0.049279,0.049457,0.049665,0.049894,0.050144,0.050412,0.050711,0.051269,0.051934,0.0526,0.054202,0.055,0.055384,0.055732,0.056043,0.056318,0.0566,0.056837,0.057038,0.057194,0.057314,0.057392,0.057433,0.057437,0.057393,0.0573,0.057157,0.056956,0.056704,0.056403,0.05604,0.05563,0.055246,0.054815,0.054337,0.053813,0.052791,0.050277,0.049643,0.049098,0.048546,0.048071,0.047654,0.047296,0.04697,0.046707,0.046495,0.046337,0.046233,0.046188,0.046194,0.046257,0.046343,0.046468,0.046628,0.046821,0.047048,0.047319,0.047622,0.047956,0.048317,0.048703,0.049132,0.049624,0.050664,0.052769,0.053653,0.054534,0.055269,0.055663,0.056029,0.056351,0.056645,0.056909,0.057132,0.057335,0.057498,0.057632,0.057741,0.057818,0.057864,0.057879,0.057865,0.05782,0.057747,0.057664,0.057558,0.057283,0.056974,0.056179,0.055982,0.055825,0.055678,0.055564,0.055486,0.055441,0.055432,0.055465,0.055542,0.055658,0.055818,0.056024,0.056276,0.056575,0.056938,0.057354,0.057821,0.058339,0.058905,0.059546,0.060265,0.061033,0.061713,0.062455,0.063261,0.064129,0.065852,0.068928,0.070069,0.071185,0.072192,0.073225,0.074167,0.074986,0.075714,0.076105,0.076474,0.076819,0.077119,0.077416,0.07767,0.077901,0.078108,0.078291,0.07845,0.078584,0.078694,0.078778,0.078838,0.078872,0.078881,0.078845,0.078749,0.078592,0.078367,0.07808,0.077735,0.077315,0.076839,0.076287,0.075658,0.074952,0.074172,0.07335,0.072404,0.07143,0.0686,0.067762,0.067007,0.066191,0.065441,0.06476,0.064147,0.063801,0.063471,0.06316,0.062886,0.06261,0.062371,0.062148,0.061944,0.061757,0.061589,0.061438,0.061306,0.061193,0.061098,0.061021,0.060963,0.060907,0.060896,0.060932,0.061013,0.061137,0.061311,0.061536,0.061803,0.062096,0.06242,0.062803,0.063231,0.063666,0.064172,0.066151,0.066977,0.067412,0.067795,0.068141,0.068453,0.068805,0.069109,0.069368,0.069591,0.069777,0.06992,0.070028,0.070098,0.070133,0.07013,0.07009,0.070012,0.069897,0.069746,0.069553,0.069326,0.069057,0.068756,0.068416,0.068022,0.067619,0.067153,0.065253,0.064477,0.064076,0.063722,0.063402,0.063105,0.062784,0.062512,0.062286,0.062098,0.061951,0.061847,0.061779,0.061752,0.061756,0.06178,0.061824,0.061886,0.061967,0.062069,0.062195,0.062338,0.062615,0.062968,0.063324,0.064197,0.064611,0.064968,0.065244,0.065449,0.06559,0.065674,0.065701,0.065691,0.065661,0.065611,0.065541,0.065452,0.065339,0.065207,0.065058,0.064754,0.064382,0.063997,0.063055,0.062602,0.062391,0.062213,0.06206,0.06193,0.061811,0.06172,0.061654,0.061613,0.061599,0.061611,0.061649,0.061714,0.0618,0.061916,0.062051,0.062217,0.062407,0.06262,0.062867,0.063149,0.063665,0.064305,0.064941,0.066514,0.067281,0.067652,0.067973,0.068257,0.068515,0.068762,0.068965,0.069131,0.069255,0.069341,0.06939,0.0694,0.069371,0.06931,0.069212,0.069078,0.068911,0.068712,0.068471,0.068198,0.067883,0.067582,0.067261,0.066906,0.066502,0.065685,0.064096,0.063455,0.062806,0.062256,0.061675,0.061179,0.060742,0.060377,0.06008,0.059838,0.05964,0.059491,0.059399,0.059332,0.059211,0.059148,0.059043,0.058892,0.058787,0.058663,0.058524,0.058365,0.058184,0.057991,0.057766,0.05753,0.057244,0.056931,0.056592,0.056209,0.055799,0.055361,0.054898,0.054389,0.053473,0.052399,0.051332,0.04873,0.047476,0.046866,0.046305,0.045795,0.045335,0.04485,0.044426,0.044045,0.043724,0.043448,0.043229,0.043054,0.042926,0.042865,0.042825,0.042808,0.042813,0.04284,0.042889,0.042959,0.043058,0.043172,0.043317,0.043485,0.043675,0.043886,0.044119,0.044371,0.044661,0.045161,0.045729,0.046363,0.047084,0.047741,0.048522,0.05122,0.052264,0.053268,0.054148,0.054588,0.05501,0.055393,0.055758,0.056104,0.05643,0.056736,0.057006,0.057258,0.057491,0.057706,0.057901,0.058078,0.058236,0.058377,0.058506,0.058617,0.058709,0.058784,0.058845,0.058916,0.058924,0.058865,0.058736,0.058533,0.058238,0.057714,0.057136,0.056665,0.056198,0.05584,0.055462,0.055047,0.054596,0.054174,0.053696,0.052142,0.051642,0.051182,0.050802,0.050603,0.050422,0.050268,0.050132,0.050022,0.049932,0.049865,0.049819,0.049789,0.049794,0.049832,0.049903,0.050008,0.05015,0.050327,0.050544,0.050744,0.050975,0.051235,0.051525,0.052097,0.053476,0.053809,0.054102,0.054383,0.054618,0.054818,0.054981,0.055122,0.055223,0.05529,0.055322,0.055316,0.055275,0.055197,0.055082,0.054912,0.054696,0.054434,0.054114,0.053746,0.053332,0.052855,0.052334,0.051866,0.051347,0.050779,0.050161,0.048979,0.046104,0.045382,0.044738,0.044099,0.043543,0.043046,0.042608,0.042192,0.041825,0.041508,0.041257,0.041057,0.040916,0.040827,0.040789,0.040793,0.040821,0.040867,0.04094,0.041037,0.041157,0.0413,0.041466,0.041654,0.041865,0.042097,0.042369,0.042665,0.042983,0.043323,0.043684,0.044329,0.045052,0.045852,0.04676,0.047575,0.048514,0.051683,0.05287,0.053987,0.054961,0.055908,0.056357,0.05676,0.057147,0.057491,0.057841,0.05815,0.05844,0.058713,0.058966,0.059184,0.0594,0.059583,0.059748,0.059895,0.060034,0.060144,0.060237,0.060312,0.060369,0.06041,0.060431,0.060433,0.060389,0.060283,0.060118,0.059888,0.059587,0.05923,0.058804,0.058309,0.057883,0.057389,0.056846,0.056234,0.054996,0.052359,0.051218,0.050053,0.049015,0.048452,0.047932,0.047415,0.04694,0.046488,0.046043,0.04562,0.045221,0.044777,0.044349,0.043948,0.04355,0.043168,0.042801,0.042439,0.042101,0.041779,0.041488,0.041221,0.040986,0.040782,0.040614,0.040478,0.040374,0.040287,0.040247,0.040253,0.040305,0.040404,0.04055,0.040745,0.040986,0.041248,0.041545,0.041896,0.0423,0.0427,0.043168,0.044987,0.04572,0.046098,0.046435,0.04673,0.047004,0.047302,0.047558,0.047779,0.047966,0.048117,0.048239,0.048329,0.048389,0.048422,0.048413,0.048365,0.048208,0.048151,0.048123,0.048139,0.048212,0.048348,0.048541,0.04902,0.049217,0.04939,0.049505,0.049549,0.049575,0.049582,0.049572,0.049542,0.049493,0.049348,0.049262,0.049166,0.049058,0.048936,0.048799,0.048643,0.048467,0.048268,0.048084,0.047878,0.047402,0.046909,0.045838,0.045415,0.045092,0.044852,0.044753,0.044676,0.044624,0.044595,0.04459,0.044609,0.04465,0.044715,0.044845,0.045023,0.045241,0.045514,0.045836,0.046205,0.04662,0.047094,0.047522,0.047996,0.048516,0.049081,0.050183,0.052834,0.053509,0.054077,0.054635,0.055139,0.055572,0.055967,0.05632,0.056627,0.056878,0.057082,0.057238,0.057342,0.057399,0.057409,0.057384,0.057326,0.057237,0.057118,0.056969,0.056782,0.056566,0.056322,0.056039,0.055715,0.05535,0.054945,0.054519,0.054039,0.052123,0.051338,0.05093,0.050557,0.050221,0.04992,0.04959,0.049294,0.049045,0.048832,0.048657,0.048525,0.048429,0.048371,0.048349,0.04836,0.048404,0.04848,0.048587,0.04873,0.048912,0.049124,0.049343,0.049595,0.04988,0.05021,0.050921,0.052423,0.053053,0.053681,0.054199,0.054475,0.054716,0.054933,0.055118,0.055285,0.055421,0.055537,0.055627,0.055689,0.055732,0.055755,0.055757,0.055739,0.055701,0.055641,0.055561,0.055338,0.054626,0.054084,0.053903,0.05376,0.053614,0.053458,0.053284,0.05299,0.052653,0.052274,0.051833,0.05134,0.05078,0.050153,0.04946,0.048837,0.048149,0.047394,0.046549,0.045802,0.044951,0.042216,0.041298,0.040433,0.039706,0.039016,0.038394,0.03786,0.037374,0.03694,0.036577,0.036271,0.036034,0.035855,0.035738,0.035683,0.035691,0.035727,0.035788,0.035873,0.035975,0.036099,0.036255,0.036437,0.036643,0.036873,0.037128,0.037406,0.037708,0.038032,0.038405,0.038775,0.039195,0.039639,0.040104,0.040592,0.041099,0.041662,0.042245,0.042848,0.043507,0.044836,0.046345,0.047941,0.052533,0.05394,0.055143,0.0565,0.057715,0.05879,0.059303,0.059798,0.060367,0.060908,0.061421,0.061879,0.062335,0.062737,0.063133,0.06348,0.063798,0.064106,0.064369,0.064617,0.064836,0.065026,0.065188,0.065322,0.065455,0.065549,0.065602,0.065612,0.06558,0.065506,0.065389,0.065231,0.064954,0.064578,0.064151,0.06308,0.062581,0.062074,0.061622,0.061234,0.060857,0.060533,0.059769,0.059339,0.058861,0.058355,0.057844,0.057268,0.056611,0.055832,0.054935,0.053677,0.048871,0.048116,0.04753,0.047167,0.046863,0.046618,0.046417,0.046261,0.046156,0.046095,0.046078,0.046092,0.046125,0.046178,0.046246,0.04634,0.046448,0.046577,0.046726,0.046896,0.047086,0.047298,0.047516,0.047769,0.048043,0.048339,0.048654,0.048991,0.049369,0.049746,0.050166,0.050606,0.051091,0.051597,0.052121,0.05316,0.054343,0.055598,0.058819,0.059751,0.060534,0.061402,0.062196,0.062886,0.063501,0.063853,0.064182,0.064489,0.064754,0.064997,0.065217,0.065413,0.065585,0.065732,0.065846,0.065943,0.066009,0.066055,0.066073,0.066068,0.066039,0.065986,0.065909,0.065809,0.065686,0.065539,0.065369,0.065177,0.064962,0.064725,0.064448,0.064168,0.063846,0.063501,0.063134,0.062747,0.062313,0.061563,0.06073,0.059817,0.058791,0.057833,0.056703,0.052591,0.050903,0.050046,0.049244,0.048498,0.047775,0.046984,0.046227,0.045536,0.04488,0.044261,0.043678,0.043156,0.042647,0.042175,0.041722,0.041306,0.040912,0.040554,0.040218,0.039906,0.039616,0.039382,0.039161,0.038945,0.038727,0.038403,0.037673,0.03726,0.018348,0.0,0.0
