1000.0078125,1000.1015625,1000.265625,1000.4921875,1000.7734375,1001.109375,1001.5078125,1001.8671875,1002.5859375,1002.7890625,1002.8671875,1002.9140625,1002.96875,1003.0078125,1003.125,1003.359375,1003.4453125,1003.515625,1003.609375,1003.6328125,1003.65625,1003.6953125,1003.8046875,1003.8828125,1003.96875,1004.203125,1004.3125,1004.40625,1004.59375,1004.7109375,1004.78125,1004.8671875,1004.9765625,1005.1015625,1005.25,1005.3359375,1005.4296875,1005.53125,1005.640625,1005.7578125,1005.890625,1005.9921875,1006.1015625,1006.21875,1006.3359375,1006.6015625,1006.90625,1007.1953125,1007.53125,1009.2421875,1010.078125,1010.75,1011.4375,1012.1015625,1013.234375,1013.5546875,1013.7109375,1013.8203125,1013.890625,1013.9375,1013.9765625,1014.0078125,1014.09375,1014.1640625,1014.234375,1014.4296875,1014.484375,1014.53125,1014.578125,1014.6171875,1014.7265625,1014.75,1014.7734375,1014.8125,1014.9296875,1015.015625,1015.375,1015.640625,1015.703125,1015.765625,1015.84375,1015.9453125,1016.0625,1016.203125,1016.28125,1016.3671875,1016.4609375,1016.5625,1016.671875,1016.796875,1016.9296875,1017.0703125,1017.1796875,1017.2890625,1017.53125,1017.8046875,1018.125,1018.6796875,1020.015625,1020.71875,1021.46875,1022.21875,1023.03125,1023.8984375,1024.7421875,1026.3203125,1026.8203125,1027.0546875,1027.2109375,1027.3046875,1027.3671875,1027.4140625,1027.453125,1027.5390625,1027.6171875,1027.6875,1027.8984375,1027.9609375,1028.0078125,1028.0859375,1028.203125,1028.2265625,1028.2578125,1028.28125,1028.3046875,1028.4296875,1028.515625,1028.8515625,1029.1171875,1029.1796875,1029.25,1029.328125,1029.4296875,1029.5546875,1029.6953125,1029.78125,1029.8671875,1029.9609375,1030.0625,1030.171875,1030.296875,1030.4296875,1030.578125,1030.6796875,1030.7890625,1030.90625,1031.03125,1031.3046875,1031.625,1032.171875,1033.6015625,1034.3828125,1035.2421875,1036.125,1036.8359375,1037.59375,1038.375,1039.9921875,1040.3359375,1040.5859375,1040.78125,1040.9140625,1041.0,1041.0546875,1041.1015625,1041.140625,1041.2265625,1041.3046875,1041.3828125,1041.5859375,1041.6484375,1041.6953125,1041.7734375,1041.8984375,1041.921875,1041.953125,1041.9765625,1042.0,1042.125,1042.2109375,1042.5390625,1042.8046875,1042.8671875,1042.9375,1043.015625,1043.1171875,1043.234375,1043.3828125,1043.46875,1043.5546875,1043.6484375,1043.75,1043.8671875,1043.9921875,1044.125,1044.2734375,1044.375,1044.484375,1044.7265625,1045.0,1045.3203125,1045.8671875,1047.2890625,1048.0703125,1048.9296875,1049.8046875,1050.5078125,1051.265625,1052.046875,1053.6640625,1054.0078125,1054.2578125,1054.453125,1054.5859375,1054.671875,1054.7265625,1054.7734375,1054.8125,1054.8984375,1054.9765625,1055.0546875,1055.2578125,1055.3203125,1055.3671875,1055.421875,1055.4609375,1055.578125,1055.6015625,1055.625,1055.6484375,1055.671875,1055.796875,1055.8828125,1056.2109375,1056.4765625,1056.5390625,1056.609375,1056.6875,1056.7890625,1056.90625,1057.0546875,1057.140625,1057.2265625,1057.3203125,1057.421875,1057.5390625,1057.6640625,1057.796875,1057.9453125,1058.0390625,1058.140625,1058.3515625,1058.5859375,1058.859375,1059.15625,1059.5078125,1060.8671875,1061.515625,1062.140625,1062.765625,1063.671875,1064.640625,1065.578125,1067.2890625,1067.796875,1068.03125,1068.1953125,1068.296875,1068.359375,1068.40625,1068.4453125,1068.5390625,1068.609375,1068.6875,1068.8984375,1068.9609375,1069.0078125,1069.09375,1069.2109375,1069.234375,1069.2578125,1069.28125,1069.3046875,1069.4296875,1069.5234375,1069.8515625,1070.1171875,1070.1796875,1070.25,1070.328125,1070.4296875,1070.5546875,1070.6953125,1070.78125,1070.8671875,1070.9609375,1071.0625,1071.171875,1071.296875,1071.4296875,1071.578125,1071.671875,1071.7734375,1071.984375,1072.21875,1072.4921875,1072.7890625,1073.140625,1074.5,1075.1484375,1075.7734375,1076.3984375,1077.296875,1078.2578125,1079.1875,1080.890625,1081.390625,1081.625,1081.7890625,1081.890625,1081.953125,1082.0,1082.0390625,1082.1328125,1082.2109375,1082.28125,1082.4921875,1082.5546875,1082.6015625,1082.6875,1082.8046875,1082.828125,1082.84375,1082.859375,1082.90625,1083.0234375,1083.109375,1083.4453125,1083.7109375,1083.7734375,1083.84375,1083.921875,1084.0234375,1084.1484375,1084.2890625,1084.375,1084.4609375,1084.5546875,1084.65625,1084.765625,1084.890625,1085.0234375,1085.171875,1085.265625,1085.3671875,1085.578125,1085.8125,1086.0859375,1086.3828125,1086.734375,1088.0859375,1088.734375,1089.359375,1089.9765625,1090.875,1091.8359375,1092.7578125,1094.4453125,1094.9453125,1095.1796875,1095.34375,1095.4453125,1095.5078125,1095.5546875,1095.59375,1095.6875,1095.765625,1095.8359375,1096.046875,1096.109375,1096.15625,1096.234375,1096.3515625,1096.375,1096.40625,1096.4296875,1096.453125,1096.578125,1096.671875,1097.0,1097.265625,1097.328125,1097.3984375,1097.4765625,1097.578125,1097.703125,1097.84375,1097.9296875,1098.015625,1098.109375,1098.2109375,1098.3203125,1098.4453125,1098.578125,1098.7265625,1098.8203125,1098.921875,1099.1328125,1099.3671875,1099.640625,1099.9375,1100.2890625,1101.640625,1102.28125,1102.890625,1103.5,1104.390625,1105.3515625,1106.28125,1107.96875,1108.46875,1108.703125,1108.859375,1108.9609375,1109.0234375,1109.0703125,1109.109375,1109.1953125,1109.2734375,1109.3515625,1109.5546875,1109.6171875,1109.6640625,1109.71875,1109.7578125,1109.8671875,1109.890625,1109.921875,1109.9453125,1109.96875,1110.09375,1110.1796875,1110.5078125,1110.7734375,1110.8359375,1110.90625,1110.984375,1111.0859375,1111.203125,1111.3515625,1111.4375,1111.5234375,1111.6171875,1111.71875,1111.828125,1111.953125,1112.0859375,1112.234375,1112.328125,1112.4296875,1112.640625,1112.875,1113.1484375,1113.4453125,1113.796875,1115.1484375,1115.7890625,1116.3984375,1117.0078125,1117.8984375,1118.8515625,1119.765625,1121.4375,1121.9375,1122.171875,1122.328125,1122.4296875,1122.4921875,1122.5390625,1122.578125,1122.671875,1122.75,1122.8203125,1123.0234375,1123.0859375,1123.1328125,1123.2109375,1123.3359375,1123.359375,1123.390625,1123.4140625,1123.4375,1123.5625,1123.6484375,1123.984375,1124.25,1124.3125,1124.3828125,1124.4609375,1124.5625,1124.6875,1124.828125,1124.9140625,1125.0,1125.09375,1125.1953125,1125.3046875,1125.4296875,1125.5625,1125.7109375,1125.8046875,1125.90625,1126.1171875,1126.3515625,1126.625,1126.9140625,1127.265625,1128.609375,1129.25,1129.859375,1130.46875,1131.3515625,1132.296875,1133.2109375,1134.875,1135.3671875,1135.6015625,1135.7578125,1135.859375,1135.921875,1135.96875,1136.0078125,1136.1015625,1136.1796875,1136.25,1136.4609375,1136.5625,1136.640625,1136.765625,1136.7890625,1136.8203125,1136.84375,1136.8671875,1136.9921875,1137.078125,1137.4140625,1137.6796875,1137.7421875,1137.8125,1137.890625,1137.9921875,1138.1171875,1138.2578125,1138.34375,1138.4296875,1138.5234375,1138.625,1138.734375,1138.859375,1138.9921875,1139.1328125,1139.2265625,1139.328125,1139.5390625,1139.7734375,1140.046875,1140.34375,1140.6953125,1142.0390625,1142.671875,1143.28125,1143.8828125,1144.765625,1145.703125,1146.609375,1148.2734375,1148.765625,1148.9921875,1149.1484375,1149.25,1149.3125,1149.359375,1149.3984375,1149.4921875,1149.5625,1149.640625,1149.8515625,1149.953125,1150.0078125,1150.046875,1150.1640625,1150.1875,1150.2109375,1150.234375,1150.2578125,1150.3828125,1150.46875,1150.8046875,1151.0703125,1151.1328125,1151.203125,1151.28125,1151.3828125,1151.5078125,1151.6484375,1151.734375,1151.8203125,1151.9140625,1152.015625,1152.125,1152.25,1152.3828125,1152.5234375,1152.6171875,1152.71875,1152.9296875,1153.1640625,1153.4375,1153.7265625,1154.078125,1155.421875,1156.0546875,1156.65625,1157.2578125,1158.1328125,1159.0703125,1159.9765625,1161.625,1162.1171875,1162.34375,1162.5,1162.6015625,1162.6640625,1162.7109375,1162.75,1162.84375,1162.9140625,1162.9921875,1163.203125,1163.3046875,1163.359375,1163.3984375,1163.515625,1163.5390625,1163.5625,1163.5859375,1163.609375,1163.734375,1163.8203125,1164.15625,1164.421875,1164.484375,1164.5546875,1164.6328125,1164.734375,1164.859375,1165.0,1165.0859375,1165.171875,1165.265625,1165.3671875,1165.4765625,1165.6015625,1165.734375,1165.875,1165.9765625,1166.0859375,1166.203125,1166.328125,1166.6015625,1166.9140625,1167.4609375,1168.8515625,1169.609375,1170.4375,1171.2890625,1171.9609375,1172.6796875,1173.421875,1174.9609375,1175.2890625,1175.53125,1175.71875,1175.84375,1175.9296875,1175.984375,1176.03125,1176.0703125,1176.15625,1176.2265625,1176.3046875,1176.515625,1176.578125,1176.625,1176.7109375,1176.828125,1176.8515625,1176.875,1176.8984375,1176.921875,1177.046875,1177.1328125,1177.46875,1177.734375,1177.796875,1177.8671875,1177.9453125,1178.046875,1178.171875,1178.3125,1178.3984375,1178.484375,1178.578125,1178.6796875,1178.7890625,1178.9140625,1179.046875,1179.1875,1179.28125,1179.3828125,1179.59375,1179.828125,1180.1015625,1180.390625,1180.7421875,1182.078125,1182.7109375,1183.3046875,1183.8984375,1184.765625,1185.6953125,1186.59375,1188.2265625,1188.7109375,1188.9375,1189.09375,1189.1953125,1189.2578125,1189.3046875,1189.34375,1189.4296875,1189.5078125,1189.5859375,1189.7890625,1189.8515625,1189.8984375,1189.953125,1189.9921875,1190.1015625,1190.125,1190.15625,1190.203125,1190.328125,1190.4140625,1190.7421875,1191.015625,1191.078125,1191.1484375,1191.2265625,1191.328125,1191.453125,1191.59375,1191.6796875,1191.765625,1191.859375,1191.9609375,1192.0703125,1192.1953125,1192.328125,1192.46875,1192.5625,1192.6640625,1192.875,1193.109375,1193.3828125,1193.671875,1194.0234375,1195.359375,1195.984375,1196.578125,1197.171875,1198.0390625,1198.9609375,1199.8515625,1201.4765625,1201.9609375,1202.1796875,1202.3359375,1202.4375,1202.5,1202.546875,1202.5859375,1202.6796875,1202.75,1202.828125,1203.0390625,1203.09375,1203.140625,1203.1953125,1203.234375,1203.34375,1203.3671875,1203.3984375,1203.4453125,1203.5703125,1203.65625,1203.9921875,1204.2578125,1204.3203125,1204.390625,1204.46875,1204.5703125,1204.6953125,1204.8359375,1204.921875,1205.0078125,1205.1015625,1205.203125,1205.3125,1205.4375,1205.5703125,1205.7109375,1205.8046875,1205.90625,1206.1171875,1206.3515625,1206.625,1206.9140625,1207.265625,1208.59375,1209.21875,1209.8125,1210.3984375,1211.2578125,1212.1796875,1213.0703125,1214.6875,1215.171875,1215.3984375,1215.5546875,1215.6484375,1215.7109375,1215.7578125,1215.796875,1215.8828125,1215.9609375,1216.0390625,1216.2421875,1216.3046875,1216.3515625,1216.4375,1216.5546875,1216.578125,1216.59375,1216.609375,1216.65625,1216.78125,1216.8671875,1217.1953125,1217.46875,1217.53125,1217.6015625,1217.6796875,1217.78125,1217.90625,1218.046875,1218.1328125,1218.21875,1218.3125,1218.4140625,1218.5234375,1218.6484375,1218.78125,1218.921875,1219.015625,1219.1171875,1219.328125,1219.5625,1219.8359375,1220.125,1220.4765625,1221.796875,1222.4140625,1223.0,1223.5859375,1224.4453125,1225.3671875,1226.2578125,1227.875,1228.359375,1228.5859375,1228.734375,1228.828125,1228.890625,1228.9375,1228.9765625,1229.0625,1229.140625,1229.2109375,1229.421875,1229.484375,1229.53125,1229.578125,1229.6171875,1229.734375,1229.7578125,1229.78125,1229.8046875,1229.828125,1229.953125,1230.0390625,1230.375,1230.640625,1230.703125,1230.7734375,1230.8515625,1230.953125,1231.0703125,1231.21875,1231.3046875,1231.390625,1231.484375,1231.5859375,1231.6953125,1231.8203125,1231.953125,1232.09375,1232.1953125,1232.3046875,1232.421875,1232.546875,1232.8203125,1233.1328125,1233.671875,1235.0546875,1235.8046875,1236.6171875,1237.453125,1238.109375,1238.8125,1239.5390625,1241.03125,1241.3515625,1241.5859375,1241.7734375,1241.8984375,1241.984375,1242.0390625,1242.078125,1242.1171875,1242.2109375,1242.28125,1242.359375,1242.5703125,1242.625,1242.671875,1242.7265625,1242.765625,1242.875,1242.8984375,1242.9296875,1242.9765625,1243.1015625,1243.1875,1243.5234375,1243.7890625,1243.8515625,1243.921875,1244.0,1244.1015625,1244.2265625,1244.3671875,1244.453125,1244.5390625,1244.6328125,1244.734375,1244.84375,1244.96875,1245.1015625,1245.2421875,1245.3359375,1245.4375,1245.6484375,1245.8828125,1246.15625,1246.4453125,1246.7890625,1248.1171875,1248.734375,1249.3203125,1249.90625,1250.7578125,1251.6640625,1252.5390625,1254.140625,1254.6171875,1254.84375,1254.9921875,1255.0859375,1255.1484375,1255.1953125,1255.234375,1255.3203125,1255.3984375,1255.4765625,1255.6796875,1255.7421875,1255.7890625,1255.875,1255.9921875,1256.015625,1256.03125,1256.046875,1256.09375,1256.2109375,1256.296875,1256.6328125,1256.90625,1256.96875,1257.03125,1257.109375,1257.2109375,1257.328125,1257.4765625,1257.5625,1257.6484375,1257.7421875,1257.84375,1257.953125,1258.078125,1258.2109375,1258.3515625,1258.4453125,1258.546875,1258.7578125,1258.9921875,1259.265625,1259.5546875,1259.90625,1261.2265625,1261.84375,1262.4296875,1263.0078125,1263.859375,1264.765625,1265.640625,1267.2265625,1267.703125,1267.9296875,1268.078125,1268.171875,1268.234375,1268.28125,1268.3203125,1268.40625,1268.484375,1268.5625,1268.765625,1268.828125,1268.875,1268.953125,1269.0703125,1269.09375,1269.125,1269.1484375,1269.171875,1269.3046875,1269.390625,1269.71875,1269.9921875,1270.0546875,1270.125,1270.203125,1270.3046875,1270.4296875,1270.5703125,1270.6484375,1270.734375,1270.828125,1270.9296875,1271.0390625,1271.1640625,1271.296875,1271.4375,1271.53125,1271.6328125,1271.84375,1272.0859375,1272.359375,1272.6484375,1272.9921875,1274.3046875,1274.9140625,1275.4921875,1276.0625,1276.9140625,1277.8203125,1278.6953125,1280.296875,1280.7734375,1280.9921875,1281.140625,1281.234375,1281.296875,1281.34375,1281.3828125,1281.46875,1281.546875,1281.6171875,1281.828125,1281.9296875,1281.984375,1282.0234375,1282.1328125,1282.15625,1282.1875,1282.2109375,1282.234375,1282.359375,1282.4453125,1282.78125,1283.046875,1283.109375,1283.1796875,1283.2578125,1283.359375,1283.4765625,1283.6171875,1283.703125,1283.7890625,1283.8828125,1283.984375,1284.09375,1284.21875,1284.3515625,1284.4921875,1284.5859375,1284.6875,1284.8984375,1285.140625,1285.4140625,1285.703125,1286.046875,1287.359375,1287.96875,1288.5390625,1289.109375,1289.9609375,1290.8671875,1291.734375,1293.328125,1293.8046875,1294.0234375,1294.171875,1294.265625,1294.328125,1294.375,1294.4140625,1294.5,1294.5703125,1294.6484375,1294.859375,1294.9140625,1294.9609375,1295.015625,1295.0546875,1295.1640625,1295.1875,1295.21875,1295.265625,1295.390625,1295.4765625,1295.8125,1296.078125,1296.140625,1296.2109375,1296.2890625,1296.390625,1296.5078125,1296.6484375,1296.734375,1296.8203125,1296.9140625,1297.015625,1297.125,1297.25,1297.3828125,1297.5234375,1297.6171875,1297.71875,1297.9296875,1298.1640625,1298.4375,1298.7265625,1299.078125,1300.390625,1301.0078125,1301.5859375,1302.15625,1303.0,1303.890625,1304.7578125,1306.3359375,1306.8046875,1307.0234375,1307.171875,1307.265625,1307.328125,1307.375,1307.4140625,1307.5,1307.578125,1307.65625,1307.859375,1307.921875,1307.96875,1308.015625,1308.0546875,1308.171875,1308.1953125,1308.21875,1308.2421875,1308.265625,1308.390625,1308.484375,1308.8125,1309.0859375,1309.1484375,1309.21875,1309.296875,1309.3984375,1309.5234375,1309.6640625,1309.7421875,1309.828125,1309.921875,1310.0234375,1310.1328125,1310.2578125,1310.390625,1310.53125,1310.625,1310.7265625,1310.9375,1311.1796875,1311.453125,1311.7421875,1312.0859375,1313.390625,1313.9921875,1314.5625,1315.125,1315.96875,1316.8671875,1317.734375,1319.3203125,1319.7890625,1320.0078125,1320.15625,1320.25,1320.3125,1320.3515625,1320.390625,1320.484375,1320.5546875,1320.6328125,1320.84375,1320.8984375,1320.9453125,1321.0,1321.0390625,1321.1484375,1321.171875,1321.1875,1321.203125,1321.25,1321.375,1321.4609375,1321.796875,1322.0625,1322.125,1322.1953125,1322.2734375,1322.375,1322.4921875,1322.6328125,1322.71875,1322.8046875,1322.8984375,1323.0,1323.109375,1323.234375,1323.3671875,1323.5078125,1323.6015625,1323.703125,1323.9140625,1324.15625,1324.4296875,1324.71875,1325.0625,1326.3671875,1326.96875,1327.5390625,1328.109375,1328.953125,1329.84375,1330.703125,1332.2734375,1332.7421875,1332.9609375,1333.109375,1333.203125,1333.265625,1333.3125,1333.3515625,1333.4375,1333.515625,1333.5859375,1333.796875,1333.8984375,1333.953125,1333.9921875,1334.1015625,1334.125,1334.15625,1334.203125,1334.328125,1334.4140625,1334.75,1335.015625,1335.078125,1335.1484375,1335.2265625,1335.328125,1335.4453125,1335.5859375,1335.671875,1335.7578125,1335.8515625,1335.953125,1336.0625,1336.1875,1336.3203125,1336.4609375,1336.5546875,1336.65625,1336.8671875,1337.109375,1337.3828125,1337.671875,1338.015625,1339.3203125,1339.921875,1340.4921875,1341.0625,1341.8984375,1342.7890625,1343.6484375,1345.2109375,1345.671875,1345.890625,1346.0390625,1346.1328125,1346.1953125,1346.2421875,1346.28125,1346.3671875,1346.4453125,1346.515625,1346.7265625,1346.7890625,1346.8359375,1346.8828125,1346.921875,1347.0390625,1347.0625,1347.0859375,1347.109375,1347.1328125,1347.2578125,1347.34375,1347.6796875,1347.953125,1348.015625,1348.078125,1348.15625,1348.2578125,1348.375,1348.515625,1348.6015625,1348.6875,1348.78125,1348.8828125,1348.9921875,1349.1171875,1349.25,1349.390625,1349.484375,1349.5859375,1349.796875,1350.0390625,1350.3125,1350.6015625,1350.9453125,1352.2421875,1352.84375,1353.40625,1353.96875,1354.8046875,1355.6953125,1356.5546875,1358.125,1358.59375,1358.8125,1358.9609375,1359.0546875,1359.109375,1359.1484375,1359.1875,1359.28125,1359.3515625,1359.4296875,1359.6328125,1359.6953125,1359.7421875,1359.8203125,1359.9375,1359.9609375,1359.9921875,1360.015625,1360.0390625,1360.1640625,1360.2578125,1360.59375,1360.859375,1360.921875,1360.9921875,1361.0703125,1361.171875,1361.296875,1361.4375,1361.515625,1361.6015625,1361.6953125,1361.796875,1361.90625,1362.03125,1362.1640625,1362.3046875,1362.3984375,1362.5,1362.7109375,1362.9453125,1363.21875,1363.5078125,1363.8515625,1365.15625,1365.7578125,1366.328125,1366.890625,1367.7265625,1368.609375,1369.4609375,1371.0078125,1371.46875,1371.6875,1371.8359375,1371.9296875,1371.9921875,1372.0390625,1372.078125,1372.1640625,1372.2421875,1372.3125,1372.5234375,1372.5859375,1372.6328125,1372.6796875,1372.71875,1372.8359375,1372.859375,1372.8828125,1372.90625,1372.9296875,1373.0546875,1373.140625,1373.4765625,1373.75,1373.8125,1373.875,1373.953125,1374.0546875,1374.171875,1374.3125,1374.3984375,1374.484375,1374.578125,1374.6796875,1374.7890625,1374.9140625,1375.046875,1375.1875,1375.28125,1375.3828125,1375.59375,1375.8359375,1376.109375,1376.3984375,1376.7421875,1378.0390625,1378.640625,1379.2109375,1379.7734375,1380.6015625,1381.484375,1382.328125,1383.8828125,1384.34375,1384.5546875,1384.703125,1384.796875,1384.859375,1384.90625,1384.9453125,1385.03125,1385.109375,1385.1796875,1385.390625,1385.453125,1385.5,1385.546875,1385.5859375,1385.6953125,1385.71875,1385.75,1385.7734375,1385.796875,1385.921875,1386.0078125,1386.34375,1386.6171875,1386.6796875,1386.7421875,1386.8203125,1386.921875,1387.0390625,1387.1796875,1387.265625,1387.3515625,1387.4453125,1387.546875,1387.65625,1387.78125,1387.9140625,1388.0546875,1388.1484375,1388.25,1388.4609375,1388.703125,1388.9765625,1389.265625,1389.609375,1390.8984375,1391.5,1392.0546875,1392.609375,1393.4453125,1394.328125,1395.1796875,1396.734375,1397.1953125,1397.4140625,1397.5625,1397.65625,1397.7109375,1397.75,1397.7890625,1397.8828125,1397.953125,1398.03125,1398.234375,1398.296875,1398.34375,1398.390625,1398.4296875,1398.546875,1398.5703125,1398.59375,1398.6171875,1398.640625,1398.765625,1398.859375,1399.1953125,1399.4609375,1399.5234375,1399.59375,1399.671875,1399.7734375,1399.8984375,1400.0390625,1400.1171875,1400.203125,1400.296875,1400.3984375,1400.5078125,1400.6328125,1400.765625,1400.90625,1401.0078125,1401.1171875,1401.234375,1401.359375,1401.625,1401.9375,1402.4765625,1403.828125,1404.5546875,1405.34375,1406.1484375,1406.7734375,1407.4453125,1408.140625,1409.5703125,1409.875,1410.1015625,1410.28125,1410.40625,1410.484375,1410.5390625,1410.578125,1410.6171875,1410.703125,1410.78125,1410.859375,1411.0625,1411.125,1411.171875,1411.21875,1411.2578125,1411.375,1411.3984375,1411.421875,1411.4453125,1411.46875,1411.59375,1411.6875,1412.0234375,1412.2890625,1412.3515625,1412.421875,1412.5,1412.6015625,1412.71875,1412.859375,1412.9375,1413.0234375,1413.1171875,1413.21875,1413.328125,1413.453125,1413.5859375,1413.7265625,1413.8203125,1413.921875,1414.1328125,1414.375,1414.6484375,1414.9375,1415.28125,1416.5703125,1417.171875,1417.734375,1418.2890625,1419.1171875,1419.9921875,1420.8359375,1422.375,1422.828125,1423.0390625,1423.1875,1423.28125,1423.34375,1423.390625,1423.4296875,1423.515625,1423.59375,1423.6640625,1423.875,1423.9296875,1423.9765625,1424.03125,1424.0703125,1424.1796875,1424.203125,1424.234375,1424.28125,1424.40625,1424.4921875,1424.828125,1425.09375,1425.15625,1425.2265625,1425.3046875,1425.40625,1425.5234375,1425.6640625,1425.75,1425.8359375,1425.9296875,1426.03125,1426.140625,1426.265625,1426.3984375,1426.5390625,1426.6328125,1426.734375,1426.9453125,1427.1796875,1427.453125,1427.7421875,1428.0859375,1429.3828125,1429.984375,1430.546875,1431.1015625,1431.921875,1432.796875,1433.6328125,1435.1640625,1435.6171875,1435.828125,1435.9765625,1436.0703125,1436.1328125,1436.1796875,1436.21875,1436.3046875,1436.3828125,1436.453125,1436.6640625,1436.7265625,1436.7734375,1436.8203125,1436.859375,1436.96875,1436.9921875,1437.0234375,1437.046875,1437.0703125,1437.1953125,1437.28125,1437.6171875,1437.890625,1437.953125,1438.015625,1438.09375,1438.1953125,1438.3125,1438.453125,1438.5390625,1438.625,1438.71875,1438.8203125,1438.9296875,1439.0546875,1439.1875,1439.328125,1439.421875,1439.5234375,1439.734375,1439.96875,1440.2421875,1440.53125,1440.875,1442.171875,1442.7734375,1443.3359375,1443.890625,1444.7109375,1445.578125,1446.4140625,1447.9375,1448.390625,1448.6015625,1448.75,1448.84375,1448.90625,1448.953125,1448.9921875,1449.078125,1449.15625,1449.234375,1449.4375,1449.5,1449.546875,1449.59375,1449.6328125,1449.75,1449.7734375,1449.796875,1449.8203125,1449.84375,1449.96875,1450.0546875,1450.390625,1450.6640625,1450.7265625,1450.796875,1450.875,1450.9765625,1451.09375,1451.234375,1451.3125,1451.3984375,1451.4921875,1451.59375,1451.703125,1451.828125,1451.9609375,1452.1015625,1452.1953125,1452.296875,1452.5078125,1452.7421875,1453.015625,1453.3046875,1453.6484375,1454.9453125,1455.5390625,1456.1015625,1456.65625,1457.4765625,1458.34375,1459.1796875,1460.6953125,1461.1484375,1461.359375,1461.5078125,1461.6015625,1461.6640625,1461.7109375,1461.75,1461.8359375,1461.9140625,1461.984375,1462.1953125,1462.2578125,1462.3046875,1462.3515625,1462.390625,1462.5,1462.5234375,1462.5546875,1462.578125,1462.6015625,1462.7265625,1462.8125,1463.1484375,1463.421875,1463.484375,1463.5546875,1463.6328125,1463.734375,1463.8515625,1463.9921875,1464.0703125,1464.15625,1464.25,1464.3515625,1464.4609375,1464.5859375,1464.71875,1464.859375,1464.953125,1465.0546875,1465.265625,1465.5,1465.7734375,1466.0625,1466.40625,1467.6953125,1468.296875,1468.8515625,1469.40625,1470.21875,1471.0859375,1471.921875,1473.4453125,1473.8984375,1474.109375,1474.2578125,1474.3515625,1474.40625,1474.453125,1474.4921875,1474.578125,1474.65625,1474.7265625,1474.9375,1475.0390625,1475.09375,1475.1328125,1475.25,1475.2734375,1475.296875,1475.3203125,1475.34375,1475.46875,1475.5546875,1475.890625,1476.1640625,1476.2265625,1476.2890625,1476.3671875,1476.46875,1476.5859375,1476.7265625,1476.8125,1476.8984375,1476.9921875,1477.09375,1477.203125,1477.328125,1477.4609375,1477.6015625,1477.6953125,1477.796875,1478.0078125,1478.2421875,1478.515625,1478.8046875,1479.1484375,1480.4375,1481.03125,1481.5859375,1482.140625,1482.953125,1483.8203125,1484.6484375,1486.171875,1486.625,1486.8359375,1486.984375,1487.078125,1487.1328125,1487.1796875,1487.21875,1487.3046875,1487.3828125,1487.453125,1487.6640625,1487.765625,1487.8203125,1487.859375,1487.9765625,1488.0,1488.0234375,1488.046875,1488.0703125,1488.1953125,1488.28125,1488.6171875,1488.890625,1488.953125,1489.015625,1489.09375,1489.1953125,1489.3125,1489.453125,1489.5390625,1489.625,1489.71875,1489.8203125,1489.9296875,1490.0546875,1490.1875,1490.328125,1490.421875,1490.5234375,1490.734375,1490.9765625,1491.25,1491.5390625,1491.875,1493.15625,1493.7421875,1494.2890625,1494.828125,1495.6484375,1496.5234375,1497.359375,1498.890625,1499.34375,1499.5625,1499.703125,1499.796875,1499.8515625,1499.890625,1499.9296875,1500.015625,1500.09375,1500.171875,1500.375,1500.4375,1500.484375,1500.53125,1500.5703125,1500.6875,1500.7109375,1500.734375,1500.7578125,1500.78125,1500.90625,1500.9921875,1501.3359375,1501.6015625,1501.6640625,1501.734375,1501.8125,1501.9140625,1502.03125,1502.171875,1502.25,1502.3359375,1502.4296875,1502.53125,1502.640625,1502.765625,1502.8984375,1503.0390625,1503.1328125,1503.234375,1503.4453125,1503.6875,1503.9609375,1504.25,1504.5859375,1505.8671875,1506.4609375,1507.0078125,1507.5546875,1508.3671875,1509.234375,1510.0703125,1511.5859375,1512.0390625,1512.25,1512.3984375,1512.4921875,1512.546875,1512.59375,1512.6328125,1512.7109375,1512.7890625,1512.8671875,1513.0703125,1513.1328125,1513.1796875,1513.2578125,1513.375,1513.3984375,1513.4296875,1513.453125,1513.4765625,1513.6015625,1513.6953125,1514.03125,1514.296875,1514.359375,1514.4296875,1514.5078125,1514.609375,1514.7265625,1514.8671875,1514.9453125,1515.03125,1515.125,1515.2265625,1515.3359375,1515.4609375,1515.59375,1515.734375,1515.828125,1515.9296875,1516.140625,1516.3828125,1516.65625,1516.9453125,1517.28125,1518.5625,1519.1484375,1519.6953125,1520.234375,1521.046875,1521.9140625,1522.75,1524.28125,1524.734375,1524.9453125,1525.0859375,1525.1796875,1525.234375,1525.2734375,1525.3125,1525.3984375,1525.4765625,1525.546875,1525.7578125,1525.8203125,1525.8671875,1525.9140625,1525.953125,1526.0625,1526.0859375,1526.1171875,1526.140625,1526.1640625,1526.2890625,1526.375,1526.71875,1526.984375,1527.046875,1527.1171875,1527.1953125,1527.296875,1527.4140625,1527.5546875,1527.6328125,1527.71875,1527.8125,1527.9140625,1528.0234375,1528.1484375,1528.28125,1528.421875,1528.515625,1528.6171875,1528.828125,1529.0625,1529.3359375,1529.625,1529.9609375,1531.25,1531.84375,1532.3984375,1532.9453125,1533.75,1534.609375,1535.4375,1536.9453125,1537.390625,1537.6015625,1537.75,1537.84375,1537.8984375,1537.9453125,1537.984375,1538.0703125,1538.1484375,1538.21875,1538.4296875,1538.53125,1538.5859375,1538.625,1538.7421875,1538.765625,1538.7890625,1538.8125,1538.8359375,1538.9609375,1539.046875,1539.3828125,1539.65625,1539.71875,1539.7890625,1539.8671875,1539.96875,1540.0859375,1540.2265625,1540.3046875,1540.390625,1540.484375,1540.5859375,1540.6953125,1540.8203125,1540.953125,1541.09375,1541.1875,1541.2890625,1541.5,1541.7421875,1542.015625,1542.3046875,1542.640625,1543.9140625,1544.5,1545.046875,1545.59375,1546.40625,1547.265625,1548.09375,1549.609375,1550.0625,1550.2734375,1550.4140625,1550.5078125,1550.5625,1550.6015625,1550.640625,1550.734375,1550.8046875,1550.8828125,1551.0859375,1551.1484375,1551.1953125,1551.2421875,1551.28125,1551.3984375,1551.421875,1551.4453125,1551.46875,1551.4921875,1551.6171875,1551.7109375,1552.046875,1552.3125,1552.375,1552.4453125,1552.5234375,1552.625,1552.7421875,1552.8828125,1552.9609375,1553.046875,1553.140625,1553.2421875,1553.3515625,1553.4765625,1553.609375,1553.75,1553.84375,1553.9453125,1554.15625,1554.3984375,1554.671875,1554.9609375,1555.296875,1556.5703125,1557.15625,1557.703125,1558.2421875,1559.0546875,1559.9140625,1560.7421875,1562.2578125,1562.7109375,1562.921875,1563.0625,1563.15625,1563.2109375,1563.25,1563.2890625,1563.3828125,1563.453125,1563.53125,1563.734375,1563.796875,1563.84375,1563.890625,1563.9296875,1564.046875,1564.0703125,1564.09375,1564.1171875,1564.140625,1564.265625,1564.3515625,1564.6953125,1564.9609375,1565.0234375,1565.09375,1565.171875,1565.2734375,1565.390625,1565.53125,1565.609375,1565.6953125,1565.7890625,1565.890625,1566.0,1566.125,1566.2578125,1566.3984375,1566.4921875,1566.59375,1566.8046875,1567.0390625,1567.3125,1567.6015625,1567.9375,1569.2265625,1569.8125,1570.359375,1570.8984375,1571.703125,1572.5625,1573.390625,1574.8984375,1575.34375,1575.5546875,1575.6953125,1575.7890625,1575.84375,1575.890625,1575.9296875,1576.015625,1576.09375,1576.1640625,1576.375,1576.4296875,1576.4765625,1576.5234375,1576.5625,1576.6796875,1576.703125,1576.71875,1576.734375,1576.78125,1576.8984375,1576.9921875,1577.328125,1577.6015625,1577.6640625,1577.7265625,1577.8046875,1577.90625,1578.0234375,1578.1640625,1578.25,1578.3359375,1578.4296875,1578.53125,1578.640625,1578.765625,1578.8984375,1579.0390625,1579.1328125,1579.234375,1579.4453125,1579.6796875,1579.953125,1580.2421875,1580.578125,1581.859375,1582.4453125,1582.9921875,1583.53125,1584.3359375,1585.1953125,1586.015625,1587.5234375,1587.96875,1588.1796875,1588.3203125,1588.4140625,1588.46875,1588.515625,1588.5546875,1588.640625,1588.71875,1588.7890625,1589.0,1589.0546875,1589.1015625,1589.1484375,1589.1875,1589.3046875,1589.328125,1589.34375,1589.359375,1589.40625,1589.5234375,1589.6171875,1589.953125,1590.2265625,1590.2890625,1590.3515625,1590.4296875,1590.53125,1590.6484375,1590.7890625,1590.875,1590.9609375,1591.0546875,1591.15625,1591.265625,1591.390625,1591.5234375,1591.6640625,1591.7578125,1591.859375,1592.0703125,1592.3046875,1592.578125,1592.8671875,1593.203125,1594.4765625,1595.0625,1595.6015625,1596.140625,1596.9453125,1597.8046875,1598.6328125,1600.140625,1600.5859375,1600.796875,1600.9375,1601.03125,1601.0859375,1601.125,1601.1640625,1601.2578125,1601.328125,1601.40625,1601.609375,1601.671875,1601.71875,1601.765625,1601.8046875,1601.921875,1601.9453125,1601.96875,1601.9921875,1602.015625,1602.140625,1602.234375,1602.5703125,1602.8359375,1602.8984375,1602.96875,1603.046875,1603.1484375,1603.265625,1603.40625,1603.484375,1603.5703125,1603.6640625,1603.765625,1603.875,1604.0,1604.1328125,1604.2734375,1604.3671875,1604.46875,1604.6796875,1604.9140625,1605.1875,1605.4765625,1605.8125,1607.09375,1607.6796875,1608.2265625,1608.765625,1609.5703125,1610.421875,1611.2421875,1612.7421875,1613.1875,1613.3984375,1613.5390625,1613.6328125,1613.6875,1613.734375,1613.7734375,1613.859375,1613.9375,1614.0078125,1614.21875,1614.2734375,1614.3203125,1614.3671875,1614.40625,1614.5234375,1614.546875,1614.5625,1614.578125,1614.625,1614.7421875,1614.8359375,1615.171875,1615.4453125,1615.5078125,1615.5703125,1615.6484375,1615.75,1615.8671875,1616.0078125,1616.09375,1616.1796875,1616.2734375,1616.375,1616.484375,1616.609375,1616.7421875,1616.8828125,1616.9765625,1617.078125,1617.2890625,1617.5234375,1617.796875,1618.0859375,1618.421875,1619.6953125,1620.28125,1620.828125,1621.375,1622.171875,1623.0234375,1623.84375,1625.3359375,1625.78125,1625.9921875,1626.1328125,1626.2265625,1626.28125,1626.328125,1626.3671875,1626.453125,1626.53125,1626.6015625,1626.8125,1626.8671875,1626.9140625,1626.96875,1627.0078125,1627.1171875,1627.140625,1627.15625,1627.171875,1627.21875,1627.34375,1627.4296875,1627.765625,1628.0390625,1628.1015625,1628.171875,1628.25,1628.3515625,1628.46875,1628.609375,1628.6875,1628.7734375,1628.8671875,1628.96875,1629.078125,1629.203125,1629.3359375,1629.4765625,1629.5703125,1629.671875,1629.8828125,1630.1171875,1630.390625,1630.6796875,1631.015625,1632.2890625,1632.875,1633.421875,1633.96875,1634.765625,1635.6171875,1636.4296875,1637.921875,1638.3671875,1638.578125,1638.71875,1638.8125,1638.8671875,1638.9140625,1638.953125,1639.0390625,1639.1171875,1639.1875,1639.3984375,1639.453125,1639.5,1639.5546875,1639.59375,1639.703125,1639.7265625,1639.7421875,1639.7578125,1639.8046875,1639.9296875,1640.015625,1640.3515625,1640.625,1640.6875,1640.7578125,1640.8359375,1640.9375,1641.0546875,1641.1953125,1641.2734375,1641.359375,1641.453125,1641.5546875,1641.6640625,1641.7890625,1641.921875,1642.0625,1642.15625,1642.2578125,1642.46875,1642.703125,1642.9765625,1643.265625,1643.6015625,1644.875,1645.4609375,1646.0,1646.5390625,1647.34375,1648.1953125,1649.015625,1650.5,1650.9453125,1651.15625,1651.296875,1651.390625,1651.4453125,1651.4921875,1651.53125,1651.6171875,1651.6953125,1651.765625,1651.9765625,1652.03125,1652.078125,1652.15625,1652.2734375,1652.296875,1652.328125,1652.3515625,1652.375,1652.5078125,1652.59375,1652.9296875,1653.203125,1653.265625,1653.328125,1653.40625,1653.5078125,1653.625,1653.765625,1653.84375,1653.9296875,1654.0234375,1654.125,1654.234375,1654.359375,1654.4921875,1654.6328125,1654.7265625,1654.828125,1655.0390625,1655.28125,1655.5546875,1655.84375,1656.1796875,1657.453125,1658.03125,1658.5703125,1659.109375,1659.9140625,1660.765625,1661.5859375,1663.0703125,1663.515625,1663.7265625,1663.8671875,1663.9609375,1664.015625,1664.0546875,1664.09375,1664.1875,1664.2578125,1664.3359375,1664.5390625,1664.6015625,1664.6484375,1664.6953125,1664.734375,1664.8515625,1664.875,1664.8984375,1664.921875,1664.9453125,1665.0703125,1665.1640625,1665.5,1665.765625,1665.828125,1665.8984375,1665.9765625,1666.078125,1666.1953125,1666.3359375,1666.4140625,1666.5,1666.59375,1666.6953125,1666.8046875,1666.9296875,1667.0625,1667.203125,1667.296875,1667.3984375,1667.609375,1667.8515625,1668.125,1668.4140625,1668.75,1670.015625,1670.59375,1671.1328125,1671.6640625,1672.46875,1673.3203125,1674.140625,1675.640625,1676.0859375,1676.2890625,1676.4296875,1676.5234375,1676.578125,1676.6171875,1676.65625,1676.7421875,1676.8203125,1676.8984375,1677.1015625,1677.1640625,1677.2109375,1677.2578125,1677.296875,1677.40625,1677.4296875,1677.4609375,1677.484375,1677.5078125,1677.6328125,1677.71875,1678.0625,1678.328125,1678.390625,1678.4609375,1678.5390625,1678.640625,1678.7578125,1678.8984375,1678.9765625,1679.0625,1679.15625,1679.2578125,1679.3671875,1679.4921875,1679.625,1679.765625,1679.859375,1679.9609375,1680.171875,1680.40625,1680.6796875,1680.96875,1681.3046875,1682.578125,1683.1640625,1683.7109375,1684.25,1685.046875,1685.890625,1686.703125,1688.1875,1688.625,1688.8359375,1688.9765625,1689.0703125,1689.125,1689.171875,1689.2109375,1689.296875,1689.375,1689.4453125,1689.65625,1689.7109375,1689.7578125,1689.8125,1689.8515625,1689.9609375,1689.984375,1690.015625,1690.0625,1690.1875,1690.2734375,1690.609375,1690.8828125,1690.9453125,1691.015625,1691.09375,1691.1953125,1691.3125,1691.453125,1691.53125,1691.6171875,1691.7109375,1691.8125,1691.921875,1692.046875,1692.1796875,1692.3203125,1692.4140625,1692.515625,1692.7265625,1692.9609375,1693.234375,1693.5234375,1693.859375,1695.125,1695.7109375,1696.25,1696.7890625,1697.5859375,1698.4375,1699.25,1700.734375,1701.171875,1701.3828125,1701.5234375,1701.6171875,1701.671875,1701.71875,1701.7578125,1701.84375,1701.921875,1701.9921875,1702.203125,1702.2578125,1702.3046875,1702.3828125,1702.5,1702.5234375,1702.5546875,1702.578125,1702.6015625,1702.734375,1702.8203125,1703.15625,1703.4296875,1703.4921875,1703.5625,1703.640625,1703.7421875,1703.859375,1704.0,1704.078125,1704.1640625,1704.2578125,1704.359375,1704.46875,1704.59375,1704.7265625,1704.8671875,1704.9609375,1705.0625,1705.2734375,1705.5078125,1705.78125,1706.0703125,1706.40625,1707.671875,1708.25,1708.7890625,1709.328125,1710.125,1710.9765625,1711.7890625,1713.2734375,1713.7109375,1713.921875,1714.0625,1714.15625,1714.2109375,1714.2578125,1714.296875,1714.3828125,1714.453125,1714.53125,1714.7421875,1714.796875,1714.84375,1714.921875,1715.0390625,1715.0625,1715.09375,1715.1171875,1715.140625,1715.265625,1715.359375,1715.6953125,1715.96875,1716.03125,1716.09375,1716.171875,1716.2734375,1716.390625,1716.53125,1716.609375,1716.6953125,1716.7890625,1716.890625,1717.0,1717.125,1717.2578125,1717.3984375,1717.4921875,1717.59375,1717.8046875,1718.0390625,1718.3125,1718.6015625,1718.9375,1720.2109375,1720.7890625,1721.328125,1721.8671875,1722.6640625,1723.5078125,1724.3203125,1725.8046875,1726.2421875,1726.453125,1726.59375,1726.6875,1726.7421875,1726.7890625,1726.828125,1726.9140625,1726.984375,1727.0625,1727.2734375,1727.328125,1727.375,1727.453125,1727.5703125,1727.59375,1727.625,1727.6484375,1727.671875,1727.796875,1727.890625,1728.2265625,1728.5,1728.5625,1728.625,1728.703125,1728.8046875,1728.921875,1729.0625,1729.140625,1729.2265625,1729.3203125,1729.421875,1729.53125,1729.65625,1729.7890625,1729.9296875,1730.0234375,1730.125,1730.3359375,1730.5703125,1730.84375,1731.1328125,1731.46875,1732.7421875,1733.3203125,1733.859375,1734.3984375,1735.1953125,1736.0390625,1736.8515625,1738.328125,1738.765625,1738.9765625,1739.1171875,1739.2109375,1739.265625,1739.3125,1739.3515625,1739.4375,1739.515625,1739.5859375,1739.796875,1739.8515625,1739.8984375,1739.9453125,1739.984375,1740.1015625,1740.125,1740.140625,1740.15625,1740.203125,1740.3203125,1740.4140625,1740.75,1741.0234375,1741.0859375,1741.15625,1741.234375,1741.3359375,1741.453125,1741.59375,1741.671875,1741.7578125,1741.8515625,1741.953125,1742.0625,1742.1875,1742.3203125,1742.4609375,1742.5546875,1742.65625,1742.8671875,1743.1015625,1743.375,1743.6640625,1744.0,1745.2578125,1745.8359375,1746.375,1746.90625,1747.703125,1748.546875,1749.3671875,1750.859375,1751.296875,1751.5,1751.640625,1751.734375,1751.7890625,1751.828125,1751.8671875,1751.953125,1752.03125,1752.109375,1752.3125,1752.375,1752.421875,1752.46875,1752.5078125,1752.625,1752.6484375,1752.671875,1752.6953125,1752.71875,1752.84375,1752.9296875,1753.2734375,1753.5390625,1753.6015625,1753.671875,1753.75,1753.8515625,1753.96875,1754.109375,1754.1875,1754.2734375,1754.3671875,1754.46875,1754.578125,1754.703125,1754.8359375,1754.9765625,1755.0703125,1755.171875,1755.3828125,1755.6171875,1755.890625,1756.1796875,1756.515625,1757.78125,1758.3671875,1758.90625,1759.4453125,1760.234375,1761.078125,1761.890625,1763.359375,1763.796875,1764.0078125,1764.1484375,1764.2421875,1764.296875,1764.34375,1764.3828125,1764.46875,1764.546875,1764.6171875,1764.828125,1764.8828125,1764.9296875,1764.984375,1765.0234375,1765.1328125,1765.15625,1765.171875,1765.1875,1765.234375,1765.359375,1765.4453125,1765.7890625,1766.0546875,1766.1171875,1766.1875,1766.265625,1766.3671875,1766.484375,1766.625,1766.703125,1766.7890625,1766.8828125,1766.984375,1767.09375,1767.21875,1767.3515625,1767.4921875,1767.5859375,1767.6875,1767.8984375,1768.1328125,1768.40625,1768.6953125,1769.03125,1770.296875,1770.875,1771.4140625,1771.953125,1772.7421875,1773.5859375,1774.3984375,1775.8671875,1776.3046875,1776.515625,1776.65625,1776.75,1776.8046875,1776.8515625,1776.890625,1776.9765625,1777.0546875,1777.125,1777.3359375,1777.390625,1777.4375,1777.484375,1777.5234375,1777.640625,1777.6640625,1777.6796875,1777.6953125,1777.7421875,1777.859375,1777.953125,1778.2890625,1778.5625,1778.625,1778.6953125,1778.7734375,1778.875,1778.9921875,1779.1328125,1779.2109375,1779.296875,1779.390625,1779.4921875,1779.6015625,1779.7265625,1779.859375,1780.0,1780.09375,1780.1953125,1780.40625,1780.640625,1780.9140625,1781.1953125,1781.53125,1782.796875,1783.375,1783.90625,1784.4296875,1785.2265625,1786.078125,1786.890625,1788.3828125,1788.8203125,1789.03125,1789.171875,1789.2578125,1789.3125,1789.3515625,1789.390625,1789.4765625,1789.5546875,1789.625,1789.8359375,1789.8984375,1789.9453125,1789.9921875,1790.03125,1790.140625,1790.1640625,1790.1953125,1790.2421875,1790.3671875,1790.453125,1790.796875,1791.0625,1791.125,1791.1953125,1791.2734375,1791.375,1791.4921875,1791.6328125,1791.7109375,1791.796875,1791.890625,1791.9921875,1792.1015625,1792.2265625,1792.359375,1792.5,1792.59375,1792.6953125,1792.90625,1793.140625,1793.4140625,1793.703125,1794.0390625,1795.3046875,1795.8828125,1796.421875,1796.953125,1797.7421875,1798.5859375,1799.3984375,1800.875,1801.3125,1801.515625,1801.65625,1801.75,1801.8046875,1801.8515625,1801.890625,1801.9765625,1802.046875,1802.125,1802.3359375,1802.390625,1802.4375,1802.515625,1802.6328125,1802.65625,1802.6875,1802.7109375,1802.734375,1802.859375,1802.953125,1803.2890625,1803.5625,1803.625,1803.6953125,1803.7734375,1803.875,1803.9921875,1804.1328125,1804.2109375,1804.296875,1804.390625,1804.4921875,1804.6015625,1804.7265625,1804.859375,1805.0,1805.09375,1805.1875,1805.3984375,1805.6328125,1805.90625,1806.1953125,1806.53125,1807.796875,1808.375,1808.9140625,1809.4453125,1810.234375,1811.078125,1811.890625,1813.3671875,1813.8046875,1814.0078125,1814.1484375,1814.2421875,1814.296875,1814.34375,1814.3828125,1814.46875,1814.5390625,1814.6171875,1814.828125,1814.8828125,1814.9296875,1815.0078125,1815.125,1815.1484375,1815.1796875,1815.203125,1815.2265625,1815.3515625,1815.4453125,1815.78125,1816.0546875,1816.1171875,1816.1875,1816.265625,1816.3671875,1816.484375,1816.625,1816.703125,1816.7890625,1816.8828125,1816.984375,1817.09375,1817.2109375,1817.34375,1817.484375,1817.578125,1817.6796875,1817.890625,1818.1328125,1818.40625,1818.6875,1819.0234375,1820.2890625,1820.859375,1821.390625,1821.9140625,1822.7109375,1823.5546875,1824.3671875,1825.859375,1826.296875,1826.5078125,1826.6484375,1826.734375,1826.7890625,1826.828125,1826.8671875,1826.953125,1827.03125,1827.1015625,1827.3125,1827.3671875,1827.4140625,1827.46875,1827.5078125,1827.6171875,1827.640625,1827.671875,1827.71875,1827.84375,1827.9296875,1828.2734375,1828.5390625,1828.6015625,1828.671875,1828.75,1828.8515625,1828.96875,1829.109375,1829.1875,1829.2734375,1829.3671875,1829.46875,1829.578125,1829.703125,1829.8359375,1829.9765625,1830.0703125,1830.171875,1830.3828125,1830.6171875,1830.890625,1831.171875,1831.5078125,1832.7734375,1833.3515625,1833.890625,1834.4296875,1835.21875,1836.0546875,1836.859375,1838.3359375,1838.7734375,1838.9765625,1839.1171875,1839.2109375,1839.265625,1839.3125,1839.3515625,1839.4375,1839.515625,1839.5859375,1839.796875,1839.8515625,1839.8984375,1839.9453125,1839.984375,1840.1015625,1840.125,1840.140625,1840.15625,1840.203125,1840.3203125,1840.4140625,1840.7578125,1841.0234375,1841.0859375,1841.15625,1841.234375,1841.3359375,1841.453125,1841.59375,1841.671875,1841.7578125,1841.8515625,1841.953125,1842.0625,1842.1875,1842.3203125,1842.4609375,1842.5546875,1842.65625,1842.8671875,1843.1015625,1843.375,1843.65625,1843.9921875,1845.2578125,1845.828125,1846.359375,1846.8828125,1847.6796875,1848.5234375,1849.3359375,1850.8203125,1851.2578125,1851.46875,1851.609375,1851.6953125,1851.75,1851.7890625,1851.828125,1851.9140625,1851.9921875,1852.0625,1852.2734375,1852.3359375,1852.3828125,1852.4296875,1852.46875,1852.578125,1852.6015625,1852.6328125,1852.6796875,1852.8046875,1852.890625,1853.234375,1853.5,1853.5625,1853.6328125,1853.7109375,1853.8125,1853.9296875,1854.0703125,1854.1484375,1854.234375,1854.328125,1854.4296875,1854.5390625,1854.6640625,1854.796875,1854.9375,1855.03125,1855.1328125,1855.34375,1855.578125,1855.8515625,1856.1328125,1856.46875,1857.734375,1858.3125,1858.8515625,1859.3828125,1860.171875,1861.0078125,1861.8203125,1863.2890625,1863.7265625,1863.9296875,1864.0703125,1864.1640625,1864.21875,1864.265625,1864.3046875,1864.390625,1864.46875,1864.5390625,1864.75,1864.8046875,1864.8515625,1864.8984375,1864.9375,1865.0546875,1865.078125,1865.09375,1865.109375,1865.15625,1865.28125,1865.3671875,1865.7109375,1865.9765625,1866.0390625,1866.109375,1866.1875,1866.2890625,1866.40625,1866.546875,1866.625,1866.7109375,1866.8046875,1866.90625,1867.015625,1867.140625,1867.2734375,1867.4140625,1867.5078125,1867.609375,1867.8203125,1868.0546875,1868.328125,1868.609375,1868.9453125,1870.203125,1870.7734375,1871.3046875,1871.828125,1872.625,1873.46875,1874.28125,1875.765625,1876.203125,1876.4140625,1876.5546875,1876.640625,1876.6953125,1876.734375,1876.7734375,1876.859375,1876.9375,1877.0078125,1877.21875,1877.28125,1877.328125,1877.375,1877.4140625,1877.5234375,1877.546875,1877.578125,1877.6015625,1877.625,1877.75,1877.8359375,1878.1796875,1878.4453125,1878.5078125,1878.578125,1878.65625,1878.7578125,1878.875,1879.015625,1879.09375,1879.1796875,1879.2734375,1879.375,1879.484375,1879.609375,1879.7421875,1879.8828125,1879.9765625,1880.0703125,1880.28125,1880.515625,1880.7890625,1881.078125,1881.4140625,1882.6796875,1883.2578125,1883.796875,1884.328125,1885.1171875,1885.953125,1886.7578125,1888.2265625,1888.6640625,1888.8671875,1889.0078125,1889.1015625,1889.15625,1889.203125,1889.2421875,1889.328125,1889.40625,1889.4765625,1889.6875,1889.7421875,1889.7890625,1889.84375,1889.8828125,1889.9921875,1890.015625,1890.03125,1890.046875,1890.09375,1890.21875,1890.3046875,1890.6484375,1890.9140625,1890.9765625,1891.046875,1891.125,1891.2265625,1891.34375,1891.484375,1891.5625,1891.6484375,1891.7421875,1891.84375,1891.953125,1892.078125,1892.2109375,1892.3515625,1892.4453125,1892.546875,1892.7578125,1892.9921875,1893.265625,1893.546875,1893.8828125,1895.1484375,1895.71875,1896.25,1896.7734375,1897.5703125,1898.40625,1899.21875,1900.6953125,1901.1328125,1901.3359375,1901.4765625,1901.5703125,1901.625,1901.6640625,1901.703125,1901.7890625,1901.8671875,1901.9453125,1902.1484375,1902.2109375,1902.2578125,1902.3046875,1902.34375,1902.4609375,1902.484375,1902.5078125,1902.53125,1902.5546875,1902.6796875,1902.765625,1903.109375,1903.375,1903.4375,1903.5078125,1903.5859375,1903.6875,1903.8046875,1903.9453125,1904.0234375,1904.109375,1904.203125,1904.3046875,1904.4140625,1904.5390625,1904.671875,1904.8125,1904.90625,1905.0078125,1905.21875,1905.453125,1905.7265625,1906.0078125,1906.34375,1907.609375,1908.1796875,1908.7109375,1909.234375,1910.03125,1910.8671875,1911.6796875,1913.15625,1913.59375,1913.8046875,1913.9453125,1914.03125,1914.0859375,1914.125,1914.1640625,1914.25,1914.328125,1914.3984375,1914.609375,1914.671875,1914.71875,1914.765625,1914.8046875,1914.9140625,1914.9375,1914.96875,1914.9921875,1915.015625,1915.140625,1915.2265625,1915.5703125,1915.8359375,1915.8984375,1915.96875,1916.046875,1916.1484375,1916.265625,1916.40625,1916.484375,1916.5703125,1916.6640625,1916.765625,1916.875,1917.0,1917.1328125,1917.2734375,1917.3671875,1917.46875,1917.6796875,1917.9140625,1918.1875,1918.46875,1918.8046875,1920.0703125,1920.640625,1921.1796875,1921.7109375,1922.5,1923.3359375,1924.140625,1925.609375,1926.046875,1926.25,1926.390625,1926.484375,1926.5390625,1926.5859375,1926.625,1926.7109375,1926.78125,1926.859375,1927.0703125,1927.125,1927.171875,1927.25,1927.3671875,1927.390625,1927.421875,1927.4453125,1927.46875,1927.6015625,1927.6875,1928.0234375,1928.296875,1928.359375,1928.4296875,1928.5078125,1928.609375,1928.7265625,1928.8671875,1928.9453125,1929.03125,1929.125,1929.2265625,1929.3359375,1929.4609375,1929.59375,1929.734375,1929.828125,1929.921875,1930.1328125,1930.3671875,1930.640625,1930.9296875,1931.265625,1932.5234375,1933.1015625,1933.640625,1934.171875,1934.9609375,1935.796875,1936.6015625,1938.0625,1938.5,1938.703125,1938.84375,1938.9375,1938.9921875,1939.0390625,1939.078125,1939.1640625,1939.2421875,1939.3125,1939.5234375,1939.578125,1939.625,1939.6796875,1939.71875,1939.828125,1939.8515625,1939.8671875,1939.8828125,1939.9296875,1940.0546875,1940.140625,1940.484375,1940.75,1940.8125,1940.8828125,1940.9609375,1941.0625,1941.1796875,1941.3203125,1941.3984375,1941.484375,1941.578125,1941.6796875,1941.7890625,1941.9140625,1942.046875,1942.1875,1942.28125,1942.375,1942.5859375,1942.8203125,1943.09375,1943.3828125,1943.71875,1944.9765625,1945.5546875,1946.0859375,1946.6171875,1947.40625,1948.2421875,1949.046875,1950.515625,1950.953125,1951.15625,1951.296875,1951.390625,1951.4453125,1951.4921875,1951.53125,1951.6171875,1951.6875,1951.765625,1951.9765625,1952.03125,1952.078125,1952.15625,1952.2734375,1952.296875,1952.328125,1952.3515625,1952.375,1952.5,1952.59375,1952.9296875,1953.203125,1953.265625,1953.3359375,1953.4140625,1953.515625,1953.6328125,1953.7734375,1953.8515625,1953.9375,1954.03125,1954.1328125,1954.2421875,1954.3671875,1954.5,1954.640625,1954.734375,1954.8359375,1955.046875,1955.28125,1955.5546875,1955.8359375,1956.171875,1957.421875,1957.9921875,1958.5234375,1959.046875,1959.84375,1960.6796875,1961.4921875,1962.9765625,1963.4140625,1963.6171875,1963.7578125,1963.84375,1963.8984375,1963.9375,1963.9765625,1964.0625,1964.1328125,1964.2109375,1964.421875,1964.484375,1964.53125,1964.578125,1964.6171875,1964.7265625,1964.75,1964.78125,1964.828125,1964.953125,1965.0390625,1965.3828125,1965.6484375,1965.7109375,1965.78125,1965.859375,1965.9609375,1966.078125,1966.21875,1966.296875,1966.3828125,1966.4765625,1966.578125,1966.6875,1966.8125,1966.9453125,1967.0859375,1967.1796875,1967.28125,1967.4921875,1967.7265625,1968.0,1968.28125,1968.6171875,1969.875,1970.4453125,1970.9765625,1971.5,1972.296875,1973.1328125,1973.9453125,1975.4140625,1975.8515625,1976.0625,1976.203125,1976.2890625,1976.34375,1976.3828125,1976.421875,1976.5078125,1976.5859375,1976.65625,1976.8671875,1976.9296875,1976.9765625,1977.0234375,1977.0625,1977.171875,1977.1953125,1977.2265625,1977.25,1977.2734375,1977.3984375,1977.484375,1977.828125,1978.1015625,1978.1640625,1978.2265625,1978.3046875,1978.40625,1978.5234375,1978.6640625,1978.7421875,1978.828125,1978.921875,1979.0234375,1979.1328125,1979.2578125,1979.390625,1979.53125,1979.625,1979.7265625,1979.9375,1980.171875,1980.4453125,1980.7265625,1981.0625,1982.3203125,1982.890625,1983.4140625,1983.9375,1984.734375,1985.5703125,1986.3828125,1987.8671875,1988.3046875,1988.5078125,1988.6484375,1988.734375,1988.7890625,1988.828125,1988.8671875,1988.953125,1989.03125,1989.1015625,1989.3125,1989.3671875,1989.4140625,1989.46875,1989.5078125,1989.6171875,1989.640625,1989.671875,1989.71875,1989.84375,1989.9296875,1990.2734375,1990.5390625,1990.6015625,1990.671875,1990.75,1990.8515625,1990.96875,1991.109375,1991.1875,1991.2734375,1991.3671875,1991.46875,1991.578125,1991.703125,1991.8359375,1991.9765625,1992.0703125,1992.171875,1992.3828125,1992.6171875,1992.890625,1993.171875,1993.5078125,1994.765625,1995.3359375,1995.8671875,1996.3984375,1997.1875,1998.0234375,1998.828125,2000.3046875,2000.734375,2000.9375,2001.078125,2001.171875,2001.2265625,2001.265625,2001.3046875,2001.3984375,2001.46875,2001.546875,2001.75,2001.8125,2001.859375,2001.90625,2001.9453125,2002.0625,2002.0859375,2002.109375,2002.1328125,2002.15625,2002.28125,2002.375,2002.7109375,2002.984375,2003.046875,2003.1171875,2003.1953125,2003.296875,2003.4140625,2003.5546875,2003.6328125,2003.71875,2003.8125,2003.9140625,2004.0234375,2004.1484375,2004.28125,2004.421875,2004.515625,2004.609375,2004.8203125,2005.0546875,2005.328125,2005.609375,2005.9453125,2007.2109375,2007.7890625,2008.3203125,2008.8515625,2009.640625,2010.46875,2011.2734375,2012.7421875,2013.171875,2013.375,2013.515625,2013.609375,2013.6640625,2013.7109375,2013.75,2013.8359375,2013.90625,2013.984375,2014.1953125,2014.25,2014.296875,2014.34375,2014.3828125,2014.5,2014.5234375,2014.5390625,2014.5546875,2014.6015625,2014.71875,2014.8125,2015.15625,2015.421875,2015.484375,2015.5546875,2015.6328125,2015.734375,2015.8515625,2015.9921875,2016.0703125,2016.15625,2016.25,2016.3515625,2016.4609375,2016.5859375,2016.71875,2016.859375,2016.953125,2017.046875,2017.2578125,2017.4921875,2017.765625,2018.046875,2018.3828125,2019.6484375,2020.2265625,2020.7578125,2021.2890625,2022.078125,2022.90625,2023.7109375,2025.1796875,2025.609375,2025.8125,2025.953125,2026.046875,2026.1015625,2026.1484375,2026.1875,2026.2734375,2026.34375,2026.421875,2026.6328125,2026.6875,2026.734375,2026.78125,2026.8203125,2026.9375,2026.9609375,2026.9765625,2026.9921875,2027.0390625,2027.15625,2027.25,2027.59375,2027.859375,2027.921875,2027.9921875,2028.0703125,2028.171875,2028.2890625,2028.4296875,2028.5078125,2028.59375,2028.6875,2028.7890625,2028.8984375,2029.0234375,2029.15625,2029.296875,2029.390625,2029.484375,2029.6953125,2029.9296875,2030.203125,2030.484375,2030.8203125,2032.0859375,2032.65625,2033.1875,2033.7109375,2034.5,2035.3359375,2036.140625,2037.6171875,2038.046875,2038.25,2038.390625,2038.484375,2038.5390625,2038.578125,2038.6171875,2038.7109375,2038.78125,2038.859375,2039.0625,2039.125,2039.171875,2039.21875,2039.2578125,2039.375,2039.3984375,2039.421875,2039.4453125,2039.46875,2039.59375,2039.6875,2040.0234375,2040.296875,2040.359375,2040.4296875,2040.5078125,2040.609375,2040.7265625,2040.8671875,2040.9453125,2041.03125,2041.125,2041.2265625,2041.3359375,2041.4609375,2041.59375,2041.734375,2041.828125,2041.921875,2042.1328125,2042.3671875,2042.640625,2042.921875,2043.2578125,2044.5234375,2045.09375,2045.6328125,2046.1640625,2046.953125,2047.78125,2048.5859375,2050.046875,2050.4765625,2050.6796875,2050.8203125,2050.9140625,2050.96875,2051.015625,2051.0546875,2051.140625,2051.21875,2051.2890625,2051.5,2051.5546875,2051.6015625,2051.65625,2051.6953125,2051.8046875,2051.828125,2051.859375,2051.90625,2052.03125,2052.1171875,2052.4609375,2052.7265625,2052.7890625,2052.859375,2052.9375,2053.0390625,2053.15625,2053.296875,2053.375,2053.4609375,2053.5546875,2053.65625,2053.765625,2053.890625,2054.0234375,2054.1640625,2054.2578125,2054.359375,2054.5703125,2054.8046875,2055.078125,2055.359375,2055.6953125,2056.9453125,2057.515625,2058.046875,2058.5703125,2059.359375,2060.1953125,2061.0078125,2062.484375,2062.921875,2063.125,2063.265625,2063.3515625,2063.40625,2063.4453125,2063.484375,2063.5703125,2063.6484375,2063.7265625,2063.9296875,2063.9921875,2064.0390625,2064.0859375,2064.125,2064.2421875,2064.265625,2064.2890625,2064.3125,2064.3359375,2064.4609375,2064.546875,2064.890625,2065.1640625,2065.2890625,2065.3671875,2065.46875,2065.5859375,2065.7265625,2065.8046875,2065.890625,2065.984375,2066.0859375,2066.1953125,2066.3203125,2066.453125,2066.59375,2066.6875,2066.7890625,2067.0,2067.234375,2067.5078125,2067.7890625,2068.125,2069.3828125,2069.953125,2070.484375,2071.0078125,2071.796875,2072.6328125,2073.4375,2074.9140625,2075.34375,2075.546875,2075.6875,2075.78125,2075.8359375,2075.875,2075.9140625,2076.0,2076.078125,2076.15625,2076.359375,2076.421875,2076.46875,2076.515625,2076.5546875,2076.671875,2076.6953125,2076.71875,2076.7421875,2076.765625,2076.890625,2076.984375,2077.3203125,2077.59375,2077.65625,2077.7265625,2077.8046875,2077.90625,2078.0234375,2078.1640625,2078.2421875,2078.328125,2078.421875,2078.5234375,2078.6328125,2078.7578125,2078.890625,2079.03125,2079.125,2079.21875,2079.4296875,2079.6640625,2079.9375,2080.21875,2080.5546875,2081.8125,2082.3828125,2082.90625,2083.4296875,2084.21875,2085.0546875,2085.8671875,2087.34375,2087.78125,2087.984375,2088.125,2088.2109375,2088.265625,2088.3046875,2088.34375,2088.4296875,2088.5078125,2088.578125,2088.7890625,2088.8515625,2088.8984375,2088.9453125,2088.984375,2089.09375,2089.1171875,2089.1484375,2089.171875,2089.1953125,2089.3203125,2089.40625,2089.75,2090.0234375,2090.0859375,2090.1484375,2090.2265625,2090.328125,2090.4453125,2090.5859375,2090.6640625,2090.75,2090.84375,2090.9453125,2091.0546875,2091.1796875,2091.3125,2091.453125,2091.546875,2091.640625,2091.8515625,2092.0859375,2092.359375,2092.6484375,2092.984375,2094.2421875,2094.8203125,2095.3515625,2095.8828125,2096.671875,2097.5,2098.3046875,2099.765625,2100.1953125,2100.3984375,2100.5390625,2100.6328125,2100.6875,2100.734375,2100.7734375,2100.859375,2100.9375,2101.0078125,2101.21875,2101.2734375,2101.3203125,2101.375,2101.4140625,2101.5234375,2101.546875,2101.5625,2101.578125,2101.625,2101.75,2101.8359375,2102.1796875,2102.4453125,2102.5078125,2102.578125,2102.65625,2102.7578125,2102.875,2103.015625,2103.09375,2103.1796875,2103.2734375,2103.375,2103.484375,2103.609375,2103.7421875,2103.8828125,2103.9765625,2104.078125,2104.2890625,2104.5234375,2104.796875,2105.078125,2105.4140625,2106.6640625,2107.234375,2107.765625,2108.2890625,2109.078125,2109.9140625,2110.71875,2112.1953125,2112.6328125,2112.8359375,2112.9765625,2113.0625,2113.1171875,2113.15625,2113.1953125,2113.28125,2113.359375,2113.4375,2113.640625,2113.703125,2113.75,2113.796875,2113.8359375,2113.953125,2113.9765625,2114.0,2114.0234375,2114.046875,2114.171875,2114.265625,2114.6015625,2114.875,2114.9375,2115.0078125,2115.0859375,2115.1875,2115.3046875,2115.4453125,2115.5234375,2115.609375,2115.703125,2115.8046875,2115.9140625,2116.0390625,2116.171875,2116.3125,2116.40625,2116.5,2116.7109375,2116.9453125,2117.21875,2117.5,2117.8359375,2119.09375,2119.6640625,2120.1953125,2120.7265625,2121.515625,2122.34375,2123.1484375,2124.6171875,2125.046875,2125.25,2125.390625,2125.484375,2125.5390625,2125.5859375,2125.625,2125.703125,2125.78125,2125.859375,2126.0703125,2126.125,2126.171875,2126.25,2126.3671875,2126.390625,2126.421875,2126.4453125,2126.46875,2126.6015625,2126.6875,2127.03125,2127.296875,2127.359375,2127.4296875,2127.5078125,2127.609375,2127.7265625,2127.8671875,2127.9453125,2128.03125,2128.125,2128.2265625,2128.3359375,2128.4609375,2128.59375,2128.734375,2128.828125,2128.921875,2129.1328125,2129.3671875,2129.640625,2129.921875,2130.2578125,2131.5234375,2132.09375,2132.625,2133.15625,2133.9453125,2134.7734375,2135.578125,2137.0390625,2137.46875,2137.671875,2137.8125,2137.90625,2137.9609375,2138.0078125,2138.046875,2138.1328125,2138.2109375,2138.28125,2138.4921875,2138.546875,2138.59375,2138.6484375,2138.6875,2138.796875,2138.8203125,2138.8359375,2138.8515625,2138.8984375,2139.0234375,2139.109375,2139.453125,2139.71875,2139.78125,2139.8515625,2139.9296875,2140.03125,2140.1484375,2140.2890625,2140.3671875,2140.453125,2140.546875,2140.6484375,2140.7578125,2140.8828125,2141.015625,2141.15625,2141.25,2141.34375,2141.5546875,2141.7890625,2142.0625,2142.34375,2142.6796875,2143.9453125,2144.515625,2145.046875,2145.578125,2146.3671875,2147.1953125,2148.0,2149.4609375,2149.890625,2150.09375,2150.234375,2150.328125,2150.3828125,2150.4296875,2150.46875,2150.5546875,2150.6328125,2150.703125,2150.9140625,2150.96875,2151.015625,2151.0703125,2151.109375,2151.21875,2151.2421875,2151.2578125,2151.2734375,2151.3203125,2151.4453125,2151.53125,2151.875,2152.140625,2152.203125,2152.2734375,2152.3515625,2152.453125,2152.5703125,2152.7109375,2152.7890625,2152.875,2152.96875,2153.0703125,2153.1796875,2153.3046875,2153.4375,2153.578125,2153.671875,2153.765625,2153.9765625,2154.2109375,2154.484375,2154.765625,2155.1015625,2156.3671875,2156.9375,2157.46875,2158.0,2158.7890625,2159.6171875,2160.421875,2161.8828125,2162.3125,2162.515625,2162.65625,2162.75,2162.8046875,2162.8515625,2162.890625,2162.9765625,2163.046875,2163.125,2163.3359375,2163.390625,2163.4375,2163.484375,2163.5234375,2163.640625,2163.6640625,2163.6796875,2163.6953125,2163.7421875,2163.859375,2163.953125,2164.296875,2164.5625,2164.625,2164.6953125,2164.7734375,2164.875,2164.9921875,2165.1328125,2165.2109375,2165.296875,2165.390625,2165.4921875,2165.6015625,2165.7265625,2165.859375,2166.0,2166.09375,2166.1875,2166.3984375,2166.6328125,2166.90625,2167.1875,2167.5234375,2168.78125,2169.3515625,2169.8828125,2170.40625,2171.1953125,2172.03125,2172.8359375,2174.3046875,2174.734375,2174.9375,2175.078125,2175.171875,2175.2265625,2175.265625,2175.3046875,2175.3984375,2175.46875,2175.546875,2175.75,2175.8125,2175.859375,2175.90625,2175.9453125,2176.0625,2176.0859375,2176.109375,2176.1328125,2176.15625,2176.28125,2176.375,2176.7109375,2176.984375,2177.046875,2177.1171875,2177.1953125,2177.296875,2177.4140625,2177.5546875,2177.6328125,2177.71875,2177.8125,2177.9140625,2178.0234375,2178.1484375,2178.28125,2178.421875,2178.515625,2178.6171875,2178.828125,2179.0625,2179.3359375,2179.6171875,2179.953125,2181.1953125,2181.765625,2182.2890625,2182.8125,2183.6015625,2184.4375,2185.25,2186.7265625,2187.1640625,2187.3671875,2187.5078125,2187.59375,2187.6484375,2187.6875,2187.7265625,2187.8125,2187.8828125,2187.9609375,2188.171875,2188.234375,2188.28125,2188.328125,2188.3671875,2188.4765625,2188.5,2188.53125,2188.5546875,2188.578125,2188.703125,2188.7890625,2189.1328125,2189.40625,2189.53125,2189.609375,2189.7109375,2189.828125,2189.96875,2190.0546875,2190.140625,2190.234375,2190.3359375,2190.4453125,2190.5703125,2190.703125,2190.84375,2190.9375,2191.03125,2191.2421875,2191.4765625,2191.75,2192.03125,2192.3671875,2193.625,2194.1953125,2194.7265625,2195.25,2196.0390625,2196.8671875,2197.671875,2199.140625,2199.5703125,2199.7734375,2199.9140625,2200.0078125,2200.0625,2200.1015625,2200.140625,2200.234375,2200.3046875,2200.3828125,2200.5859375,2200.6484375,2200.6953125,2200.7734375,2200.890625,2200.9140625,2200.9453125,2200.96875,2200.9921875,2201.125,2201.2109375,2201.5546875,2201.8203125,2201.8828125,2201.953125,2202.03125,2202.1328125,2202.25,2202.390625,2202.46875,2202.5546875,2202.6484375,2202.75,2202.859375,2202.984375,2203.1171875,2203.2578125,2203.3515625,2203.4453125,2203.65625,2203.890625,2204.1640625,2204.4453125,2204.78125,2206.0390625,2206.6171875,2207.1484375,2207.6796875,2208.46875,2209.296875,2210.09375,2211.5546875,2211.984375,2212.1875,2212.328125,2212.421875,2212.4765625,2212.5234375,2212.5625,2212.6484375,2212.7265625,2212.796875,2213.0078125,2213.0625,2213.109375,2213.1640625,2213.203125,2213.3125,2213.3359375,2213.3671875,2213.4140625,2213.5390625,2213.625,2213.96875,2214.2421875,2214.3671875,2214.4453125,2214.546875,2214.6640625,2214.8046875,2214.8828125,2214.96875,2215.0625,2215.1640625,2215.2734375,2215.3984375,2215.53125,2215.671875,2215.765625,2215.8671875,2216.078125,2216.3125,2216.5859375,2216.8671875,2217.203125,2218.453125,2219.0234375,2219.546875,2220.0703125,2220.859375,2221.6953125,2222.5,2223.9765625,2224.4140625,2224.6171875,2224.7578125,2224.84375,2224.8984375,2224.9375,2224.9765625,2225.0625,2225.140625,2225.21875,2225.421875,2225.484375,2225.53125,2225.578125,2225.6171875,2225.734375,2225.7578125,2225.78125,2225.8046875,2225.828125,2225.953125,2226.046875,2226.3828125,2226.65625,2226.71875,2226.7890625,2226.8671875,2226.96875,2227.0859375,2227.2265625,2227.3046875,2227.390625,2227.484375,2227.5859375,2227.6953125,2227.8203125,2227.953125,2228.09375,2228.1875,2228.28125,2228.4921875,2228.7265625,2229.0,2229.28125,2229.6171875,2230.8671875,2231.4375,2231.96875,2232.4921875,2233.28125,2234.1171875,2234.921875,2236.390625,2236.8203125,2237.0234375,2237.1640625,2237.2578125,2237.3125,2237.3515625,2237.390625,2237.484375,2237.5546875,2237.6328125,2237.8359375,2237.8984375,2237.9453125,2237.9921875,2238.03125,2238.1484375,2238.171875,2238.1953125,2238.21875,2238.2421875,2238.3671875,2238.4609375,2238.796875,2239.0703125,2239.1328125,2239.203125,2239.28125,2239.3828125,2239.5,2239.640625,2239.71875,2239.8046875,2239.8984375,2240.0,2240.109375,2240.234375,2240.3671875,2240.5078125,2240.6015625,2240.6953125,2240.90625,2241.140625,2241.4140625,2241.6953125,2242.03125,2243.2890625,2243.859375,2244.390625,2244.9140625,2245.703125,2246.53125,2247.3359375,2248.8046875,2249.234375,2249.4375,2249.578125,2249.671875,2249.7265625,2249.765625,2249.8046875,2249.8984375,2249.96875,2250.046875,2250.25,2250.3125,2250.359375,2250.4375,2250.5546875,2250.578125,2250.609375,2250.6328125,2250.65625,2250.7890625,2250.875,2251.21875,2251.484375,2251.546875,2251.6171875,2251.6953125,2251.796875,2251.9140625,2252.0546875,2252.1328125,2252.21875,2252.3125,2252.4140625,2252.5234375,2252.6484375,2252.78125,2252.921875,2253.015625,2253.109375,2253.3203125,2253.5546875,2253.828125,2254.109375,2254.4453125,2255.703125,2256.2734375,2256.8046875,2257.328125,2258.1171875,2258.9453125,2259.75,2261.21875,2261.6484375,2261.8515625,2261.9921875,2262.0859375,2262.140625,2262.1796875,2262.21875,2262.3125,2262.3828125,2262.4609375,2262.6640625,2262.7265625,2262.7734375,2262.8515625,2262.96875,2262.9921875,2263.0234375,2263.046875,2263.0703125,2263.203125,2263.2890625,2263.6328125,2263.8984375,2263.9609375,2264.03125,2264.109375,2264.2109375,2264.328125,2264.46875,2264.546875,2264.6328125,2264.7265625,2264.828125,2264.9375,2265.0625,2265.1953125,2265.3359375,2265.4296875,2265.5234375,2265.734375,2265.96875,2266.2421875,2266.5234375,2266.859375,2268.1171875,2268.6875,2269.21875,2269.7421875,2270.53125,2271.359375,2272.1640625,2273.6328125,2274.0625,2274.265625,2274.40625,2274.5,2274.5546875,2274.59375,2274.6328125,2274.7265625,2274.796875,2274.875,2275.078125,2275.140625,2275.1875,2275.265625,2275.3828125,2275.40625,2275.4375,2275.4609375,2275.484375,2275.609375,2275.703125,2276.046875,2276.3125,2276.375,2276.4453125,2276.5234375,2276.625,2276.7421875,2276.8828125,2276.9609375,2277.046875,2277.140625,2277.2421875,2277.3515625,2277.4765625,2277.609375,2277.75,2277.84375,2277.9375,2278.1484375,2278.3828125,2278.65625,2278.9375,2279.2734375,2280.53125,2281.1015625,2281.625,2282.1484375,2282.9375,2283.7734375,2284.578125,2286.046875,2286.484375,2286.6875,2286.828125,2286.9140625,2286.96875,2287.0078125,2287.046875,2287.1328125,2287.2109375,2287.2890625,2287.4921875,2287.5546875,2287.6015625,2287.6484375,2287.6875,2287.8046875,2287.828125,2287.8515625,2287.875,2287.8984375,2288.0234375,2288.1171875,2288.453125,2288.7265625,2288.7890625,2288.859375,2288.9375,2289.0390625,2289.15625,2289.296875,2289.375,2289.4609375,2289.5546875,2289.65625,2289.765625,2289.890625,2290.0234375,2290.1640625,2290.2578125,2290.3515625,2290.5625,2290.796875,2291.0703125,2291.3515625,2291.6875,2292.9375,2293.5078125,2294.03125,2294.5546875,2295.34375,2296.1796875,2296.984375,2298.4609375,2298.8984375,2299.1015625,2299.2421875,2299.328125,2299.3828125,2299.421875,2299.4609375,2299.546875,2299.6171875,2299.6953125,2299.90625,2299.96875,2300.015625,2300.0625,2300.1015625,2300.21875,2300.2421875,2300.265625,2300.2890625,2300.3125,2300.4375,2300.53125,2300.8671875,2301.140625,2301.203125,2301.2734375,2301.3515625,2301.453125,2301.5703125,2301.7109375,2301.7890625,2301.875,2301.96875,2302.0703125,2302.1796875,2302.3046875,2302.4375,2302.578125,2302.671875,2302.765625,2302.9765625,2303.2109375,2303.4765625,2303.7578125,2304.09375,2305.359375,2305.9296875,2306.4609375,2306.9921875,2307.7734375,2308.609375,2309.40625,2310.8671875,2311.296875,2311.5,2311.640625,2311.734375,2311.7890625,2311.8359375,2311.875,2311.9609375,2312.0390625,2312.109375,2312.3203125,2312.375,2312.421875,2312.4765625,2312.515625,2312.625,2312.6484375,2312.6796875,2312.7265625,2312.8515625,2312.9375,2313.28125,2313.546875,2313.609375,2313.6796875,2313.7578125,2313.859375,2313.984375,2314.125,2314.203125,2314.2890625,2314.3828125,2314.484375,2314.59375,2314.71875,2314.8515625,2314.9921875,2315.0859375,2315.1796875,2315.390625,2315.625,2315.8984375,2316.1796875,2316.515625,2317.765625,2318.3359375,2318.8671875,2319.390625,2320.1796875,2321.0078125,2321.8125,2323.28125,2323.7109375,2323.9140625,2324.0546875,2324.1484375,2324.203125,2324.2421875,2324.28125,2324.375,2324.4453125,2324.5234375,2324.7265625,2324.7890625,2324.8359375,2324.9140625,2325.03125,2325.0546875,2325.0859375,2325.109375,2325.1328125,2325.2578125,2325.3515625,2325.6953125,2325.9609375,2326.0234375,2326.09375,2326.171875,2326.2734375,2326.390625,2326.53125,2326.609375,2326.6953125,2326.7890625,2326.890625,2327.0,2327.125,2327.2578125,2327.3984375,2327.4921875,2327.59375,2327.8046875,2328.0390625,2328.3125,2328.59375,2328.9296875,2330.171875,2330.734375,2331.2578125,2331.78125,2332.5703125,2333.40625,2334.21875,2335.6953125,2336.1328125,2336.3359375,2336.4765625,2336.5625,2336.6171875,2336.65625,2336.6953125,2336.78125,2336.8515625,2336.9296875,2337.140625,2337.203125,2337.25,2337.296875,2337.3359375,2337.4453125,2337.46875,2337.5,2337.5234375,2337.546875,2337.671875,2337.765625,2338.1015625,2338.375,2338.4375,2338.5078125,2338.5859375,2338.6875,2338.8046875,2338.9453125,2339.0234375,2339.109375,2339.203125,2339.3046875,2339.4140625,2339.5390625,2339.671875,2339.8125,2339.90625,2340.0,2340.2109375,2340.4453125,2340.71875,2341.0,2341.3359375,2342.5859375,2343.15625,2343.6875,2344.21875,2345.0078125,2345.8359375,2346.640625,2348.1015625,2348.53125,2348.734375,2348.875,2348.96875,2349.0234375,2349.0703125,2349.109375,2349.1875,2349.265625,2349.34375,2349.5546875,2349.609375,2349.65625,2349.703125,2349.7421875,2349.859375,2349.8828125,2349.8984375,2349.9140625,2349.9609375,2350.078125,2350.171875,2350.515625,2350.78125,2350.84375,2350.9140625,2350.9921875,2351.09375,2351.2109375,2351.3515625,2351.4296875,2351.515625,2351.609375,2351.7109375,2351.8203125,2351.9453125,2352.078125,2352.21875,2352.3125,2352.4140625,2352.625,2352.859375,2353.1328125,2353.4140625,2353.75,2354.9921875,2355.5625,2356.0859375,2356.609375,2357.3984375,2358.234375,2359.0390625,2360.515625,2360.953125,2361.15625,2361.296875,2361.3828125,2361.4375,2361.4765625,2361.515625,2361.6015625,2361.671875,2361.75,2361.9609375,2362.0234375,2362.0703125,2362.1171875,2362.15625,2362.265625,2362.2890625,2362.3203125,2362.34375,2362.3671875,2362.4921875,2362.5859375,2362.921875,2363.1953125,2363.2578125,2363.328125,2363.40625,2363.5078125,2363.625,2363.765625,2363.84375,2363.9296875,2364.0234375,2364.125,2364.234375,2364.359375,2364.4921875,2364.6328125,2364.7265625,2364.8203125,2365.03125,2365.265625,2365.5390625,2365.8203125,2366.15625,2367.40625,2367.9765625,2368.5078125,2369.03125,2369.8203125,2370.6484375,2371.453125,2372.921875,2373.3515625,2373.5546875,2373.6953125,2373.7890625,2373.84375,2373.8828125,2373.921875,2374.015625,2374.0859375,2374.1640625,2374.3671875,2374.4296875,2374.4765625,2374.5546875,2374.671875,2374.6953125,2374.7265625,2374.75,2374.7734375,2374.90625,2374.9921875,2375.3359375,2375.6015625,2375.6640625,2375.734375,2375.8125,2375.9140625,2376.03125,2376.171875,2376.25,2376.3359375,2376.4296875,2376.53125,2376.640625,2376.765625,2376.8984375,2377.0390625,2377.1328125,2377.2265625,2377.4375,2377.671875,2377.9453125,2378.2265625,2378.5625,2379.8203125,2380.390625,2380.921875,2381.453125,2382.234375,2383.0703125,2383.8671875,2385.328125,2385.7578125,2385.9609375,2386.1015625,2386.1953125,2386.25,2386.296875,2386.3359375,2386.421875,2386.5,2386.5703125,2386.78125,2386.8359375,2386.8828125,2386.9375,2386.9765625,2387.0859375,2387.109375,2387.140625,2387.1875,2387.3125,2387.3984375,2387.7421875,2388.015625,2388.140625,2388.21875,2388.3203125,2388.4375,2388.578125,2388.6640625,2388.75,2388.84375,2388.9453125,2389.0546875,2389.1796875,2389.3125,2389.453125,2389.546875,2389.640625,2389.8515625,2390.0859375,2390.359375,2390.640625,2390.9765625,2392.2265625,2392.7890625,2393.3125,2393.8359375,2394.625,2395.4609375,2396.265625,2397.7421875,2398.1796875,2398.3828125,2398.5234375,2398.609375,2398.6640625,2398.703125,2398.7421875,2398.828125,2398.90625,2398.984375,2399.1875,2399.25,2399.296875,2399.34375,2399.3828125,2399.5,2399.5234375,2399.546875,2399.5703125,2399.59375,2399.71875,2399.8125,2400.1484375,2400.421875,2400.484375,2400.5546875,2400.6328125,2400.734375,2400.8515625,2400.9921875,2401.0703125,2401.15625,2401.25,2401.3515625,2401.4609375,2401.5859375,2401.71875,2401.859375,2401.953125,2402.046875,2402.2578125,2402.4921875,2402.765625,2403.046875,2403.3828125,2404.6328125,2405.203125,2405.734375,2406.2578125,2407.046875,2407.875,2408.6796875,2410.1484375,2410.578125,2410.78125,2410.921875,2411.015625,2411.0703125,2411.109375,2411.1484375,2411.2421875,2411.3125,2411.390625,2411.59375,2411.65625,2411.703125,2411.78125,2411.8984375,2411.921875,2411.953125,2411.9765625,2412.0,2412.1328125,2412.21875,2412.5625,2412.828125,2412.890625,2412.9609375,2413.0390625,2413.140625,2413.2578125,2413.3984375,2413.4765625,2413.5625,2413.65625,2413.7578125,2413.8671875,2413.9921875,2414.125,2414.265625,2414.359375,2414.453125,2414.6640625,2414.8984375,2415.171875,2415.453125,2415.7890625,2417.046875,2417.6171875,2418.1484375,2418.6796875,2419.4609375,2420.2890625,2421.09375,2422.5546875,2422.984375,2423.1875,2423.328125,2423.421875,2423.4765625,2423.5234375,2423.5625,2423.6484375,2423.7265625,2423.796875,2424.0078125,2424.0625,2424.109375,2424.1640625,2424.203125,2424.3125,2424.3359375,2424.3671875,2424.4140625,2424.5390625,2424.625,2424.96875,2425.234375,2425.296875,2425.3671875,2425.4453125,2425.546875,2425.671875,2425.8125,2425.890625,2425.9765625,2426.0703125,2426.171875,2426.28125,2426.40625,2426.5390625,2426.6796875,2426.7734375,2426.8671875,2427.078125,2427.3125,2427.578125,2427.859375,2428.1953125,2429.453125,2430.03125,2430.5625,2431.09375,2431.875,2432.703125,2433.5,2434.9609375,2435.390625,2435.59375,2435.734375,2435.828125,2435.8828125,2435.9296875,2435.96875,2436.0546875,2436.1328125,2436.203125,2436.4140625,2436.4765625,2436.5234375,2436.5703125,2436.609375,2436.71875,2436.7421875,2436.7734375,2436.796875,2436.8203125,2436.9453125,2437.0390625,2437.375,2437.6484375,2437.7109375,2437.78125,2437.859375,2437.9609375,2438.078125,2438.21875,2438.296875,2438.3828125,2438.4765625,2438.578125,2438.6875,2438.8125,2438.9453125,2439.0859375,2439.1796875,2439.2734375,2439.484375,2439.71875,2439.9921875,2440.2734375,2440.609375,2441.859375,2442.421875,2442.9453125,2443.46875,2444.2578125,2445.09375,2445.8984375,2447.375,2447.8125,2448.015625,2448.15625,2448.2421875,2448.296875,2448.3359375,2448.375,2448.4609375,2448.5390625,2448.609375,2448.8203125,2448.8828125,2448.9296875,2448.9765625,2449.015625,2449.1328125,2449.15625,2449.1796875,2449.203125,2449.2265625,2449.3515625,2449.4453125,2449.78125,2450.0546875,2450.1171875,2450.1875,2450.265625,2450.3671875,2450.484375,2450.625,2450.703125,2450.7890625,2450.8828125,2450.984375,2451.09375,2451.21875,2451.3515625,2451.4921875,2451.5859375,2451.6796875,2451.890625,2452.125,2452.3984375,2452.6796875,2453.015625,2454.265625,2454.8359375,2455.359375,2455.8828125,2456.671875,2457.5,2458.3046875,2459.78125,2460.21875,2460.421875,2460.5625,2460.6484375,2460.703125,2460.7421875,2460.78125,2460.8671875,2460.9453125,2461.0234375,2461.2265625,2461.2890625,2461.3359375,2461.3828125,2461.421875,2461.5390625,2461.5625,2461.5859375,2461.609375,2461.6328125,2461.7578125,2461.8515625,2462.1875,2462.4609375,2462.5234375,2462.59375,2462.671875,2462.7734375,2462.890625,2463.03125,2463.109375,2463.1953125,2463.2890625,2463.390625,2463.5,2463.625,2463.7578125,2463.8984375,2463.9921875,2464.0859375,2464.296875,2464.53125,2464.8046875,2465.0859375,2465.421875,2466.671875,2467.2421875,2467.7734375,2468.296875,2469.0859375,2469.9140625,2470.71875,2472.1875,2472.625,2472.828125,2472.96875,2473.0546875,2473.109375,2473.1484375,2473.1875,2473.2734375,2473.3515625,2473.4296875,2473.6328125,2473.6953125,2473.7421875,2473.8203125,2473.9375,2473.9609375,2473.9921875,2474.015625,2474.0390625,2474.1640625,2474.2578125,2474.6015625,2474.8671875,2474.9296875,2475.0,2475.078125,2475.1796875,2475.296875,2475.4375,2475.515625,2475.6015625,2475.6953125,2475.796875,2475.90625,2476.03125,2476.1640625,2476.3046875,2476.3984375,2476.4921875,2476.703125,2476.9375,2477.2109375,2477.4921875,2477.828125,2479.078125,2479.6484375,2480.1796875,2480.703125,2481.4921875,2482.3203125,2483.125,2484.59375,2485.0234375,2485.2265625,2485.3671875,2485.4609375,2485.515625,2485.5546875,2485.59375,2485.6875,2485.7578125,2485.8359375,2486.0390625,2486.1015625,2486.1484375,2486.2265625,2486.34375,2486.3671875,2486.3984375,2486.421875,2486.4453125,2486.578125,2486.6640625,2487.0078125,2487.2734375,2487.3359375,2487.40625,2487.484375,2487.5859375,2487.7109375,2487.8515625,2487.9296875,2488.015625,2488.109375,2488.2109375,2488.3203125,2488.4453125,2488.578125,2488.71875,2488.8125,2488.90625,2489.1171875,2489.3515625,2489.6171875,2489.8984375,2490.234375,2491.484375,2492.0546875,2492.5859375,2493.109375,2493.8984375,2494.7265625,2495.53125,2497.0,2497.4296875,2497.6328125,2497.7734375,2497.8671875,2497.921875,2497.9609375,2498.0,2498.09375,2498.1640625,2498.2421875,2498.4453125,2498.5078125,2498.5546875,2498.6015625,2498.640625,2498.7578125,2498.78125,2498.796875,2498.8125,2498.859375,2498.9765625,2499.0703125,2499.4140625,2499.6796875,2499.7421875,2499.8125,2499.890625,2499.9921875,2500.1171875,2500.2578125,2500.3359375,2500.421875,2500.515625,2500.6171875,2500.7265625,2500.8515625,2500.984375,2501.125,2501.21875,2501.3125,2501.5234375,2501.7578125,2502.0234375,2502.3046875,2502.640625,2503.8984375,2504.46875,2504.9921875,2505.515625,2506.3046875,2507.1328125,2507.9375,2509.40625,2509.8359375,2510.0390625,2510.1796875,2510.2734375,2510.328125,2510.3671875,2510.40625,2510.5,2510.5703125,2510.6484375,2510.8515625,2510.9140625,2510.9609375,2511.0078125,2511.046875,2511.1640625,2511.1875,2511.203125,2511.21875,2511.265625,2511.3828125,2511.4765625,2511.8203125,2512.0859375,2512.1484375,2512.21875,2512.296875,2512.3984375,2512.5234375,2512.6640625,2512.7421875,2512.828125,2512.921875,2513.0234375,2513.1328125,2513.2578125,2513.390625,2513.53125,2513.625,2513.71875,2513.9296875,2514.1640625,2514.4296875,2514.7109375,2515.046875,2516.3046875,2516.875,2517.3984375,2517.921875,2518.7109375,2519.5390625,2520.34375,2521.8125,2522.2421875,2522.4453125,2522.5859375,2522.6796875,2522.734375,2522.7734375,2522.8125,2522.90625,2522.9765625,2523.0546875,2523.2578125,2523.3203125,2523.3671875,2523.4140625,2523.453125,2523.5703125,2523.59375,2523.609375,2523.625,2523.671875,2523.7890625,2523.8828125,2524.2265625,2524.4921875,2524.5546875,2524.625,2524.703125,2524.8046875,2524.9296875,2525.0703125,2525.1484375,2525.234375,2525.328125,2525.4296875,2525.5390625,2525.6640625,2525.796875,2525.9375,2526.03125,2526.125,2526.3359375,2526.5703125,2526.8359375,2527.1171875,2527.453125,2528.7109375,2529.28125,2529.8046875,2530.328125,2531.1171875,2531.9453125,2532.75,2534.21875,2534.6484375,2534.8515625,2534.9921875,2535.0859375,2535.140625,2535.1796875,2535.21875,2535.3125,2535.3828125,2535.4609375,2535.6640625,2535.7265625,2535.7734375,2535.8515625,2535.96875,2535.9921875,2536.0234375,2536.046875,2536.0703125,2536.203125,2536.2890625,2536.6328125,2536.8984375,2536.9609375,2537.03125,2537.109375,2537.2109375,2537.3359375,2537.4765625,2537.5546875,2537.640625,2537.734375,2537.8359375,2537.9453125,2538.0703125,2538.203125,2538.34375,2538.4375,2538.53125,2538.7421875,2538.9765625,2539.2421875,2539.5234375,2539.859375,2541.109375,2541.6796875,2542.2109375,2542.734375,2543.5234375,2544.3515625,2545.15625,2546.625,2547.0546875,2547.2578125,2547.3984375,2547.4921875,2547.546875,2547.5859375,2547.625,2547.7109375,2547.7890625,2547.8671875,2548.0703125,2548.1328125,2548.1796875,2548.2578125,2548.375,2548.3984375,2548.4296875,2548.453125,2548.4765625,2548.609375,2548.6953125,2549.0390625,2549.3046875,2549.3671875,2549.4375,2549.515625,2549.6171875,2549.7421875,2549.8828125,2549.9609375,2550.046875,2550.140625,2550.2421875,2550.3515625,2550.4765625,2550.609375,2550.75,2550.84375,2550.9375,2551.1484375,2551.3828125,2551.65625,2551.9375,2552.2734375,2553.515625,2554.0859375,2554.609375,2555.1328125,2555.921875,2556.75,2557.5546875,2559.03125,2559.46875,2559.671875,2559.8125,2559.8984375,2559.953125,2559.9921875,2560.03125,2560.1171875,2560.1953125,2560.2734375,2560.4765625,2560.5390625,2560.5859375,2560.6640625,2560.78125,2560.8046875,2560.8359375,2560.859375,2560.8828125,2561.0078125,2561.1015625,2561.4453125,2561.7109375,2561.7734375,2561.84375,2561.921875,2562.0234375,2562.1484375,2562.2890625,2562.3671875,2562.453125,2562.546875,2562.6484375,2562.7578125,2562.8828125,2563.015625,2563.15625,2563.2578125,2563.359375,2563.59375,2563.859375,2564.1640625,2564.6953125,2566.0078125,2566.6953125,2567.4453125,2568.203125,2568.796875,2569.4296875,2570.09375,2571.4375,2571.9375,2572.1171875,2572.234375,2572.3125,2572.359375,2572.3984375,2572.4375,2572.5234375,2572.6015625,2572.6796875,2572.8828125,2572.9453125,2572.9921875,2573.0390625,2573.078125,2573.1953125,2573.21875,2573.2421875,2573.265625,2573.2890625,2573.4140625,2573.5078125,2573.84375,2574.1171875,2574.1796875,2574.25,2574.328125,2574.4296875,2574.546875,2574.6875,2574.765625,2574.8515625,2574.9453125,2575.046875,2575.15625,2575.28125,2575.4140625,2575.5546875,2575.6484375,2575.7421875,2575.953125,2576.1875,2576.453125,2576.734375,2577.0703125,2578.3359375,2578.90625,2579.4375,2579.96875,2580.75,2581.578125,2582.375,2583.8359375,2584.265625,2584.46875,2584.609375,2584.703125,2584.7578125,2584.8046875,2584.84375,2584.9296875,2585.0078125,2585.078125,2585.2890625,2585.3515625,2585.3984375,2585.4453125,2585.484375,2585.6015625,2585.625,2585.6484375,2585.671875,2585.6953125,2585.8203125,2585.9140625,2586.25,2586.5234375,2586.5859375,2586.65625,2586.734375,2586.8359375,2586.953125,2587.09375,2587.171875,2587.2578125,2587.3515625,2587.453125,2587.5625,2587.6875,2587.8203125,2587.9609375,2588.0546875,2588.1484375,2588.359375,2588.59375,2588.859375,2589.140625,2589.4765625,2590.7421875,2591.3125,2591.84375,2592.3671875,2593.1484375,2593.9765625,2594.78125,2596.2421875,2596.671875,2596.875,2597.015625,2597.109375,2597.1640625,2597.2109375,2597.25,2597.3359375,2597.4140625,2597.484375,2597.6953125,2597.796875,2597.8515625,2597.890625,2598.0,2598.0234375,2598.0546875,2598.078125,2598.1015625,2598.2265625,2598.3203125,2598.65625,2598.9296875,2598.9921875,2599.0625,2599.140625,2599.2421875,2599.359375,2599.5,2599.578125,2599.6640625,2599.7578125,2599.859375,2599.96875,2600.09375,2600.2265625,2600.3671875,2600.4609375,2600.5546875,2600.765625,2601.0,2601.2734375,2601.5546875,2601.890625,2603.140625,2603.7109375,2604.2421875,2604.765625,2605.546875,2606.3828125,2607.1875,2608.6484375,2609.078125,2609.28125,2609.421875,2609.515625,2609.5703125,2609.6171875,2609.65625,2609.734375,2609.8125,2609.890625,2610.1015625,2610.15625,2610.203125,2610.2578125,2610.296875,2610.40625,2610.4296875,2610.4609375,2610.5078125,2610.6328125,2610.71875,2611.0625,2611.3359375,2611.4609375,2611.5390625,2611.640625,2611.765625,2611.90625,2611.984375,2612.0703125,2612.1640625,2612.265625,2612.375,2612.5,2612.6328125,2612.7734375,2612.8671875,2612.9609375,2613.171875,2613.40625,2613.6796875,2613.9609375,2614.296875,2615.5390625,2616.109375,2616.640625,2617.1640625,2617.953125,2618.78125,2619.5859375,2621.0546875,2621.484375,2621.6875,2621.828125,2621.921875,2621.9765625,2622.015625,2622.0546875,2622.1484375,2622.21875,2622.296875,2622.5,2622.5625,2622.609375,2622.6875,2622.8046875,2622.828125,2622.859375,2622.8828125,2622.90625,2623.0390625,2623.125,2623.46875,2623.734375,2623.796875,2623.8671875,2623.9453125,2624.046875,2624.171875,2624.3125,2624.390625,2624.4765625,2624.5703125,2624.671875,2624.78125,2624.90625,2625.0390625,2625.1796875,2625.2734375,2625.3671875,2625.578125,2625.8125,2626.0859375,2626.3671875,2626.703125,2627.9453125,2628.5078125,2629.03125,2629.5546875,2630.34375,2631.1796875,2631.984375,2633.4609375,2633.8984375,2634.1015625,2634.2421875,2634.328125,2634.3828125,2634.421875,2634.4609375,2634.546875,2634.625,2634.703125,2634.90625,2634.96875,2635.015625,2635.0625,2635.1015625,2635.21875,2635.2421875,2635.265625,2635.2890625,2635.3125,2635.4375,2635.53125,2635.8671875,2636.140625,2636.203125,2636.2734375,2636.3515625,2636.453125,2636.578125,2636.71875,2636.796875,2636.8828125,2636.9765625,2637.078125,2637.1875,2637.3125,2637.4453125,2637.5859375,2637.6796875,2637.7734375,2637.984375,2638.21875,2638.484375,2638.765625,2639.1015625,2640.359375,2640.9296875,2641.4609375,2641.9921875,2642.7734375,2643.6015625,2644.3984375,2645.859375,2646.2890625,2646.4921875,2646.6328125,2646.7265625,2646.78125,2646.828125,2646.8671875,2646.953125,2647.0234375,2647.1015625,2647.3125,2647.375,2647.421875,2647.46875,2647.5078125,2647.6171875,2647.640625,2647.671875,2647.6953125,2647.71875,2647.84375,2647.9375,2648.2734375,2648.546875,2648.609375,2648.6796875,2648.7578125,2648.859375,2648.9765625,2649.1171875,2649.1953125,2649.28125,2649.375,2649.4765625,2649.5859375,2649.7109375,2649.84375,2649.984375,2650.078125,2650.171875,2650.3828125,2650.6171875,2650.890625,2651.171875,2651.5078125,2652.7578125,2653.328125,2653.859375,2654.3828125,2655.1640625,2656.0,2656.796875,2658.265625,2658.6953125,2658.8984375,2659.0390625,2659.1328125,2659.1875,2659.234375,2659.2734375,2659.3515625,2659.4296875,2659.5078125,2659.71875,2659.7734375,2659.8203125,2659.875,2659.9140625,2660.0234375,2660.046875,2660.0625,2660.078125,2660.125,2660.25,2660.3359375,2660.6796875,2660.9453125,2661.0078125,2661.078125,2661.15625,2661.2578125,2661.3828125,2661.5234375,2661.6015625,2661.6875,2661.78125,2661.8828125,2661.9921875,2662.1171875,2662.25,2662.390625,2662.484375,2662.578125,2662.7890625,2663.0234375,2663.296875,2663.578125,2663.9140625,2665.15625,2665.7265625,2666.25,2666.7734375,2667.5625,2668.390625,2669.1953125,2670.671875,2671.109375,2671.3125,2671.453125,2671.5390625,2671.59375,2671.6328125,2671.671875,2671.7578125,2671.8359375,2671.9140625,2672.1171875,2672.1796875,2672.2265625,2672.3046875,2672.421875,2672.4453125,2672.4765625,2672.5,2672.5234375,2672.6484375,2672.7421875,2673.0859375,2673.3515625,2673.4140625,2673.484375,2673.5625,2673.6640625,2673.7890625,2673.9296875,2674.0078125,2674.09375,2674.1875,2674.2890625,2674.3984375,2674.5234375,2674.65625,2674.796875,2674.890625,2674.984375,2675.1953125,2675.4296875,2675.6953125,2675.9765625,2676.3125,2677.5703125,2678.140625,2678.671875,2679.203125,2679.984375,2680.8125,2681.609375,2683.0703125,2683.5,2683.703125,2683.84375,2683.9375,2683.9921875,2684.0390625,2684.078125,2684.1640625,2684.2421875,2684.3125,2684.5234375,2684.5859375,2684.6328125,2684.6796875,2684.71875,2684.828125,2684.8515625,2684.8828125,2684.90625,2684.9296875,2685.0546875,2685.1484375,2685.484375,2685.7578125,2685.8203125,2685.890625,2685.96875,2686.0703125,2686.1875,2686.328125,2686.40625,2686.4921875,2686.5859375,2686.6875,2686.796875,2686.921875,2687.0546875,2687.1953125,2687.2890625,2687.3828125,2687.59375,2687.828125,2688.1015625,2688.3828125,2688.71875,2689.96875,2690.5390625,2691.0703125,2691.59375,2692.375,2693.2109375,2694.0078125,2695.4765625,2695.90625,2696.109375,2696.25,2696.34375,2696.3984375,2696.4375,2696.4765625,2696.5703125,2696.640625,2696.71875,2696.9296875,2696.984375,2697.03125,2697.078125,2697.1171875,2697.234375,2697.2578125,2697.2734375,2697.2890625,2697.3359375,2697.4609375,2697.546875,2697.890625,2698.15625,2698.21875,2698.2890625,2698.3671875,2698.46875,2698.59375,2698.734375,2698.8125,2698.8984375,2698.9921875,2699.09375,2699.203125,2699.328125,2699.4609375,2699.6015625,2699.6953125,2699.7890625,2700.0,2700.234375,2700.5078125,2700.7890625,2701.125,2702.3671875,2702.9375,2703.4609375,2703.9765625,2704.765625,2705.6015625,2706.40625,2707.8828125,2708.3203125,2708.5234375,2708.6640625,2708.75,2708.8046875,2708.84375,2708.8828125,2708.96875,2709.046875,2709.125,2709.328125,2709.390625,2709.4375,2709.484375,2709.5234375,2709.640625,2709.6640625,2709.6875,2709.7109375,2709.734375,2709.859375,2709.953125,2710.2890625,2710.5625,2710.625,2710.6953125,2710.7734375,2710.875,2711.0,2711.140625,2711.21875,2711.3046875,2711.3984375,2711.5,2711.609375,2711.734375,2711.8671875,2712.0078125,2712.1015625,2712.1953125,2712.40625,2712.640625,2712.90625,2713.1875,2713.5234375,2714.78125,2715.3515625,2715.8828125,2716.40625,2717.1875,2718.015625,2718.8125,2720.28125,2720.7109375,2720.9140625,2721.0546875,2721.1484375,2721.203125,2721.25,2721.2890625,2721.375,2721.4453125,2721.5234375,2721.734375,2721.7890625,2721.8359375,2721.890625,2721.9296875,2722.0390625,2722.0625,2722.09375,2722.140625,2722.265625,2722.3515625,2722.6953125,2722.96875,2723.03125,2723.1015625,2723.1796875,2723.28125,2723.40625,2723.546875,2723.625,2723.7109375,2723.8046875,2723.90625,2724.015625,2724.1328125,2724.265625,2724.40625,2724.5,2724.59375,2724.8046875,2725.0390625,2725.3125,2725.59375,2725.9296875,2727.171875,2727.7421875,2728.265625,2728.7890625,2729.578125,2730.40625,2731.2109375,2732.6875,2733.125,2733.328125,2733.46875,2733.5546875,2733.609375,2733.6484375,2733.6875,2733.7734375,2733.8515625,2733.9296875,2734.1328125,2734.1953125,2734.2421875,2734.3203125,2734.4375,2734.4609375,2734.4921875,2734.515625,2734.5390625,2734.6640625,2734.7578125,2735.1015625,2735.3671875,2735.4296875,2735.5,2735.578125,2735.6796875,2735.8046875,2735.9453125,2736.0234375,2736.109375,2736.203125,2736.3046875,2736.4140625,2736.5390625,2736.671875,2736.8125,2736.90625,2737.0,2737.2109375,2737.4453125,2737.7109375,2737.9921875,2738.328125,2739.5859375,2740.15625,2740.6875,2741.2109375,2741.9921875,2742.8203125,2743.625,2745.0859375,2745.515625,2745.71875,2745.859375,2745.953125,2746.0078125,2746.0546875,2746.09375,2746.1796875,2746.2578125,2746.328125,2746.5390625,2746.640625,2746.6953125,2746.734375,2746.84375,2746.8671875,2746.8984375,2746.921875,2746.9453125,2747.0703125,2747.1640625,2747.5,2747.7734375,2747.8359375,2747.90625,2747.984375,2748.0859375,2748.203125,2748.34375,2748.421875,2748.5078125,2748.6015625,2748.703125,2748.8125,2748.9375,2749.0703125,2749.2109375,2749.3046875,2749.3984375,2749.609375,2749.84375,2750.1171875,2750.3984375,2750.734375,2751.984375,2752.546875,2753.0703125,2753.59375,2754.3828125,2755.2109375,2756.015625,2757.4921875,2757.9296875,2758.1328125,2758.2734375,2758.359375,2758.4140625,2758.453125,2758.4921875,2758.578125,2758.65625,2758.734375,2758.9375,2759.0,2759.046875,2759.125,2759.2421875,2759.265625,2759.296875,2759.3203125,2759.34375,2759.4765625,2759.5625,2759.90625,2760.171875,2760.234375,2760.3046875,2760.3828125,2760.484375,2760.609375,2760.75,2760.828125,2760.9140625,2761.0078125,2761.109375,2761.21875,2761.34375,2761.4765625,2761.6171875,2761.7109375,2761.8046875,2762.015625,2762.25,2762.515625,2762.796875,2763.1328125,2764.390625,2764.9609375,2765.4921875,2766.015625,2766.796875,2767.625,2768.421875,2769.890625,2770.3203125,2770.5234375,2770.6640625,2770.7578125,2770.8125,2770.859375,2770.8984375,2770.984375,2771.0625,2771.1328125,2771.34375,2771.3984375,2771.4453125,2771.5,2771.5390625,2771.6484375,2771.671875,2771.703125,2771.7265625,2771.75,2771.875,2771.96875,2772.3046875,2772.578125,2772.640625,2772.7109375,2772.7890625,2772.890625,2773.0078125,2773.1484375,2773.2265625,2773.3125,2773.40625,2773.5078125,2773.6171875,2773.7421875,2773.875,2774.015625,2774.109375,2774.203125,2774.4140625,2774.6484375,2774.921875,2775.203125,2775.5390625,2776.78125,2777.3515625,2777.875,2778.390625,2779.1796875,2780.015625,2780.8203125,2782.296875,2782.734375,2782.9375,2783.078125,2783.1640625,2783.21875,2783.2578125,2783.296875,2783.3828125,2783.4609375,2783.5390625,2783.7421875,2783.8046875,2783.8515625,2783.8984375,2783.9375,2784.0546875,2784.078125,2784.1015625,2784.125,2784.1484375,2784.2734375,2784.3671875,2784.7109375,2784.9765625,2785.0390625,2785.109375,2785.1875,2785.2890625,2785.4140625,2785.5546875,2785.6328125,2785.71875,2785.8125,2785.9140625,2786.0234375,2786.1484375,2786.28125,2786.421875,2786.515625,2786.609375,2786.8203125,2787.0546875,2787.3203125,2787.6015625,2787.9375,2789.1875,2789.7578125,2790.2890625,2790.8125,2791.59375,2792.421875,2793.2265625,2794.6953125,2795.125,2795.328125,2795.46875,2795.5625,2795.6171875,2795.65625,2795.6953125,2795.7890625,2795.859375,2795.9375,2796.1484375,2796.203125,2796.25,2796.3046875,2796.34375,2796.453125,2796.4765625,2796.5078125,2796.5546875,2796.671875,2796.7578125,2797.1015625,2797.34375,2797.4296875,2797.5234375,2797.6484375,2797.71875,2797.8046875,2797.8984375,2798.0078125,2798.1171875,2798.2421875,2798.3828125,2798.4609375,2798.5390625,2798.625,2798.71875,2798.8125,2798.9140625,2799.0234375,2799.1328125,2799.3828125,2799.703125,2800.0859375,2800.484375,2801.5703125,2802.1484375,2802.78125,2803.4140625,2804.15625,2804.9375,2805.6875,2807.046875,2807.4453125,2807.640625,2807.7890625,2807.890625,2807.9609375,2808.0078125,2808.0390625,2808.0859375,2808.1875,2808.25,2808.3359375,2808.546875,2808.6484375,2808.7265625,2808.8515625,2808.875,2808.90625,2808.9296875,2808.953125,2809.078125,2809.1640625,2809.5078125,2809.78125,2809.8984375,2809.9765625,2810.0703125,2810.1796875,2810.3046875,2810.453125,2810.5390625,2810.6328125,2810.7265625,2810.8359375,2810.953125,2811.078125,2811.1796875,2811.28125,2811.3984375,2811.515625,2811.640625,2811.78125,2812.09375,2812.3828125,2812.7265625,2814.0,2814.5703125,2815.0859375,2815.6015625,2816.390625,2817.21875,2818.0234375,2819.5,2819.9296875,2820.1328125,2820.2734375,2820.3671875,2820.421875,2820.4609375,2820.5,2820.5859375,2820.6640625,2820.7421875,2820.9453125,2821.0078125,2821.0546875,2821.1328125,2821.25,2821.2734375,2821.3046875,2821.328125,2821.3515625,2821.4765625,2821.5625,2821.8984375,2822.1484375,2822.2578125,2822.3828125,2822.4609375,2822.546875,2822.6484375,2822.765625,2822.8984375,2823.0546875,2823.1640625,2823.2890625,2823.4296875,2823.578125,2823.7421875,2823.921875,2824.125,2824.34375,2824.625,2824.9609375,2826.8671875,2827.453125,2828.03125,2828.8125,2829.6328125,2830.4296875,2831.8984375,2832.328125,2832.53125,2832.671875,2832.765625,2832.8203125,2832.8671875,2832.90625,2832.984375,2833.0625,2833.140625,2833.3515625,2833.40625,2833.453125,2833.5078125,2833.546875,2833.65625,2833.6796875,2833.7109375,2833.7578125,2833.875,2833.9609375,2834.3046875,2834.546875,2834.6328125,2834.7265625,2834.8515625,2834.921875,2835.0078125,2835.1015625,2835.2109375,2835.3203125,2835.4453125,2835.5859375,2835.6640625,2835.7421875,2835.828125,2835.9140625,2836.0078125,2836.109375,2836.21875,2836.328125,2836.5703125,2836.890625,2837.2734375,2837.671875,2838.7890625,2839.390625,2840.0546875,2840.7109375,2841.4296875,2842.1875,2842.8125,2844.1484375,2844.5859375,2844.8984375,2845.0859375,2845.1640625,2845.21875,2845.25,2845.28125,2845.3125,2845.3984375,2845.4609375,2845.5390625,2845.7421875,2845.84375,2845.9296875,2846.0546875,2846.078125,2846.109375,2846.1328125,2846.15625,2846.28125,2846.3671875,2846.7109375,2846.984375,2847.1015625,2847.1796875,2847.265625,2847.375,2847.5,2847.6484375,2847.734375,2847.8203125,2847.9140625,2848.015625,2848.125,2848.25,2848.3515625,2848.4609375,2848.578125,2848.6953125,2848.828125,2848.96875,2849.2890625,2849.578125,2849.921875,2851.203125,2851.78125,2852.296875,2852.8046875,2853.59375,2854.421875,2855.2265625,2856.703125,2857.140625,2857.34375,2857.484375,2857.5703125,2857.625,2857.6640625,2857.703125,2857.7890625,2857.8671875,2857.9453125,2858.1484375,2858.2109375,2858.2578125,2858.3046875,2858.34375,2858.4609375,2858.484375,2858.5078125,2858.53125,2858.5546875,2858.6796875,2858.765625,2859.09375,2859.359375,2859.484375,2859.5546875,2859.6328125,2859.7265625,2859.828125,2859.953125,2860.1015625,2860.1796875,2860.265625,2860.359375,2860.4609375,2860.5703125,2860.6875,2860.8125,2860.953125,2861.1015625,2861.2578125,2861.4296875,2861.625,2861.9296875,2862.2890625,2863.625,2864.21875,2864.71875,2865.21875,2866.0,2866.828125,2867.6328125,2869.09375,2869.53125,2869.734375,2869.875,2869.96875,2870.0234375,2870.0625,2870.1015625,2870.1875,2870.265625,2870.34375,2870.546875,2870.609375,2870.65625,2870.703125,2870.7421875,2870.859375,2870.8828125,2870.8984375,2870.9140625,2870.9609375,2871.078125,2871.1640625,2871.5,2871.7578125,2871.875,2871.9375,2872.0078125,2872.09375,2872.1953125,2872.3125,2872.4453125,2872.6015625,2872.6875,2872.78125,2872.890625,2873.015625,2873.1484375,2873.2890625,2873.4453125,2873.609375,2873.796875,2874.0,2874.3125,2874.6796875,2876.0390625,2876.6328125,2877.1328125,2877.625,2878.40625,2879.234375,2880.03125,2881.4921875,2881.9296875,2882.1328125,2882.2734375,2882.3671875,2882.421875,2882.4609375,2882.5,2882.59375,2882.6640625,2882.7421875,2882.953125,2883.0078125,2883.0546875,2883.109375,2883.1484375,2883.2578125,2883.28125,2883.3125,2883.359375,2883.4765625,2883.5625,2883.90625,2884.15625,2884.2578125,2884.3828125,2884.4609375,2884.546875,2884.6484375,2884.765625,2884.8984375,2885.0546875,2885.1640625,2885.2890625,2885.4296875,2885.578125,2885.7421875,2885.921875,2886.125,2886.34375,2886.625,2886.9609375,2888.8671875,2889.4609375,2890.0390625,2890.8203125,2891.640625,2892.4375,2893.890625,2894.328125,2894.53125,2894.671875,2894.765625,2894.8203125,2894.8671875,2894.90625,2894.9921875,2895.0703125,2895.140625,2895.3515625,2895.40625,2895.453125,2895.5078125,2895.546875,2895.65625,2895.6796875,2895.7109375,2895.734375,2895.7578125,2895.875,2895.9609375,2896.3046875,2896.546875,2896.6328125,2896.7265625,2896.8515625,2896.921875,2897.0,2897.09375,2897.1953125,2897.3046875,2897.4296875,2897.5625,2897.640625,2897.71875,2897.8046875,2897.890625,2897.984375,2898.0859375,2898.1953125,2898.3046875,2898.546875,2898.8671875,2899.2578125,2899.6640625,2900.8046875,2901.421875,2902.1015625,2902.78125,2903.4453125,2904.15625,2904.8828125,2906.328125,2906.6171875,2906.828125,2907.0390625,2907.1640625,2907.2265625,2907.265625,2907.3125,2907.390625,2907.4609375,2907.5390625,2907.7265625,2907.8125,2907.875,2907.921875,2908.0546875,2908.078125,2908.109375,2908.1328125,2908.15625,2908.28125,2908.3671875,2908.6953125,2908.9609375,2909.0859375,2909.15625,2909.2421875,2909.3359375,2909.453125,2909.5859375,2909.7421875,2909.8359375,2909.9296875,2910.03125,2910.140625,2910.25,2910.359375,2910.4765625,2910.609375,2910.75,2910.90625,2911.0703125,2911.25,2911.546875,2911.90625,2913.21875,2913.8046875,2914.3203125,2914.828125,2915.609375,2916.4375,2917.234375,2918.6953125,2919.125,2919.328125,2919.46875,2919.5625,2919.6171875,2919.6640625,2919.703125,2919.7890625,2919.8671875,2919.9375,2920.1484375,2920.2109375,2920.2578125,2920.3046875,2920.34375,2920.4609375,2920.484375,2920.5078125,2920.53125,2920.5546875,2920.6796875,2920.765625,2921.09375,2921.359375,2921.4765625,2921.546875,2921.625,2921.71875,2921.8203125,2921.9453125,2922.0859375,2922.1640625,2922.25,2922.34375,2922.4453125,2922.5546875,2922.671875,2922.796875,2922.9375,2923.0859375,2923.25,2923.421875,2923.6171875,2923.921875,2924.2890625,2925.625,2926.21875,2926.7265625,2927.234375,2928.015625,2928.8359375,2929.6328125,2931.09375,2931.5234375,2931.7265625,2931.8671875,2931.9609375,2932.015625,2932.0625,2932.1015625,2932.1875,2932.265625,2932.3359375,2932.546875,2932.609375,2932.65625,2932.703125,2932.7421875,2932.859375,2932.8828125,2932.90625,2932.9296875,2932.953125,2933.078125,2933.1640625,2933.5,2933.7578125,2933.8671875,2933.9296875,2934.0,2934.0859375,2934.1875,2934.3046875,2934.4375,2934.59375,2934.6796875,2934.7734375,2934.8828125,2935.0078125,2935.140625,2935.28125,2935.4375,2935.6015625,2935.7890625,2935.9921875,2936.3046875,2936.671875,2938.0390625,2938.6328125,2939.1328125,2939.6328125,2940.4140625,2941.234375,2942.03125,2943.4921875,2943.921875,2944.125,2944.265625,2944.359375,2944.4140625,2944.4609375,2944.5,2944.5859375,2944.6640625,2944.734375,2944.9453125,2945.0078125,2945.0546875,2945.1015625,2945.140625,2945.2578125,2945.28125,2945.3046875,2945.328125,2945.3515625,2945.4765625,2945.5625,2945.8984375,2946.1484375,2946.2578125,2946.3828125,2946.4609375,2946.546875,2946.6484375,2946.765625,2946.8984375,2947.0546875,2947.1640625,2947.2890625,2947.4296875,2947.578125,2947.7421875,2947.921875,2948.1171875,2948.3359375,2948.6171875,2948.953125,2950.8671875,2951.4609375,2952.0390625,2952.8125,2953.6328125,2954.4296875,2955.890625,2956.3203125,2956.5234375,2956.6640625,2956.7578125,2956.8125,2956.859375,2956.8984375,2956.984375,2957.0625,2957.1328125,2957.34375,2957.40625,2957.453125,2957.5,2957.5390625,2957.65625,2957.6796875,2957.703125,2957.7265625,2957.75,2957.875,2957.953125,2958.3046875,2958.5390625,2958.625,2958.71875,2958.84375,2958.9140625,2959.0,2959.09375,2959.203125,2959.3125,2959.4375,2959.578125,2959.65625,2959.734375,2959.8203125,2959.9140625,2960.0078125,2960.109375,2960.21875,2960.328125,2960.578125,2960.8984375,2961.28125,2961.6796875,2962.765625,2963.3515625,2963.9921875,2964.625,2965.359375,2966.140625,2966.8828125,2968.2421875,2968.6328125,2968.828125,2968.96875,2969.078125,2969.1484375,2969.203125,2969.234375,2969.28125,2969.3828125,2969.4453125,2969.53125,2969.7421875,2969.84375,2969.8984375,2969.9375,2970.0546875,2970.078125,2970.1015625,2970.125,2970.1484375,2970.2734375,2970.3515625,2970.703125,2970.9609375,2971.0546875,2971.1640625,2971.2734375,2971.40625,2971.484375,2971.5703125,2971.6640625,2971.765625,2971.875,2972.0,2972.140625,2972.2890625,2972.3671875,2972.453125,2972.546875,2972.640625,2972.84375,2973.078125,2973.3828125,2973.7421875,2975.6484375,2976.2265625,2976.796875,2977.578125,2978.4140625,2979.21875,2980.6875,2981.1328125,2981.3359375,2981.4765625,2981.5625,2981.6171875,2981.65625,2981.6953125,2981.78125,2981.8515625,2981.9296875,2982.140625,2982.203125,2982.25,2982.296875,2982.3359375,2982.4453125,2982.46875,2982.5,2982.5234375,2982.546875,2982.671875,2982.765625,2983.1015625,2983.375,2983.4453125,2983.515625,2983.6015625,2983.7109375,2983.84375,2984.0,2984.0859375,2984.1875,2984.2890625,2984.40625,2984.53125,2984.6640625,2984.8125,2984.9765625,2985.171875,2985.390625,2985.640625,2985.921875,2986.4140625,2987.578125,2988.171875,2988.796875,2989.421875,2990.1484375,2990.9140625,2991.6640625,2993.0625,2993.5078125,2993.71875,2993.859375,2993.953125,2994.0078125,2994.0546875,2994.09375,2994.171875,2994.25,2994.328125,2994.5390625,2994.59375,2994.640625,2994.6953125,2994.734375,2994.84375,2994.8671875,2994.8984375,2994.9453125,2995.140625,2995.5,2995.796875,2995.875,2995.96875,2996.078125,2996.21875,2996.3046875,2996.40625,2996.515625,2996.6328125,2996.765625,2996.9140625,2996.9921875,2997.078125,2997.171875,2997.265625,2997.453125,2997.6640625,2997.8984375,2998.171875,2998.4453125,2998.765625,3000.0,3000.03125,3000.0859375,3000.15625,3000.25,3000.3515625,3000.4765625,3000.609375,3000.765625,3000.9375,3001.1328125,3001.34375,3001.5859375,3001.859375,3002.1640625,3002.5078125,3002.8984375,3003.3046875,3003.765625,3004.8671875,3006.265625,3007.984375,3010.0390625,3012.3984375,3015.0625,3017.984375,3021.0703125,3024.2890625,3027.6171875,3031.046875,3034.5703125,3038.2265625,3042.03125,3046.03125,3054.8125,3065.1015625,3074.8125,3100.9765625,3115.359375,3131.6015625,3148.578125,3167.5234375,3189.390625,3215.90625,3250.0
-70.827,-69.376,-67.797,-66.212,-64.665,-63.15,-61.639,-60.444,-58.272,-57.584,-57.234,-56.931,-56.117,-54.466,-45.499,-35.258,-28.921,-16.648,16.2,20.592,21.828,19.075,3.6371,-3.9532,-9.696,-22.39,-29.133,-36.412,-53.788,-60.684,-63.143,-65.202,-66.951,-68.262,-69.255,-69.647,-69.964,-70.209,-70.381,-70.485,-70.525,-70.511,-70.462,-70.375,-70.26,-69.918,-69.424,-68.89,-68.219,-64.621,-62.999,-61.808,-60.69,-59.692,-58.078,-57.58,-57.288,-57.019,-56.756,-56.432,-55.743,-54.58,-48.057,-44.243,-41.541,-35.393,-32.762,-29.404,-24.078,-16.993,12.59,15.482,16.223,14.033,0.34661,-7.4973,-30.895,-53.993,-57.865,-60.661,-63.115,-65.264,-66.909,-68.203,-68.714,-69.154,-69.521,-69.816,-70.04,-70.206,-70.3,-70.329,-70.313,-70.268,-70.093,-69.801,-69.376,-68.518,-66.276,-65.141,-64.009,-62.964,-61.921,-60.896,-59.967,-58.306,-57.734,-57.414,-57.133,-56.873,-56.544,-55.854,-54.424,-48.012,-44.023,-41.559,-35.645,-32.907,-29.828,-20.328,8.9913,12.743,14.623,14.101,12.449,-1.2746,-8.8035,-31.006,-53.67,-57.461,-60.514,-62.875,-64.972,-66.683,-67.943,-68.488,-68.913,-69.27,-69.558,-69.779,-69.943,-70.04,-70.073,-70.06,-70.021,-69.953,-69.857,-69.581,-69.176,-68.367,-66.068,-64.868,-63.646,-62.497,-61.642,-60.789,-59.958,-58.3,-57.924,-57.623,-57.344,-57.093,-56.844,-56.553,-55.898,-54.529,-48.156,-44.124,-41.408,-35.79,-33.14,-30.188,-21.179,9.4121,12.92,14.534,13.886,12.167,-1.4992,-8.9806,-30.681,-53.329,-57.194,-60.314,-62.724,-64.859,-66.51,-67.878,-68.432,-68.864,-69.226,-69.519,-69.757,-69.921,-70.016,-70.048,-70.035,-69.995,-69.831,-69.555,-69.149,-68.34,-66.054,-64.854,-63.632,-62.493,-61.647,-60.793,-59.962,-58.303,-57.927,-57.626,-57.347,-57.095,-56.845,-56.551,-55.885,-54.499,-48.116,-44.098,-41.388,-35.759,-33.093,-30.117,-24.55,-18.129,10.988,13.735,14.562,13.863,12.112,-1.5594,-9.0215,-30.72,-53.36,-57.214,-60.324,-62.728,-64.859,-66.508,-67.873,-68.427,-68.857,-69.219,-69.511,-69.749,-69.912,-70.006,-70.038,-70.027,-69.992,-69.858,-69.637,-69.312,-68.903,-68.372,-66.181,-65.17,-64.249,-63.384,-62.224,-61.092,-60.078,-58.318,-57.75,-57.439,-57.156,-56.887,-56.578,-55.964,-54.664,-47.833,-44.235,-41.484,-35.587,-32.833,-29.729,-18.69,10.539,13.536,14.58,14.04,12.392,-1.2491,-9.3707,-31.049,-53.656,-57.429,-60.471,-62.826,-64.92,-66.632,-67.892,-68.438,-68.863,-69.22,-69.508,-69.729,-69.894,-69.99,-70.023,-70.012,-69.978,-69.845,-69.624,-69.298,-68.888,-68.356,-66.159,-65.146,-64.223,-63.356,-62.204,-61.078,-60.071,-58.314,-57.754,-57.443,-57.161,-56.895,-56.594,-56.009,-54.758,-47.958,-43.993,-41.541,-35.646,-32.92,-29.857,-18.988,10.293,13.427,14.403,14.596,11.844,-1.0715,-8.6378,-30.892,-53.495,-57.305,-60.379,-62.757,-64.87,-66.593,-67.861,-68.411,-68.839,-69.198,-69.488,-69.71,-69.876,-69.973,-70.007,-69.996,-69.961,-69.828,-69.607,-69.281,-68.87,-68.337,-66.146,-65.13,-64.204,-63.346,-62.191,-61.062,-60.06,-58.316,-57.754,-57.443,-57.16,-56.893,-56.589,-55.995,-54.726,-47.912,-43.963,-41.517,-35.608,-32.861,-29.767,-20.219,9.0574,12.77,14.625,14.106,12.47,-1.1689,-9.2976,-30.939,-53.526,-57.323,-60.386,-62.758,-64.865,-66.585,-67.851,-68.399,-68.826,-69.185,-69.474,-69.696,-69.861,-69.957,-69.99,-69.978,-69.943,-69.809,-69.587,-69.259,-68.847,-68.312,-66.116,-65.11,-64.204,-63.353,-62.202,-61.069,-60.055,-58.306,-57.742,-57.427,-57.153,-56.881,-56.563,-55.915,-54.555,-48.181,-44.136,-41.407,-35.748,-33.067,-30.071,-24.456,-17.97,9.8566,13.223,14.659,13.914,12.132,-1.5501,-8.9899,-30.617,-53.206,-57.081,-60.213,-62.632,-64.776,-66.433,-67.804,-68.36,-68.792,-69.155,-69.448,-69.673,-69.84,-69.938,-69.973,-69.962,-69.928,-69.794,-69.572,-69.244,-68.832,-68.296,-66.095,-65.086,-64.178,-63.325,-62.172,-61.046,-60.048,-58.31,-57.745,-57.43,-57.158,-56.888,-56.578,-55.958,-54.647,-47.804,-43.89,-41.46,-35.802,-33.146,-30.185,-21.133,9.6049,13.098,14.682,14.015,12.283,-1.3878,-8.8605,-31.055,-53.607,-57.374,-60.413,-62.767,-64.862,-66.573,-67.832,-68.378,-68.803,-69.159,-69.447,-69.667,-69.831,-69.925,-69.956,-69.944,-69.908,-69.771,-69.547,-69.217,-68.813,-68.276,-66.082,-65.071,-64.16,-63.305,-62.16,-61.039,-60.038,-58.304,-57.747,-57.432,-57.159,-56.89,-56.58,-55.965,-54.661,-47.821,-43.9,-41.466,-35.522,-30.178,-21.112,9.6494,13.133,14.704,14.029,12.292,-1.3819,-8.8505,-31.027,-53.569,-57.342,-60.386,-62.744,-64.841,-66.554,-67.815,-68.362,-68.787,-69.144,-69.431,-69.651,-69.815,-69.909,-69.94,-69.93,-69.895,-69.76,-69.537,-69.208,-68.793,-68.254,-66.055,-65.054,-64.141,-63.295,-62.146,-61.032,-60.036,-58.298,-57.738,-57.432,-57.159,-56.889,-56.579,-55.959,-54.647,-47.802,-44.208,-41.454,-35.5,-30.128,-24.545,-18.094,11.17,13.911,14.724,14.011,12.248,-1.4322,-8.8834,-31.043,-53.572,-57.34,-60.38,-62.736,-64.831,-66.543,-67.803,-68.349,-68.774,-69.13,-69.417,-69.637,-69.8,-69.894,-69.924,-69.913,-69.878,-69.743,-69.519,-69.188,-68.784,-68.244,-66.041,-65.037,-64.133,-63.284,-62.142,-61.025,-60.026,-58.3,-57.739,-57.433,-57.16,-56.891,-56.581,-55.965,-54.66,-47.817,-44.218,-41.459,-35.499,-30.121,-24.529,-18.067,11.211,13.941,14.744,14.022,12.255,-1.428,-8.875,-31.019,-53.538,-57.31,-60.355,-62.714,-64.812,-66.526,-67.787,-68.334,-68.759,-69.115,-69.402,-69.622,-69.785,-69.879,-69.909,-69.896,-69.855,-69.786,-69.687,-69.404,-69.0,-68.174,-65.889,-64.698,-63.491,-62.357,-61.53,-60.701,-59.893,-58.279,-57.912,-57.613,-57.338,-57.096,-56.84,-56.536,-55.825,-54.362,-47.939,-44.299,-41.516,-35.56,-32.775,-29.628,-18.384,10.97,13.84,14.762,14.128,12.417,-1.2519,-8.736,-30.867,-53.384,-57.192,-60.268,-62.65,-64.765,-66.49,-67.759,-68.309,-68.737,-69.095,-69.384,-69.605,-69.769,-69.863,-69.894,-69.883,-69.848,-69.712,-69.487,-69.155,-68.748,-68.206,-66.006,-64.998,-64.102,-63.259,-62.121,-61.007,-60.013,-58.295,-57.74,-57.433,-57.159,-56.888,-56.575,-55.944,-54.614,-48.25,-44.174,-41.426,-35.726,-33.023,-29.994,-24.304,-17.721,10.197,13.465,14.775,12.133,-1.5629,-8.9677,-30.5,-53.572,-57.327,-60.359,-62.709,-64.8,-66.509,-67.767,-68.312,-68.736,-69.091,-69.377,-69.596,-69.758,-69.85,-69.879,-69.867,-69.831,-69.694,-69.467,-69.133,-68.725,-68.182,-65.977,-64.979,-64.081,-63.237,-62.097,-60.991,-60.003,-58.289,-57.733,-57.436,-57.162,-56.893,-56.584,-55.971,-54.67,-47.827,-44.222,-41.458,-35.476,-33.069,-30.062,-24.418,-17.889,10.061,13.403,14.798,12.227,-1.4648,-8.8883,-30.987,-53.474,-57.251,-60.302,-62.665,-64.767,-66.483,-67.745,-68.292,-68.718,-69.074,-69.361,-69.581,-69.743,-69.836,-69.865,-69.853,-69.817,-69.679,-69.452,-69.118,-68.709,-68.164,-65.968,-64.967,-64.068,-63.233,-62.099,-60.99,-59.999,-58.29,-57.733,-57.423,-57.143,-56.888,-56.574,-55.942,-54.607,-48.238,-44.165,-41.416,-35.703,-32.984,-29.933,-19.101,10.383,13.58,14.588,14.804,12.088,-1.6138,-8.9971,-30.501,-53.551,-57.304,-60.335,-62.685,-64.776,-66.484,-67.742,-68.287,-68.711,-69.066,-69.351,-69.57,-69.731,-69.823,-69.851,-69.839,-69.802,-69.663,-69.435,-69.099,-68.689,-68.143,-65.955,-64.965,-64.074,-63.236,-62.099,-60.986,-59.993,-58.28,-57.721,-57.407,-57.138,-56.879,-56.554,-55.878,-54.472,-48.066,-44.052,-41.569,-35.598,-32.825,-29.695,-24.84,-18.52,10.923,13.857,14.831,14.234,12.545,-1.1195,-8.6166,-30.693,-53.175,-57.022,-60.133,-62.54,-64.675,-66.326,-67.692,-68.246,-68.676,-69.036,-69.326,-69.549,-69.713,-69.807,-69.838,-69.824,-69.783,-69.712,-69.613,-69.327,-68.918,-68.095,-65.8,-64.61,-63.414,-62.288,-61.471,-60.652,-59.853,-58.27,-57.908,-57.616,-57.34,-57.096,-56.839,-56.531,-55.993,-54.715,-47.884,-44.258,-41.48,-35.484,-33.076,-30.067,-24.42,-17.883,10.114,13.457,14.848,12.272,-1.4218,-8.842,-30.9,-53.361,-57.157,-60.224,-62.6,-64.711,-66.434,-67.701,-68.249,-68.676,-69.033,-69.321,-69.541,-69.703,-69.796,-69.824,-69.812,-69.775,-69.636,-69.407,-69.07,-68.659,-68.123,-65.915,-64.921,-64.028,-63.188,-62.058,-60.961,-59.982,-58.278,-57.726,-57.413,-57.145,-56.891,-56.578,-55.95,-54.624,-48.258,-44.175,-41.42,-35.69,-32.96,-29.893,-18.987,10.537,13.684,14.66,14.848,12.077,-0.84918,-8.4029,-30.46,-53.481,-57.242,-59.993,-62.436,-64.597,-66.266,-67.646,-68.204,-68.638,-69.002,-69.295,-69.519,-69.685,-69.78,-69.811,-69.8,-69.764,-69.627,-69.399,-69.062,-68.651,-68.103,-65.903,-64.908,-64.013,-63.182,-62.05,-60.951,-59.97,-58.28,-57.727,-57.414,-57.146,-56.891,-56.579,-55.953,-54.628,-48.262,-44.177,-41.42,-35.685,-32.951,-29.879,-20.396,9.0883,12.905,14.862,14.39,12.781,-1.6347,-8.9958,-30.449,-53.46,-57.223,-60.263,-62.62,-64.717,-66.43,-67.69,-68.192,-68.626,-68.989,-69.282,-69.507,-69.673,-69.768,-69.799,-69.787,-69.751,-69.613,-69.376,-69.037,-68.624,-68.086,-65.896,-64.911,-64.025,-63.202,-62.065,-60.962,-59.978,-58.268,-57.712,-57.407,-57.136,-56.875,-56.543,-55.841,-54.389,-47.963,-43.983,-41.514,-35.508,-30.108,-24.484,-17.972,10.074,13.459,14.895,14.144,12.355,-1.3367,-8.765,-30.786,-53.225,-57.045,-60.135,-62.527,-64.651,-66.295,-67.598,-68.162,-68.6,-68.967,-69.263,-69.489,-69.658,-69.754,-69.786,-69.775,-69.74,-69.603,-69.365,-69.027,-68.613,-68.074,-65.881,-64.894,-64.019,-63.194,-62.055,-60.95,-59.973,-58.269,-57.712,-57.407,-57.135,-56.873,-56.539,-55.827,-54.359,-47.926,-44.285,-41.495,-35.479,-33.065,-30.045,-24.373,-17.802,10.243,13.555,14.906,12.292,-1.4061,-8.8139,-30.822,-53.249,-57.06,-60.142,-62.529,-64.649,-66.289,-67.591,-68.154,-68.591,-68.958,-69.253,-69.479,-69.646,-69.743,-69.774,-69.763,-69.727,-69.589,-69.36,-69.022,-68.609,-68.057,-65.861,-64.861,-63.973,-63.149,-62.022,-60.935,-59.957,-58.266,-57.719,-57.415,-57.146,-56.89,-56.575,-55.938,-54.594,-48.215,-44.145,-41.394,-35.638,-32.877,-29.765,-24.941,-18.658,10.888,13.889,14.917,14.357,12.692,-0.9672,-9.066,-30.483,-53.463,-57.215,-60.248,-62.6,-64.692,-66.403,-67.661,-68.161,-68.595,-68.958,-69.25,-69.473,-69.638,-69.733,-69.762,-69.75,-69.713,-69.574,-69.334,-68.993,-68.577,-68.037,-65.849,-64.872,-63.994,-63.178,-62.045,-60.944,-59.964,-58.262,-57.713,-57.407,-57.135,-56.872,-56.535,-56.0,-54.726,-47.893,-44.261,-41.476,-35.447,-33.016,-29.97,-24.238,-17.595,10.452,13.677,14.7,14.926,12.223,-1.4807,-8.8633,-30.848,-53.255,-57.058,-60.134,-62.517,-64.634,-66.272,-67.572,-68.135,-68.571,-68.937,-69.232,-69.457,-69.624,-69.72,-69.751,-69.739,-69.703,-69.564,-69.324,-68.983,-68.567,-68.026,-65.836,-64.857,-63.978,-63.15,-62.017,-60.925,-59.953,-58.265,-57.716,-57.411,-57.14,-56.879,-56.551,-55.864,-54.436,-48.015,-44.014,-41.533,-35.512,-30.107,-24.473,-17.946,10.146,13.524,14.948,12.394,-1.299,-8.7215,-30.698,-53.104,-56.942,-60.049,-62.455,-64.589,-66.239,-67.547,-68.112,-68.552,-68.92,-69.216,-69.443,-69.611,-69.708,-69.739,-69.728,-69.692,-69.553,-69.314,-68.972,-68.556,-68.014,-65.821,-64.842,-63.961,-63.132,-62.008,-60.915,-59.942,-58.26,-57.72,-57.414,-57.145,-56.887,-56.567,-55.913,-54.541,-48.144,-44.097,-41.594,-35.581,-32.787,-29.628,-24.716,-18.311,11.22,14.068,14.962,14.302,12.571,-1.1073,-8.5724,-30.542,-53.492,-57.227,-59.961,-62.39,-64.542,-66.204,-67.521,-68.09,-68.532,-68.902,-69.201,-69.429,-69.598,-69.696,-69.728,-69.717,-69.681,-69.543,-69.304,-68.962,-68.545,-68.003,-65.82,-64.839,-63.969,-63.148,-62.021,-60.925,-59.949,-58.256,-57.704,-57.395,-57.117,-56.839,-56.529,-55.982,-54.687,-47.837,-44.222,-41.446,-35.684,-32.94,-29.855,-20.316,9.2664,13.05,14.958,14.456,12.828,-0.81774,-8.94,-30.892,-53.27,-57.059,-60.125,-62.502,-64.613,-66.337,-67.603,-68.107,-68.543,-68.908,-69.202,-69.427,-69.593,-69.688,-69.717,-69.705,-69.668,-69.527,-69.295,-68.954,-68.537,-67.994,-65.795,-64.814,-63.931,-63.111,-61.985,-60.899,-59.932,-58.262,-57.721,-57.415,-57.145,-56.887,-56.568,-55.913,-54.539,-48.139,-44.094,-41.59,-35.568,-32.765,-29.593,-24.657,-18.22,11.317,14.126,14.985,14.299,12.551,-1.131,-8.5838,-30.533,-53.466,-57.202,-59.936,-62.367,-64.52,-66.183,-67.5,-68.069,-68.512,-68.882,-69.18,-69.408,-69.578,-69.675,-69.707,-69.695,-69.659,-69.52,-69.28,-68.937,-68.519,-67.975,-65.787,-64.804,-63.92,-63.1,-61.982,-60.894,-59.935,-58.254,-57.711,-57.415,-57.145,-56.886,-56.565,-55.903,-54.518,-48.112,-44.076,-41.576,-35.547,-32.733,-29.545,-24.578,-18.098,10.045,13.492,14.995,14.275,12.507,-1.1806,-8.6184,-30.557,-53.479,-57.209,-59.939,-62.366,-64.516,-66.177,-67.493,-68.062,-68.503,-68.873,-69.171,-69.399,-69.568,-69.665,-69.696,-69.685,-69.648,-69.509,-69.268,-68.925,-68.506,-67.961,-65.784,-64.799,-63.938,-63.125,-61.993,-60.903,-59.932,-58.25,-57.705,-57.395,-57.116,-56.838,-56.526,-55.973,-54.665,-47.807,-44.2,-41.428,-35.652,-32.89,-29.777,-24.95,-18.659,10.963,13.969,14.997,14.436,12.769,-0.88917,-8.9828,-30.905,-53.257,-57.041,-60.103,-62.477,-64.587,-66.31,-67.576,-68.079,-68.515,-68.88,-69.173,-69.397,-69.563,-69.657,-69.686,-69.671,-69.628,-69.555,-69.452,-69.169,-68.753,-67.915,-65.63,-64.454,-63.269,-62.162,-61.368,-60.569,-59.788,-58.241,-57.89,-57.601,-57.33,-57.078,-56.836,-56.52,-55.958,-54.634,-48.263,-44.172,-41.407,-35.624,-32.846,-29.712,-24.844,-18.497,11.112,14.046,15.011,14.403,12.706,-0.96149,-9.0334,-30.946,-53.288,-57.061,-60.114,-62.482,-64.587,-66.219,-67.513,-68.028,-68.473,-68.845,-69.146,-69.375,-69.546,-69.644,-69.676,-69.665,-69.629,-69.489,-69.248,-68.904,-68.485,-67.939,-65.757,-64.771,-63.896,-63.084,-61.961,-60.879,-59.916,-58.247,-57.711,-57.414,-57.143,-56.883,-56.556,-55.874,-54.455,-48.033,-44.023,-41.535,-35.489,-33.069,-30.042,-24.349,-17.748,10.393,13.691,15.017,12.377,-1.3214,-8.7165,-30.624,-52.974,-56.824,-59.945,-62.361,-64.504,-66.159,-67.472,-68.039,-68.479,-68.848,-69.145,-69.372,-69.54,-69.635,-69.666,-69.654,-69.617,-69.476,-69.242,-68.899,-68.48,-67.934,-65.737,-64.75,-63.875,-63.062,-61.95,-60.867,-59.912,-58.25,-57.714,-57.418,-57.147,-56.89,-56.572,-55.925,-54.562,-48.166,-44.109,-41.598,-35.561,-32.751,-29.567,-24.61,-18.14,10.038,13.507,15.032,14.324,12.563,-1.121,-8.5614,-30.465,-53.36,-57.109,-59.855,-62.296,-64.457,-66.125,-67.446,-68.017,-68.46,-68.831,-69.13,-69.359,-69.528,-69.625,-69.656,-69.645,-69.608,-69.467,-69.234,-68.891,-68.471,-67.925,-65.726,-64.738,-63.863,-63.049,-61.936,-60.862,-59.907,-58.251,-57.715,-57.419,-57.149,-56.893,-56.577,-55.938,-54.59,-48.203,-44.133,-41.377,-35.579,-32.776,-29.604,-24.668,-18.228,11.362,14.178,15.041,14.357,12.611,-1.0689,-8.5191,-30.415,-53.305,-57.065,-60.109,-62.47,-64.57,-66.198,-67.49,-68.004,-68.448,-68.82,-69.12,-69.348,-69.518,-69.615,-69.647,-69.635,-69.598,-69.458,-69.225,-68.881,-68.461,-67.914,-65.713,-64.737,-63.86,-63.046,-61.932,-60.857,-59.9,-58.252,-57.715,-57.419,-57.149,-56.892,-56.575,-55.933,-54.578,-48.186,-44.121,-41.606,-35.566,-32.756,-29.573,-24.618,-18.15,10.043,13.518,15.049,14.343,12.584,-1.0988,-8.5392,-30.426,-53.308,-57.065,-60.105,-62.465,-64.564,-66.191,-67.483,-67.996,-68.44,-68.812,-69.111,-69.34,-69.509,-69.606,-69.637,-69.626,-69.589,-69.448,-69.214,-68.87,-68.45,-67.903,-65.713,-64.723,-63.857,-63.042,-61.936,-60.86,-59.902,-58.243,-57.705,-57.406,-57.131,-56.861,-56.572,-55.922,-54.556,-48.157,-44.103,-41.592,-35.546,-30.156,-24.543,-18.035,11.531,14.264,15.055,14.319,12.54,-1.1466,-8.5729,-30.451,-53.323,-57.073,-59.822,-62.264,-64.427,-66.096,-67.418,-67.989,-68.433,-68.804,-69.103,-69.332,-69.501,-69.597,-69.628,-69.616,-69.579,-69.438,-69.204,-68.859,-68.439,-67.891,-65.699,-64.721,-63.855,-63.038,-61.931,-60.854,-59.904,-58.244,-57.705,-57.406,-57.131,-56.862,-56.572,-55.923,-54.556,-48.157,-44.102,-41.591,-35.543,-30.148,-24.527,-18.011,11.557,14.28,15.062,14.319,12.536,-1.1504,-8.5733,-30.443,-53.309,-57.06,-59.809,-62.253,-64.417,-66.087,-67.409,-67.98,-68.424,-68.795,-69.094,-69.323,-69.492,-69.589,-69.619,-69.607,-69.57,-69.429,-69.185,-68.839,-68.416,-67.88,-65.7,-64.733,-63.877,-63.08,-61.958,-60.867,-59.907,-58.237,-57.697,-57.383,-57.115,-56.835,-56.517,-55.947,-54.607,-48.223,-44.145,-41.384,-35.578,-32.772,-29.596,-24.652,-18.198,11.413,14.218,15.07,14.378,12.628,-1.0505,-8.495,-30.933,-53.222,-56.993,-60.047,-62.416,-64.523,-66.155,-67.45,-67.965,-68.41,-68.783,-69.083,-69.312,-69.482,-69.579,-69.611,-69.599,-69.562,-69.42,-69.177,-68.83,-68.408,-67.871,-65.689,-64.71,-63.853,-63.046,-61.935,-60.855,-59.894,-58.24,-57.701,-57.4,-57.122,-56.846,-56.54,-55.821,-54.338,-48.397,-44.257,-41.464,-35.672,-32.913,-29.806,-20.179,9.5144,13.24,15.067,14.52,12.863,-0.78732,-8.8816,-30.729,-53.021,-56.841,-59.937,-62.337,-64.467,-66.115,-67.422,-67.941,-68.389,-68.765,-69.068,-69.299,-69.471,-69.569,-69.602,-69.591,-69.554,-69.413,-69.171,-68.824,-68.402,-67.865,-65.682,-64.714,-63.856,-63.059,-61.946,-60.863,-59.901,-58.228,-57.687,-57.383,-57.115,-56.834,-56.514,-55.94,-54.592,-48.202,-44.131,-41.611,-35.561,-32.745,-29.555,-24.584,-18.094,10.125,13.579,15.082,14.362,12.594,-1.087,-8.5181,-30.94,-53.214,-56.982,-60.034,-62.402,-64.508,-66.14,-67.435,-67.949,-68.394,-68.767,-69.067,-69.296,-69.465,-69.562,-69.593,-69.581,-69.544,-69.402,-69.167,-68.822,-68.4,-67.863,-65.665,-64.685,-63.816,-63.008,-61.909,-60.837,-59.885,-58.237,-57.707,-57.408,-57.133,-56.864,-56.576,-55.934,-54.579,-48.185,-44.12,-41.603,-35.549,-30.156,-24.539,-18.024,11.569,14.299,15.087,14.349,12.569,-1.114,-8.5364,-30.378,-53.217,-56.981,-60.031,-62.397,-64.502,-66.133,-67.428,-67.942,-68.387,-68.759,-69.059,-69.288,-69.457,-69.554,-69.585,-69.573,-69.536,-69.393,-69.149,-68.801,-68.378,-67.84,-65.667,-64.698,-63.839,-63.029,-61.917,-60.843,-59.89,-58.232,-57.691,-57.388,-57.122,-56.845,-56.538,-56.002,-54.723,-47.877,-44.245,-41.455,-35.656,-32.888,-29.767,-24.924,-18.606,11.089,14.078,15.088,14.512,12.836,-0.81733,-8.8967,-30.722,-52.994,-56.813,-59.91,-62.31,-64.441,-66.09,-67.397,-67.916,-68.365,-68.741,-69.043,-69.275,-69.446,-69.545,-69.577,-69.565,-69.529,-69.387,-69.144,-68.797,-68.373,-67.835,-65.661,-64.691,-63.832,-63.033,-61.919,-60.844,-59.89,-58.231,-57.69,-57.386,-57.119,-56.841,-56.529,-55.978,-54.672,-47.809,-44.199,-41.422,-35.615,-32.825,-29.673,-24.772,-18.376,11.291,14.177,15.098,14.457,12.739,-0.92665,-8.3899,-30.793,-53.055,-56.856,-59.937,-62.327,-64.45,-66.093,-67.396,-67.914,-68.362,-68.736,-69.038,-69.268,-69.439,-69.537,-69.569,-69.557,-69.52,-69.378,-69.143,-68.797,-68.374,-67.837,-65.635,-64.666,-63.807,-63.009,-61.906,-60.831,-59.877,-58.227,-57.694,-57.391,-57.127,-56.854,-56.555,-55.868,-54.437,-48.007,-44.004,-41.517,-35.44,-32.993,-29.923,-25.172,-18.981,10.76,13.92,14.898,15.084,12.307,-0.61103,-8.7392,-30.554,-53.363,-57.082,-59.809,-62.235,-64.386,-66.048,-67.364,-67.933,-68.375,-68.744,-69.042,-69.269,-69.436,-69.531,-69.561,-69.548,-69.51,-69.366,-69.13,-68.782,-68.358,-67.82,-65.63,-64.66,-63.801,-63.002,-61.899,-60.824,-59.878,-58.227,-57.694,-57.392,-57.127,-56.854,-56.556,-55.869,-54.438,-48.009,-44.005,-41.518,-35.44,-32.992,-29.922,-25.169,-18.976,10.768,13.927,14.903,15.088,12.31,-0.60759,-8.7345,-30.543,-53.345,-57.067,-59.796,-62.224,-64.376,-66.038,-67.355,-67.924,-68.366,-68.736,-69.034,-69.261,-69.428,-69.524,-69.553,-69.54,-69.502,-69.358,-69.122,-68.774,-68.35,-67.811,-65.634,-64.662,-63.814,-63.014,-61.908,-60.832,-59.876,-58.224,-57.691,-57.388,-57.121,-56.844,-56.534,-55.991,-54.698,-47.843,-44.222,-41.438,-35.63,-32.847,-29.705,-24.822,-18.45,11.239,14.16,15.11,14.491,12.787,-0.87075,-8.9277,-30.727,-52.971,-56.786,-59.881,-62.281,-64.411,-66.059,-67.367,-67.886,-68.335,-68.71,-69.013,-69.244,-69.415,-69.514,-69.545,-69.534,-69.497,-69.355,-69.12,-68.773,-68.349,-67.811,-65.619,-64.648,-63.788,-62.989,-61.884,-60.818,-59.872,-58.228,-57.695,-57.393,-57.128,-56.856,-56.559,-55.877,-54.456,-48.03,-44.019,-41.528,-35.45,-33.006,-29.941,-25.2,-19.022,10.733,13.913,14.902,15.099,12.341,-0.57219,-8.7042,-30.501,-53.292,-57.023,-59.759,-62.194,-64.35,-66.016,-67.336,-67.906,-68.349,-68.719,-69.017,-69.245,-69.413,-69.508,-69.538,-69.525,-69.487,-69.343,-69.106,-68.758,-68.334,-67.794,-65.615,-64.643,-63.782,-62.971,-61.878,-60.812,-59.865,-58.229,-57.697,-57.395,-57.131,-56.86,-56.568,-55.906,-54.517,-48.104,-44.067,-41.563,-35.492,-33.066,-30.03,-24.316,-17.684,10.532,13.812,14.863,15.112,12.451,-1.2346,-8.6141,-30.407,-53.197,-56.95,-59.992,-62.353,-64.455,-66.084,-67.377,-67.891,-68.336,-68.708,-69.007,-69.235,-69.404,-69.501,-69.531,-69.518,-69.48,-69.336,-69.1,-68.752,-68.327,-67.788,-65.608,-64.635,-63.774,-62.963,-61.87,-60.804,-59.865,-58.229,-57.696,-57.394,-57.13,-56.86,-56.566,-55.9,-54.505,-48.09,-44.058,-41.556,-35.482,-33.052,-30.01,-24.28,-17.629,10.583,13.84,14.877,15.114,12.43,-1.2555,-8.6283,-30.415,-53.198,-56.948,-59.988,-62.349,-64.449,-66.078,-67.371,-67.885,-68.329,-68.701,-69.0,-69.228,-69.397,-69.493,-69.523,-69.511,-69.473,-69.329,-69.092,-68.744,-68.319,-67.779,-65.598,-64.626,-63.777,-62.976,-61.87,-60.803,-59.856,-58.228,-57.695,-57.392,-57.128,-56.855,-56.557,-55.87,-54.441,-48.011,-44.006,-41.518,-35.435,-32.985,-29.909,-20.397,9.3072,13.144,15.107,14.633,13.024,-1.375,-8.7175,-30.496,-53.268,-56.998,-59.735,-62.17,-64.327,-65.994,-67.314,-67.838,-68.291,-68.671,-68.976,-69.21,-69.383,-69.483,-69.516,-69.505,-69.469,-69.327,-69.083,-68.735,-68.309,-67.769,-65.587,-64.627,-63.778,-62.976,-61.87,-60.802,-59.855,-58.226,-57.693,-57.39,-57.124,-56.848,-56.542,-56.009,-54.736,-47.893,-44.256,-41.461,-35.654,-32.882,-29.757,-24.903,-18.571,11.15,14.126,15.125,14.542,12.862,-0.78295,-8.853,-30.623,-52.84,-56.677,-59.793,-62.208,-64.35,-66.007,-67.32,-67.842,-68.292,-68.67,-68.974,-69.206,-69.378,-69.477,-69.509,-69.498,-69.461,-69.319,-69.074,-68.725,-68.299,-67.758,-65.589,-64.628,-63.778,-62.987,-61.879,-60.81,-59.861,-58.215,-57.68,-57.386,-57.119,-56.839,-56.524,-55.961,-54.634,-48.256,-44.165,-41.397,-35.576,-32.764,-29.579,-24.618,-18.139,10.121,13.601,15.133,14.429,12.672,-0.99349,-8.4242,-30.771,-52.975,-56.775,-59.86,-62.252,-64.378,-66.023,-67.328,-67.847,-68.295,-68.67,-68.972,-69.203,-69.373,-69.471,-69.502,-69.49,-69.453,-69.31,-69.073,-68.725,-68.3,-67.76,-65.577,-64.604,-63.742,-62.942,-61.847,-60.79,-59.851,-58.222,-57.698,-57.396,-57.132,-56.862,-56.571,-55.913,-54.532,-48.123,-44.079,-41.572,-35.499,-33.076,-30.044,-24.338,-17.715,10.515,13.81,15.128,12.484,-1.1942,-8.5751,-30.342,-53.103,-56.869,-59.923,-62.294,-64.404,-66.038,-67.335,-67.851,-68.297,-68.67,-68.97,-69.199,-69.369,-69.465,-69.496,-69.483,-69.445,-69.301,-69.064,-68.716,-68.29,-67.749,-65.579,-64.605,-63.755,-62.953,-61.857,-60.789,-59.849,-58.22,-57.696,-57.393,-57.128,-56.856,-56.558,-55.874,-54.447,-48.018,-44.012,-41.522,-35.438,-32.988,-29.913,-20.404,9.3065,13.149,15.117,14.647,13.041,-1.3519,-8.6935,-30.451,-53.201,-56.94,-59.971,-62.325,-64.422,-66.048,-67.34,-67.853,-68.297,-68.668,-68.967,-69.195,-69.364,-69.459,-69.489,-69.476,-69.437,-69.293,-69.055,-68.706,-68.28,-67.739,-65.568,-64.607,-63.756,-62.954,-61.857,-60.788,-59.849,-58.219,-57.694,-57.392,-57.127,-56.853,-56.551,-55.852,-54.4,-47.962,-44.303,-41.495,-35.404,-32.94,-29.841,-20.243,9.4921,13.256,15.128,14.606,12.966,-0.66049,-8.7554,-30.507,-53.247,-56.972,-59.706,-62.138,-64.295,-65.961,-67.281,-67.805,-68.258,-68.637,-68.943,-69.177,-69.35,-69.45,-69.482,-69.471,-69.434,-69.292,-69.057,-68.709,-68.284,-67.744,-65.559,-64.598,-63.747,-62.945,-61.848,-60.789,-59.849,-58.219,-57.695,-57.392,-57.127,-56.853,-56.553,-55.856,-54.409,-47.973,-44.311,-41.5,-35.411,-32.949,-29.855,-20.273,9.4592,13.238,15.128,14.617,12.984,-0.63948,-8.7383,-30.485,-53.221,-56.95,-59.688,-62.124,-64.283,-65.951,-67.272,-67.797,-68.25,-68.63,-68.936,-69.17,-69.343,-69.443,-69.476,-69.465,-69.428,-69.286,-69.05,-68.703,-68.278,-67.737,-65.552,-64.591,-63.739,-62.937,-61.841,-60.782,-59.842,-58.221,-57.697,-57.395,-57.131,-56.86,-56.565,-55.894,-54.49,-48.07,-44.046,-41.547,-35.468,-33.031,-29.977,-25.255,-19.102,10.677,13.898,14.913,15.131,12.417,-0.48171,-8.6198,-30.365,-53.101,-56.859,-59.907,-62.275,-64.382,-66.015,-67.311,-67.827,-68.272,-68.645,-68.945,-69.174,-69.343,-69.44,-69.47,-69.457,-69.419,-69.274,-69.037,-68.688,-68.261,-67.72,-65.561,-64.598,-63.746,-62.955,-61.856,-60.795,-59.846,-58.207,-57.68,-57.387,-57.12,-56.841,-56.527,-55.969,-54.649,-48.275,-44.178,-41.406,-35.586,-32.778,-29.6,-24.651,-18.187,11.482,14.291,15.146,14.458,12.712,-0.94332,-8.3773,-30.694,-52.866,-56.682,-59.781,-62.185,-64.319,-65.971,-67.281,-67.801,-68.251,-68.627,-68.93,-69.162,-69.334,-69.432,-69.463,-69.451,-69.414,-69.271,-69.034,-68.686,-68.26,-67.719,-65.546,-64.571,-63.72,-62.919,-61.833,-60.774,-59.834,-58.221,-57.697,-57.395,-57.132,-56.862,-56.569,-55.905,-54.513,-48.099,-44.065,-41.561,-35.485,-33.055,-30.013,-24.283,-17.632,10.596,13.858,14.898,15.138,12.464,-1.2083,-8.5772,-30.884,-53.041,-56.81,-59.869,-62.244,-64.357,-65.994,-67.293,-67.81,-68.256,-68.63,-68.931,-69.16,-69.33,-69.427,-69.457,-69.444,-69.406,-69.262,-69.025,-68.676,-68.249,-67.708,-65.534,-64.572,-63.721,-62.919,-61.832,-60.773,-59.834,-58.221,-57.697,-57.395,-57.131,-56.86,-56.565,-55.892,-54.486,-48.065,-44.043,-41.545,-35.466,-33.027,-29.971,-25.246,-19.088,10.692,13.908,14.919,15.135,12.417,-0.47754,-8.6124,-30.344,-53.064,-56.825,-59.877,-62.248,-64.357,-65.992,-67.29,-67.806,-68.252,-68.625,-68.926,-69.155,-69.324,-69.421,-69.451,-69.438,-69.4,-69.256,-69.018,-68.669,-68.254,-67.714,-65.54,-64.578,-63.738,-62.957,-61.856,-60.785,-59.844,-58.205,-57.679,-57.372,-57.099,-56.836,-56.516,-55.938,-54.584,-48.188,-44.123,-41.604,-35.537,-32.705,-29.49,-24.474,-17.92,10.336,13.723,15.148,12.598,-1.0626,-8.464,-30.764,-52.916,-56.713,-59.797,-62.19,-64.316,-65.963,-67.269,-67.788,-68.237,-68.612,-68.915,-69.145,-69.316,-69.414,-69.445,-69.433,-69.395,-69.252,-69.015,-68.665,-68.239,-67.698,-65.524,-64.561,-63.71,-62.919,-61.832,-60.772,-59.832,-58.21,-57.685,-57.393,-57.128,-56.855,-56.555,-55.861,-54.418,-47.983,-44.318,-41.506,-35.418,-32.959,-29.87,-20.307,9.4241,13.221,15.135,14.637,13.014,-0.59773,-8.6988,-30.419,-53.124,-56.866,-59.902,-62.262,-64.362,-65.992,-67.286,-67.8,-68.245,-68.617,-68.916,-69.145,-69.314,-69.41,-69.439,-69.426,-69.392,-69.25,-69.014,-68.666,-68.24,-67.699,-65.525,-64.563,-63.711,-62.919,-61.832,-60.772,-59.832,-58.21,-57.685,-57.392,-57.127,-56.854,-56.553,-55.854,-54.403,-47.966,-44.307,-41.498,-35.409,-32.946,-29.85,-20.261,9.4764,13.251,15.138,14.626,12.993,-0.61994,-8.7139,-30.429,-53.128,-56.867,-59.901,-62.259,-64.359,-65.987,-67.281,-67.795,-68.239,-68.612,-68.911,-69.139,-69.3,-69.4,-69.434,-69.422,-69.386,-69.244,-68.999,-68.649,-68.234,-67.693,-65.519,-64.569,-63.728,-62.947,-61.846,-60.785,-59.843,-58.204,-57.678,-57.372,-57.098,-56.834,-56.511,-55.925,-54.554,-48.151,-44.099,-41.587,-35.517,-33.101,-30.081,-24.401,-17.81,10.437,13.777,15.149,12.555,-1.1054,-8.4928,-30.779,-52.914,-56.706,-59.786,-62.176,-64.301,-65.947,-67.252,-67.771,-68.22,-68.595,-68.898,-69.128,-69.299,-69.397,-69.428,-69.416,-69.378,-69.234,-68.997,-68.647,-68.233,-67.692,-65.518,-64.555,-63.703,-62.9,-61.813,-60.764,-59.833,-58.211,-57.686,-57.395,-57.131,-56.859,-56.564,-55.888,-54.475,-48.052,-44.035,-41.54,-35.46,-33.02,-29.96,-25.229,-19.063,10.717,13.922,14.928,15.139,12.415,-0.47404,-8.6033,-30.883,-53.008,-56.774,-59.831,-62.207,-64.32,-65.957,-67.257,-67.774,-68.221,-68.595,-68.895,-69.125,-69.295,-69.392,-69.422,-69.41,-69.371,-69.227,-68.989,-68.64,-68.225,-67.684,-65.509,-64.559,-63.718,-62.937,-61.837,-60.776,-59.835,-58.205,-57.679,-57.372,-57.099,-56.836,-56.516,-55.937,-54.58,-48.183,-44.12,-41.603,-35.537,-32.705,-29.491,-24.475,-17.922,10.334,13.724,15.152,12.608,-1.0453,-8.4449,-30.724,-52.852,-56.655,-59.746,-62.145,-64.277,-65.926,-67.235,-67.755,-68.205,-68.581,-68.884,-69.116,-69.287,-69.385,-69.417,-69.405,-69.367,-69.224,-68.986,-68.637,-68.223,-67.682,-65.507,-64.544,-63.692,-62.901,-61.813,-60.764,-59.824,-58.211,-57.686,-57.395,-57.131,-56.86,-56.565,-55.889,-54.479,-48.056,-44.038,-41.543,-35.465,-33.026,-29.97,-25.244,-19.086,10.695,13.911,14.924,15.141,12.429,-1.2344,-8.5876,-30.859,-52.975,-56.746,-59.808,-62.187,-64.302,-65.942,-67.243,-67.761,-68.208,-68.582,-68.884,-69.114,-69.284,-69.381,-69.411,-69.399,-69.361,-69.217,-68.979,-68.629,-68.214,-67.673,-65.511,-64.561,-63.719,-62.938,-61.836,-60.775,-59.834,-58.204,-57.679,-57.373,-57.099,-56.837,-56.516,-55.938,-54.581,-48.185,-44.122,-41.605,-35.54,-32.71,-29.498,-24.487,-17.94,10.317,13.715,15.153,14.403,12.619,-1.0308,-8.4318,-30.703,-52.822,-56.629,-59.724,-62.126,-64.26,-65.912,-67.222,-67.742,-68.193,-68.569,-68.873,-69.105,-69.276,-69.375,-69.406,-69.394,-69.36,-69.22,-68.985,-68.637,-68.212,-67.671,-65.496,-64.533,-63.681,-62.89,-61.803,-60.754,-59.823,-58.211,-57.687,-57.395,-57.132,-56.861,-56.568,-55.899,-54.498,-48.081,-44.054,-41.555,-35.481,-33.049,-30.004,-24.269,-17.611,10.614,13.87,14.907,15.145,12.472,-1.1859,-8.5486,-30.813,-52.921,-56.702,-59.774,-62.159,-64.28,-65.923,-67.227,-67.746,-68.194,-68.569,-68.871,-69.102,-69.273,-69.37,-69.401,-69.388,-69.35,-69.207,-68.969,-68.619,-68.205,-67.663,-65.488,-64.538,-63.698,-62.917,-61.817,-60.766,-59.826,-58.205,-57.68,-57.387,-57.12,-56.841,-56.526,-55.963,-54.635,-48.256,-44.168,-41.401,-35.582,-32.773,-29.593,-24.64,-18.172,11.495,14.301,15.156,14.469,12.726,-0.91163,-8.3393,-30.606,-52.718,-56.549,-59.664,-62.081,-64.226,-65.885,-67.201,-67.724,-68.176,-68.554,-68.859,-69.092,-69.264,-69.364,-69.396,-69.384,-69.347,-69.204,-68.967,-68.618,-68.204,-67.663,-65.488,-64.537,-63.697,-62.916,-61.816,-60.765,-59.825,-58.205,-57.679,-57.373,-57.101,-56.839,-56.521,-55.95,-54.606,-48.218,-44.144,-41.622,-35.562,-32.743,-29.548,-24.567,-18.062,10.201,13.653,15.155,14.439,12.677,-0.96327,-8.3775,-30.64,-52.746,-56.567,-59.675,-62.087,-64.228,-65.885,-67.199,-67.721,-68.172,-68.55,-68.855,-69.087,-69.26,-69.359,-69.391,-69.379,-69.341,-69.198,-68.961,-68.612,-68.198,-67.657,-65.482,-64.531,-63.679,-62.888,-61.8,-60.751,-59.82,-58.209,-57.685,-57.393,-57.129,-56.856,-56.555,-55.86,-54.415,-47.981,-44.318,-41.508,-35.425,-32.969,-29.886,-20.344,9.377,13.195,15.137,14.656,13.045,-1.323,-8.65,-30.333,-52.99,-56.748,-59.801,-62.173,-64.284,-65.921,-67.22,-67.737,-68.184,-68.558,-68.859,-69.088,-69.258,-69.355,-69.386,-69.373,-69.338,-69.197,-68.961,-68.613,-68.187,-67.646,-65.484,-64.521,-63.669,-62.878,-61.791,-60.742,-59.813,-58.21,-57.686,-57.395,-57.131,-56.86,-56.565,-55.888,-54.475,-48.052,-44.037,-41.543,-35.468,-33.032,-29.978,-24.225,-17.546,10.669,13.898,14.919,15.143,12.447,-1.2064,-8.5604,-30.81,-52.899,-56.679,-59.75,-62.136,-64.257,-65.901,-67.206,-67.724,-68.173,-68.548,-68.85,-69.081,-69.252,-69.35,-69.381,-69.368,-69.334,-69.193,-68.958,-68.61,-68.184,-67.643,-65.481,-64.518,-63.678,-62.886,-61.799,-60.749,-59.819,-58.208,-57.684,-57.392,-57.127,-56.853,-56.551,-55.846,-54.385,-47.945,-44.295,-41.492,-35.406,-32.942,-29.846,-20.256,9.4766,13.251,15.141,14.632,13.004,-0.59231,-8.6813,-30.357,-53.003,-56.755,-59.802,-62.17,-64.279,-65.914,-67.212,-67.728,-68.175,-68.549,-68.849,-69.079,-69.249,-69.346,-69.376,-69.363,-69.325,-69.18,-68.942,-68.592,-68.177,-67.635,-65.487,-64.536,-63.695,-62.913,-61.813,-60.762,-59.822,-58.194,-57.668,-57.372,-57.099,-56.836,-56.514,-55.93,-54.565,-48.164,-44.443,-41.598,-35.535,-32.703,-29.489,-24.473,-17.921,10.329,13.72,15.153,12.618,-1.0225,-8.4189,-30.666,-52.752,-56.565,-59.667,-62.074,-64.213,-65.868,-67.181,-67.702,-68.154,-68.531,-68.835,-69.068,-69.24,-69.339,-69.371,-69.359,-69.322,-69.179,-68.942,-68.592,-68.178,-67.637,-65.475,-64.524,-63.684,-62.903,-61.803,-60.753,-59.814,-58.204,-57.679,-57.374,-57.101,-56.84,-56.522,-55.951,-54.609,-48.222,-44.148,-41.626,-35.57,-32.755,-29.567,-24.598,-18.11,10.15,13.624,15.155,14.454,12.703,-0.92776,-8.3461,-30.592,-53.216,-56.91,-59.624,-62.043,-64.19,-65.851,-67.168,-67.691,-68.144,-68.523,-68.828,-69.061,-69.234,-69.334,-69.366,-69.355,-69.318,-69.175,-68.938,-68.589,-68.175,-67.634,-65.472,-64.521,-63.693,-62.911,-61.811,-60.76,-59.821,-58.193,-57.667,-57.371,-57.098,-56.834,-56.509,-55.915,-54.533,-48.124,-44.084,-41.579,-35.515,-33.099,-30.078,-24.399,-17.809,10.43,13.773,15.15,12.569,-1.0721,-8.4549,-30.694,-52.77,-56.575,-59.671,-62.074,-64.209,-65.862,-67.173,-67.695,-68.145,-68.523,-68.827,-69.059,-69.231,-69.33,-69.362,-69.35,-69.312,-69.169,-68.932,-68.583,-68.168,-67.627,-65.465,-64.515,-63.674,-62.883,-61.795,-60.746,-59.816,-58.197,-57.682,-57.39,-57.125,-56.85,-56.543,-56.007,-54.728,-47.883,-44.253,-41.463,-35.663,-32.896,-29.777,-24.937,-18.624,11.106,14.115,15.146,14.591,12.934,-0.66735,-8.7333,-30.394,-53.021,-56.761,-59.8,-62.162,-64.267,-65.899,-67.196,-67.712,-68.158,-68.531,-68.831,-69.061,-69.23,-69.327,-69.357,-69.344,-69.31,-69.168,-68.932,-68.584,-68.17,-67.629,-65.454,-64.492,-63.653,-62.862,-61.776,-60.738,-59.809,-58.199,-57.685,-57.393,-57.13,-56.857,-56.558,-55.867,-54.43,-47.999,-44.332,-41.52,-35.444,-32.998,-29.929,-25.18,-18.992,10.772,13.949,14.938,15.136,12.395,-0.47632,-8.5908,-30.82,-52.881,-56.656,-59.724,-62.108,-64.228,-65.872,-67.177,-67.695,-68.144,-68.519,-68.822,-69.053,-69.224,-69.322,-69.353,-69.34,-69.306,-69.165,-68.93,-68.582,-68.169,-67.628,-65.453,-64.491,-63.652,-62.861,-61.775,-60.737,-59.808,-58.199,-57.684,-57.393,-57.129,-56.856,-56.557,-55.862,-54.419,-47.986,-44.324,-41.514,-35.438,-32.989,-29.916,-25.159,-18.961,10.8,13.962,14.943,15.134,12.38,-0.49067,-8.6006,-30.827,-52.883,-56.656,-59.722,-62.105,-64.225,-65.868,-67.172,-67.691,-68.139,-68.515,-68.817,-69.048,-69.219,-69.317,-69.348,-69.336,-69.302,-69.161,-68.926,-68.578,-68.164,-67.624,-65.449,-64.499,-63.659,-62.88,-61.792,-60.743,-59.814,-58.196,-57.681,-57.39,-57.124,-56.848,-56.539,-55.996,-54.704,-47.851,-44.233,-41.449,-35.648,-32.874,-29.746,-24.887,-18.549,11.168,14.144,15.147,14.571,12.901,-0.69975,-8.7549,-30.407,-53.019,-56.755,-59.791,-62.152,-64.255,-65.886,-67.183,-67.698,-68.144,-68.517,-68.818,-69.047,-69.217,-69.314,-69.344,-69.331,-69.296,-69.155,-68.919,-68.571,-68.157,-67.616,-65.442,-64.492,-63.641,-62.85,-61.765,-60.728,-59.8,-58.2,-57.686,-57.396,-57.133,-56.863,-56.57,-55.904,-54.507,-48.093,-44.065,-41.566,-35.503,-33.082,-30.055,-24.36,-17.752,10.475,13.795,15.147,12.545,-1.0898,-8.4645,-30.688,-52.743,-56.547,-59.643,-62.047,-64.183,-65.836,-67.149,-67.67,-68.122,-68.499,-68.804,-69.036,-69.209,-69.308,-69.339,-69.328,-69.29,-69.147,-68.91,-68.561,-68.147,-67.605,-65.458,-64.507,-63.667,-62.886,-61.798,-60.749,-59.81,-58.194,-57.668,-57.374,-57.102,-56.84,-56.523,-55.953,-54.612,-48.227,-44.153,-41.393,-35.581,-32.774,-29.596,-24.647,-18.185,11.471,14.286,15.151,14.474,12.74,-0.87751,-8.3026,-30.529,-53.126,-59.557,-61.985,-64.14,-65.806,-67.128,-67.653,-68.107,-68.487,-68.794,-69.028,-69.202,-69.302,-69.335,-69.324,-69.287,-69.145,-68.909,-68.56,-68.146,-67.605,-65.444,-64.494,-63.655,-62.875,-61.787,-60.739,-59.81,-58.194,-57.679,-57.387,-57.121,-56.842,-56.527,-55.963,-54.634,-48.255,-44.171,-41.406,-35.599,-32.8,-29.635,-24.71,-18.282,11.39,14.248,15.15,14.5,12.783,-0.82791,-8.8478,-30.489,-53.085,-56.8,-59.817,-62.166,-64.26,-65.885,-67.177,-67.691,-68.136,-68.508,-68.808,-69.036,-69.205,-69.301,-69.331,-69.318,-69.283,-69.141,-68.905,-68.557,-68.143,-67.602,-65.441,-64.492,-63.664,-62.883,-61.795,-60.746,-59.808,-58.192,-57.667,-57.373,-57.1,-56.838,-56.517,-55.937,-54.579,-48.183,-44.125,-41.611,-35.559,-32.74,-29.546,-24.567,-18.066,10.181,13.637,15.149,14.441,12.687,-0.93256,-8.343,-30.562,-53.149,-56.846,-59.565,-61.988,-64.139,-65.802,-67.122,-67.646,-68.1,-68.48,-68.786,-69.02,-69.194,-69.294,-69.327,-69.316,-69.282,-69.143,-68.909,-68.562,-68.137,-67.596,-65.436,-64.474,-63.635,-62.845,-61.76,-60.724,-59.796,-58.198,-57.684,-57.394,-57.13,-56.859,-56.561,-55.875,-54.445,-48.018,-44.018,-41.532,-35.465,-33.028,-29.975,-24.222,-17.545,10.654,13.885,14.909,15.137,12.454,-1.1815,-8.5315,-30.742,-52.778,-56.568,-59.651,-62.047,-64.177,-65.826,-67.136,-67.657,-68.107,-68.484,-68.788,-69.02,-69.192,-69.291,-69.323,-69.311,-69.274,-69.13,-68.893,-68.544,-68.13,-67.588,-65.441,-64.492,-63.652,-62.872,-61.785,-60.737,-59.808,-58.193,-57.669,-57.375,-57.103,-56.843,-56.528,-55.966,-54.641,-48.265,-44.178,-41.412,-35.608,-32.815,-29.658,-24.747,-18.339,11.339,14.222,15.146,14.514,12.809,-0.79511,-8.8213,-30.455,-53.04,-56.762,-59.787,-62.14,-64.238,-65.866,-67.16,-67.675,-68.121,-68.493,-68.794,-69.023,-69.192,-69.289,-69.319,-69.306,-69.272,-69.13,-68.894,-68.546,-68.132,-67.591,-65.431,-64.482,-63.643,-62.852,-61.767,-60.73,-59.802,-58.196,-57.682,-57.391,-57.127,-56.853,-56.55,-55.839,-54.368,-48.431,-44.286,-41.489,-35.414,-32.955,-29.867,-20.311,9.3948,13.199,15.129,14.645,13.035,-1.3097,-8.6277,-30.831,-52.855,-56.622,-59.687,-62.069,-64.188,-65.832,-67.136,-67.655,-68.104,-68.48,-68.783,-69.014,-69.186,-69.284,-69.315,-69.303,-69.269,-69.128,-68.893,-68.546,-68.132,-67.592,-65.419,-64.47,-63.631,-62.842,-61.757,-60.721,-59.794,-58.197,-57.684,-57.393,-57.13,-56.858,-56.56,-55.872,-54.438,-48.01,-44.013,-41.529,-35.464,-33.028,-29.975,-24.223,-17.548,10.647,13.88,14.905,15.135,12.455,-1.1757,-8.5252,-30.728,-52.753,-56.545,-59.631,-62.028,-64.16,-65.811,-67.122,-67.643,-68.094,-68.471,-68.775,-69.008,-69.18,-69.279,-69.311,-69.299,-69.266,-69.126,-68.891,-68.544,-68.131,-67.591,-65.418,-64.469,-63.63,-62.841,-61.756,-60.72,-59.794,-58.197,-57.684,-57.394,-57.131,-56.859,-56.561,-55.875,-54.446,-48.019,-44.019,-41.534,-35.471,-33.037,-29.989,-24.248,-17.586,10.612,13.861,14.897,15.135,12.472,-1.1562,-8.5097,-30.711,-52.732,-56.528,-59.618,-62.018,-64.151,-65.804,-67.116,-67.637,-68.088,-68.466,-68.771,-69.003,-69.176,-69.275,-69.307,-69.296,-69.262,-69.122,-68.888,-68.541,-68.128,-67.587,-65.415,-64.466,-63.628,-62.838,-61.754,-60.718,-59.792,-58.196,-57.683,-57.392,-57.128,-56.855,-56.554,-55.851,-54.394,-47.958,-44.307,-41.505,-35.436,-32.988,-29.916,-25.163,-18.969,10.776,13.944,14.93,15.127,12.387,-0.46854,-8.5763,-30.773,-52.788,-56.569,-59.645,-62.035,-64.162,-65.809,-67.118,-67.638,-68.088,-68.465,-68.769,-69.001,-69.173,-69.272,-69.304,-69.292,-69.258,-69.118,-68.883,-68.536,-68.123,-67.583,-65.424,-64.475,-63.636,-62.857,-61.771,-60.725,-59.798,-58.194,-57.68,-57.389,-57.124,-56.847,-56.537,-55.99,-54.69,-47.833,-44.223,-41.445,-35.652,-32.882,-29.759,-24.911,-18.589,11.117,14.113,15.136,14.577,12.92,-0.66239,-8.7195,-30.344,-52.915,-56.662,-59.709,-62.079,-64.19,-65.827,-67.128,-67.645,-68.093,-68.468,-68.77,-69.0,-69.171,-69.269,-69.3,-69.287,-69.25,-69.106,-68.868,-68.519,-68.104,-67.563,-65.43,-64.481,-63.654,-62.874,-61.787,-60.739,-59.803,-58.19,-57.666,-57.371,-57.099,-56.835,-56.512,-55.921,-54.544,-48.14,-44.431,-41.594,-35.545,-32.721,-29.519,-24.525,-18.005,10.227,13.657,15.142,14.421,12.66,-0.95104,-8.3521,-30.551,-53.107,-59.523,-61.948,-64.101,-65.766,-67.087,-67.658,-68.102,-68.474,-68.773,-69.002,-69.17,-69.266,-69.296,-69.283,-69.248,-69.107,-68.871,-68.522,-68.108,-67.568,-65.409,-64.461,-63.623,-62.844,-61.76,-60.724,-59.798,-58.194,-57.681,-57.39,-57.126,-56.851,-56.545,-56.011,-54.735,-47.894,-44.264,-41.475,-35.69,-32.939,-29.844,-20.263,9.4395,13.221,15.125,14.629,13.012,-1.3273,-8.6377,-30.826,-52.828,-56.594,-59.659,-62.041,-64.162,-65.805,-67.111,-67.63,-68.08,-68.456,-68.759,-68.991,-69.163,-69.261,-69.293,-69.281,-69.247,-69.107,-68.872,-68.524,-68.111,-67.571,-65.413,-64.452,-63.614,-62.825,-61.742,-60.708,-59.792,-58.197,-57.685,-57.395,-57.133,-56.863,-56.57,-55.902,-54.502,-48.088,-44.065,-41.569,-35.518,-33.106,-30.091,-24.427,-17.857,10.361,13.727,15.138,12.594,-1.0204,-8.4037,-30.596,-53.142,-59.538,-61.956,-64.103,-65.765,-67.084,-67.608,-68.061,-68.441,-68.747,-68.982,-69.156,-69.256,-69.289,-69.278,-69.241,-69.099,-68.863,-68.515,-68.101,-67.56,-65.415,-64.467,-63.64,-62.861,-61.775,-60.729,-59.802,-58.191,-57.667,-57.374,-57.102,-56.841,-56.524,-55.955,-54.615,-48.233,-44.159,-41.401,-35.602,-32.807,-29.648,-24.734,-18.322,11.339,14.217,15.138,14.505,12.801,-0.79151,-8.813,-30.426,-52.979,-56.705,-59.734,-62.091,-64.193,-65.824,-67.12,-67.636,-68.083,-68.456,-68.757,-68.987,-69.158,-69.255,-69.285,-69.273,-69.239,-69.098,-68.862,-68.515,-68.101,-67.561,-65.416,-64.468,-63.629,-62.851,-61.766,-60.72,-59.795,-58.192,-57.68,-57.389,-57.124,-56.847,-56.537,-55.989,-54.687,-47.831,-44.222,-41.446,-35.658,-32.891,-29.774,-24.936,-18.627,11.075,14.089,15.129,14.584,12.937,-0.63694,-8.6977,-30.312,-52.866,-56.619,-59.672,-62.047,-64.162,-65.802,-67.105,-67.623,-68.072,-68.447,-68.75,-68.981,-69.152,-69.251,-69.282,-69.27,-69.236,-69.096,-68.861,-68.514,-68.101,-67.561,-65.403,-64.455,-63.617,-62.839,-61.755,-60.72,-59.795,-58.193,-57.68,-57.39,-57.126,-56.851,-56.544,-56.006,-54.724,-47.879,-44.255,-41.47,-35.687,-32.935,-29.839,-20.253,9.4438,13.221,15.121,14.624,13.007,-1.3276,-8.6358,-30.815,-52.804,-56.571,-59.637,-62.021,-64.143,-65.788,-67.095,-67.614,-68.064,-68.441,-68.744,-68.976,-69.148,-69.247,-69.279,-69.267,-69.233,-69.093,-68.859,-68.512,-68.099,-67.559,-65.402,-64.454,-63.616,-62.838,-61.755,-60.72,-59.794,-58.193,-57.68,-57.39,-57.126,-56.851,-56.544,-56.008,-54.728,-47.885,-44.259,-41.473,-35.692,-32.942,-29.85,-20.278,9.4147,13.204,15.119,14.63,13.018,-1.3134,-8.6245,-30.802,-52.788,-56.558,-59.627,-62.013,-64.136,-65.782,-67.089,-67.61,-68.059,-68.436,-68.74,-68.972,-69.144,-69.243,-69.275,-69.264,-69.23,-69.09,-68.856,-68.509,-68.096,-67.556,-65.399,-64.451,-63.614,-62.836,-61.753,-60.718,-59.793,-58.192,-57.68,-57.389,-57.124,-56.849,-56.54,-55.996,-54.702,-47.85,-44.236,-41.457,-35.673,-32.915,-29.809,-20.187,9.5161,13.261,15.123,14.604,12.975,-0.58928,-8.6608,-30.836,-52.816,-56.578,-59.64,-62.021,-64.14,-65.783,-67.089,-67.609,-68.058,-68.434,-68.738,-68.97,-69.141,-69.24,-69.272,-69.26,-69.226,-69.087,-68.852,-68.505,-68.092,-67.553,-65.396,-64.448,-63.623,-62.845,-61.76,-60.716,-59.791,-58.191,-57.668,-57.374,-57.104,-56.844,-56.53,-55.97,-54.647,-48.275,-44.188,-41.423,-35.633,-32.854,-29.719,-24.849,-18.497,11.182,14.139,15.129,14.548,12.878,-0.69857,-8.7414,-30.346,-52.886,-56.629,-59.674,-62.044,-64.154,-65.792,-67.093,-67.611,-68.059,-68.435,-68.737,-68.968,-69.139,-69.237,-69.269,-69.257,-69.223,-69.082,-68.848,-68.5,-68.088,-67.548,-65.405,-64.457,-63.631,-62.852,-61.767,-60.722,-59.797,-58.188,-57.665,-57.372,-57.1,-56.837,-56.515,-55.93,-54.562,-48.165,-44.449,-41.609,-35.571,-32.762,-29.581,-24.628,-18.164,11.46,14.269,15.133,14.459,12.73,-0.86334,-8.8633,-30.463,-52.993,-56.708,-59.729,-62.081,-64.178,-65.807,-67.102,-67.617,-68.063,-68.437,-68.738,-68.967,-69.138,-69.235,-69.266,-69.253,-69.219,-69.078,-68.843,-68.506,-68.094,-67.555,-65.386,-64.439,-63.602,-62.814,-61.743,-60.7,-59.786,-58.194,-57.683,-57.393,-57.131,-56.86,-56.562,-55.876,-54.446,-48.022,-44.024,-41.541,-35.49,-33.067,-30.035,-24.332,-17.717,10.476,13.782,15.127,12.53,-1.0792,-8.4446,-30.619,-52.599,-56.412,-59.519,-61.933,-64.078,-65.827,-67.114,-67.626,-68.069,-68.441,-68.74,-68.968,-69.137,-69.233,-69.262,-69.249,-69.215,-69.073,-68.837,-68.489,-68.076,-67.536,-65.393,-64.446,-63.608,-62.831,-61.749,-60.715,-59.791,-58.191,-57.679,-57.389,-57.124,-56.849,-56.54,-55.995,-54.7,-47.849,-44.236,-41.458,-35.677,-32.922,-29.82,-20.213,9.4794,13.237,15.117,14.609,12.987,-0.57043,-8.6448,-30.812,-52.781,-56.547,-59.613,-61.997,-64.12,-65.765,-67.072,-67.593,-68.043,-68.419,-68.723,-68.956,-69.128,-69.227,-69.259,-69.248,-69.21,-69.068,-68.831,-68.483,-68.069,-67.529,-65.399,-64.464,-63.638,-62.859,-61.774,-60.729,-59.795,-58.187,-57.665,-57.371,-57.099,-56.836,-56.512,-55.921,-54.543,-48.14,-44.433,-41.598,-35.561,-32.747,-29.559,-24.594,-18.113,10.106,13.585,15.13,14.443,12.706,-0.88571,-8.8786,-30.472,-52.993,-56.704,-59.723,-62.073,-64.169,-65.797,-67.092,-67.608,-68.053,-68.427,-68.728,-68.958,-69.128,-69.225,-69.256,-69.244,-69.21,-69.069,-68.834,-68.486,-68.074,-67.534,-65.392,-64.444,-63.607,-62.819,-61.738,-60.705,-59.782,-58.192,-57.68,-57.39,-57.127,-56.852,-56.548,-55.83,-54.348,-48.41,-44.276,-41.487,-35.427,-32.977,-29.902,-25.143,-18.945,10.775,13.935,14.917,15.111,12.374,-0.46533,-8.5659,-30.731,-52.698,-56.483,-59.565,-61.962,-64.094,-65.745,-67.057,-67.579,-68.031,-68.409,-68.714,-68.947,-69.121,-69.22,-69.253,-69.242,-69.205,-69.063,-68.827,-68.479,-68.065,-67.525,-65.397,-64.449,-63.624,-62.846,-61.762,-60.718,-59.794,-58.187,-57.665,-57.371,-57.099,-56.836,-56.512,-55.923,-54.546,-48.145,-44.437,-41.601,-35.567,-32.756,-29.573,-24.616,-18.146,10.071,13.565,15.128,14.451,12.721,-0.86752,-8.8641,-30.454,-52.97,-56.685,-59.707,-62.06,-64.158,-65.788,-67.084,-67.599,-68.046,-68.42,-68.721,-68.951,-69.122,-69.219,-69.25,-69.238,-69.204,-69.063,-68.828,-68.481,-68.069,-67.529,-65.387,-64.44,-63.604,-62.827,-61.745,-60.712,-59.788,-58.191,-57.679,-57.389,-57.125,-56.85,-56.541,-55.999,-54.71,-47.862,-44.246,-41.466,-35.69,-32.941,-29.849,-20.281,9.396,13.188,15.109,14.625,13.018,-1.3024,-8.6123,-30.773,-52.731,-56.506,-59.579,-61.97,-64.096,-65.745,-67.055,-67.576,-68.027,-68.405,-68.709,-68.942,-69.115,-69.215,-69.247,-69.236,-69.203,-69.063,-68.83,-68.483,-68.071,-67.532,-65.378,-64.431,-63.595,-62.808,-61.738,-60.696,-59.783,-58.194,-57.683,-57.394,-57.132,-56.861,-56.566,-55.886,-54.469,-48.049,-44.043,-41.556,-35.514,-33.102,-30.087,-24.424,-17.858,10.339,13.707,15.124,12.591,-1.0064,-8.3868,-30.552,-53.055,-59.464,-61.888,-64.041,-65.707,-67.029,-67.601,-68.045,-68.418,-68.718,-68.947,-69.117,-69.214,-69.244,-69.232,-69.197,-69.057,-68.821,-68.474,-68.061,-67.522,-65.381,-64.447,-63.622,-62.844,-61.76,-60.717,-59.794,-58.188,-57.666,-57.373,-57.101,-56.841,-56.522,-55.949,-54.602,-48.217,-44.152,-41.399,-35.611,-32.823,-29.674,-24.779,-18.395,11.257,14.168,15.122,14.515,12.83,-0.74218,-8.7697,-30.357,-52.868,-56.606,-59.648,-62.016,-64.125,-65.762,-67.064,-67.582,-68.03,-68.406,-68.708,-68.94,-69.111,-69.21,-69.241,-69.23,-69.196,-69.056,-68.822,-68.475,-68.063,-67.524,-65.383,-64.436,-63.6,-62.823,-61.742,-60.71,-59.787,-58.19,-57.679,-57.389,-57.125,-56.85,-56.542,-56.0,-54.712,-47.865,-44.248,-41.468,-35.695,-32.949,-29.862,-20.312,9.357,13.163,15.104,14.631,13.031,-1.2835,-8.5967,-30.752,-52.703,-56.481,-59.559,-61.952,-64.082,-65.732,-67.043,-67.565,-68.016,-68.394,-68.699,-68.933,-69.106,-69.206,-69.239,-69.227,-69.194,-69.055,-68.822,-68.476,-68.064,-67.525,-65.372,-64.426,-63.59,-62.803,-61.733,-60.702,-59.78,-58.192,-57.681,-57.392,-57.129,-56.858,-56.558,-55.862,-54.417,-47.988,-44.004,-41.528,-35.482,-33.056,-30.021,-24.31,-17.686,10.491,13.785,15.117,12.513,-1.0867,-8.4467,-30.604,-52.559,-56.372,-59.481,-61.897,-64.043,-65.795,-67.083,-67.596,-68.039,-68.411,-68.711,-68.94,-69.109,-69.206,-69.236,-69.223,-69.189,-69.048,-68.813,-68.476,-68.065,-67.526,-65.373,-64.414,-63.579,-62.793,-61.724,-60.694,-59.781,-58.194,-57.683,-57.395,-57.133,-56.864,-56.571,-55.903,-54.505,-48.094,-44.073,-41.579,-35.544,-32.723,-29.525,-24.54,-18.034,10.17,13.614,15.122,14.417,12.669,-0.91811,-8.8993,-30.479,-52.975,-56.683,-59.699,-62.048,-64.144,-65.772,-67.067,-67.582,-68.028,-68.402,-68.703,-68.934,-69.104,-69.202,-69.233,-69.221,-69.187,-69.047,-68.812,-68.465,-68.053,-67.514,-65.374,-64.44,-63.616,-62.838,-61.756,-60.713,-59.791,-58.186,-57.665,-57.372,-57.1,-56.838,-56.518,-55.936,-54.575,-48.182,-44.13,-41.622,-35.596,-32.801,-29.642,-24.728,-18.318,11.315,14.194,15.12,14.493,12.795,-0.77717,-8.7942,-30.374,-52.874,-56.606,-59.644,-62.009,-64.116,-65.752,-67.053,-67.571,-68.019,-68.394,-68.697,-68.928,-69.1,-69.199,-69.23,-69.219,-69.185,-69.045,-68.811,-68.465,-68.053,-67.514,-65.374,-64.428,-63.604,-62.828,-61.746,-60.714,-59.791,-58.187,-57.666,-57.373,-57.103,-56.843,-56.527,-55.961,-54.629,-48.253,-44.177,-41.418,-35.637,-32.863,-29.734,-24.877,-18.544,11.121,14.1,15.113,14.551,12.895,-0.66344,-8.7093,-30.29,-52.791,-56.543,-59.598,-61.976,-64.093,-65.736,-67.041,-67.561,-68.011,-68.387,-68.691,-68.924,-69.096,-69.195,-69.228,-69.216,-69.183,-69.044,-68.81,-68.464,-68.052,-67.513,-65.374,-64.428,-63.592,-62.817,-61.736,-60.705,-59.783,-58.188,-57.667,-57.375,-57.105,-56.846,-56.534,-55.98,-54.669,-48.307,-44.212,-41.443,-35.668,-32.91,-29.805,-20.186,9.492,13.238,15.106,14.594,12.97,-0.57575,-8.6438,-30.79,-52.726,-56.493,-59.562,-61.95,-64.075,-65.722,-67.032,-67.553,-68.003,-68.381,-68.686,-68.919,-69.092,-69.192,-69.225,-69.214,-69.181,-69.042,-68.809,-68.463,-68.051,-67.513,-65.374,-64.428,-63.592,-62.816,-61.736,-60.705,-59.783,-58.189,-57.678,-57.388,-57.124,-56.849,-56.539,-55.993,-54.697,-47.846,-44.237,-41.461,-35.691,-32.944,-29.854,-20.298,9.3644,13.164,15.099,14.623,13.023,-1.2866,-8.597,-30.742,-52.678,-56.457,-59.535,-61.93,-64.06,-65.801,-67.082,-67.592,-68.033,-68.403,-68.701,-68.929,-69.097,-69.193,-69.222,-69.209,-69.175,-69.033,-68.798,-68.461,-68.05,-67.511,-65.373,-64.427,-63.591,-62.816,-61.736,-60.705,-59.783,-58.189,-57.678,-57.389,-57.125,-56.85,-56.542,-56.001,-54.713,-47.868,-44.251,-41.472,-35.704,-32.964,-29.884,-25.118,-18.909,10.791,13.935,14.909,15.098,12.354,-0.47468,-8.5681,-30.713,-52.647,-56.433,-59.518,-61.916,-64.05,-65.793,-67.076,-67.586,-68.029,-68.399,-68.697,-68.925,-69.094,-69.19,-69.22,-69.207,-69.173,-69.031,-68.796,-68.459,-68.048,-67.51,-65.358,-64.413,-63.59,-62.815,-61.735,-60.704,-59.783,-58.189,-57.678,-57.389,-57.125,-56.85,-56.543,-56.003,-54.718,-47.874,-44.256,-41.475,-35.709,-32.971,-29.896,-25.136,-18.937,10.764,13.921,14.903,15.099,12.367,-0.45962,-8.5566,-30.7,-52.632,-56.421,-59.508,-61.909,-64.044,-65.788,-67.071,-67.583,-68.025,-68.396,-68.694,-68.922,-69.091,-69.187,-69.217,-69.205,-69.17,-69.029,-68.794,-68.457,-68.046,-67.508,-65.357,-64.412,-63.589,-62.814,-61.734,-60.703,-59.782,-58.188,-57.678,-57.389,-57.125,-56.85,-56.542,-56.001,-54.712,-47.867,-44.251,-41.472,-35.706,-32.967,-29.889,-25.126,-18.921,10.777,13.927,14.905,15.097,12.359,-0.46725,-8.5619,-30.704,-52.633,-56.42,-59.507,-61.907,-64.042,-65.786,-67.069,-67.58,-68.022,-68.393,-68.692,-68.92,-69.089,-69.185,-69.215,-69.202,-69.168,-69.027,-68.792,-68.455,-68.044,-67.506,-65.355,-64.41,-63.587,-62.812,-61.733,-60.702,-59.781,-58.188,-57.678,-57.388,-57.124,-56.848,-56.539,-55.993,-54.696,-47.846,-44.237,-41.462,-35.695,-32.95,-29.864,-20.322,9.3312,13.143,15.094,14.627,13.033,-1.2706,-8.5836,-30.723,-52.65,-56.432,-59.514,-61.911,-64.044,-65.786,-67.068,-67.579,-68.021,-68.391,-68.69,-68.918,-69.086,-69.182,-69.212,-69.2,-69.165,-69.024,-68.789,-68.453,-68.041,-67.503,-65.366,-64.421,-63.585,-62.81,-61.731,-60.701,-59.78,-58.187,-57.677,-57.387,-57.123,-56.846,-56.535,-55.981,-54.67,-48.309,-44.214,-41.446,-35.676,-32.922,-29.823,-20.229,9.4358,13.203,15.098,14.601,12.989,-1.3204,-8.6212,-30.759,-52.681,-56.454,-59.529,-61.921,-64.05,-65.789,-67.069,-67.579,-68.021,-68.39,-68.688,-68.916,-69.084,-69.18,-69.21,-69.197,-69.163,-69.021,-68.786,-68.439,-68.026,-67.488,-65.363,-64.418,-63.595,-62.82,-61.739,-60.709,-59.788,-58.186,-57.665,-57.373,-57.103,-56.843,-56.528,-55.963,-54.633,-48.26,-44.182,-41.424,-35.649,-32.882,-29.764,-20.098,9.5817,13.285,15.103,14.565,12.926,-0.62011,-8.6744,-30.809,-52.727,-56.488,-59.552,-61.936,-64.059,-65.794,-67.071,-67.58,-68.021,-68.39,-68.688,-68.915,-69.083,-69.178,-69.208,-69.192,-69.152,-68.984,-68.7,-68.292,-67.458,-65.215,-64.091,-62.953,-61.902,-61.142,-60.386,-59.64,-58.185,-57.58,-57.305,-57.062,-56.806,-56.52,-55.941,-54.586,-48.197,-44.142,-41.395,-35.615,-32.831,-29.688,-24.804,-18.435,11.204,14.135,15.108,14.517,12.844,-0.71248,-8.7427,-30.31,-52.786,-56.532,-59.582,-61.956,-64.071,-65.713,-67.018,-67.537,-67.987,-68.364,-68.668,-68.9,-69.073,-69.172,-69.205,-69.194,-69.161,-69.022,-68.789,-68.454,-68.044,-67.507,-65.344,-64.4,-63.566,-62.781,-61.715,-60.686,-59.776,-58.192,-57.683,-57.395,-57.134,-56.866,-56.574,-55.913,-54.527,-48.123,-44.094,-41.596,-35.573,-32.768,-29.594,-24.654,-18.209,11.392,14.224,15.111,14.457,12.743,-0.82467,-8.8258,-30.389,-52.86,-56.586,-59.619,-61.981,-64.087,-65.723,-67.023,-67.541,-67.989,-68.365,-68.668,-68.9,-69.072,-69.171,-69.203,-69.191,-69.158,-69.019,-68.785,-68.45,-68.04,-67.503,-65.34,-64.397,-63.563,-62.789,-61.722,-60.694,-59.774,-58.19,-57.681,-57.392,-57.131,-56.86,-56.564,-55.88,-54.456,-48.036,-44.037,-41.555,-35.524,-30.114,-24.475,-17.939,10.242,13.646,15.11,14.383,12.623,-0.95607,-8.9232,-30.483,-52.946,-56.65,-59.663,-62.012,-64.107,-65.735,-67.03,-67.546,-67.993,-68.367,-68.669,-68.9,-69.071,-69.169,-69.201,-69.189,-69.155,-69.016,-68.782,-68.436,-68.024,-67.486,-65.35,-64.406,-63.571,-62.797,-61.73,-60.691,-59.772,-58.188,-57.679,-57.39,-57.127,-56.854,-56.551,-55.841,-54.372,-48.441,-44.3,-41.508,-35.467,-33.037,-29.994,-24.267,-17.626,10.526,13.795,15.102,12.483,-1.1061,-8.4567,-30.592,-53.046,-59.431,-61.848,-63.996,-65.749,-67.039,-67.552,-67.997,-68.37,-68.67,-68.9,-69.07,-69.167,-69.198,-69.186,-69.152,-69.012,-68.778,-68.432,-68.02,-67.482,-65.359,-64.414,-63.58,-62.805,-61.727,-60.698,-59.778,-58.186,-57.677,-57.387,-57.123,-56.847,-56.537,-55.986,-54.682,-47.828,-44.226,-41.455,-35.69,-32.945,-29.857,-20.308,9.3387,13.144,15.088,14.619,13.025,-1.274,-8.5842,-30.714,-52.625,-56.407,-59.491,-61.889,-64.023,-65.766,-67.049,-67.56,-68.002,-68.373,-68.672,-68.9,-69.069,-69.166,-69.196,-69.183,-69.149,-69.009,-68.774,-68.427,-68.015,-67.477,-65.354,-64.423,-63.6,-62.824,-61.744,-60.704,-59.784,-58.184,-57.664,-57.371,-57.1,-56.839,-56.52,-55.942,-54.587,-48.199,-44.144,-41.397,-35.621,-32.84,-29.701,-24.827,-18.472,11.167,14.115,15.103,14.524,12.859,-0.69167,-8.7258,-30.287,-52.753,-56.503,-59.557,-61.935,-64.053,-65.784,-67.06,-67.568,-68.008,-68.377,-68.674,-68.901,-69.069,-69.164,-69.194,-69.181,-69.146,-69.005,-68.77,-68.433,-68.022,-67.485,-65.336,-64.393,-63.56,-62.775,-61.71,-60.683,-59.773,-58.19,-57.681,-57.393,-57.131,-56.862,-56.567,-55.89,-54.477,-48.062,-44.384,-41.569,-35.543,-32.723,-29.527,-24.546,-18.048,10.136,13.588,15.107,14.411,12.67,-0.90123,-8.8813,-30.437,-52.894,-56.607,-59.63,-61.985,-64.085,-65.717,-67.015,-67.532,-67.98,-68.355,-68.658,-68.889,-69.061,-69.16,-69.192,-69.18,-69.147,-69.008,-68.774,-68.429,-68.017,-67.48,-65.345,-64.401,-63.567,-62.794,-61.727,-60.688,-59.778,-58.187,-57.678,-57.389,-57.126,-56.853,-56.548,-55.831,-54.351,-48.417,-44.285,-41.498,-35.457,-33.023,-29.974,-24.232,-17.574,10.568,13.815,14.854,15.098,12.459,-1.1285,-8.4727,-30.602,-52.51,-56.319,-59.426,-61.842,-63.988,-65.741,-67.03,-67.543,-67.988,-68.361,-68.661,-68.891,-69.061,-69.158,-69.19,-69.177,-69.144,-69.004,-68.77,-68.424,-68.012,-67.474,-65.352,-64.408,-63.586,-62.811,-61.733,-60.704,-59.784,-58.184,-57.664,-57.372,-57.102,-56.842,-56.527,-55.96,-54.626,-48.251,-44.178,-41.422,-35.652,-32.888,-29.773,-20.122,9.5448,13.26,15.095,14.567,12.935,-0.60191,-8.6583,-30.781,-52.68,-56.446,-59.515,-61.903,-64.028,-65.766,-67.046,-67.555,-67.997,-68.367,-68.665,-68.893,-69.061,-69.157,-69.187,-69.175,-69.14,-69.0,-68.765,-68.429,-68.018,-67.481,-65.333,-64.39,-63.557,-62.773,-61.708,-60.681,-59.772,-58.19,-57.681,-57.393,-57.132,-56.863,-56.569,-55.895,-54.488,-48.076,-44.064,-41.576,-35.553,-32.739,-29.551,-24.586,-18.108,10.076,13.554,15.105,14.426,12.696,-0.8703,-8.8574,-30.41,-52.862,-56.581,-59.609,-61.968,-64.072,-65.706,-67.005,-67.523,-67.971,-68.347,-68.65,-68.882,-69.054,-69.153,-69.185,-69.174,-69.141,-69.002,-68.769,-68.423,-68.012,-67.475,-65.341,-64.397,-63.564,-62.791,-61.724,-60.687,-59.777,-58.187,-57.677,-57.388,-57.125,-56.851,-56.545,-56.008,-54.729,-47.891,-44.269,-41.487,-35.445,-33.007,-29.95,-25.225,-19.075,10.619,13.84,14.863,15.094,12.431,-1.1561,-8.493,-30.618,-52.52,-56.324,-59.427,-61.84,-63.985,-65.736,-67.024,-67.538,-67.982,-68.355,-68.655,-68.884,-69.055,-69.152,-69.183,-69.171,-69.137,-68.998,-68.764,-68.418,-68.006,-67.468,-65.348,-64.404,-63.582,-62.819,-61.74,-60.701,-59.782,-58.183,-57.663,-57.371,-57.1,-56.838,-56.518,-55.937,-54.578,-48.188,-44.138,-41.394,-35.619,-32.838,-29.699,-24.825,-18.469,11.163,14.111,15.099,14.521,12.856,-0.68987,-8.7228,-30.277,-52.731,-56.481,-59.537,-61.916,-64.035,-65.768,-67.045,-67.553,-67.994,-68.363,-68.66,-68.888,-69.056,-69.151,-69.181,-69.168,-69.134,-68.993,-68.758,-68.422,-68.012,-67.475,-65.328,-64.385,-63.552,-62.78,-61.714,-60.687,-59.778,-58.188,-57.679,-57.39,-57.128,-56.856,-56.556,-55.856,-54.404,-47.976,-44.327,-41.529,-35.497,-33.081,-30.06,-24.383,-17.802,10.359,13.704,15.101,12.559,-1.0174,-8.387,-30.513,-52.953,-56.647,-59.653,-61.997,-64.089,-65.802,-67.066,-67.57,-68.006,-68.372,-68.666,-68.891,-69.049,-69.147,-69.179,-69.168,-69.134,-68.995,-68.762,-68.416,-68.005,-67.467,-65.347,-64.404,-63.582,-62.808,-61.73,-60.701,-59.782,-58.184,-57.664,-57.372,-57.102,-56.842,-56.526,-55.959,-54.624,-48.249,-44.177,-41.422,-35.654,-32.892,-29.779,-20.138,9.5222,13.246,15.091,14.569,12.942,-0.59068,-8.6486,-30.766,-52.655,-56.424,-59.495,-61.885,-64.013,-65.752,-67.032,-67.543,-67.985,-68.355,-68.653,-68.882,-69.05,-69.147,-69.177,-69.165,-69.131,-68.99,-68.756,-68.42,-68.01,-67.473,-65.327,-64.384,-63.552,-62.779,-61.714,-60.687,-59.769,-58.188,-57.679,-57.391,-57.129,-56.858,-56.56,-55.869,-54.432,-48.009,-44.022,-41.545,-35.518,-30.104,-24.46,-17.918,10.25,13.645,15.101,14.372,12.611,-0.96031,-8.9232,-30.469,-52.907,-56.611,-59.627,-61.977,-64.074,-65.703,-67.0,-67.517,-67.964,-68.339,-68.641,-68.872,-69.044,-69.143,-69.175,-69.164,-69.131,-68.992,-68.759,-68.413,-68.003,-67.465,-65.332,-64.402,-63.58,-62.806,-61.729,-60.7,-59.782,-58.184,-57.664,-57.372,-57.102,-56.842,-56.527,-55.961,-54.629,-48.255,-44.182,-41.426,-35.659,-32.899,-29.791,-20.164,9.4916,13.227,15.089,14.575,12.954,-1.3466,-8.6369,-30.752,-52.639,-56.409,-59.484,-61.876,-64.005,-65.745,-67.027,-67.537,-67.979,-68.35,-68.649,-68.877,-69.046,-69.143,-69.173,-69.161,-69.127,-68.987,-68.752,-68.417,-68.007,-67.47,-65.324,-64.382,-63.55,-62.777,-61.712,-60.686,-59.777,-58.188,-57.679,-57.39,-57.128,-56.857,-56.557,-55.86,-54.414,-47.988,-44.008,-41.535,-35.507,-33.095,-30.081,-24.42,-17.859,10.303,13.673,15.099,14.355,12.584,-0.98794,-8.9433,-30.486,-52.92,-56.619,-59.631,-61.978,-64.073,-65.701,-66.997,-67.514,-67.961,-68.335,-68.637,-68.869,-69.04,-69.139,-69.171,-69.16,-69.127,-68.988,-68.755,-68.41,-67.999,-67.462,-65.342,-64.399,-63.578,-62.815,-61.737,-60.699,-59.78,-58.182,-57.663,-57.371,-57.1,-56.839,-56.52,-55.943,-54.59,-48.205,-44.149,-41.403,-35.633,-32.859,-29.731,-24.876,-18.548,11.09,14.073,15.093,14.538,12.89,-0.64756,-8.6899,-30.802,-52.682,-56.441,-59.504,-61.889,-64.012,-65.748,-67.027,-67.537,-67.978,-68.348,-68.646,-68.874,-69.043,-69.139,-69.169,-69.157,-69.123,-68.982,-68.748,-68.413,-68.003,-67.466,-65.334,-64.391,-63.558,-62.786,-61.72,-60.693,-59.775,-58.186,-57.677,-57.388,-57.126,-56.852,-56.547,-56.015,-54.743,-47.911,-44.284,-41.499,-35.463,-33.032,-29.988,-24.259,-17.617,10.52,13.786,15.093,12.476,-0.32597,-7.8611,-30.008,-50.143,-55.853,-59.941,-63.227,-64.466,-65.62,-66.564,-67.374,-67.962,-68.438,-68.794,-68.93,-69.029,-69.104,-69.151,-69.168,-69.156,-69.115,-69.05,-68.827,-68.437,-67.873,-67.222,-65.364,-64.408,-63.42,-62.502,-61.512,-60.558,-59.709,-58.241,-57.78,-57.522,-57.288,-57.077,-56.863,-56.628,-56.334,-55.188,-48.098,-44.753,-41.589,-35.572,-30.22,-21.12,9.9585,13.487,15.099,14.453,12.745,-0.8097,-8.2277,-30.353,-52.788,-58.971,-61.516,-63.619,-65.298,-66.603,-67.63,-68.05,-68.402,-68.665,-68.886,-69.041,-69.133,-69.163,-69.161,-69.126,-69.06,-68.964,-68.829,-68.45,-68.033,-67.486,-65.315,-64.373,-63.565,-62.804,-61.726,-60.699,-59.78,-58.183,-57.674,-57.385,-57.121,-56.843,-56.529,-55.967,-54.641,-48.272,-44.193,-41.434,-35.672,-32.918,-29.819,-20.229,9.4139,13.182,15.082,14.591,12.984,-0.53709,-8.0207,-29.602,-50.3,-57.156,-61.649,-63.417,-64.84,-66.064,-67.069,-67.857,-68.465,-68.746,-68.962,-69.102,-69.161,-69.145,-69.055,-68.885,-68.643,-68.267,-67.755,-64.541,-63.616,-62.762,-61.699,-60.683,-59.774,-58.186,-57.677,-57.389,-57.126,-56.853,-56.55,-55.837,-54.365,-48.434,-44.298,-41.509,-35.477,-33.052,-30.018,-24.312,-17.697,10.447,13.747,15.094,12.511,-0.28564,-7.8299,-29.976,-50.103,-55.822,-59.919,-63.212,-64.453,-65.609,-66.554,-67.365,-67.953,-68.431,-68.787,-68.923,-69.023,-69.099,-69.143,-69.162,-69.153,-69.114,-69.05,-68.839,-68.454,-67.893,-67.245,-65.335,-64.342,-63.312,-62.37,-61.421,-60.502,-59.794,-58.352,-57.855,-57.441,-57.095,-56.862,-56.568,-56.212,-55.446,-54.036,-47.587,-44.393,-41.577,-35.841,-30.775,-21.062,10.022,13.52,15.098,14.433,12.715,-0.84207,-8.2517,-30.373,-52.801,-58.976,-61.517,-63.471,-65.195,-66.532,-67.582,-68.011,-68.345,-68.622,-68.84,-69.001,-69.11,-69.152,-69.159,-69.13,-69.07,-68.972,-68.84,-68.455,-68.04,-67.494,-65.311,-64.357,-63.55,-62.8,-61.724,-60.696,-59.778,-58.182,-57.662,-57.37,-57.1,-56.839,-56.519,-55.94,-54.585,-48.199,-44.146,-41.401,-35.632,-32.859,-29.731,-24.877,-18.551,11.083,14.068,15.09,14.537,12.89,-0.64383,-8.101,-29.126,-50.971,-58.256,-60.786,-62.792,-64.503,-65.821,-66.956,-67.856,-68.194,-68.485,-68.726,-68.913,-69.047,-69.128,-69.158,-69.137,-69.065,-68.945,-68.773,-68.538,-68.112,-67.547,-65.274,-64.296,-63.516,-62.78,-61.715,-60.689,-59.771,-58.192,-57.675,-57.386,-57.122,-56.846,-56.534,-55.98,-54.669,-48.31,-44.218,-41.453,-35.695,-32.953,-29.872,-25.102,-18.891,10.779,13.917,14.889,15.078,12.34,-0.46972,-7.9688,-29.55,-50.836,-57.837,-60.235,-62.214,-63.965,-65.438,-66.63,-67.557,-68.273,-68.546,-68.77,-68.954,-69.083,-69.148,-69.152,-69.096,-68.985,-68.808,-68.569,-68.136,-67.561,-65.249,-64.273,-63.494,-62.771,-61.707,-60.681,-59.773,-58.194,-57.676,-57.388,-57.125,-56.851,-56.546,-56.012,-54.737,-47.904,-44.28,-41.497,-35.462,-33.032,-29.989,-24.261,-17.621,10.512,13.78,15.09,12.477,-0.32108,-7.856,-29.997,-50.721,-57.038,-61.58,-63.364,-64.798,-66.031,-67.043,-67.836,-68.448,-68.732,-68.95,-69.092,-69.152,-69.137,-69.048,-68.879,-68.638,-68.262,-67.751,-64.539,-63.603,-62.749,-61.688,-60.673,-59.765,-58.195,-57.678,-57.39,-57.128,-56.856,-56.556,-55.856,-54.406,-47.979,-44.003,-41.533,-35.507,-33.096,-30.083,-24.425,-17.868,10.288,13.662,15.095,14.354,12.587,-0.19945,-7.7637,-29.91,-50.022,-55.762,-59.877,-63.183,-64.428,-65.496,-66.467,-67.248,-67.866,-68.368,-68.727,-68.876,-68.986,-69.072,-69.124,-69.151,-69.149,-69.116,-69.058,-68.856,-68.478,-67.912,-67.253,-65.304,-64.288,-63.239,-62.271,-61.399,-60.536,-59.715,-58.152,-57.816,-57.542,-57.196,-56.859,-56.496,-55.879,-53.999,-48.036,-44.369,-41.561,-36.355,-32.722,-28.121,-22.27,10.112,13.568,15.096,14.406,12.671,-0.88824,-8.2858,-29.294,-51.144,-58.35,-60.851,-63.001,-64.649,-66.085,-67.188,-68.037,-68.388,-68.652,-68.859,-69.01,-69.102,-69.145,-69.148,-69.108,-69.025,-68.894,-68.72,-68.499,-68.079,-67.512,-65.278,-64.313,-63.509,-62.762,-61.699,-60.674,-59.767,-58.188,-57.68,-57.392,-57.131,-56.862,-56.568,-55.894,-54.487,-48.076,-44.067,-41.58,-35.565,-32.758,-29.58,-24.635,-18.186,11.389,14.212,15.095,14.44,12.728,-0.82421,-8.237,-29.248,-51.093,-57.984,-60.59,-62.649,-64.4,-65.744,-66.901,-67.778,-68.13,-68.434,-68.685,-68.882,-69.025,-69.113,-69.149,-69.133,-69.065,-68.943,-68.772,-68.539,-68.113,-67.537,-65.265,-64.288,-63.497,-62.751,-61.689,-60.674,-59.767,-58.188,-57.68,-57.392,-57.132,-56.863,-56.57,-55.902,-54.505,-48.098,-44.081,-41.59,-35.578,-32.777,-29.61,-24.683,-18.257,11.329,14.184,15.094,14.459,12.76,-0.78848,-8.2097,-29.77,-51.064,-57.616,-60.07,-62.091,-63.874,-65.371,-66.58,-67.521,-68.247,-68.523,-68.751,-68.938,-69.071,-69.138,-69.144,-69.09,-68.981,-68.805,-68.568,-68.136,-67.562,-65.238,-64.263,-63.485,-62.751,-61.689,-60.674,-59.767,-58.188,-57.68,-57.392,-57.132,-56.863,-56.571,-55.904,-54.507,-48.101,-44.083,-41.592,-35.58,-32.781,-29.615,-24.691,-18.27,11.318,14.179,15.094,14.463,12.765,-0.78175,-8.2044,-29.764,-50.463,-57.247,-61.69,-63.441,-64.853,-66.068,-67.066,-67.849,-68.453,-68.733,-68.947,-69.086,-69.144,-69.128,-69.038,-68.875,-68.634,-68.26,-67.75,-64.526,-63.591,-62.739,-61.688,-60.674,-59.766,-58.188,-57.68,-57.392,-57.131,-56.862,-56.569,-55.897,-54.494,-48.085,-44.073,-41.585,-35.571,-32.768,-29.595,-24.66,-18.223,11.357,14.197,15.094,14.45,12.744,-0.80471,-7.6269,-30.335,-49.87,-55.651,-59.804,-63.136,-64.39,-65.557,-66.51,-67.328,-67.922,-68.404,-68.764,-68.901,-69.003,-69.079,-69.128,-69.145,-69.135,-69.095,-69.031,-68.81,-68.421,-67.859,-67.21,-65.354,-64.386,-63.389,-62.474,-61.496,-60.544,-59.705,-58.239,-57.787,-57.531,-57.313,-57.094,-56.889,-56.622,-56.323,-55.159,-48.05,-44.721,-41.568,-35.551,-30.177,-24.588,-18.114,11.445,14.238,15.094,14.42,12.696,-0.85795,-7.6681,-30.373,-51.684,-57.278,-61.283,-63.741,-65.652,-66.444,-67.123,-67.692,-68.155,-68.52,-68.809,-69.01,-69.117,-69.14,-69.142,-69.122,-69.081,-68.936,-68.695,-68.3,-67.758,-64.549,-63.636,-62.792,-61.726,-60.69,-59.773,-58.186,-57.657,-57.364,-57.091,-56.825,-56.489,-55.862,-54.419,-47.995,-44.342,-41.542,-35.52,-32.69,-29.479,-24.473,-17.941,10.217,13.623,15.093,14.373,12.619,-0.94199,-8.9056,-30.433,-52.841,-56.941,-59.847,-62.307,-64.408,-66.078,-67.334,-67.814,-68.245,-68.564,-68.823,-69.001,-69.105,-69.142,-69.109,-68.992,-68.789,-68.49,-68.093,-67.31,-65.323,-64.344,-63.373,-62.47,-61.503,-60.569,-59.72,-58.211,-57.686,-57.388,-57.125,-56.852,-56.548,-55.832,-54.355,-48.423,-44.291,-41.506,-35.476,-33.052,-30.019,-24.314,-17.701,10.436,13.739,15.089,12.512,-7.2188,-30.516,-54.428,-58.405,-61.548,-63.911,-65.844,-66.66,-67.388,-67.964,-68.406,-68.748,-68.983,-69.059,-69.112,-69.138,-69.137,-69.069,-68.911,-68.663,-68.306,-67.9,-67.384,-65.281,-65.895,-66.554,-67.149,-67.728,-68.203,-68.655,-69.033,-69.386,-69.694,-69.972,-70.211,-70.431,-70.629,-70.806,-70.966,-71.114,-71.241,-71.362,-71.588,-71.804,-72.015,-72.221,-72.418,-72.607,-72.783,-72.941,-73.081,-73.202,-73.302,-73.383,-73.445,-73.489,-73.514,-73.511,-73.436,-73.324,-72.968,-72.792,-72.627,-72.492,-72.379,-72.282,-72.194,-72.105
