0.0078125,1000.0,1000.0078125,1001.2421875,1001.625,1002.0390625,1002.421875,1002.8046875,1002.9921875,1003.1875,1003.375,1003.5625,1003.75,1003.9140625,1004.2265625,1004.546875,1004.8671875,1005.21875,1005.5,1005.8203125,1006.1328125,1006.84375,1007.21875,1007.5703125,1007.8828125,1008.203125,1008.359375,1008.5234375,1008.6796875,1008.8359375,1009.125,1009.3828125,1009.6640625,1009.953125,1010.2421875,1010.4921875,1010.78125,1011.0625,1011.7265625,1012.046875,1012.390625,1012.6875,1012.8671875,1013.03125,1013.1953125,1013.3515625,1013.5078125,1013.671875,1013.828125,1013.984375,1014.203125,1014.40625,1014.625,1014.84375,1015.0390625,1015.2578125,1015.4765625,1015.703125,1015.890625,1016.0859375,1016.2734375,1016.5,1016.8828125,1017.578125,1017.8359375,1018.0859375,1018.3359375,1018.59375,1018.8203125,1018.9453125,1019.0703125,1019.2890625,1019.515625,1019.640625,1019.765625,1019.8671875,1019.9921875,1020.1171875,1020.2421875,1020.34375,1020.46875,1020.59375,1020.71875,1020.9453125,1021.0703125,1021.1953125,1021.421875,1021.640625,1021.8671875,1022.125,1022.34375,1022.59375,1023.390625,1023.671875,1023.9375,1024.1875,1024.4140625,1024.6328125,1024.8515625,1025.078125,1025.359375,1025.6171875,1025.8984375,1026.1875,1026.4453125,1026.7265625,1027.015625,1027.65625,1028.0,1028.1875,1028.3515625,1028.5078125,1028.671875,1028.859375,1029.046875,1029.234375,1029.3984375,1029.5625,1029.7421875,1029.90625,1030.0625,1030.2578125,1030.4453125,1030.640625,1030.828125,1031.015625,1031.2109375,1031.40625,1031.6171875,1031.78125,1031.96875,1032.1640625,1032.3515625,1032.703125,1033.53125,1033.7578125,1033.9765625,1034.1953125,1034.390625,1034.578125,1034.765625,1034.9609375,1035.1484375,1035.2421875,1035.34375,1035.4375,1035.53125,1035.625,1035.71875,1035.8125,1035.90625,1036.078125,1036.1640625,1036.265625,1036.359375,1036.453125,1036.6171875,1036.7109375,1036.8046875,1036.8984375,1036.9921875,1037.1796875,1037.28125,1037.375,1037.5703125,1037.6875,1037.7890625,1037.9453125,1038.1328125,1038.328125,1038.515625,1038.6796875,1038.8671875,1039.5,1039.7265625,1039.953125,1040.171875,1040.3984375,1040.6171875,1040.8359375,1041.03125,1041.1484375,1041.25,1041.4375,1041.5390625,1041.6328125,1041.8203125,1041.921875,1042.015625,1042.203125,1042.296875,1042.3984375,1042.5859375,1042.7421875,1042.90625,1043.0625,1043.2265625,1043.40625,1043.5703125,1043.734375,1043.921875,1044.078125,1044.234375,1044.3984375,1044.5546875,1044.875,1045.703125,1045.9296875,1046.1484375,1046.3671875,1046.59375,1046.8125,1047.0,1047.2265625,1047.4453125,1047.640625,1047.859375,1048.0546875,1048.2734375,1048.46875,1048.6875,1048.8125,1048.9375,1049.0703125,1049.1953125,1049.3203125,1049.453125,1049.578125,1049.734375,1050.0234375,1050.34375,1050.6875,1051.390625,1051.703125,1052.0234375,1052.3125,1052.5,1052.65625,1052.8203125,1052.9765625,1053.1328125,1053.296875,1053.453125,1053.6171875,1053.7734375,1053.9296875,1054.0859375,1054.25,1054.40625,1054.59375,1054.7578125,1054.9453125,1055.234375,1055.578125,1055.8984375,1056.6640625,1057.078125,1057.296875,1057.4921875,1057.6796875,1057.875,1058.09375,1058.2890625,1058.5,1058.6953125,1058.890625,1059.078125,1059.265625,1059.4609375,1059.6484375,1059.84375,1060.03125,1060.25,1060.4453125,1060.6640625,1060.859375,1061.078125,1061.2421875,1061.4296875,1061.625,1061.84375,1062.2265625,1063.171875,1063.4296875,1063.65625,1063.90625,1064.15625,1064.3828125,1064.609375,1064.859375,1065.0859375,1065.3359375,1065.5625,1065.7890625,1066.03125,1066.2578125,1066.484375,1066.671875,1066.859375,1067.0546875,1067.2421875,1067.4375,1067.625,1067.8203125,1068.0390625,1068.2265625,1068.421875,1068.6171875,1068.8359375,1069.25,1070.1015625,1070.453125,1070.828125,1071.15625,1071.34375,1071.5390625,1071.7265625,1071.9140625,1072.265625,1072.453125,1072.640625,1072.9375,1073.25,1073.5703125,1073.9140625,1074.234375,1074.5859375,1074.9609375,1075.984375,1076.3046875,1076.5859375,1076.9375,1077.25,1077.5703125,1077.859375,1078.2109375,1078.5546875,1078.90625,1079.28125,1079.640625,1080.0234375,1080.4296875,1081.5703125,1081.921875,1082.2421875,1082.625,1082.9765625,1083.3515625,1083.703125,1083.9921875,1084.3125,1084.6328125,1084.9765625,1085.265625,1085.609375,1086.6953125,1087.140625,1087.5859375,1088.0234375,1088.40625,1088.7890625,1090.2265625,1090.53125,1090.796875,1091.109375,1091.3984375,1091.6796875,1091.96875,1092.25,1092.5078125,1092.765625,1093.015625,1093.2734375,1093.53125,1093.8125,1094.09375,1094.3515625,1094.609375,1094.890625,1095.5625,1095.9375,1096.1328125,1096.3203125,1096.484375,1096.640625,1096.859375,1097.0546875,1097.2421875,1097.4296875,1097.59375,1097.78125,1097.96875,1098.1328125,1098.3203125,1098.515625,1098.609375,1098.7109375,1098.828125,1098.921875,1099.1171875,1099.3125,1099.5,1099.6015625,1099.71875,1099.8203125,1099.9453125,1100.1640625,1100.390625,1100.6171875,1100.859375,1101.1171875,1101.375,1102.046875,1102.265625,1102.453125,1102.671875,1102.8671875,1103.0625,1103.25,1103.375,1103.46875,1103.59375,1103.6953125,1103.8203125,1103.9140625,1104.0078125,1104.109375,1104.2265625,1104.328125,1104.421875,1104.5234375,1104.640625,1104.7421875,1104.8359375,1104.9375,1105.03125,1105.1171875,1105.2890625,1105.3828125,1105.4765625,1105.5703125,1105.6640625,1105.7578125,1105.8515625,1106.0390625,1106.234375,1106.421875,1106.5859375,1106.7734375,1106.96875,1107.1640625,1107.3515625,1107.5703125,1108.359375,1108.6796875,1108.84375,1109.0,1109.1640625,1109.3203125,1109.5078125,1109.671875,1109.8515625,1110.015625,1110.203125,1110.3671875,1110.5234375,1110.6875,1110.84375,1111.0,1111.1640625,1111.3203125,1111.484375,1111.6640625,1111.828125,1112.015625,1112.1796875,1112.3359375,1112.5,1112.6875,1113.0390625,1113.7421875,1114.046875,1114.34375,1114.625,1114.78125,1114.9453125,1115.1015625,1115.2578125,1115.390625,1115.546875,1115.703125,1115.859375,1115.9921875,1116.1484375,1116.28125,1116.4375,1116.59375,1116.75,1116.9140625,1117.0703125,1117.3515625,1117.6484375,1117.9375,1118.65625,1119.0078125,1119.1953125,1119.359375,1119.5234375,1119.6796875,1119.8671875,1120.0234375,1120.1875,1120.34375,1120.5078125,1120.6640625,1120.8203125,1120.9765625,1121.140625,1121.296875,1121.453125,1121.6171875,1121.78125,1121.9609375,1122.125,1122.3125,1122.4765625,1122.6640625,1122.828125,1123.015625,1123.203125,1123.3984375,1124.125,1124.4453125,1124.7578125,1124.890625,1125.046875,1125.234375,1125.3984375,1125.5546875,1125.7109375,1125.875,1126.03125,1126.1640625,1126.3203125,1126.4765625,1126.6328125,1126.796875,1126.953125,1127.109375,1127.2734375,1127.4375,1127.6171875,1127.75,1127.90625,1128.0625,1128.2265625,1128.5390625,1129.2421875,1129.4375,1129.625,1129.8125,1129.9765625,1130.1640625,1130.3203125,1130.5078125,1130.671875,1130.828125,1130.9921875,1131.1484375,1131.3125,1131.46875,1131.6328125,1131.7890625,1131.9453125,1132.1015625,1132.2578125,1132.421875,1132.578125,1132.734375,1132.8984375,1133.0234375,1133.1796875,1133.34375,1133.5,1133.7890625,1134.4921875,1134.6796875,1134.8671875,1135.0546875,1135.21875,1135.40625,1135.5625,1135.7265625,1135.9140625,1136.078125,1136.234375,1136.3984375,1136.484375,1136.578125,1136.7421875,1136.8984375,1137.0625,1137.21875,1137.3125,1137.40625,1137.5703125,1137.6640625,1137.7578125,1137.921875,1138.109375,1138.296875,1138.4609375,1138.6484375,1138.8125,1139.0,1139.1875,1139.3828125,1140.109375,1140.3984375,1140.5546875,1140.7109375,1140.8671875,1141.0,1141.15625,1141.3203125,1141.4765625,1141.6328125,1141.765625,1141.921875,1142.078125,1142.2109375,1142.3046875,1142.3984375,1142.4921875,1142.5859375,1142.75,1142.84375,1142.9375,1143.1015625,1143.1953125,1143.2890625,1143.3828125,1143.4765625,1143.5703125,1143.671875,1143.859375,1144.0234375,1144.2109375,1144.4296875,1144.625,1144.84375,1145.609375,1145.796875,1145.953125,1146.1171875,1146.28125,1146.4375,1146.59375,1146.78125,1146.9453125,1147.1328125,1147.296875,1147.390625,1147.4765625,1147.640625,1147.796875,1147.9609375,1148.125,1148.2109375,1148.3046875,1148.46875,1148.6328125,1148.8125,1148.9765625,1149.1640625,1149.3515625,1149.484375,1149.6484375,1149.8046875,1149.9921875,1150.1484375,1150.3125,1150.8828125,1151.1015625,1151.296875,1151.484375,1151.6796875,1151.8671875,1152.0546875,1152.21875,1152.3125,1152.40625,1152.5625,1152.7265625,1152.890625,1152.9765625,1153.0703125,1153.234375,1153.390625,1153.546875,1153.7109375,1153.8046875,1153.8984375,1154.0625,1154.15625,1154.25,1154.4140625,1154.5078125,1154.6015625,1154.6953125,1154.7890625,1154.890625,1154.984375,1155.140625,1155.3046875,1155.4921875,1155.6796875,1155.84375,1156.03125,1156.6328125,1156.859375,1157.0859375,1157.3046875,1157.5234375,1157.625,1157.7421875,1157.9375,1158.125,1158.2265625,1158.3203125,1158.4453125,1158.5390625,1158.640625,1158.734375,1158.828125,1158.921875,1159.015625,1159.1171875,1159.2109375,1159.3046875,1159.3984375,1159.4921875,1159.59375,1159.6875,1159.8125,1159.96875,1160.1015625,1160.2578125,1160.390625,1160.5390625,1160.671875,1160.8359375,1160.9921875,1161.1484375,1161.3125,1161.5,1161.6875,1161.875,1162.609375,1162.9296875,1163.1171875,1163.2734375,1163.4375,1163.59375,1163.78125,1163.9453125,1164.1328125,1164.296875,1164.4765625,1164.640625,1164.8046875,1164.9921875,1165.1484375,1165.3046875,1165.4375,1165.6015625,1165.7578125,1165.9140625,1166.078125,1166.265625,1166.421875,1166.578125,1166.7421875,1166.9296875,1167.3046875,1168.0390625,1168.359375,1168.6796875,1168.8359375,1169.0,1169.1875,1169.3515625,1169.53125,1169.6953125,1169.8828125,1170.046875,1170.234375,1170.3984375,1170.546875,1170.6796875,1170.8125,1170.96875,1171.125,1171.28125,1171.4453125,1171.6015625,1171.859375,1172.171875,1172.4609375,1173.2578125,1173.703125,1173.953125,1174.171875,1174.3984375,1174.625,1174.84375,1175.0625,1175.2890625,1175.5078125,1175.921875,1176.8828125,1177.1328125,1177.3828125,1177.640625,1177.8671875,1178.0859375,1178.3125,1178.5234375,1178.71875,1178.9140625,1179.1328125,1179.328125,1179.546875,1179.765625,1179.984375,1180.15625,1180.34375,1180.53125,1180.7265625,1181.1015625,1181.9609375,1182.1796875,1182.375,1182.5703125,1182.7578125,1182.9453125,1183.1328125,1183.296875,1183.484375,1183.671875,1183.8359375,1184.0234375,1184.1875,1184.3515625,1184.53125,1184.6953125,1184.8828125,1185.046875,1185.234375,1185.3984375,1185.5859375,1185.7734375,1185.9609375,1186.125,1186.2890625,1186.4765625,1186.6640625,1186.8515625,1187.046875,1187.71875,1188.0,1188.2890625,1188.5703125,1188.7265625,1188.8828125,1189.015625,1189.171875,1189.3046875,1189.4609375,1189.59375,1189.7421875,1189.8984375,1190.0390625,1190.1953125,1190.3515625,1190.5078125,1190.671875,1190.828125,1191.015625,1191.1796875,1191.3359375,1191.5,1191.6875,1192.0390625,1192.734375,1193.015625,1193.3046875,1193.5859375,1193.75,1193.90625,1194.0390625,1194.1953125,1194.3515625,1194.484375,1194.640625,1194.7734375,1194.921875,1195.0546875,1195.2109375,1195.3671875,1195.5,1195.65625,1195.8125,1195.9765625,1196.2578125,1196.546875,1196.8359375,1197.5,1197.8203125,1197.9765625,1198.1328125,1198.2890625,1198.421875,1198.578125,1198.7109375,1198.8671875,1198.9921875,1199.125,1199.25,1199.375,1199.5,1199.6953125,1199.890625,1200.0078125,1200.1015625,1200.296875,1200.484375,1200.6796875,1200.875,1201.09375,1201.28125,1201.4453125,1201.6328125,1201.828125,1202.0078125,1202.203125,1202.8125,1203.0546875,1203.28125,1203.4765625,1203.6953125,1203.8828125,1204.078125,1204.2421875,1204.421875,1204.5859375,1204.7734375,1204.9375,1205.125,1205.2890625,1205.3828125,1205.4765625,1205.6328125,1205.765625,1205.921875,1206.078125,1206.2109375,1206.3671875,1206.5234375,1206.6796875,1206.84375,1206.9765625,1207.1328125,1207.2890625,1207.4453125,1207.734375,1208.4296875,1208.6171875,1208.78125,1208.9765625,1209.15625,1209.3203125,1209.484375,1209.671875,1209.8359375,1210.015625,1210.1796875,1210.3359375,1210.5,1210.65625,1210.8125,1210.9765625,1211.0703125,1211.1640625,1211.2578125,1211.3515625,1211.453125,1211.546875,1211.640625,1211.734375,1211.828125,1211.9296875,1212.0234375,1212.125,1212.2421875,1212.34375,1212.5,1212.6875,1212.875,1213.0703125,1213.234375,1213.421875,1214.0546875,1214.28125,1214.5078125,1214.7265625,1214.9453125,1215.1640625,1215.359375,1215.5546875,1215.6484375,1215.765625,1215.8671875,1215.9609375,1216.0546875,1216.15625,1216.25,1216.34375,1216.4375,1216.5390625,1216.6328125,1216.7265625,1216.8203125,1216.9140625,1217.015625,1217.109375,1217.265625,1217.3984375,1217.5546875,1217.7109375,1217.8671875,1218.03125,1218.21875,1218.3828125,1218.5390625,1218.6953125,1218.8515625,1219.015625,1219.3359375,1219.96875,1220.21875,1220.4765625,1220.7265625,1221.015625,1221.265625,1221.5234375,1221.78125,1222.03125,1222.28125,1222.5390625,1222.796875,1223.0546875,1223.3359375,1223.625,1224.4453125,1224.671875,1224.8984375,1225.1484375,1225.3984375,1225.625,1225.875,1226.1328125,1226.390625,1226.640625,1226.9296875,1227.1796875,1227.4375,1228.296875,1228.609375,1228.7734375,1228.9296875,1229.0859375,1229.21875,1229.375,1229.5390625,1229.6953125,1229.8515625,1230.0078125,1230.1640625,1230.296875,1230.453125,1230.640625,1230.7421875,1230.828125,1231.0,1231.09375,1231.1875,1231.28125,1231.375,1231.5390625,1231.7265625,1231.9140625,1232.109375,1232.2265625,1232.328125,1232.5234375,1232.7421875,1232.9609375,1233.1875,1233.40625,1234.015625,1234.203125,1234.359375,1234.546875,1234.7109375,1234.875,1235.03125,1235.125,1235.21875,1235.3125,1235.4140625,1235.5078125,1235.6015625,1235.765625,1235.859375,1235.9453125,1236.015625,1236.109375,1236.203125,1236.296875,1236.3671875,1236.4609375,1236.5625,1236.6796875,1236.78125,1236.90625,1237.03125,1237.1328125,1237.2578125,1237.375,1237.4765625,1237.6015625,1237.703125,1237.828125,1237.953125,1238.0546875,1238.1796875,1238.3046875,1238.3984375,1238.4921875,1238.59375,1238.7109375,1238.8125,1238.9375,1239.15625,1239.3515625,1239.578125,1239.796875,1240.3046875,1240.5859375,1240.84375,1240.96875,1241.09375,1241.2265625,1241.3515625,1241.4765625,1241.578125,1241.703125,1241.796875,1241.921875,1242.0234375,1242.140625,1242.2421875,1242.34375,1242.4609375,1242.5625,1242.6875,1242.78125,1242.8828125,1243.0,1243.1015625,1243.1953125,1243.296875,1243.4140625,1243.515625,1243.609375,1243.734375,1243.828125,1243.8984375,1244.0546875,1244.1484375,1244.21875,1244.3046875,1244.3984375,1244.5625,1244.65625,1244.75,1244.9140625,1245.1015625,1245.2578125,1245.4140625,1245.578125,1245.7421875,1246.0625,1246.6640625,1246.9140625,1247.140625,1247.359375,1247.5859375,1247.8046875,1248.0234375,1248.21875,1248.4140625,1248.53125,1248.625,1248.8203125,1249.015625,1249.203125,1249.3046875,1249.421875,1249.6171875,1249.7109375,1249.8359375,1249.9375,1250.0625,1250.1875,1250.3125,1250.4375,1250.5703125,1250.828125,1251.109375,1251.390625,1251.6796875,1252.3203125,1252.6015625,1252.890625,1253.140625,1253.4296875,1253.71875,1254.0,1254.15625,1254.2890625,1254.5703125,1254.859375,1255.1484375,1255.4609375,1255.71875,1256.03125,1256.984375,1257.34375,1257.53125,1257.71875,1258.0390625,1258.2265625,1258.3828125,1258.546875,1258.7109375,1258.890625,1259.046875,1259.2109375,1259.3671875,1259.53125,1259.6953125,1259.875,1260.0390625,1260.2265625,1260.390625,1260.578125,1260.765625,1261.0859375,1261.4375,1261.7890625,1262.671875,1262.9296875,1263.1484375,1263.40625,1263.6328125,1263.8515625,1264.078125,1264.328125,1264.453125,1264.5859375,1264.7109375,1264.8359375,1264.9609375,1265.09375,1265.21875,1265.34375,1265.46875,1265.59375,1265.7265625,1265.828125,1265.9453125,1266.0703125,1266.203125,1266.3046875,1266.4296875,1266.5546875,1266.6796875,1266.8046875,1267.03125,1267.15625,1267.28125,1267.4140625,1267.5390625,1267.6640625,1267.796875,1267.9453125,1268.078125,1268.296875,1268.5234375,1268.7734375,1269.03125,1269.2578125,1269.5078125,1270.296875,1270.5859375,1270.875,1271.1328125,1271.4140625,1271.671875,1271.921875,1272.1484375,1272.2734375,1272.3984375,1272.5234375,1272.65625,1272.78125,1272.90625,1273.0078125,1273.125,1273.2265625,1273.3515625,1273.4765625,1273.578125,1273.6953125,1273.796875,1273.921875,1274.0234375,1274.1484375,1274.2734375,1274.3984375,1274.5234375,1274.6484375,1274.7578125,1274.8828125,1275.0078125,1275.1328125,1275.2578125,1275.390625,1275.515625,1275.640625,1275.7734375,1275.8984375,1276.046875,1276.15625,1276.28125,1276.40625,1276.53125,1276.65625,1276.78125,1277.0390625,1277.2890625,1277.546875,1277.8046875,1278.5,1278.6953125,1278.8828125,1279.1015625,1279.2890625,1279.4609375,1279.640625,1279.8359375,1279.9375,1280.0546875,1280.25,1280.4375,1280.53125,1280.6328125,1280.8203125,1281.0078125,1281.109375,1281.203125,1281.296875,1281.390625,1281.484375,1281.5859375,1281.6796875,1281.7734375,1281.9609375,1282.0625,1282.15625,1282.34375,1282.5390625,1282.6328125,1282.7578125,1282.9453125,1283.140625,1283.3359375,1283.5546875,1283.7421875,1283.96875,1284.7578125,1285.078125,1285.265625,1285.421875,1285.5859375,1285.71875,1285.90625,1286.0703125,1286.25,1286.4140625,1286.578125,1286.7578125,1286.921875,1287.0859375,1287.265625,1287.4296875,1287.5859375,1287.75,1287.9140625,1288.09375,1288.2578125,1288.4453125,1288.6015625,1288.7578125,1288.921875,1289.0859375,1289.3984375,1290.15625,1290.3515625,1290.515625,1290.703125,1290.890625,1291.0546875,1291.2109375,1291.375,1291.53125,1291.6875,1291.84375,1291.9765625,1292.1328125,1292.2890625,1292.421875,1292.515625,1292.6171875,1292.734375,1292.828125,1292.9296875,1293.0234375,1293.1171875,1293.21875,1293.3125,1293.4296875,1293.53125,1293.625,1293.71875,1293.8203125,1293.9140625,1294.0390625,1294.1328125,1294.234375,1294.3515625,1294.453125,1294.578125,1294.6796875,1294.8046875,1294.9296875,1295.15625,1295.40625,1295.6640625,1296.390625,1296.609375,1296.8046875,1297.03125,1297.25,1297.4453125,1297.6328125,1297.7578125,1297.8828125,1298.0078125,1298.109375,1298.234375,1298.328125,1298.453125,1298.5546875,1298.6796875,1298.7734375,1298.8984375,1299.0,1299.1171875,1299.21875,1299.3203125,1299.4375,1299.6015625,1299.7578125,1299.921875,1300.078125,1300.2421875,1300.4296875,1300.6171875,1300.78125,1300.9375,1301.125,1301.2890625,1301.4765625,1301.828125,1302.5546875,1302.84375,1303.15625,1303.4453125,1303.609375,1303.765625,1303.921875,1304.078125,1304.2421875,1304.3984375,1304.5546875,1304.6875,1304.84375,1305.0,1305.1640625,1305.3203125,1305.4765625,1305.640625,1305.796875,1305.9609375,1306.1171875,1306.2734375,1306.4375,1306.625,1307.0,1307.703125,1307.9921875,1308.3046875,1308.59375,1308.7578125,1308.9140625,1309.0703125,1309.2265625,1309.390625,1309.546875,1309.703125,1309.8359375,1309.9921875,1310.125,1310.28125,1310.4375,1310.59375,1310.7578125,1310.9140625,1311.1015625,1311.390625,1311.703125,1311.9921875,1312.6953125,1313.046875,1313.234375,1313.390625,1313.5546875,1313.7109375,1313.8671875,1314.03125,1314.1875,1314.34375,1314.5,1314.6328125,1314.765625,1314.9140625,1315.015625,1315.140625,1315.265625,1315.390625,1315.4921875,1315.6171875,1315.7421875,1315.84375,1316.0625,1316.1875,1316.3125,1316.5390625,1316.6640625,1316.796875,1317.0078125,1317.2109375,1317.4296875,1317.6796875,1317.875,1318.1015625,1318.859375,1319.140625,1319.3984375,1319.6484375,1319.90625,1320.15625,1320.3828125,1320.609375,1320.734375,1320.859375,1320.9609375,1321.078125,1321.1796875,1321.3046875,1321.40625,1321.5234375,1321.625,1321.75,1321.8515625,1321.96875,1322.0703125,1322.1953125,1322.296875,1322.4140625,1322.609375,1322.8046875,1323.015625,1323.2109375,1323.40625,1323.625,1323.84375,1324.0703125,1324.2578125,1324.453125,1324.671875,1324.890625,1325.28125,1326.0390625,1326.3203125,1326.609375,1326.8671875,1327.15625,1327.4375,1327.5703125,1327.71875,1327.9765625,1328.1328125,1328.265625,1328.3984375,1328.546875,1328.6796875,1328.8046875,1328.9375,1329.0859375,1329.21875,1329.3515625,1329.5,1329.6328125,1329.765625,1329.9140625,1330.046875,1330.203125,1330.390625,1330.578125,1330.7734375,1330.9609375,1331.15625,1331.3515625,1331.5703125,1331.7890625,1332.171875,1332.5859375,1333.0,1334.171875,1334.5546875,1334.90625,1335.3203125,1335.703125,1336.0859375,1336.4921875,1336.875,1337.2890625,1337.734375,1338.2109375,1338.84375,1339.703125,1340.8203125,1341.546875,1341.9609375,1342.3125,1342.65625,1342.9765625,1343.296875,1343.609375,1343.9296875,1344.21875,1344.5,1344.7890625,1345.078125,1345.390625,1345.9609375,1347.296875,1347.6796875,1348.0,1348.3828125,1348.765625,1349.140625,1349.4921875,1349.6796875,1349.875,1350.0625,1350.2578125,1350.4453125,1350.640625,1350.828125,1351.046875,1351.3984375,1351.78125,1352.1328125,1352.984375,1353.3984375,1353.8125,1354.0078125,1354.1953125,1354.3828125,1354.578125,1354.765625,1354.953125,1355.1171875,1355.3046875,1355.46875,1355.65625,1355.84375,1356.0078125,1356.171875,1356.3515625,1356.515625,1356.703125,1356.8984375,1357.0859375,1357.40625,1357.7578125,1358.1015625,1358.9296875,1359.3359375,1359.7265625,1359.9140625,1360.1015625,1360.265625,1360.453125,1360.640625,1360.8046875,1360.9921875,1361.15625,1361.3203125,1361.5,1361.7890625,1362.109375,1362.421875,1362.75,1363.03125,1363.3515625,1364.390625,1364.75,1365.125,1365.4453125,1365.6328125,1365.7890625,1365.953125,1366.109375,1366.2734375,1366.4296875,1366.5859375,1366.75,1367.0078125,1367.28125,1367.5390625,1367.796875,1368.0546875,1368.3359375,1368.6171875,1368.90625,1369.1328125,1369.390625,1369.671875,1369.953125,1370.46875,1371.796875,1372.1484375,1372.5,1372.8125,1373.109375,1373.421875,1373.7421875,1374.2421875,1374.78125,1376.7265625,1378.28125,1378.7578125,1379.203125,1379.6171875,1379.9921875,1380.34375,1380.6015625,1380.8515625,1381.078125,1381.328125,1381.5625,1381.8125,1382.0625,1382.3203125,1382.734375,1383.2109375,1383.6484375,1384.734375,1385.3046875,1385.59375,1385.875,1386.1328125,1386.4140625,1386.859375,1387.3125,1387.75,1388.703125,1389.1171875,1389.5,1389.8515625,1390.0703125,1390.2578125,1390.453125,1390.640625,1390.8359375,1391.0234375,1391.2109375,1391.375,1391.5625,1391.7265625,1391.9140625,1392.078125,1392.2578125,1392.4296875,1392.6171875,1392.8046875,1393.09375,1393.40625,1393.7265625,1394.0390625,1394.359375,1394.7109375,1395.1171875,1396.3671875,1396.78125,1397.1875,1397.6640625,1398.109375,1398.5625,1399.03125,1399.3203125,1399.609375,1399.921875,1400.203125,1400.4921875,1400.75,1401.03125,1401.2890625,1401.546875,1401.796875,1402.0234375,1402.2421875,1402.4609375,1402.65625,1402.8515625,1403.0625,1403.3515625,1403.640625,1403.9296875,1404.2109375,1404.46875,1404.75,1405.0078125,1405.2890625,1405.546875,1405.8359375,1406.125,1406.4375,1406.71875,1407.0078125,1407.3203125,1408.0859375,1408.5,1408.7265625,1408.9453125,1409.140625,1409.328125,1409.578125,1409.8046875,1410.03125,1410.25,1410.375,1410.4765625,1410.6953125,1410.796875,1410.9140625,1411.109375,1411.2109375,1411.328125,1411.5234375,1411.640625,1411.7421875,1411.9375,1412.15625,1412.3515625,1412.5703125,1412.796875,1412.984375,1413.203125,1413.4296875,1413.6484375,1413.875,1414.125,1415.015625,1415.3984375,1415.6171875,1415.8125,1416.0,1416.1953125,1416.4140625,1416.6328125,1416.859375,1417.0546875,1417.2734375,1417.46875,1417.6875,1417.90625,1418.1640625,1418.4453125,1418.734375,1419.015625,1419.28125,1419.59375,1420.765625,1421.0234375,1421.28125,1421.5625,1421.8515625,1422.109375,1422.3828125,1422.640625,1422.8984375,1423.15625,1423.4375,1423.9453125,1425.1484375,1425.46875,1425.7578125,1426.046875,1426.3359375,1426.6171875,1426.8984375,1427.15625,1427.4140625,1427.6953125,1427.9765625,1428.4921875,1429.6328125,1429.921875,1430.203125,1430.4921875,1430.7421875,1431.0,1431.25,1431.5703125,1431.890625,1432.203125,1432.5234375,1432.8125,1433.1328125,1433.4453125,1434.1484375,1434.53125,1434.71875,1434.9140625,1435.09375,1435.2578125,1435.453125,1435.640625,1435.828125,1436.0234375,1436.2109375,1436.375,1436.5546875,1436.71875,1436.9375,1437.140625,1437.359375,1437.578125,1437.796875,1438.0234375,1438.25,1438.5,1438.6875,1438.8828125,1439.1015625,1439.328125,1439.546875,1439.765625,1440.5625,1440.8828125,1441.203125,1441.515625,1441.6796875,1441.8671875,1442.03125,1442.1875,1442.34375,1442.5078125,1442.6640625,1442.8203125,1442.984375,1443.140625,1443.296875,1443.4609375,1443.6171875,1443.8046875,1443.96875,1444.15625,1444.3203125,1444.5078125,1444.6953125,1444.890625,1445.3046875,1446.1640625,1446.5390625,1446.921875,1447.2734375,1447.4921875,1447.6875,1447.90625,1448.09375,1448.2890625,1448.5078125,1448.703125,1448.8984375,1449.0546875,1449.234375,1449.5625,1449.90625,1450.2890625,1450.609375,1450.953125,1452.234375,1452.8046875,1453.1171875,1453.40625,1453.6953125,1454.0078125,1454.421875,1454.8984375,1456.5546875,1458.0078125,1458.515625,1458.9921875,1459.40625,1459.6015625,1459.7890625,1459.9765625,1460.140625,1460.3046875,1460.484375,1460.6484375,1460.8046875,1460.96875,1461.125,1461.28125,1461.4453125,1461.640625,1461.8515625,1462.046875,1462.2421875,1462.4609375,1462.65625,1462.875,1463.09375,1463.2890625,1463.4765625,1463.671875,1463.890625,1464.3046875,1465.3515625,1465.671875,1465.984375,1466.3359375,1466.6484375,1466.96875,1467.265625,1467.546875,1467.859375,1468.1484375,1468.46875,1468.75,1469.0703125,1470.2421875,1470.7265625,1471.0078125,1471.265625,1471.515625,1471.765625,1472.0234375,1472.2734375,1472.53125,1472.7890625,1473.265625,1474.3203125,1474.5703125,1474.8203125,1475.0703125,1475.296875,1475.515625,1475.71875,1475.9375,1476.15625,1476.3828125,1476.6015625,1476.8203125,1477.015625,1477.234375,1477.4609375,1477.6484375,1477.84375,1478.03125,1478.25,1478.6328125,1479.5234375,1479.7421875,1479.9375,1480.1328125,1480.3203125,1480.5078125,1480.671875,1480.859375,1481.0234375,1481.203125,1481.3671875,1481.53125,1481.7109375,1481.875,1482.03125,1482.1328125,1482.2265625,1482.328125,1482.4453125,1482.546875,1482.6640625,1482.765625,1482.8671875,1482.984375,1483.0859375,1483.1796875,1483.3046875,1483.40625,1483.53125,1483.75,1483.9375,1484.1328125,1484.328125,1484.546875,1484.734375,1484.953125,1485.65625,1485.9140625,1486.171875,1486.4140625,1486.546875,1486.671875,1486.8984375,1487.1171875,1487.2421875,1487.34375,1487.46875,1487.5703125,1487.6953125,1487.8125,1487.9140625,1488.0390625,1488.140625,1488.2578125,1488.359375,1488.484375,1488.609375,1488.7109375,1488.828125,1488.9296875,1489.0546875,1489.15625,1489.28125,1489.4140625,1489.5625,1489.6953125,1489.8515625,1489.984375,1490.140625,1490.296875,1490.4296875,1490.5859375,1490.7421875,1490.9296875,1491.28125,1491.9765625,1492.265625,1492.5859375,1492.875,1493.0625,1493.21875,1493.3828125,1493.5390625,1493.6953125,1493.859375,1494.015625,1494.171875,1494.3046875,1494.4609375,1494.6171875,1494.78125,1494.9375,1495.1015625,1495.2578125,1495.4453125,1495.734375,1496.0546875,1496.3671875,1497.125,1497.515625,1497.734375,1497.921875,1498.1171875,1498.3046875,1498.5,1498.6875,1498.875,1499.0703125,1499.2578125,1499.4453125,1499.6328125,1499.8046875,1499.984375,1500.1484375,1500.3046875,1500.46875,1500.625,1500.8125,1500.9765625,1501.1640625,1501.515625,1501.8984375,1502.3125,1503.1953125,1503.578125,1503.9921875,1504.375,1504.6015625,1504.8203125,1505.0390625,1505.265625,1505.484375,1505.6796875,1505.8984375,1506.125,1506.40625,1506.6953125,1506.984375,1507.296875,1507.6171875,1507.9296875,1508.25,1508.5703125,1508.890625,1509.234375,1509.5859375,1509.90625,1510.2265625,1510.5390625,1510.859375,1511.171875,1511.5,1511.84375,1512.1875,1512.5390625,1512.890625,1513.2421875,1514.5390625,1515.0546875,1515.34375,1515.625,1515.8828125,1516.1328125,1516.453125,1516.765625,1517.0859375,1517.40625,1517.71875,1518.0390625,1519.0859375,1519.46875,1519.8515625,1520.0390625,1520.203125,1520.421875,1520.6171875,1520.8359375,1521.0234375,1521.21875,1521.40625,1521.59375,1521.7578125,1521.8828125,1522.0078125,1522.234375,1522.359375,1522.484375,1522.5859375,1522.7109375,1522.9375,1523.0625,1523.1875,1523.4140625,1523.5390625,1523.6640625,1523.859375,1524.078125,1524.296875,1524.5234375,1524.7421875,1524.96875,1525.7265625,1525.984375,1526.265625,1526.5234375,1526.78125,1527.03125,1527.15625,1527.28125,1527.3828125,1527.5078125,1527.6328125,1527.7578125,1527.859375,1527.984375,1528.109375,1528.234375,1528.359375,1528.46875,1528.5859375,1528.7109375,1528.8125,1528.9375,1529.0625,1529.1640625,1529.2890625,1529.4140625,1529.609375,1529.7265625,1529.828125,1529.9296875,1530.046875,1530.1484375,1530.2734375,1530.375,1530.4921875,1530.59375,1530.71875,1530.9453125,1531.0703125,1531.1953125,1531.390625,1531.609375,1531.828125,1532.0546875,1532.2734375,1532.5,1533.265625,1533.578125,1533.8984375,1534.1796875,1534.46875,1534.7578125,1535.0390625,1535.296875,1535.546875,1535.8046875,1536.0546875,1536.3046875,1536.5390625,1536.7890625,1537.0390625,1537.296875,1537.5234375,1537.7734375,1538.0234375,1538.28125,1538.53125,1538.7890625,1539.046875,1539.3359375,1539.609375,1539.875,1540.15625,1540.4765625,1540.7578125,1541.078125,1542.21875,1542.6640625,1542.921875,1543.140625,1543.359375,1543.5546875,1543.8046875,1544.0390625,1544.28125,1544.5078125,1544.734375,1544.953125,1545.1796875,1545.3984375,1545.59375,1545.78125,1546.0,1546.1953125,1546.4140625,1546.609375,1546.828125,1547.0234375,1547.2109375,1547.4296875,1547.625,1547.8515625,1548.0703125,1548.2890625,1549.0859375,1549.40625,1549.75,1550.0390625,1550.2265625,1550.390625,1550.578125,1550.734375,1550.8984375,1551.0546875,1551.21875,1551.375,1551.5625,1551.7265625,1551.9140625,1552.1015625,1552.265625,1552.453125,1552.640625,1552.8359375,1553.0234375,1553.2109375,1553.40625,1553.6015625,1554.0078125,1554.7421875,1555.0546875,1555.375,1555.6640625,1555.8515625,1556.015625,1556.171875,1556.3359375,1556.4921875,1556.6484375,1556.8046875,1556.96875,1557.125,1557.28125,1557.4453125,1557.6015625,1557.7578125,1557.921875,1558.109375,1558.2734375,1558.4296875,1558.5859375,1558.90625,1559.21875,1559.921875,1560.2734375,1560.4609375,1560.6171875,1560.78125,1560.9375,1561.1015625,1561.2578125,1561.4140625,1561.5703125,1561.703125,1561.859375,1562.015625,1562.1484375,1562.3359375,1562.53125,1562.71875,1562.8203125,1562.9375,1563.1328125,1563.3203125,1563.515625,1563.734375,1563.8984375,1564.0859375,1564.2734375,1564.4609375,1564.625,1564.8203125,1565.4453125,1565.671875,1565.890625,1566.0859375,1566.3046875,1566.5,1566.6875,1566.8515625,1567.0390625,1567.203125,1567.3828125,1567.546875,1567.640625,1567.734375,1567.8984375,1568.0546875,1568.21875,1568.3359375,1568.4375,1568.53125,1568.6328125,1568.75,1568.8515625,1568.9453125,1569.046875,1569.1640625,1569.265625,1569.3671875,1569.484375,1569.5859375,1569.7109375,1569.8359375,1569.9375,1570.125,1570.3125,1570.53125,1570.7578125,1570.9453125,1571.1640625,1571.8671875,1572.15625,1572.4140625,1572.6640625,1572.921875,1573.046875,1573.1796875,1573.3046875,1573.4296875,1573.5546875,1573.6796875,1573.8046875,1573.90625,1574.03125,1574.1328125,1574.25,1574.375,1574.4765625,1574.6015625,1574.7265625,1574.828125,1575.046875,1575.2734375,1575.3984375,1575.53125,1575.75,1575.9765625,1576.2265625,1576.484375,1576.7265625,1576.984375,1578.0,1578.4453125,1578.703125,1578.9296875,1579.171875,1579.3984375,1579.625,1579.84375,1580.0703125,1580.3203125,1580.765625,1581.84375,1582.1328125,1582.390625,1582.6796875,1582.9609375,1583.2421875,1583.5,1583.7890625,1584.1015625,1584.390625,1584.7109375,1584.9921875,1585.28125,1586.234375,1586.578125,1586.90625,1587.21875,1587.375,1587.5390625,1587.6953125,1587.8515625,1587.984375,1588.140625,1588.2734375,1588.421875,1588.609375,1588.78125,1588.96875,1589.15625,1589.3203125,1589.5078125,1589.6953125,1589.890625,1590.046875,1590.234375,1590.3984375,1590.5859375,1590.90625,1591.703125,1591.921875,1592.109375,1592.3046875,1592.4921875,1592.6796875,1592.84375,1593.03125,1593.1953125,1593.3828125,1593.546875,1593.7265625,1593.890625,1594.0546875,1594.2109375,1594.40625,1594.5234375,1594.6171875,1594.8125,1595.0078125,1595.125,1595.2265625,1595.421875,1595.640625,1595.859375,1596.0234375,1596.2109375,1596.40625,1596.625,1596.8125,1597.0078125,1597.703125,1597.953125,1598.2109375,1598.4375,1598.6875,1598.9140625,1599.1328125,1599.3515625,1599.453125,1599.578125,1599.703125,1599.8046875,1599.9296875,1600.0234375,1600.125,1600.2421875,1600.4453125,1600.5625,1600.6640625,1600.78125,1600.8828125,1600.984375,1601.1015625,1601.296875,1601.421875,1601.5234375,1601.640625,1601.7421875,1601.9609375,1602.1875,1602.4140625,1602.5390625,1602.6640625,1602.9140625,1603.109375,1603.328125,1603.546875,1603.7734375,1604.21875,1605.046875,1605.390625,1605.7421875,1606.0625,1606.40625,1606.7265625,1607.046875,1607.3671875,1607.6796875,1607.96875,1608.2578125,1608.5703125,1608.859375,1609.1484375,1609.4609375,1609.75,1609.9375,1610.1015625,1610.2890625,1610.4453125,1610.609375,1610.796875,1611.1171875,1611.28125,1611.4609375,1611.625,1611.8125,1612.1328125,1612.3203125,1612.484375,1612.796875,1613.1171875,1613.4375,1613.7890625,1614.1015625,1614.4453125,1614.7734375,1615.5703125,1616.0078125,1616.234375,1616.453125,1616.6484375,1616.8359375,1617.0859375,1617.3125,1617.53125,1617.7578125,1617.9765625,1618.1953125,1618.3984375,1618.609375,1618.7734375,1618.9609375,1619.125,1619.3125,1619.4765625,1619.6640625,1619.8515625,1620.015625,1620.203125,1620.390625,1620.5859375,1620.8046875,1621.21875,1622.046875,1622.3984375,1622.5859375,1622.7734375,1622.9375,1623.09375,1623.2890625,1623.4765625,1623.6640625,1623.859375,1624.046875,1624.234375,1624.3984375,1624.5859375,1624.7734375,1624.9453125,1625.1328125,1625.3203125,1625.5078125,1625.6953125,1625.890625,1626.078125,1626.2421875,1626.40625,1626.59375,1626.78125,1627.1328125,1627.9609375,1628.1796875,1628.3984375,1628.625,1628.8125,1629.0078125,1629.1953125,1629.390625,1629.578125,1629.765625,1629.9609375,1630.1484375,1630.3359375,1630.5234375,1630.6953125,1630.8515625,1631.0078125,1631.1640625,1631.328125,1631.484375,1631.6484375,1631.8046875,1631.9921875,1632.28125,1632.625,1632.9453125,1633.6796875,1634.0546875,1634.25,1634.4140625,1634.59375,1634.7578125,1634.9453125,1635.109375,1635.296875,1635.453125,1635.6171875,1635.7734375,1635.9375,1636.09375,1636.1953125,1636.3125,1636.4375,1636.5390625,1636.6640625,1636.7578125,1636.8828125,1636.984375,1637.1015625,1637.203125,1637.328125,1637.4296875,1637.546875,1637.6484375,1637.7734375,1637.875,1638.0,1638.1015625,1638.21875,1638.3515625,1638.4765625,1638.609375,1638.7578125,1638.890625,1639.140625,1639.4296875,1639.71875,1640.4765625,1640.703125,1640.921875,1641.1484375,1641.3671875,1641.5859375,1641.7734375,1641.90625,1642.03125,1642.1328125,1642.2578125,1642.359375,1642.4765625,1642.578125,1642.703125,1642.8046875,1642.921875,1643.0234375,1643.1484375,1643.2734375,1643.3671875,1643.4609375,1643.5625,1643.71875,1643.84375,1643.9765625,1644.125,1644.2578125,1644.390625,1644.5390625,1644.671875,1644.828125,1644.9609375,1645.0859375,1645.2421875,1645.375,1645.53125,1645.6640625,1645.8125,1645.9453125,1646.0703125,1646.1953125,1646.3203125,1646.453125,1646.578125,1646.7109375,1646.859375,1647.1171875,1647.375,1647.6328125,1648.265625,1648.609375,1648.7734375,1648.9375,1649.09375,1649.25,1649.40625,1649.5625,1649.6953125,1649.8515625,1650.0078125,1650.140625,1650.296875,1650.421875,1650.5546875,1650.703125,1650.8359375,1650.96875,1651.1171875,1651.25,1651.375,1651.5078125,1651.65625,1651.7890625,1651.9140625,1652.046875,1652.171875,1652.328125,1652.4609375,1652.6171875,1652.7734375,1652.90625,1653.0625,1653.21875,1653.375,1653.5390625,1653.703125,1653.8828125,1654.046875,1654.203125,1654.3671875,1654.5546875,1654.90625,1655.609375,1655.921875,1656.2421875,1656.5546875,1656.7421875,1656.90625,1657.0625,1657.2265625,1657.3828125,1657.5390625,1657.703125,1657.859375,1658.015625,1658.1796875,1658.3359375,1658.4921875,1658.65625,1658.8125,1658.9765625,1659.1640625,1659.328125,1659.515625,1659.703125,1659.890625,1660.2734375,1661.0390625,1661.359375,1661.703125,1662.0234375,1662.2109375,1662.375,1662.5625,1662.7265625,1662.90625,1663.0703125,1663.234375,1663.4140625,1663.578125,1663.7421875,1663.8984375,1664.0859375,1664.25,1664.4375,1664.6015625,1664.7890625,1665.1015625,1665.453125,1665.796875,1666.6640625,1667.140625,1667.3984375,1667.6484375,1667.8984375,1668.125,1668.40625,1668.6640625,1668.921875,1669.203125,1669.4609375,1669.7421875,1670.03125,1670.3203125,1670.5703125,1670.8515625,1671.4609375,1674.125,1674.765625,1675.0234375,1675.2734375,1675.5234375,1675.75,1675.96875,1676.1640625,1676.3828125,1676.578125,1676.7734375,1676.984375,1677.1796875,1677.375,1677.5625,1677.78125,1677.9765625,1678.1953125,1678.546875,1678.9296875,1679.28125,1680.1015625,1680.515625,1680.7109375,1680.8984375,1681.0859375,1681.2734375,1681.46875,1681.65625,1681.8203125,1682.0078125,1682.171875,1682.359375,1682.546875,1682.7109375,1682.8984375,1683.09375,1683.2890625,1683.5,1683.6953125,1683.890625,1684.1015625,1684.3046875,1684.4921875,1684.6796875,1684.8671875,1685.0625,1685.4375,1686.296875,1686.5234375,1686.7421875,1686.9609375,1687.15625,1687.3515625,1687.5390625,1687.734375,1687.921875,1688.109375,1688.2734375,1688.4609375,1688.6484375,1688.8125,1689.0,1689.1640625,1689.3203125,1689.484375,1689.6640625,1689.828125,1690.015625,1690.1796875,1690.3671875,1690.5234375,1690.6796875,1691.0078125,1691.3515625,1692.1171875,1692.3359375,1692.5234375,1692.71875,1692.9140625,1693.1015625,1693.265625,1693.453125,1693.640625,1693.828125,1693.9921875,1694.15625,1694.3359375,1694.5,1694.6640625,1694.78125,1694.8828125,1695.0,1695.1015625,1695.2265625,1695.328125,1695.4453125,1695.546875,1695.671875,1695.7734375,1695.9921875,1696.21875,1696.34375,1696.46875,1696.6640625,1696.8828125,1697.1015625,1697.328125,1697.5234375,1697.7421875,1698.5,1698.7890625,1699.078125,1699.359375,1699.6484375,1699.9296875,1700.1875,1700.4453125,1700.6953125,1700.8203125,1700.953125,1701.203125,1701.328125,1701.4609375,1701.7109375,1701.96875,1702.2265625,1702.5078125,1702.7265625,1702.953125,1703.1796875,1703.4296875,1703.6796875,1703.96875,1705.1796875,1705.46875,1705.75,1706.0703125,1706.3828125,1706.6953125,1706.9921875,1707.3046875,1707.59375,1707.90625,1708.2265625,1708.515625,1708.8359375,1709.9765625,1710.421875,1710.890625,1711.3125,1711.5625,1711.7890625,1712.0390625,1712.265625,1712.4921875,1712.734375,1712.9609375,1713.1875,1713.4375,1713.6640625,1713.9140625,1714.140625,1714.390625,1714.640625,1715.15625,1715.6640625,1716.234375,1716.8125,1718.4609375,1718.96875,1719.4140625,1719.921875,1720.4296875,1720.90625,1721.3828125,1721.796875,1722.2109375,1722.65625,1723.1015625,1723.5078125,1723.9296875,1725.421875,1726.0234375,1726.3359375,1726.625,1726.9140625,1727.203125,1727.515625,1727.8046875,1728.1171875,1728.4375,1729.0390625,1730.375,1730.7265625,1731.0390625,1731.3984375,1731.7421875,1732.0625,1732.3828125,1732.6640625,1732.9140625,1733.171875,1733.421875,1733.6796875,1733.9296875,1734.1875,1734.4453125,1734.671875,1734.921875,1735.1796875,1735.4609375,1735.7109375,1735.96875,1736.953125,1737.3359375,1737.75,1738.125,1738.3515625,1738.546875,1738.765625,1738.9609375,1739.171875,1739.3671875,1739.5625,1739.75,1739.96875,1740.1953125,1740.421875,1740.6640625,1740.890625,1741.1171875,1741.34375,1741.59375,1741.84375,1742.1015625,1742.359375,1742.640625,1742.8984375,1743.2109375,1744.328125,1744.8046875,1745.0625,1745.3125,1745.5625,1745.7890625,1746.0703125,1746.328125,1746.5859375,1746.8359375,1747.09375,1747.34375,1747.6015625,1747.8515625,1748.046875,1748.234375,1748.421875,1748.6171875,1748.8125,1749.0234375,1749.21875,1749.4375,1749.6328125,1749.8515625,1750.078125,1750.3046875,1750.7734375,1751.6953125,1752.078125,1752.4921875,1752.84375,1753.0625,1753.2578125,1753.4765625,1753.6640625,1753.859375,1754.046875,1754.2421875,1754.4296875,1754.625,1754.8125,1755.0,1755.1953125,1755.4140625,1755.609375,1755.828125,1756.0234375,1756.3671875,1756.7578125,1757.1328125,1757.9921875,1758.40625,1758.625,1758.8203125,1759.0078125,1759.203125,1759.390625,1759.578125,1759.7734375,1759.9609375,1760.1484375,1760.3125,1760.5,1760.6640625,1760.8203125,1760.9765625,1761.1328125,1761.296875,1761.453125,1761.6171875,1761.7734375,1761.9609375,1762.25,1762.5703125,1762.8828125,1763.6484375,1764.0234375,1764.21875,1764.40625,1764.59375,1764.7578125,1764.953125,1765.140625,1765.328125,1765.4921875,1765.6796875,1765.84375,1766.0234375,1766.1875,1766.3828125,1766.5703125,1766.765625,1766.984375,1767.1796875,1767.3984375,1767.59375,1767.8125,1768.0,1768.1640625,1768.3515625,1768.5703125,1768.953125,1769.84375,1770.0703125,1770.2890625,1770.5078125,1770.703125,1770.921875,1771.109375,1771.3046875,1771.4921875,1771.6796875,1771.8515625,1772.0390625,1772.2265625,1772.4140625,1772.578125,1772.734375,1772.8984375,1773.078125,1773.2421875,1773.3984375,1773.5625,1773.75,1773.9140625,1774.0703125,1774.2578125,1774.4453125,1774.640625,1775.0234375,1775.75,1776.0703125,1776.390625,1776.6796875,1776.8671875,1777.03125,1777.2109375,1777.375,1777.53125,1777.6953125,1777.8515625,1778.0078125,1778.171875,1778.328125,1778.484375,1778.6484375,1778.8046875,1778.96875,1779.125,1779.3125,1779.6015625,1779.7578125,1779.9453125,1780.265625,1781.0,1781.1875,1781.3828125,1781.5703125,1781.7578125,1781.9453125,1782.109375,1782.3046875,1782.4921875,1782.6796875,1782.84375,1783.03125,1783.1875,1783.3515625,1783.5390625,1783.7265625,1783.890625,1784.078125,1784.265625,1784.4609375,1784.6484375,1784.84375,1785.03125,1785.1875,1785.3515625,1785.5390625,1785.734375,1786.0859375,1786.9375,1787.1640625,1787.390625,1787.640625,1787.859375,1788.078125,1788.2734375,1788.3984375,1788.5234375,1788.625,1788.75,1788.875,1788.9765625,1789.09375,1789.1953125,1789.3203125,1789.421875,1789.5390625,1789.640625,1789.7421875,1789.859375,1789.9609375,1790.0546875,1790.1484375,1790.2421875,1790.3359375,1790.4375,1790.5546875,1790.65625,1790.75,1790.8515625,1790.96875,1791.0703125,1791.265625,1791.3828125,1791.484375,1791.703125,1791.8984375,1792.0859375,1792.28125,1792.5,1792.6875,1792.8828125,1793.578125,1793.8359375,1794.09375,1794.34375,1794.59375,1794.8203125,1795.0390625,1795.2578125,1795.4609375,1795.671875,1795.8671875,1796.0625,1796.25,1796.4453125,1796.65625,1796.8515625,1797.015625,1797.171875,1797.3359375,1797.5234375,1797.6875,1797.8671875,1798.03125,1798.2265625,1798.4140625,1798.6015625,1798.7890625,1798.984375,1799.203125,1799.421875,1800.2578125,1800.6328125,1800.828125,1801.015625,1801.203125,1801.3671875,1801.5859375,1801.78125,1802.0,1802.1875,1802.3828125,1802.5703125,1802.765625,1802.953125,1803.1484375,1803.3359375,1803.5234375,1803.71875,1803.90625,1804.1015625,1804.296875,1804.5078125,1804.703125,1804.921875,1805.1484375,1805.375,1805.59375,1805.8515625,1806.828125,1807.2421875,1807.46875,1807.6875,1807.90625,1808.1015625,1808.3515625,1808.578125,1808.8046875,1809.0234375,1809.25,1809.46875,1809.6953125,1809.9140625,1810.0703125,1810.234375,1810.390625,1810.5546875,1810.7109375,1810.8984375,1811.25,1811.5625,1811.890625,1812.203125,1812.9921875,1813.375,1813.734375,1814.078125,1814.390625,1814.6796875,1814.96875,1815.2578125,1815.4375,1815.6015625,1815.7578125,1815.921875,1816.109375,1816.2734375,1816.4609375,1816.6484375,1816.96875,1817.3203125,1817.640625,1818.40625,1818.8125,1819.1953125,1819.3828125,1819.546875,1819.734375,1819.921875,1820.0859375,1820.2734375,1820.4375,1820.6171875,1820.78125,1820.9453125,1821.125,1821.2890625,1821.453125,1821.609375,1821.796875,1821.9609375,1822.1484375,1822.3359375,1822.65625,1823.0078125,1823.3515625,1824.15625,1824.375,1824.59375,1824.8203125,1825.0390625,1825.2578125,1825.453125,1825.6796875,1825.8984375,1826.125,1826.34375,1826.5625,1826.7890625,1827.0078125,1827.234375,1827.390625,1827.5234375,1827.6796875,1827.8359375,1827.9921875,1828.15625,1828.3125,1828.46875,1828.765625,1829.109375,1829.453125,1830.3828125,1830.6953125,1830.953125,1831.265625,1831.5546875,1831.84375,1832.1328125,1832.4140625,1832.703125,1833.015625,1833.328125,1833.59375,1833.90625,1834.828125,1835.1796875,1835.5234375,1835.84375,1836.0078125,1836.1640625,1836.3203125,1836.484375,1836.640625,1836.796875,1836.953125,1837.0859375,1837.2421875,1837.40625,1837.5859375,1837.75,1837.9140625,1838.0703125,1838.234375,1838.421875,1838.734375,1839.0859375,1839.40625,1840.1640625,1840.390625,1840.578125,1840.796875,1840.9921875,1841.1796875,1841.34375,1841.5625,1841.7578125,1841.9765625,1842.1640625,1842.359375,1842.5546875,1842.7421875,1842.9375,1843.0546875,1843.15625,1843.2734375,1843.375,1843.5,1843.6015625,1843.71875,1843.8203125,1843.9453125,1844.046875,1844.171875,1844.296875,1844.5234375,1844.6484375,1844.7734375,1844.96875,1845.1875,1845.40625,1845.6328125,1845.828125,1846.046875,1846.8125,1847.125,1847.4140625,1847.6953125,1847.984375,1848.2734375,1848.421875,1848.5546875,1848.8125,1849.0625,1849.3203125,1849.578125,1849.703125,1849.8515625,1850.109375,1850.3671875,1850.6484375,1850.9375,1851.1328125,1851.3203125,1851.5078125,1851.703125,1851.921875,1852.1484375,1852.65625,1853.0078125,1853.421875,1854.4609375,1855.2265625,1855.546875,1855.8671875,1856.28125,1856.6875,1857.0703125,1857.453125,1857.796875,1858.15625,1859.265625,1859.6171875,1859.9609375,1860.28125,1860.6328125,1860.8203125,1860.9765625,1861.140625,1861.296875,1861.4609375,1861.6171875,1861.8046875,1862.0,1862.1953125,1862.40625,1862.6015625,1862.796875,1862.984375,1863.203125,1863.3671875,1863.5546875,1863.7421875,1863.9375,1864.2890625,1865.1171875,1865.3359375,1865.5234375,1865.71875,1865.90625,1866.09375,1866.2578125,1866.4453125,1866.609375,1866.7890625,1866.953125,1867.1171875,1867.2734375,1867.4375,1867.6171875,1867.78125,1867.9765625,1868.1640625,1868.3515625,1868.546875,1868.734375,1868.921875,1869.1171875,1869.2734375,1869.4375,1869.625,1869.8125,1870.1640625,1870.9609375,1871.1796875,1871.375,1871.59375,1871.78125,1871.9765625,1872.140625,1872.328125,1872.515625,1872.703125,1872.8671875,1873.0546875,1873.21875,1873.3984375,1873.5625,1873.6640625,1873.78125,1873.8828125,1873.984375,1874.1015625,1874.203125,1874.3203125,1874.421875,1874.546875,1874.6484375,1874.765625,1874.8671875,1874.96875,1875.0859375,1875.1875,1875.3125,1875.5,1875.6953125,1875.9140625,1876.1328125,1876.328125,1876.5234375,1877.25,1877.53125,1877.796875,1878.046875,1878.3046875,1878.4296875,1878.5546875,1878.6796875,1878.8046875,1878.90625,1879.03125,1879.15625,1879.28125,1879.3828125,1879.5078125,1879.609375,1879.7265625,1879.828125,1879.953125,1880.078125,1880.203125,1880.3046875,1880.4296875,1880.5546875,1880.65625,1880.78125,1880.8984375,1881.0703125,1881.25,1881.4140625,1881.6015625,1881.796875,1881.984375,1882.171875,1882.3671875,1882.53125,1882.71875,1882.90625,1883.125,1883.5390625,1884.40625,1884.8125,1885.2265625,1885.609375,1885.828125,1886.0546875,1886.28125,1886.5234375,1886.75,1886.9765625,1887.203125,1887.4453125,1887.7421875,1888.0546875,1888.375,1888.71875,1889.0703125,1889.421875,1889.7734375,1890.1484375,1890.5,1890.8515625,1891.171875,1891.484375,1891.7734375,1892.0625,1892.34375,1892.6328125,1892.8828125,1893.109375,1893.359375,1893.5859375,1893.8359375,1894.0625,1894.2890625,1894.5390625,1894.765625,1895.015625,1895.2734375,1895.5546875,1895.8359375,1896.125,1897.2421875,1897.71875,1897.96875,1898.2265625,1898.4765625,1898.6953125,1898.984375,1899.2421875,1899.5234375,1899.78125,1900.0703125,1900.3515625,1900.640625,1900.9296875,1901.3125,1901.75,1902.203125,1903.21875,1903.6953125,1904.203125,1904.703125,1905.2734375,1905.8515625,1906.484375,1907.7578125,1908.359375,1909.0,1909.6328125,1910.015625,1910.3984375,1910.8125,1911.25,1911.7265625,1912.2421875,1912.75,1913.25,1913.671875,1914.078125,1914.4296875,1914.78125,1915.125,1915.4453125,1915.765625,1916.0546875,1916.3125,1916.5859375,1917.1328125,1917.640625,1918.6875,1919.1328125,1919.515625,1919.703125,1919.890625,1920.0859375,1920.2734375,1920.4375,1920.625,1920.8125,1920.9765625,1921.1328125,1921.296875,1921.515625,1921.7421875,1921.9609375,1922.1875,1922.40625,1922.6328125,1922.8828125,1923.109375,1923.296875,1923.4921875,1923.7109375,1923.9296875,1924.34375,1925.2734375,1925.5234375,1925.7421875,1925.96875,1926.1875,1926.40625,1926.6015625,1926.8203125,1927.015625,1927.203125,1927.3984375,1927.5859375,1927.78125,1927.96875,1928.15625,1928.2890625,1928.4453125,1928.6015625,1928.765625,1928.921875,1929.0859375,1929.265625,1929.4296875,1929.59375,1929.78125,1929.96875,1930.1640625,1930.3515625,1930.5703125,1931.3671875,1931.71875,1931.90625,1932.09375,1932.2578125,1932.421875,1932.609375,1932.796875,1932.9921875,1933.1796875,1933.3671875,1933.5546875,1933.7265625,1933.9140625,1934.09375,1934.2578125,1934.421875,1934.609375,1934.7734375,1934.9609375,1935.1484375,1935.3359375,1935.5,1935.6875,1935.875,1936.0703125,1936.484375,1937.3046875,1937.65625,1938.015625,1938.359375,1938.5546875,1938.765625,1938.9609375,1939.1484375,1939.34375,1939.53125,1939.7265625,1939.9140625,1940.109375,1940.296875,1940.484375,1940.6796875,1940.875,1941.09375,1941.3125,1941.5625,1942.078125,1943.5390625,1944.84375,1945.25,1945.5078125,1945.765625,1945.984375,1946.2109375,1946.4921875,1946.7421875,1947.0,1947.2265625,1947.4765625,1947.703125,1947.953125,1948.1796875,1948.4296875,1948.6875,1948.9453125,1949.2265625,1949.484375,1949.765625,1950.0546875,1950.78125,1951.1640625,1951.3828125,1951.578125,1951.765625,1951.921875,1952.1484375,1952.34375,1952.4609375,1952.5625,1952.75,1952.9453125,1953.1328125,1953.234375,1953.328125,1953.421875,1953.515625,1953.640625,1953.7734375,1953.8984375,1954.0234375,1954.1484375,1954.28125,1954.40625,1954.5390625,1954.6640625,1954.7890625,1954.921875,1955.0703125,1955.203125,1955.328125,1955.4609375,1955.609375,1955.7109375,1955.8359375,1956.0625,1956.1875,1956.3125,1956.5703125,1956.7890625,1957.046875,1957.8984375,1958.21875,1958.5390625,1958.6953125,1958.8203125,1958.984375,1959.140625,1959.296875,1959.4296875,1959.5859375,1959.7109375,1959.84375,1960.0,1960.1328125,1960.28125,1960.4140625,1960.546875,1960.6953125,1960.828125,1960.953125,1961.109375,1961.2421875,1961.3984375,1961.53125,1961.6796875,1961.8125,1961.96875,1962.1015625,1962.2578125,1962.3828125,1962.5390625,1962.671875,1962.828125,1962.984375,1963.1484375,1963.3046875,1963.4921875,1963.8125,1964.1640625,1964.5078125,1965.3671875,1965.8203125,1966.2265625,1966.609375,1967.0546875,1967.53125,1967.9765625,1969.0859375,1969.6953125,1970.0078125,1970.328125,1970.640625,1970.9296875,1971.375,1971.8515625,1972.359375,1972.9296875,1973.6015625,1974.515625,1977.734375,1978.296875,1978.75,1979.0625,1979.3515625,1979.609375,1979.8671875,1980.1171875,1980.3671875,1980.59375,1980.8125,1980.9453125,1981.09375,1981.2265625,1981.359375,1981.484375,1981.6328125,1981.765625,1981.890625,1982.0234375,1982.1484375,1982.2734375,1982.40625,1982.53125,1982.65625,1982.78125,1982.9140625,1983.0625,1983.1953125,1983.328125,1983.484375,1983.640625,1983.7734375,1983.9296875,1984.0859375,1984.375,1984.6875,1985.0078125,1985.828125,1986.0625,1986.28125,1986.53125,1986.7578125,1986.9765625,1987.203125,1987.328125,1987.453125,1987.5859375,1987.7109375,1987.8359375,1987.9609375,1988.09375,1988.21875,1988.34375,1988.46875,1988.5703125,1988.6953125,1988.8203125,1988.9453125,1989.046875,1989.171875,1989.265625,1989.359375,1989.453125,1989.5546875,1989.6484375,1989.75,1989.8671875,1989.9609375,1990.15625,1990.2578125,1990.375,1990.5703125,1990.7890625,1990.984375,1991.171875,1991.390625,1991.6171875,1991.8359375,1992.0625,1992.984375,1993.203125,1993.3984375,1993.6171875,1993.8125,1994.0,1994.1953125,1994.4140625,1994.640625,1994.859375,1995.0859375,1995.3046875,1995.5234375,1995.75,1995.9765625,1996.1953125,1996.4140625,1996.640625,1996.8671875,1997.1171875,1997.3671875,1997.6484375,1997.9375,1998.4453125,1999.8515625,2000.328125,2001.40625,2001.71875,2001.9765625,2002.390625,2002.7421875,2003.0859375,2003.4140625,2003.6015625,2003.7890625,2003.9765625,2004.140625,2004.328125,2004.4921875,2004.6796875,2004.875,2005.0625,2005.25,2005.6328125,2006.015625,2007.0546875,2007.3515625,2007.6328125,2007.953125,2008.109375,2008.2734375,2008.4296875,2008.5859375,2008.875,2009.03125,2009.1875,2009.3515625,2009.5078125,2009.6640625,2009.828125,2010.1484375,2010.4296875,2010.75,2011.0390625,2011.734375,2012.078125,2012.40625,2012.5625,2012.71875,2012.875,2013.0390625,2013.1953125,2013.359375,2013.515625,2013.671875,2013.828125,2013.9609375,2014.1796875,2014.3671875,2014.5625,2014.75,2014.9453125,2015.1328125,2015.328125,2015.546875,2015.7421875,2015.953125,2016.1484375,2016.375,2016.59375,2016.8203125,2017.671875,2018.0234375,2018.21875,2018.40625,2018.59375,2018.75,2018.9453125,2019.140625,2019.328125,2019.5234375,2019.7109375,2019.8984375,2020.09375,2020.28125,2020.4375,2020.6015625,2020.7890625,2020.953125,2021.109375,2021.296875,2021.484375,2021.671875,2021.8359375,2021.9921875,2022.15625,2022.34375,2022.6953125,2023.3359375,2023.6171875,2023.875,2024.1328125,2024.4140625,2024.6953125,2024.828125,2024.984375,2025.2421875,2025.4921875,2025.75,2026.0078125,2026.2890625,2026.5390625,2026.796875,2027.59375,2027.875,2028.125,2028.3515625,2028.578125,2028.796875,2028.9921875,2029.1796875,2029.3046875,2029.4296875,2029.53125,2029.65625,2029.78125,2029.90625,2030.0078125,2030.1328125,2030.234375,2030.3515625,2030.453125,2030.578125,2030.703125,2030.8046875,2030.9296875,2031.0546875,2031.1796875,2031.28125,2031.40625,2031.5234375,2031.7578125,2032.0078125,2032.2578125,2032.515625,2032.7734375,2033.46875,2033.6640625,2033.8515625,2034.0703125,2034.2578125,2034.453125,2034.6171875,2034.734375,2034.8359375,2034.9375,2035.0546875,2035.15625,2035.25,2035.375,2035.46875,2035.5625,2035.6640625,2035.78125,2035.8828125,2035.9765625,2036.078125,2036.171875,2036.265625,2036.421875,2036.5859375,2036.7421875,2036.8359375,2036.9296875,2037.09375,2037.28125,2037.4453125,2037.6328125,2037.796875,2037.984375,2038.171875,2038.390625,2038.5859375,2038.78125,2039.6015625,2039.921875,2040.109375,2040.265625,2040.4296875,2040.5859375,2040.78125,2040.96875,2041.15625,2041.3203125,2041.5078125,2041.671875,2041.859375,2042.0234375,2042.140625,2042.234375,2042.3359375,2042.4296875,2042.6171875,2042.71875,2042.8125,2043.0078125,2043.125,2043.2265625,2043.3203125,2043.4453125,2043.546875,2043.671875,2043.859375,2044.046875,2044.2421875,2044.4375,2044.625,2044.8203125,2045.515625,2045.765625,2046.015625,2046.2421875,2046.4921875,2046.71875,2046.9453125,2047.1640625,2047.3828125,2047.578125,2047.765625,2047.9609375,2048.1796875,2048.375,2048.5703125,2048.78125,2048.9140625,2049.0390625,2049.171875,2049.328125,2049.484375,2049.6171875,2049.7734375,2049.9296875,2050.2109375,2050.5,2050.7890625,2051.484375,2051.8359375,2052.1875,2052.5,2052.7890625,2053.0703125,2053.3359375,2053.484375,2053.6171875,2053.7734375,2053.9296875,2054.09375,2054.25,2054.4140625,2054.6015625,2054.765625,2054.9453125,2055.2421875,2055.5859375,2055.90625,2056.6640625,2057.078125,2057.296875,2057.4921875,2057.6875,2057.875,2058.09375,2058.2890625,2058.5078125,2058.6953125,2058.890625,2059.078125,2059.2734375,2059.4609375,2059.65625,2059.84375,2060.0390625,2060.2578125,2060.453125,2060.6640625,2060.859375,2061.078125,2061.2421875,2061.4375,2061.625,2061.84375,2062.2265625,2063.1484375,2063.40625,2063.65625,2063.9140625,2064.1640625,2064.390625,2064.609375,2064.859375,2065.0859375,2065.3125,2065.5625,2065.7890625,2066.015625,2066.2578125,2066.484375,2066.6796875,2066.8671875,2067.0546875,2067.2421875,2067.4375,2067.6328125,2067.8515625,2068.046875,2068.234375,2068.421875,2068.6171875,2068.8359375,2069.25,2070.109375,2070.453125,2070.8125,2071.15625,2071.3515625,2071.5390625,2071.7265625,2071.921875,2072.109375,2072.296875,2072.4609375,2072.6484375,2072.9375,2073.2578125,2073.5703125,2073.9140625,2074.234375,2074.5859375,2074.9453125,2075.984375,2076.3046875,2076.59375,2076.9375,2077.2578125,2077.5703125,2077.8671875,2078.2109375,2078.5625,2078.90625,2079.265625,2079.640625,2080.0234375,2080.4375,2081.578125,2081.9296875,2082.25,2082.625,2082.984375,2083.359375,2083.703125,2084.0,2084.3125,2084.6328125,2084.984375,2085.265625,2085.609375,2086.6953125,2087.140625,2087.5859375,2088.03125,2088.40625,2088.7890625,2090.2265625,2090.5390625,2090.796875,2091.109375,2091.40625,2091.6875,2091.9765625,2092.2578125,2092.515625,2092.796875,2093.0546875,2093.3046875,2093.5625,2093.8203125,2094.1015625,2094.3515625,2094.640625,2095.5625,2095.90625,2096.1015625,2096.2578125,2096.421875,2096.578125,2096.7734375,2096.9609375,2097.1484375,2097.3125,2097.5,2097.6640625,2097.84375,2098.0078125,2098.109375,2098.2265625,2098.421875,2098.5234375,2098.640625,2098.8359375,2098.9375,2099.0546875,2099.25,2099.4453125,2099.5625,2099.65625,2099.7578125,2099.8828125,2100.0078125,2100.109375,2100.328125,2100.453125,2100.5859375,2100.8359375,2101.09375,2101.3515625,2102.0703125,2102.265625,2102.4609375,2102.6796875,2102.8984375,2103.09375,2103.28125,2103.40625,2103.5078125,2103.6328125,2103.734375,2103.8515625,2103.953125,2104.078125,2104.171875,2104.296875,2104.3984375,2104.515625,2104.6171875,2104.7109375,2104.8125,2104.9296875,2105.03125,2105.1875,2105.3515625,2105.4453125,2105.5390625,2105.703125,2105.8828125,2106.0546875,2106.2421875,2106.4296875,2106.59375,2106.78125,2106.96875,2107.1640625,2107.3515625,2107.5703125,2108.3359375,2108.6796875,2108.84375,2109.0078125,2109.1640625,2109.3203125,2109.5078125,2109.671875,2109.859375,2110.0234375,2110.2109375,2110.3671875,2110.53125,2110.6875,2110.84375,2111.0078125,2111.1640625,2111.3203125,2111.484375,2111.640625,2111.8046875,2111.9921875,2112.1484375,2112.3125,2112.5,2112.6875,2113.0390625,2113.7421875,2114.03125,2114.34375,2114.625,2114.7890625,2114.9453125,2115.1015625,2115.265625,2115.421875,2115.578125,2115.7109375,2115.8671875,2116.0234375,2116.15625,2116.3125,2116.46875,2116.6015625,2116.7578125,2116.9140625,2117.078125,2117.359375,2117.671875,2117.9609375,2118.6328125,2118.984375,2119.171875,2119.328125,2119.4921875,2119.6484375,2119.8125,2119.9921875,2120.15625,2120.3125,2120.4765625,2120.6328125,2120.7890625,2120.921875,2121.078125,2121.2421875,2121.421875,2121.5859375,2121.75,2121.9375,2122.1015625,2122.2890625,2122.4453125,2122.6328125,2122.828125,2123.015625,2123.203125,2123.3984375,2124.1328125,2124.4453125,2124.609375,2124.765625,2124.921875,2125.046875,2125.2109375,2125.3984375,2125.5625,2125.71875,2125.875,2126.03125,2126.1953125,2126.328125,2126.484375,2126.640625,2126.796875,2126.9609375,2127.1171875,2127.28125,2127.4609375,2127.625,2127.7578125,2127.9140625,2128.0703125,2128.2265625,2128.515625,2129.25,2129.4375,2129.625,2129.8125,2129.9765625,2130.1640625,2130.3203125,2130.4921875,2130.671875,2130.8359375,2130.9921875,2131.15625,2131.3125,2131.46875,2131.6328125,2131.7890625,2131.9453125,2132.078125,2132.234375,2132.390625,2132.5546875,2132.7109375,2132.8984375,2133.03125,2133.1875,2133.34375,2133.5,2133.7890625,2134.4921875,2134.6796875,2134.8671875,2135.0625,2135.2265625,2135.40625,2135.5703125,2135.7578125,2135.921875,2136.109375,2136.265625,2136.4296875,2136.5859375,2136.7421875,2136.8984375,2137.0625,2137.2265625,2137.3203125,2137.40625,2137.5703125,2137.734375,2137.828125,2137.921875,2138.109375,2138.296875,2138.4609375,2138.6484375,2138.8125,2139.0078125,2139.1875,2139.3828125,2140.109375,2140.3984375,2140.5625,2140.71875,2140.875,2141.0,2141.1640625,2141.3203125,2141.4765625,2141.6328125,2141.765625,2141.921875,2142.0546875,2142.2109375,2142.3046875,2142.3984375,2142.5625,2142.65625,2142.75,2142.84375,2142.9375,2143.1015625,2143.1953125,2143.296875,2143.390625,2143.484375,2143.671875,2143.859375,2144.046875,2144.2421875,2144.4375,2144.625,2144.84375,2145.609375,2145.9296875,2146.1171875,2146.28125,2146.4375,2146.59375,2146.78125,2146.9453125,2147.1328125,2147.296875,2147.4609375,2147.546875,2147.640625,2147.8046875,2147.9609375,2148.125,2148.28125,2148.375,2148.46875,2148.6328125,2148.7890625,2148.8828125,2148.9765625,2149.140625,2149.3359375,2149.4921875,2149.6484375,2149.8046875,2149.9921875,2150.15625,2150.3125,2150.890625,2151.109375,2151.3046875,2151.4921875,2151.6796875,2151.875,2152.0625,2152.21875,2152.3125,2152.40625,2152.5703125,2152.7265625,2152.890625,2152.984375,2153.078125,2153.234375,2153.3984375,2153.5546875,2153.71875,2153.8125,2153.90625,2154.0,2154.09375,2154.2578125,2154.3515625,2154.4453125,2154.5390625,2154.6328125,2154.734375,2154.828125,2155.015625,2155.171875,2155.3359375,2155.5,2155.6875,2155.84375,2156.03125,2156.640625,2156.859375,2157.078125,2157.2734375,2157.5,2157.6171875,2157.71875,2157.90625,2158.0078125,2158.1015625,2158.2265625,2158.3203125,2158.4140625,2158.5078125,2158.609375,2158.703125,2158.796875,2158.890625,2158.9921875,2159.0859375,2159.1796875,2159.2734375,2159.3671875,2159.46875,2159.5625,2159.65625,2159.8125,2159.9453125,2160.0703125,2160.2265625,2160.359375,2160.515625,2160.671875,2160.8359375,2160.9921875,2161.1484375,2161.3125,2161.5,2161.6875,2161.875,2162.609375,2162.9296875,2163.1171875,2163.28125,2163.4375,2163.59375,2163.7578125,2163.9453125,2164.1328125,2164.296875,2164.484375,2164.6484375,2164.8046875,2164.9921875,2165.125,2165.28125,2165.4375,2165.6015625,2165.7578125,2165.921875,2166.078125,2166.265625,2166.421875,2166.5859375,2166.75,2166.9375,2167.3125,2168.046875,2168.359375,2168.6875,2168.84375,2169.0,2169.1875,2169.3515625,2169.5390625,2169.703125,2169.8828125,2170.046875,2170.2109375,2170.3984375,2170.53125,2170.6796875,2170.8125,2170.96875,2171.125,2171.28125,2171.4453125,2171.6015625,2171.890625,2172.1796875,2172.46875,2173.2578125,2173.703125,2173.953125,2174.1796875,2174.3984375,2174.625,2174.84375,2175.0625,2175.2890625,2175.5078125,2175.9296875,2176.8828125,2177.1328125,2177.359375,2177.609375,2177.859375,2178.0859375,2178.3125,2178.53125,2178.7265625,2178.9453125,2179.140625,2179.359375,2179.5546875,2179.7734375,2179.9921875,2180.15625,2180.34375,2180.53125,2180.7265625,2181.1015625,2181.9375,2182.15625,2182.3515625,2182.5625,2182.7578125,2182.9453125,2183.109375,2183.296875,2183.484375,2183.6484375,2183.8359375,2184.0,2184.1875,2184.3515625,2184.53125,2184.703125,2184.8828125,2185.046875,2185.234375,2185.3984375,2185.5859375,2185.7734375,2185.96875,2186.1328125,2186.3125,2186.4765625,2186.671875,2187.046875,2187.71875,2188.0078125,2188.3203125,2188.578125,2188.734375,2188.890625,2189.046875,2189.1796875,2189.3359375,2189.4609375,2189.59375,2189.75,2189.90625,2190.0703125,2190.2265625,2190.3828125,2190.546875,2190.703125,2190.859375,2191.0234375,2191.1796875,2191.3359375,2191.5,2191.6875,2192.0390625,2192.7109375,2192.9921875,2193.3046875,2193.5703125,2193.7265625,2193.8828125,2194.0390625,2194.1953125,2194.328125,2194.484375,2194.640625,2194.7734375,2194.9296875,2195.0625,2195.21875,2195.3671875,2195.5078125,2195.6640625,2195.8203125,2195.9765625,2196.2578125,2196.5546875,2196.8359375,2197.5,2197.8203125,2197.984375,2198.140625,2198.296875,2198.4296875,2198.578125,2198.7109375,2198.84375,2198.9921875,2199.125,2199.25,2199.375,2199.5,2199.6953125,2199.890625,2200.078125,2200.1796875,2200.296875,2200.4921875,2200.6796875,2200.875,2201.09375,2201.2578125,2201.4453125,2201.6328125,2201.828125,2202.015625,2202.203125,2202.8125,2203.0625,2203.2890625,2203.4765625,2203.6953125,2203.890625,2204.078125,2204.2421875,2204.4296875,2204.59375,2204.78125,2204.9453125,2205.125,2205.2890625,2205.3828125,2205.4765625,2205.640625,2205.765625,2205.921875,2206.0546875,2206.2109375,2206.3671875,2206.5234375,2206.6875,2206.8515625,2207.0,2207.1328125,2207.2890625,2207.4453125,2207.734375,2208.4296875,2208.625,2208.7890625,2208.9765625,2209.1640625,2209.328125,2209.484375,2209.671875,2209.828125,2209.9921875,2210.1484375,2210.3125,2210.46875,2210.625,2210.7890625,2210.8828125,2210.9765625,2211.0703125,2211.1640625,2211.265625,2211.359375,2211.453125,2211.546875,2211.640625,2211.7421875,2211.9296875,2212.0234375,2212.125,2212.2421875,2212.34375,2212.5078125,2212.6953125,2212.8828125,2213.0703125,2213.234375,2213.421875,2214.0546875,2214.28125,2214.5078125,2214.7265625,2214.953125,2215.171875,2215.3671875,2215.5546875,2215.75,2215.8671875,2215.9609375,2216.0625,2216.15625,2216.25,2216.34375,2216.4453125,2216.5390625,2216.6328125,2216.7265625,2216.828125,2216.921875,2217.109375,2217.2421875,2217.3984375,2217.5546875,2217.71875,2217.875,2218.03125,2218.1953125,2218.3828125,2218.5390625,2218.671875,2218.828125,2219.015625,2219.3359375,2219.96875,2220.2265625,2220.484375,2220.734375,2221.015625,2221.2734375,2221.53125,2221.78125,2222.0390625,2222.2890625,2222.546875,2222.8046875,2223.0546875,2223.34375,2223.625,2224.4453125,2224.671875,2224.8984375,2225.1484375,2225.40625,2225.65625,2225.8828125,2226.1328125,2226.390625,2226.6484375,2226.9296875,2227.1796875,2227.4375,2228.296875,2228.609375,2228.7734375,2228.9296875,2229.0859375,2229.21875,2229.375,2229.5390625,2229.6953125,2229.859375,2230.015625,2230.171875,2230.328125,2230.4609375,2230.6484375,2230.7421875,2230.8359375,2231.0,2231.09375,2231.1875,2231.28125,2231.375,2231.5390625,2231.7265625,2231.9140625,2232.109375,2232.3046875,2232.5234375,2232.7421875,2232.9609375,2233.1875,2233.4140625,2234.015625,2234.203125,2234.359375,2234.5546875,2234.7109375,2234.875,2235.03125,2235.125,2235.2265625,2235.3203125,2235.4140625,2235.5078125,2235.6015625,2235.765625,2235.859375,2235.953125,2236.046875,2236.1171875,2236.2109375,2236.296875,2236.3671875,2236.4609375,2236.5859375,2236.6875,2236.8046875,2236.90625,2237.03125,2237.1328125,2237.2578125,2237.359375,2237.4765625,2237.6015625,2237.703125,2237.828125,2237.953125,2238.0546875,2238.1796875,2238.3046875,2238.3984375,2238.5,2238.6171875,2238.71875,2238.8203125,2238.9375,2239.0390625,2239.1640625,2239.359375,2239.578125,2239.796875,2240.3046875,2240.5625,2240.8203125,2240.9453125,2241.0703125,2241.1953125,2241.328125,2241.453125,2241.578125,2241.703125,2241.8046875,2241.921875,2242.0234375,2242.1484375,2242.25,2242.3671875,2242.46875,2242.5703125,2242.6875,2242.7890625,2242.8828125,2242.984375,2243.1015625,2243.203125,2243.296875,2243.390625,2243.515625,2243.6171875,2243.734375,2243.8046875,2243.8984375,2244.0546875,2244.125,2244.21875,2244.375,2244.5390625,2244.6328125,2244.7265625,2244.890625,2245.078125,2245.234375,2245.390625,2245.5546875,2245.7421875,2246.0625,2246.6640625,2246.9140625,2247.140625,2247.359375,2247.5859375,2247.8046875,2248.0234375,2248.21875,2248.3203125,2248.4375,2248.6328125,2248.828125,2249.015625,2249.1171875,2249.234375,2249.4296875,2249.625,2249.7421875,2249.8359375,2249.9375,2250.0625,2250.1875,2250.3125,2250.4453125,2250.5703125,2250.828125,2251.109375,2251.3984375,2251.6875,2252.3203125,2252.578125,2252.859375,2253.1171875,2253.4296875,2253.71875,2253.875,2254.0078125,2254.2890625,2254.4453125,2254.578125,2254.859375,2255.1484375,2255.4609375,2255.7265625,2256.03125,2256.9921875,2257.34375,2257.53125,2257.71875,2258.0390625,2258.2265625,2258.390625,2258.5546875,2258.734375,2258.8984375,2259.0546875,2259.21875,2259.375,2259.5390625,2259.71875,2259.8828125,2260.046875,2260.2265625,2260.390625,2260.578125,2260.7734375,2261.09375,2261.4453125,2261.7890625,2262.6484375,2262.8984375,2263.125,2263.3828125,2263.6328125,2263.859375,2264.078125,2264.203125,2264.3359375,2264.4609375,2264.5859375,2264.7109375,2264.84375,2264.96875,2265.09375,2265.21875,2265.34375,2265.5703125,2265.6953125,2265.8203125,2265.9453125,2266.0546875,2266.171875,2266.296875,2266.421875,2266.53125,2266.65625,2266.78125,2266.90625,2267.03125,2267.15625,2267.2890625,2267.4140625,2267.5390625,2267.6640625,2267.796875,2268.0546875,2268.2734375,2268.5,2268.75,2269.0078125,2269.2265625,2269.484375,2270.3046875,2270.59375,2270.875,2271.1328125,2271.4140625,2271.671875,2271.921875,2272.1484375,2272.2734375,2272.40625,2272.53125,2272.65625,2272.78125,2272.90625,2273.0078125,2273.1328125,2273.2578125,2273.359375,2273.4765625,2273.578125,2273.703125,2273.8046875,2273.921875,2274.0234375,2274.1484375,2274.2734375,2274.3984375,2274.5078125,2274.625,2274.7578125,2274.8828125,2275.0078125,2275.1328125,2275.265625,2275.390625,2275.515625,2275.640625,2275.7734375,2275.8984375,2276.03125,2276.15625,2276.2734375,2276.375,2276.5078125,2276.6328125,2276.7578125,2276.8828125,2277.0390625,2277.265625,2277.546875,2277.8046875,2278.5,2278.6953125,2278.8828125,2279.1015625,2279.296875,2279.484375,2279.6484375,2279.8671875,2280.0625,2280.25,2280.4453125,2280.6328125,2280.7265625,2280.828125,2281.015625,2281.109375,2281.203125,2281.296875,2281.3984375,2281.4921875,2281.5859375,2281.6796875,2281.7734375,2281.875,2281.96875,2282.15625,2282.3515625,2282.546875,2282.6640625,2282.7578125,2282.953125,2283.140625,2283.3359375,2283.5546875,2283.75,2283.96875,2284.7578125,2285.078125,2285.2421875,2285.40625,2285.5625,2285.71875,2285.90625,2286.0703125,2286.2578125,2286.421875,2286.6015625,2286.765625,2286.921875,2287.0859375,2287.2421875,2287.40625,2287.5859375,2287.75,2287.9140625,2288.1015625,2288.265625,2288.4453125,2288.578125,2288.7421875,2288.8984375,2289.0859375,2289.40625,2290.140625,2290.328125,2290.515625,2290.703125,2290.8671875,2291.0546875,2291.2109375,2291.375,2291.53125,2291.6875,2291.84375,2291.984375,2292.1328125,2292.265625,2292.421875,2292.5234375,2292.640625,2292.7421875,2292.8359375,2292.9296875,2293.0234375,2293.125,2293.21875,2293.3125,2293.4140625,2293.53125,2293.625,2293.7265625,2293.8203125,2293.921875,2294.0390625,2294.140625,2294.234375,2294.359375,2294.4609375,2294.578125,2294.6796875,2294.8046875,2294.9375,2295.15625,2295.4140625,2295.6640625,2296.390625,2296.6171875,2296.8046875,2297.03125,2297.25,2297.4453125,2297.6328125,2297.7578125,2297.8828125,2297.984375,2298.109375,2298.234375,2298.3359375,2298.453125,2298.5546875,2298.6796875,2298.78125,2298.8984375,2299.0,2299.125,2299.2265625,2299.34375,2299.4453125,2299.6015625,2299.765625,2299.921875,2300.0859375,2300.2421875,2300.4296875,2300.59375,2300.78125,2300.9375,2301.1015625,2301.2890625,2301.4765625,2301.828125,2302.5546875,2302.84375,2303.1640625,2303.4453125,2303.609375,2303.765625,2303.9296875,2304.0859375,2304.2421875,2304.3984375,2304.53125,2304.6875,2304.8203125,2304.9765625,2305.1328125,2305.296875,2305.453125,2305.609375,2305.7734375,2305.9609375,2306.1171875,2306.28125,2306.4375,2306.6328125,2307.0078125,2307.703125,2307.9921875,2308.3125,2308.59375,2308.7578125,2308.9140625,2309.078125,2309.234375,2309.390625,2309.546875,2309.6796875,2309.8359375,2309.9921875,2310.1484375,2310.2890625,2310.4453125,2310.6015625,2310.7578125,2310.921875,2311.109375,2311.390625,2311.7109375,2312.0,2312.6953125,2313.046875,2313.234375,2313.3984375,2313.5546875,2313.7109375,2313.875,2314.03125,2314.1875,2314.34375,2314.4765625,2314.6328125,2314.765625,2314.921875,2315.046875,2315.1484375,2315.2734375,2315.390625,2315.4921875,2315.6171875,2315.71875,2315.84375,2315.96875,2316.0703125,2316.1953125,2316.3203125,2316.546875,2316.671875,2316.796875,2316.9921875,2317.2109375,2317.4296875,2317.6796875,2317.875,2318.1015625,2318.859375,2319.140625,2319.40625,2319.65625,2319.9140625,2320.1640625,2320.390625,2320.609375,2320.734375,2320.859375,2320.9609375,2321.0859375,2321.2109375,2321.3125,2321.4296875,2321.53125,2321.6328125,2321.75,2321.8515625,2321.9765625,2322.078125,2322.1953125,2322.296875,2322.4140625,2322.609375,2322.8046875,2322.921875,2323.0234375,2323.21875,2323.4375,2323.6328125,2323.8515625,2324.078125,2324.265625,2324.453125,2324.6484375,2324.875,2325.28125,2326.0390625,2326.328125,2326.6171875,2326.875,2327.15625,2327.4453125,2327.59375,2327.7265625,2327.9765625,2328.109375,2328.265625,2328.3984375,2328.5234375,2328.65625,2328.8046875,2328.9375,2329.0625,2329.1953125,2329.34375,2329.4765625,2329.609375,2329.7578125,2329.890625,2330.046875,2330.1796875,2330.3671875,2330.5546875,2330.7421875,2330.9375,2331.1328125,2331.3515625,2331.5703125,2331.7890625,2332.1484375,2332.5625,2332.96875,2334.1796875,2334.5625,2334.90625,2335.3203125,2335.703125,2336.0859375,2336.5,2336.8828125,2337.296875,2337.734375,2338.21875,2338.8515625,2339.7109375,2340.8203125,2341.546875,2341.9609375,2342.3125,2342.6640625,2342.984375,2343.296875,2343.6171875,2343.9296875,2344.2265625,2344.5078125,2344.7890625,2345.078125,2345.390625,2345.9375,2347.296875,2347.65625,2348.0,2348.3828125,2348.765625,2349.140625,2349.4921875,2349.6875,2349.875,2350.0703125,2350.2578125,2350.4453125,2350.640625,2350.8359375,2351.0546875,2351.3984375,2351.78125,2352.1328125,2352.984375,2353.40625,2353.8203125,2354.1953125,2354.390625,2354.578125,2354.765625,2354.9296875,2355.1171875,2355.3046875,2355.46875,2355.65625,2355.8203125,2356.0078125,2356.171875,2356.359375,2356.5234375,2356.7109375,2356.8984375,2357.09375,2357.40625,2357.7578125,2358.109375,2358.90625,2359.3125,2359.7265625,2360.078125,2360.265625,2360.4296875,2360.6171875,2360.78125,2360.9609375,2361.125,2361.3125,2361.4765625,2361.7890625,2362.0859375,2362.3984375,2362.75,2363.03125,2363.3515625,2364.3984375,2364.75,2365.125,2365.4453125,2365.6328125,2365.796875,2365.953125,2366.1171875,2366.2734375,2366.4296875,2366.59375,2366.75,2367.0078125,2367.265625,2367.5390625,2367.796875,2368.0546875,2368.3359375,2368.625,2368.90625,2369.1328125,2369.390625,2369.671875,2369.9609375,2370.46875,2371.7734375,2372.1484375,2372.5,2372.8125,2373.109375,2373.421875,2373.7421875,2374.25,2374.7890625,2376.7265625,2378.28125,2378.765625,2379.2109375,2379.6171875,2380.0,2380.3515625,2380.609375,2380.859375,2381.109375,2381.3359375,2381.5625,2381.8125,2382.0625,2382.3203125,2382.734375,2383.2109375,2383.65625,2384.734375,2385.3046875,2385.59375,2385.875,2386.140625,2386.4140625,2386.859375,2387.3125,2387.75,2388.6796875,2389.1171875,2389.5,2389.8515625,2390.0703125,2390.265625,2390.453125,2390.6484375,2390.8359375,2391.0234375,2391.1875,2391.375,2391.5390625,2391.7265625,2391.9140625,2392.078125,2392.265625,2392.4296875,2392.6171875,2392.8046875,2393.09375,2393.40625,2393.7265625,2394.046875,2394.3671875,2394.71875,2395.125,2396.3671875,2396.78125,2397.1875,2397.640625,2398.0859375,2398.5546875,2399.0078125,2399.296875,2399.6015625,2399.890625,2400.1796875,2400.46875,2400.75,2401.03125,2401.2890625,2401.5390625,2401.765625,2401.9921875,2402.21875,2402.4375,2402.65625,2402.8515625,2403.046875,2403.3515625,2403.640625,2403.9296875,2404.1875,2404.46875,2404.75,2405.015625,2405.296875,2405.5546875,2405.8359375,2406.125,2406.4375,2406.7265625,2407.015625,2407.3046875,2408.0859375,2408.5,2408.7265625,2408.9453125,2409.140625,2409.3359375,2409.5859375,2409.8046875,2410.03125,2410.25,2410.3515625,2410.4765625,2410.6953125,2410.890625,2410.984375,2411.109375,2411.3046875,2411.421875,2411.5234375,2411.71875,2411.9375,2412.1328125,2412.3515625,2412.5703125,2412.796875,2412.9921875,2413.2109375,2413.4296875,2413.65625,2413.875,2414.1015625,2415.0234375,2415.40625,2415.625,2415.8125,2416.0078125,2416.1953125,2416.421875,2416.640625,2416.859375,2417.0546875,2417.2734375,2417.46875,2417.6875,2417.90625,2418.171875,2418.453125,2418.734375,2419.0234375,2419.3046875,2419.59375,2420.765625,2421.03125,2421.28125,2421.5625,2421.828125,2422.1015625,2422.3671875,2422.6171875,2422.8984375,2423.15625,2423.4375,2423.953125,2425.15625,2425.4765625,2425.7578125,2426.046875,2426.3359375,2426.6171875,2426.90625,2427.15625,2427.4140625,2427.6953125,2427.984375,2428.4921875,2429.6328125,2429.921875,2430.1796875,2430.4609375,2430.71875,2430.9765625,2431.2265625,2431.546875,2431.859375,2432.1796875,2432.5,2432.8125,2433.1328125,2433.421875,2434.1484375,2434.53125,2434.7265625,2434.9140625,2435.1015625,2435.2578125,2435.453125,2435.6484375,2435.8359375,2436.0234375,2436.2109375,2436.375,2436.5625,2436.7265625,2436.9453125,2437.1640625,2437.359375,2437.5859375,2437.8046875,2438.03125,2438.25,2438.5,2438.6953125,2438.890625,2439.109375,2439.328125,2439.546875,2439.7734375,2440.5703125,2440.8828125,2441.2109375,2441.5234375,2441.7109375,2441.8671875,2442.03125,2442.1875,2442.3515625,2442.5078125,2442.6640625,2442.828125,2442.984375,2443.1484375,2443.328125,2443.4921875,2443.6484375,2443.8125,2443.96875,2444.15625,2444.3203125,2444.5078125,2444.6953125,2444.890625,2445.3046875,2446.1640625,2446.5390625,2446.921875,2447.2734375,2447.4921875,2447.6875,2447.90625,2448.1015625,2448.296875,2448.5078125,2448.703125,2448.8984375,2449.0546875,2449.21875,2449.3984375,2449.5625,2449.9140625,2450.2890625,2450.609375,2450.9609375,2452.234375,2452.8046875,2453.1171875,2453.40625,2453.6953125,2454.015625,2454.4296875,2454.90625,2456.5546875,2458.015625,2458.5234375,2459.0,2459.4140625,2459.7890625,2459.953125,2460.140625,2460.3046875,2460.4921875,2460.65625,2460.8125,2460.96875,2461.1328125,2461.2890625,2461.4453125,2461.640625,2461.828125,2462.0234375,2462.2421875,2462.4375,2462.65625,2462.875,2463.09375,2463.2890625,2463.4765625,2463.671875,2463.890625,2464.3046875,2465.359375,2465.6796875,2465.984375,2466.3125,2466.6328125,2466.9453125,2467.265625,2467.546875,2467.8359375,2468.1484375,2468.46875,2468.7578125,2469.0703125,2470.21875,2470.7265625,2471.0078125,2471.265625,2471.5234375,2471.7734375,2472.03125,2472.28125,2472.5390625,2472.7890625,2473.265625,2474.3203125,2474.5703125,2474.8203125,2475.078125,2475.296875,2475.5234375,2475.71875,2475.9375,2476.1640625,2476.3828125,2476.6015625,2476.8203125,2477.0234375,2477.2421875,2477.4609375,2477.65625,2477.84375,2478.0390625,2478.2578125,2478.640625,2479.5,2479.71875,2479.9140625,2480.1328125,2480.3203125,2480.5078125,2480.671875,2480.859375,2481.0234375,2481.2109375,2481.375,2481.5546875,2481.71875,2481.8828125,2482.0390625,2482.140625,2482.2578125,2482.359375,2482.453125,2482.5546875,2482.671875,2482.8671875,2482.984375,2483.0859375,2483.1875,2483.3046875,2483.40625,2483.53125,2483.65625,2483.7578125,2483.9453125,2484.1328125,2484.328125,2484.5546875,2484.7421875,2484.9609375,2485.65625,2485.9140625,2486.171875,2486.3984375,2486.6484375,2486.7734375,2486.8984375,2487.0234375,2487.125,2487.25,2487.34375,2487.46875,2487.59375,2487.6953125,2487.8203125,2487.9453125,2488.046875,2488.1640625,2488.265625,2488.390625,2488.4921875,2488.609375,2488.7109375,2488.8359375,2488.9375,2489.0546875,2489.15625,2489.28125,2489.4140625,2489.5703125,2489.703125,2489.8515625,2489.984375,2490.140625,2490.3046875,2490.4609375,2490.6171875,2490.7734375,2490.9375,2491.28125,2491.984375,2492.2734375,2492.5859375,2492.875,2493.0390625,2493.21875,2493.3828125,2493.5390625,2493.703125,2493.859375,2494.015625,2494.1796875,2494.3359375,2494.46875,2494.625,2494.78125,2494.9375,2495.1015625,2495.2578125,2495.4453125,2495.734375,2496.0546875,2496.3671875,2497.1328125,2497.515625,2497.734375,2497.921875,2498.1171875,2498.28125,2498.46875,2498.6640625,2498.8515625,2499.046875,2499.234375,2499.421875,2499.609375,2499.8046875,2499.9609375,2500.125,2500.3046875,2500.46875,2500.6328125,2500.8203125,2500.984375,2501.171875,2501.515625,2501.8984375,2502.3125,2503.1953125,2503.578125,2503.9921875,2504.375,2504.6015625,2504.8203125,2505.046875,2505.265625,2505.484375,2505.6875,2505.90625,2506.125,2506.4140625,2506.6953125,2506.984375,2507.2734375,2507.5859375,2507.90625,2508.2265625,2508.5703125,2508.890625,2509.2421875,2509.5859375,2509.90625,2510.2265625,2510.546875,2510.859375,2511.1796875,2511.5,2511.84375,2512.1953125,2512.5390625,2512.8671875,2513.2421875,2514.515625,2515.0546875,2515.3359375,2515.59375,2515.8515625,2516.109375,2516.421875,2516.7421875,2517.0625,2517.40625,2517.6953125,2518.015625,2519.0859375,2519.46875,2519.8515625,2520.0390625,2520.203125,2520.421875,2520.6171875,2520.8359375,2521.0234375,2521.21875,2521.40625,2521.6015625,2521.765625,2521.890625,2522.0078125,2522.109375,2522.234375,2522.3359375,2522.4609375,2522.5859375,2522.7109375,2522.9375,2523.0625,2523.1875,2523.4140625,2523.5390625,2523.6640625,2523.859375,2524.078125,2524.3046875,2524.53125,2524.7421875,2524.96875,2525.703125,2525.984375,2526.2421875,2526.5,2526.75,2526.875,2527.0078125,2527.1328125,2527.2578125,2527.484375,2527.609375,2527.734375,2527.859375,2527.984375,2528.1171875,2528.2421875,2528.3671875,2528.46875,2528.59375,2528.71875,2528.84375,2528.9453125,2529.0703125,2529.1953125,2529.3203125,2529.421875,2529.5390625,2529.640625,2529.8359375,2529.953125,2530.0546875,2530.15625,2530.2734375,2530.375,2530.5,2530.71875,2530.9453125,2531.0703125,2531.203125,2531.390625,2531.609375,2531.828125,2532.0546875,2532.2734375,2532.5,2533.265625,2533.5859375,2533.8984375,2534.1796875,2534.46875,2534.7578125,2535.0390625,2535.296875,2535.5546875,2535.8046875,2536.0625,2536.3125,2536.5625,2536.796875,2537.046875,2537.296875,2537.546875,2537.78125,2538.03125,2538.28125,2538.5390625,2538.796875,2539.0546875,2539.3359375,2539.59375,2539.875,2540.1640625,2540.4765625,2540.765625,2541.0859375,2542.2265625,2542.671875,2542.921875,2543.1484375,2543.3671875,2543.5625,2543.8125,2544.0625,2544.2890625,2544.515625,2544.734375,2544.9609375,2545.1796875,2545.3984375,2545.59375,2545.7890625,2546.0,2546.1953125,2546.390625,2546.609375,2546.8046875,2547.0234375,2547.2109375,2547.40625,2547.625,2547.8515625,2548.0703125,2548.2890625,2549.0859375,2549.40625,2549.75,2550.046875,2550.234375,2550.3984375,2550.578125,2550.7421875,2550.8984375,2551.0625,2551.21875,2551.375,2551.5390625,2551.7265625,2551.9140625,2552.1015625,2552.2734375,2552.4609375,2552.6484375,2552.84375,2553.03125,2553.21875,2553.40625,2553.6015625,2553.984375,2554.75,2555.0625,2555.3828125,2555.671875,2555.8515625,2556.015625,2556.171875,2556.3359375,2556.4921875,2556.65625,2556.8125,2556.96875,2557.125,2557.2890625,2557.4453125,2557.6015625,2557.765625,2557.921875,2558.0859375,2558.2734375,2558.4296875,2558.5859375,2558.90625,2559.1953125,2559.921875,2560.2734375,2560.4609375,2560.625,2560.78125,2560.9375,2561.1015625,2561.2578125,2561.4140625,2561.5703125,2561.7109375,2561.859375,2561.9921875,2562.1484375,2562.34375,2562.53125,2562.71875,2562.9140625,2563.109375,2563.3203125,2563.515625,2563.734375,2563.8984375,2564.0859375,2564.2734375,2564.46875,2564.8203125,2565.453125,2565.671875,2565.8984375,2566.0859375,2566.28125,2566.4765625,2566.6640625,2566.8515625,2567.0390625,2567.203125,2567.390625,2567.5546875,2567.6484375,2567.7421875,2567.8984375,2568.0625,2568.21875,2568.3203125,2568.4375,2568.5390625,2568.6328125,2568.734375,2568.8515625,2568.953125,2569.046875,2569.140625,2569.265625,2569.3671875,2569.484375,2569.5859375,2569.7109375,2569.8125,2569.9375,2570.125,2570.3203125,2570.5390625,2570.7578125,2570.953125,2571.171875,2571.8671875,2572.1328125,2572.4140625,2572.6640625,2572.921875,2573.046875,2573.1796875,2573.3046875,2573.4296875,2573.5546875,2573.65625,2573.78125,2573.90625,2574.0078125,2574.125,2574.2265625,2574.3515625,2574.4765625,2574.578125,2574.796875,2574.921875,2575.046875,2575.2734375,2575.3984375,2575.53125,2575.75,2575.9765625,2576.2265625,2576.484375,2576.734375,2576.984375,2578.0078125,2578.453125,2578.703125,2578.9296875,2579.1796875,2579.40625,2579.625,2579.8515625,2580.078125,2580.328125,2580.7734375,2581.84375,2582.1328125,2582.390625,2582.6796875,2582.9609375,2583.21875,2583.5,2583.7890625,2584.1015625,2584.3984375,2584.7109375,2584.9921875,2585.28125,2586.234375,2586.5859375,2586.90625,2587.21875,2587.3828125,2587.5390625,2587.6953125,2587.8515625,2587.984375,2588.140625,2588.2734375,2588.4296875,2588.6171875,2588.78125,2588.96875,2589.15625,2589.3203125,2589.5078125,2589.703125,2589.890625,2590.046875,2590.2109375,2590.375,2590.5625,2590.90625,2591.703125,2591.921875,2592.109375,2592.3046875,2592.4921875,2592.65625,2592.84375,2593.03125,2593.1953125,2593.3828125,2593.546875,2593.7109375,2593.890625,2594.0546875,2594.2109375,2594.40625,2594.59375,2594.7890625,2594.90625,2595.0078125,2595.203125,2595.421875,2595.640625,2595.859375,2596.0234375,2596.21875,2596.40625,2596.625,2596.8125,2597.0078125,2597.703125,2597.9609375,2598.21875,2598.4375,2598.6875,2598.9140625,2599.140625,2599.359375,2599.484375,2599.5859375,2599.703125,2599.8046875,2599.9296875,2600.03125,2600.1484375,2600.25,2600.3515625,2600.46875,2600.6640625,2600.765625,2600.8828125,2600.984375,2601.109375,2601.2109375,2601.328125,2601.5234375,2601.6171875,2601.7421875,2601.84375,2601.96875,2602.1953125,2602.3125,2602.4375,2602.6640625,2602.921875,2603.109375,2603.328125,2603.5546875,2603.78125,2604.21875,2605.046875,2605.3671875,2605.71875,2606.0390625,2606.3828125,2606.7265625,2607.046875,2607.3671875,2607.65625,2607.96875,2608.2578125,2608.546875,2608.859375,2609.1484375,2609.4375,2609.75,2609.9140625,2610.1015625,2610.265625,2610.4453125,2610.609375,2610.7734375,2610.953125,2611.1171875,2611.28125,2611.4609375,2611.625,2611.7890625,2611.96875,2612.1328125,2612.296875,2612.484375,2612.8046875,2613.1171875,2613.4375,2613.7890625,2614.1015625,2614.4296875,2614.7734375,2615.5703125,2616.0078125,2616.234375,2616.453125,2616.6484375,2616.84375,2617.09375,2617.3125,2617.5390625,2617.7578125,2617.984375,2618.203125,2618.3984375,2618.6171875,2618.8046875,2618.96875,2619.1328125,2619.3125,2619.4765625,2619.6640625,2619.828125,2620.015625,2620.203125,2620.3984375,2620.59375,2620.8046875,2621.2265625,2622.046875,2622.3984375,2622.59375,2622.78125,2622.9375,2623.1015625,2623.2890625,2623.484375,2623.671875,2623.859375,2624.0546875,2624.2421875,2624.4296875,2624.59375,2624.78125,2624.9453125,2625.1328125,2625.3203125,2625.515625,2625.703125,2625.890625,2626.0859375,2626.2421875,2626.40625,2626.59375,2626.78125,2627.1328125,2627.9609375,2628.1796875,2628.375,2628.59375,2628.8125,2629.0078125,2629.1953125,2629.390625,2629.578125,2629.7734375,2629.9609375,2630.15625,2630.34375,2630.53125,2630.6953125,2630.8515625,2631.0078125,2631.171875,2631.328125,2631.484375,2631.6484375,2631.8046875,2631.9921875,2632.28125,2632.625,2632.921875,2633.6796875,2634.0625,2634.25,2634.4140625,2634.6015625,2634.7578125,2634.9453125,2635.109375,2635.296875,2635.4609375,2635.6171875,2635.78125,2635.9375,2636.09375,2636.21875,2636.3203125,2636.4375,2636.5390625,2636.6640625,2636.765625,2636.8828125,2636.984375,2637.109375,2637.2109375,2637.328125,2637.4296875,2637.53125,2637.6484375,2637.75,2637.875,2638.0,2638.1015625,2638.2265625,2638.3515625,2638.4765625,2638.609375,2638.734375,2638.890625,2639.1484375,2639.4296875,2639.71875,2640.4765625,2640.703125,2640.8984375,2641.1171875,2641.34375,2641.5625,2641.7578125,2641.8828125,2642.0078125,2642.1328125,2642.234375,2642.359375,2642.4765625,2642.578125,2642.703125,2642.828125,2642.9296875,2643.0546875,2643.1484375,2643.2421875,2643.34375,2643.4609375,2643.5625,2643.6953125,2643.84375,2643.9765625,2644.109375,2644.2578125,2644.390625,2644.5234375,2644.671875,2644.8046875,2644.9609375,2645.09375,2645.2421875,2645.375,2645.53125,2645.6640625,2645.8203125,2645.9453125,2646.0703125,2646.203125,2646.328125,2646.453125,2646.5859375,2646.7109375,2646.8671875,2647.1171875,2647.375,2647.6328125,2648.265625,2648.6171875,2648.7734375,2648.9375,2649.09375,2649.25,2649.4140625,2649.5703125,2649.7265625,2649.859375,2650.0078125,2650.140625,2650.2734375,2650.421875,2650.5546875,2650.6875,2650.8359375,2650.96875,2651.1015625,2651.25,2651.3828125,2651.5078125,2651.6328125,2651.765625,2651.9140625,2652.046875,2652.171875,2652.3046875,2652.4296875,2652.5859375,2652.71875,2652.875,2653.03125,2653.1953125,2653.3515625,2653.5078125,2653.671875,2653.859375,2654.015625,2654.1796875,2654.3359375,2654.53125,2654.90625,2655.609375,2655.921875,2656.2421875,2656.53125,2656.71875,2656.875,2657.0390625,2657.1953125,2657.3515625,2657.515625,2657.671875,2657.8359375,2657.9921875,2658.1484375,2658.3125,2658.4921875,2658.65625,2658.8203125,2658.9765625,2659.1640625,2659.328125,2659.515625,2659.703125,2659.890625,2660.2734375,2661.0390625,2661.359375,2661.703125,2662.0,2662.1875,2662.375,2662.5625,2662.7265625,2662.890625,2663.0703125,2663.234375,2663.3984375,2663.578125,2663.7421875,2663.8984375,2664.0625,2664.25,2664.4140625,2664.6015625,2664.7890625,2665.109375,2665.453125,2665.78125,2666.6640625,2667.140625,2667.3984375,2667.6484375,2667.8984375,2668.1328125,2668.40625,2668.6640625,2668.921875,2669.203125,2669.4609375,2669.75,2670.03125,2670.3203125,2670.5703125,2670.828125,2671.1171875,2671.4609375,2674.1328125,2674.765625,2675.0234375,2675.28125,2675.53125,2675.75,2675.9765625,2676.171875,2676.3828125,2676.578125,2676.7734375,2676.9921875,2677.1875,2677.375,2677.5625,2677.7578125,2677.9765625,2678.171875,2678.5234375,2678.90625,2679.28125,2680.109375,2680.5234375,2680.7421875,2680.9296875,2681.1171875,2681.28125,2681.4765625,2681.6640625,2681.8515625,2682.015625,2682.203125,2682.3671875,2682.5546875,2682.71875,2682.9296875,2683.125,2683.3203125,2683.5078125,2683.6953125,2683.890625,2684.0859375,2684.3046875,2684.4921875,2684.65625,2684.84375,2685.0625,2685.4140625,2686.3046875,2686.53125,2686.7421875,2686.96875,2687.1640625,2687.3515625,2687.5390625,2687.734375,2687.921875,2688.0859375,2688.2734375,2688.4609375,2688.6484375,2688.8203125,2689.0078125,2689.1640625,2689.328125,2689.5078125,2689.671875,2689.8359375,2690.015625,2690.1796875,2690.3671875,2690.5,2690.6640625,2690.8203125,2691.0078125,2691.328125,2692.1171875,2692.3359375,2692.53125,2692.7265625,2692.9140625,2693.1015625,2693.265625,2693.453125,2693.640625,2693.8046875,2693.9921875,2694.1796875,2694.34375,2694.5,2694.6640625,2694.78125,2694.8828125,2694.984375,2695.1015625,2695.203125,2695.328125,2695.4296875,2695.546875,2695.6484375,2695.7734375,2695.8984375,2696.0,2696.125,2696.25,2696.4765625,2696.6640625,2696.8828125,2697.109375,2697.328125,2697.5234375,2697.7421875,2698.5078125,2698.796875,2699.109375,2699.3671875,2699.6484375,2699.9296875,2700.1875,2700.4453125,2700.6953125,2700.828125,2700.953125,2701.078125,2701.2109375,2701.4609375,2701.5859375,2701.71875,2701.96875,2702.2265625,2702.5078125,2702.734375,2702.953125,2703.1796875,2703.4296875,2703.6875,2703.96875,2705.1796875,2705.46875,2705.75,2706.0703125,2706.3828125,2706.6796875,2706.9921875,2707.28125,2707.59375,2707.9140625,2708.234375,2708.515625,2708.8359375,2709.9765625,2710.421875,2710.8984375,2711.3125,2711.5625,2711.7890625,2712.0390625,2712.265625,2712.4921875,2712.7109375,2712.9375,2713.1875,2713.4140625,2713.6640625,2713.890625,2714.140625,2714.390625,2714.6484375,2715.15625,2715.6640625,2716.234375,2716.8125,2718.4609375,2718.96875,2719.4140625,2719.9296875,2720.4296875,2720.90625,2721.3828125,2721.796875,2722.21875,2722.65625,2723.1015625,2723.484375,2723.9296875,2725.421875,2726.0234375,2726.34375,2726.6328125,2726.9140625,2727.203125,2727.515625,2727.8046875,2728.1171875,2728.4375,2729.0390625,2730.375,2730.7265625,2731.046875,2731.3984375,2731.7421875,2732.0625,2732.3828125,2732.6328125,2732.890625,2733.140625,2733.3984375,2733.6484375,2733.90625,2734.1640625,2734.4453125,2734.671875,2734.921875,2735.1796875,2735.4609375,2735.7109375,2735.9765625,2736.953125,2737.3359375,2737.75,2738.1328125,2738.3515625,2738.546875,2738.765625,2738.9609375,2739.1796875,2739.3671875,2739.5625,2739.75,2739.9765625,2740.203125,2740.4453125,2740.671875,2740.8984375,2741.125,2741.3671875,2741.6015625,2741.8515625,2742.1015625,2742.359375,2742.640625,2742.8984375,2743.2109375,2744.328125,2744.8046875,2745.0625,2745.3125,2745.5625,2745.7890625,2746.0703125,2746.328125,2746.5859375,2746.84375,2747.09375,2747.3515625,2747.6015625,2747.8515625,2748.046875,2748.234375,2748.4296875,2748.625,2748.8359375,2749.03125,2749.2265625,2749.4453125,2749.640625,2749.859375,2750.078125,2750.3046875,2750.78125,2751.703125,2752.078125,2752.46875,2752.84375,2753.0625,2753.2578125,2753.4765625,2753.671875,2753.859375,2754.0546875,2754.2421875,2754.4296875,2754.625,2754.8125,2755.0078125,2755.203125,2755.4140625,2755.609375,2755.8046875,2756.0234375,2756.375,2756.7578125,2757.1328125,2757.9921875,2758.40625,2758.625,2758.8203125,2759.0078125,2759.203125,2759.390625,2759.5859375,2759.7734375,2759.9609375,2760.125,2760.3125,2760.5,2760.6640625,2760.8203125,2760.9765625,2761.140625,2761.296875,2761.453125,2761.6171875,2761.78125,2761.9609375,2762.25,2762.5703125,2762.890625,2763.6484375,2764.03125,2764.2265625,2764.4140625,2764.6015625,2764.7578125,2764.953125,2765.140625,2765.3046875,2765.4921875,2765.6796875,2765.84375,2766.03125,2766.1953125,2766.3828125,2766.578125,2766.7890625,2766.984375,2767.1796875,2767.3984375,2767.59375,2767.8125,2767.9765625,2768.1640625,2768.359375,2768.578125,2768.9609375,2769.84375,2770.0703125,2770.2890625,2770.515625,2770.734375,2770.9296875,2771.1171875,2771.3125,2771.5,2771.6875,2771.8515625,2772.0390625,2772.2265625,2772.390625,2772.578125,2772.734375,2772.8984375,2773.0546875,2773.21875,2773.375,2773.5625,2773.7265625,2773.9140625,2774.078125,2774.2578125,2774.421875,2774.6171875,2775.0,2775.7578125,2776.0703125,2776.390625,2776.6796875,2776.8671875,2777.03125,2777.21875,2777.375,2777.5390625,2777.6953125,2777.8515625,2778.0078125,2778.171875,2778.328125,2778.4921875,2778.6484375,2778.8046875,2778.96875,2779.15625,2779.3203125,2779.4765625,2779.6328125,2779.953125,2780.265625,2781.0,2781.1953125,2781.3828125,2781.578125,2781.765625,2781.953125,2782.1171875,2782.3046875,2782.4921875,2782.6796875,2782.84375,2783.03125,2783.1953125,2783.359375,2783.5390625,2783.7265625,2783.8984375,2784.0859375,2784.2734375,2784.4609375,2784.6484375,2784.84375,2785.03125,2785.1953125,2785.359375,2785.546875,2785.734375,2786.0859375,2786.71875,2786.9453125,2787.171875,2787.390625,2787.640625,2787.859375,2788.0625,2788.2734375,2788.375,2788.5,2788.625,2788.75,2788.8515625,2788.9765625,2789.078125,2789.1953125,2789.296875,2789.4140625,2789.515625,2789.6171875,2789.734375,2789.8359375,2789.9375,2790.0546875,2790.1484375,2790.25,2790.34375,2790.4375,2790.53125,2790.6328125,2790.75,2790.8515625,2790.9453125,2791.046875,2791.1640625,2791.265625,2791.3671875,2791.484375,2791.5859375,2791.7109375,2791.8984375,2792.0859375,2792.28125,2792.5,2792.6875,2792.8828125,2793.5859375,2793.8359375,2794.09375,2794.3203125,2794.5703125,2794.796875,2795.015625,2795.2421875,2795.453125,2795.6484375,2795.84375,2795.9609375,2796.0625,2796.2578125,2796.3515625,2796.46875,2796.6640625,2796.859375,2797.015625,2797.1796875,2797.359375,2797.5234375,2797.6875,2797.875,2798.0390625,2798.2265625,2798.4140625,2798.6015625,2798.796875,2798.9921875,2799.1796875,2799.40625,2800.2578125,2800.640625,2800.828125,2801.0234375,2801.2109375,2801.375,2801.59375,2801.7890625,2802.0,2802.1953125,2802.390625,2802.578125,2802.765625,2802.953125,2803.1484375,2803.3359375,2803.53125,2803.71875,2803.9140625,2804.1015625,2804.296875,2804.515625,2804.7109375,2804.9296875,2805.1484375,2805.375,2805.59375,2805.8515625,2806.8359375,2807.2421875,2807.46875,2807.6875,2807.8828125,2808.078125,2808.328125,2808.546875,2808.7734375,2809.0,2809.21875,2809.4453125,2809.6640625,2809.9140625,2810.078125,2810.234375,2810.390625,2810.5546875,2810.71875,2810.8984375,2811.0625,2811.2578125,2811.5703125,2811.890625,2812.2109375,2813.0,2813.3828125,2813.734375,2814.078125,2814.3984375,2814.6796875,2814.96875,2815.2578125,2815.421875,2815.6015625,2815.765625,2815.9296875,2816.109375,2816.2734375,2816.4609375,2816.65625,2816.96875,2817.3203125,2817.640625,2818.40625,2818.8125,2819.1953125,2819.3828125,2819.546875,2819.734375,2819.921875,2820.0859375,2820.2734375,2820.4375,2820.625,2820.7890625,2820.9453125,2821.109375,2821.2890625,2821.453125,2821.6171875,2821.796875,2821.9609375,2822.1484375,2822.34375,2822.6640625,2823.0078125,2823.328125,2824.15625,2824.3828125,2824.6015625,2824.8203125,2825.046875,2825.265625,2825.4609375,2825.7109375,2825.9296875,2826.15625,2826.375,2826.6015625,2826.8203125,2827.0390625,2827.2421875,2827.390625,2827.5234375,2827.6796875,2827.8359375,2828.0,2828.15625,2828.3125,2828.46875,2828.765625,2829.109375,2829.4296875,2830.3828125,2830.671875,2830.953125,2831.265625,2831.5546875,2831.84375,2832.1328125,2832.4140625,2832.703125,2833.015625,2833.3359375,2833.59375,2833.90625,2834.8359375,2835.1796875,2835.53125,2835.84375,2836.0078125,2836.1640625,2836.328125,2836.484375,2836.640625,2836.796875,2836.9296875,2837.0859375,2837.25,2837.40625,2837.5703125,2837.75,2837.9140625,2838.078125,2838.2578125,2838.421875,2838.734375,2839.0625,2839.40625,2840.171875,2840.390625,2840.578125,2840.8046875,2840.9921875,2841.1875,2841.3515625,2841.5703125,2841.765625,2841.9765625,2842.171875,2842.359375,2842.5546875,2842.7421875,2842.9375,2843.0546875,2843.15625,2843.28125,2843.3828125,2843.5,2843.6015625,2843.7265625,2843.828125,2843.9453125,2844.046875,2844.171875,2844.296875,2844.5234375,2844.6484375,2844.7734375,2844.96875,2845.1875,2845.4140625,2845.6328125,2845.828125,2846.046875,2846.8125,2847.125,2847.421875,2847.703125,2847.9921875,2848.2734375,2848.40625,2848.5546875,2848.8125,2849.0703125,2849.328125,2849.453125,2849.6015625,2849.859375,2850.1171875,2850.3984375,2850.65625,2850.9453125,2851.1328125,2851.3203125,2851.515625,2851.734375,2851.9609375,2852.1796875,2852.6875,2853.0390625,2853.453125,2854.46875,2855.234375,2855.5546875,2855.8671875,2856.28125,2856.6875,2857.078125,2857.4609375,2857.8046875,2858.15625,2859.265625,2859.6171875,2859.96875,2860.28125,2860.4765625,2860.640625,2860.8203125,2860.984375,2861.140625,2861.3046875,2861.4609375,2861.6171875,2861.8125,2862.0078125,2862.21875,2862.4140625,2862.6015625,2862.796875,2862.9921875,2863.2109375,2863.3671875,2863.5546875,2863.75,2863.9375,2864.2890625,2865.1171875,2865.3359375,2865.53125,2865.71875,2865.90625,2866.09375,2866.2578125,2866.4453125,2866.609375,2866.796875,2866.9609375,2867.1484375,2867.3046875,2867.46875,2867.625,2867.8125,2867.9765625,2868.1640625,2868.359375,2868.546875,2868.734375,2868.9296875,2869.1171875,2869.2734375,2869.4375,2869.625,2869.8203125,2870.1640625,2870.9609375,2871.1796875,2871.375,2871.59375,2871.7890625,2871.9765625,2872.140625,2872.328125,2872.515625,2872.6796875,2872.8671875,2873.0546875,2873.21875,2873.3828125,2873.5625,2873.6640625,2873.765625,2873.8828125,2873.984375,2874.1015625,2874.203125,2874.3046875,2874.421875,2874.5234375,2874.6484375,2874.75,2874.8671875,2874.96875,2875.09375,2875.1953125,2875.3125,2875.5078125,2875.703125,2875.921875,2876.140625,2876.3359375,2876.5546875,2877.25,2877.515625,2877.796875,2878.046875,2878.3046875,2878.4296875,2878.5546875,2878.6796875,2878.8046875,2878.90625,2879.03125,2879.15625,2879.2578125,2879.3828125,2879.5078125,2879.609375,2879.734375,2879.828125,2879.953125,2880.0546875,2880.1796875,2880.3046875,2880.40625,2880.5234375,2880.6484375,2880.75,2880.8828125,2881.0625,2881.2265625,2881.390625,2881.578125,2881.765625,2881.9609375,2882.1484375,2882.3671875,2882.53125,2882.71875,2882.9140625,2883.1328125,2883.546875,2884.40625,2884.7890625,2885.2265625,2885.6171875,2885.859375,2886.0859375,2886.3125,2886.53125,2886.7578125,2886.9765625,2887.203125,2887.453125,2887.7421875,2888.0625,2888.3828125,2888.7265625,2889.078125,2889.4296875,2889.8046875,2890.15625,2890.5078125,2890.8515625,2891.171875,2891.484375,2891.7734375,2892.0625,2892.3515625,2892.640625,2892.8828125,2893.109375,2893.3359375,2893.5859375,2893.8125,2894.0625,2894.2890625,2894.5390625,2894.765625,2895.0234375,2895.2734375,2895.5625,2895.84375,2896.125,2897.2421875,2897.71875,2897.9765625,2898.2265625,2898.4765625,2898.703125,2898.984375,2899.2421875,2899.5234375,2899.7890625,2900.0703125,2900.3515625,2900.640625,2900.9296875,2901.3125,2901.75,2902.203125,2903.21875,2903.6953125,2904.203125,2904.7109375,2905.28125,2905.8515625,2906.4609375,2907.7890625,2908.3671875,2909.03125,2909.640625,2910.0234375,2910.4296875,2910.84375,2911.2578125,2912.2421875,2912.75,2913.2578125,2913.671875,2914.078125,2914.4375,2914.78125,2915.1015625,2915.421875,2915.734375,2916.0546875,2916.3125,2916.59375,2917.1328125,2917.640625,2918.6953125,2919.140625,2919.546875,2919.8984375,2920.09375,2920.28125,2920.46875,2920.6328125,2920.8203125,2920.9765625,2921.140625,2921.296875,2921.5234375,2921.7421875,2921.96875,2922.1875,2922.40625,2922.6328125,2922.859375,2923.109375,2923.296875,2923.4921875,2923.7109375,2923.9375,2924.34375,2925.2734375,2925.5234375,2925.75,2925.96875,2926.1953125,2926.4140625,2926.6015625,2926.796875,2927.015625,2927.2109375,2927.3984375,2927.5859375,2927.78125,2927.96875,2928.1640625,2928.3203125,2928.4765625,2928.640625,2928.796875,2928.953125,2929.109375,2929.2734375,2929.4296875,2929.59375,2929.78125,2929.96875,2930.1640625,2930.359375,2930.578125,2931.375,2931.71875,2931.9140625,2932.1015625,2932.265625,2932.421875,2932.609375,2932.8046875,2932.9921875,2933.1875,2933.375,2933.5625,2933.7265625,2933.9140625,2934.1015625,2934.265625,2934.421875,2934.609375,2934.7734375,2934.9609375,2935.1484375,2935.34375,2935.5078125,2935.6953125,2935.8828125,2936.078125,2936.484375,2937.28125,2937.6328125,2938.015625,2938.359375,2938.578125,2938.7734375,2938.96875,2939.15625,2939.34375,2939.5390625,2939.7265625,2939.921875,2940.109375,2940.296875,2940.4921875,2940.6796875,2940.875,2941.09375,2941.3203125,2941.5703125,2942.078125,2943.5390625,2944.84375,2945.2578125,2945.515625,2945.765625,2945.9921875,2946.2109375,2946.4921875,2946.75,2947.0,2947.2265625,2947.453125,2947.703125,2947.9296875,2948.1796875,2948.4375,2948.6875,2948.9453125,2949.234375,2949.484375,2949.7734375,2950.0546875,2950.78125,2951.1640625,2951.390625,2951.578125,2951.765625,2951.9296875,2952.1484375,2952.34375,2952.4453125,2952.5625,2952.7578125,2952.9453125,2953.046875,2953.140625,2953.234375,2953.328125,2953.421875,2953.5234375,2953.6484375,2953.7734375,2953.8984375,2954.03125,2954.15625,2954.28125,2954.40625,2954.5390625,2954.6640625,2954.796875,2954.9453125,2955.078125,2955.203125,2955.3359375,2955.484375,2955.6171875,2955.71875,2955.8359375,2956.0625,2956.1875,2956.3125,2956.5703125,2956.796875,2957.046875,2957.8984375,2958.21875,2958.3828125,2958.5390625,2958.6953125,2958.828125,2958.984375,2959.140625,2959.2734375,2959.4296875,2959.5859375,2959.71875,2959.875,2960.0,2960.1328125,2960.28125,2960.4140625,2960.546875,2960.6953125,2960.828125,2960.9609375,2961.109375,2961.2421875,2961.375,2961.5234375,2961.65625,2961.8125,2961.9453125,2962.1015625,2962.2578125,2962.390625,2962.5390625,2962.671875,2962.828125,2962.9921875,2963.1484375,2963.46875,2963.75,2964.0703125,2964.421875,2965.2734375,2965.6953125,2966.1640625,2966.6171875,2967.0546875,2967.53125,2967.9765625,2969.0859375,2969.6953125,2970.015625,2970.328125,2970.640625,2970.9375,2971.3828125,2971.859375,2972.3671875,2972.9375,2973.6015625,2974.5234375,2977.734375,2978.28125,2978.75,2979.0703125,2979.3515625,2979.640625,2979.890625,2980.1484375,2980.375,2980.59375,2980.8203125,2980.96875,2981.1015625,2981.2265625,2981.359375,2981.515625,2981.640625,2981.7734375,2981.8984375,2982.0234375,2982.1484375,2982.28125,2982.40625,2982.53125,2982.65625,2982.7890625,2982.9140625,2983.046875,2983.1953125,2983.328125,2983.484375,2983.6171875,2983.7734375,2983.9296875,2984.0625,2984.21875,2984.375,2984.6875,2985.0078125,2985.8125,2986.0625,2986.28125,2986.53125,2986.7578125,2986.984375,2987.203125,2987.328125,2987.4609375,2987.5859375,2987.71875,2987.84375,2987.96875,2988.09375,2988.21875,2988.34375,2988.4453125,2988.5703125,2988.6953125,2988.796875,2988.921875,2989.046875,2989.171875,2989.265625,2989.3671875,2989.4609375,2989.5546875,2989.6484375,2989.75,2989.8671875,2989.96875,2990.1640625,2990.28125,2990.3828125,2990.578125,2990.796875,2990.984375,2991.1796875,2991.3984375,2991.625,2991.84375,2992.0703125,2992.9921875,2993.3984375,2993.6171875,2993.8125,2994.0078125,2994.1953125,2994.421875,2994.640625,2994.859375,2995.0859375,2995.3046875,2995.53125,2995.75,2995.9765625,2996.1953125,2996.4140625,2996.640625,2996.8671875,2997.1171875,2997.375,2997.65625,2997.9453125,2998.453125,2999.8515625,3000.328125,3001.40625,3001.7265625,3001.984375,3002.390625,3002.7421875,3003.09375,3003.4140625,3003.6015625,3003.7890625,3003.953125,3004.140625,3004.3046875,3004.4921875,3004.6796875,3004.875,3005.0625,3005.25,3005.6328125,3006.015625,3006.75,3007.0625,3007.3515625,3007.640625,3007.9609375,3008.2734375,3008.4296875,3008.5859375,3008.875,3009.03125,3009.1953125,3009.3515625,3009.5078125,3009.671875,3009.828125,3010.1484375,3010.4375,3010.75,3011.0390625,3011.734375,3012.0859375,3012.4296875,3012.7265625,3012.8828125,3013.0390625,3013.1953125,3013.359375,3013.515625,3013.671875,3013.8046875,3013.9609375,3014.1484375,3014.34375,3014.5390625,3014.75,3014.9453125,3015.140625,3015.328125,3015.546875,3015.7421875,3015.9375,3016.15625,3016.375,3016.59375,3016.8203125,3017.6796875,3018.03125,3018.21875,3018.40625,3018.59375,3018.7578125,3018.9765625,3019.171875,3019.359375,3019.546875,3019.71875,3019.90625,3020.09375,3020.28125,3020.4453125,3020.6015625,3020.765625,3020.953125,3021.1171875,3021.296875,3021.4609375,3021.65625,3021.8125,3021.96875,3022.15625,3022.34375,3022.6953125,3023.59375,3023.875,3024.1328125,3024.4140625,3024.703125,3024.984375,3025.2421875,3025.4921875,3025.75,3026.0078125,3026.2890625,3026.5390625,3026.796875,3027.59375,3027.875,3028.1328125,3028.359375,3028.578125,3028.796875,3028.9921875,3029.1796875,3029.3046875,3029.4296875,3029.53125,3029.65625,3029.78125,3029.8828125,3030.0078125,3030.1328125,3030.234375,3030.359375,3030.484375,3030.5859375,3030.7109375,3030.828125,3030.9296875,3031.0546875,3031.15625,3031.28125,3031.40625,3031.53125,3031.7578125,3031.8828125,3032.015625,3032.265625,3032.515625,3032.7734375,3033.46875,3033.6640625,3033.8515625,3034.0703125,3034.265625,3034.453125,3034.6171875,3034.7421875,3034.8359375,3034.9609375,3035.0625,3035.1875,3035.28125,3035.375,3035.46875,3035.5703125,3035.6640625,3035.765625,3035.8828125,3035.984375,3036.078125,3036.171875,3036.2734375,3036.3671875,3036.453125,3036.6171875,3036.7734375,3036.9375,3037.1015625,3037.28125,3037.4453125,3037.6328125,3037.796875,3037.984375,3038.1796875,3038.390625,3038.5859375,3038.78125,3039.578125,3039.921875,3040.109375,3040.2734375,3040.4296875,3040.59375,3040.78125,3040.96875,3041.1328125,3041.3203125,3041.5078125,3041.671875,3041.859375,3042.0234375,3042.2109375,3042.3125,3042.4296875,3042.53125,3042.625,3042.71875,3042.8203125,3042.9140625,3043.03125,3043.2265625,3043.328125,3043.4453125,3043.546875,3043.671875,3043.8359375,3044.0234375,3044.21875,3044.4375,3044.625,3044.8203125,3045.515625,3045.765625,3046.0234375,3046.25,3046.5,3046.7265625,3046.9453125,3047.1640625,3047.359375,3047.578125,3047.7734375,3047.96875,3048.1796875,3048.375,3048.5703125,3048.7890625,3048.9140625,3049.046875,3049.1953125,3049.328125,3049.4609375,3049.6171875,3049.7734375,3049.9375,3050.21875,3050.5078125,3050.7890625,3051.484375,3051.8359375,3052.15625,3052.3203125,3052.4765625,3052.765625,3053.046875,3053.203125,3053.3359375,3053.484375,3053.6171875,3053.78125,3053.9375,3054.09375,3054.2578125,3054.4140625,3054.6015625,3054.765625,3054.953125,3055.2421875,3055.5859375,3055.90625,3056.671875,3057.0859375,3057.3046875,3057.5,3057.6875,3057.875,3058.09375,3058.2890625,3058.5078125,3058.703125,3058.890625,3059.0859375,3059.2734375,3059.46875,3059.65625,3059.8515625,3060.0390625,3060.2578125,3060.453125,3060.671875,3060.8671875,3061.0859375,3061.25,3061.4375,3061.6328125,3061.8515625,3062.2265625,3063.15625,3063.4375,3063.6640625,3063.9140625,3064.1640625,3064.390625,3064.6171875,3064.8671875,3065.09375,3065.34375,3065.5625,3065.7890625,3066.015625,3066.234375,3066.484375,3066.6796875,3066.8671875,3067.0625,3067.25,3067.4375,3067.6328125,3067.828125,3068.046875,3068.234375,3068.4296875,3068.6171875,3068.84375,3069.2578125,3070.078125,3070.4296875,3070.8046875,3071.1328125,3071.515625,3071.703125,3071.890625,3072.078125,3072.265625,3072.4375,3072.625,3072.9140625,3073.2265625,3073.546875,3073.890625,3074.2109375,3074.5859375,3074.9453125,3075.984375,3076.3046875,3076.59375,3076.9375,3077.2578125,3077.578125,3077.8671875,3078.2109375,3078.5625,3078.9140625,3079.265625,3079.6171875,3080.0234375,3080.4375,3081.578125,3081.9296875,3082.25,3082.6328125,3082.984375,3083.3359375,3083.6875,3084.0,3084.3125,3084.6328125,3084.984375,3085.265625,3085.5859375,3086.703125,3087.1484375,3087.59375,3088.03125,3088.4140625,3088.796875,3090.2265625,3090.515625,3090.796875,3091.1171875,3091.40625,3091.6875,3091.9765625,3092.2578125,3092.515625,3092.796875,3093.0546875,3093.3046875,3093.5625,3093.8203125,3094.1015625,3094.359375,3094.640625,3095.5625,3095.9140625,3096.1015625,3096.265625,3096.421875,3096.5859375,3096.7734375,3096.96875,3097.15625,3097.34375,3097.5078125,3097.6875,3097.8515625,3098.0078125,3098.203125,3098.3046875,3098.421875,3098.6171875,3098.7109375,3098.8359375,3099.03125,3099.1484375,3099.25,3099.4453125,3099.5625,3099.6640625,3099.765625,3099.8828125,3099.984375,3100.109375,3100.3359375,3100.5859375,3100.8359375,3101.09375,3101.3515625,3102.0546875,3102.2734375,3102.4609375,3102.6875,3102.90625,3103.09375,3103.2890625,3103.4140625,3103.5078125,3103.6328125,3103.734375,3103.8515625,3103.953125,3104.078125,3104.1796875,3104.296875,3104.3984375,3104.5,3104.6171875,3104.71875,3104.8125,3104.9140625,3105.03125,3105.1953125,3105.3515625,3105.515625,3105.609375,3105.703125,3105.796875,3105.890625,3106.0546875,3106.2421875,3106.4375,3106.625,3106.8125,3107.0,3107.1953125,3107.3828125,3107.578125,3108.3359375,3108.65625,3108.84375,3109.0,3109.1640625,3109.296875,3109.484375,3109.6484375,3109.828125,3109.9921875,3110.15625,3110.3359375,3110.5,3110.6640625,3110.8203125,3110.9765625,3111.1328125,3111.296875,3111.453125,3111.640625,3111.8046875,3111.9921875,3112.1484375,3112.3125,3112.5,3112.6875,3113.046875,3113.7421875,3114.03125,3114.34375,3114.6328125,3114.7890625,3114.953125,3115.109375,3115.265625,3115.421875,3115.5546875,3115.7109375,3115.8671875,3116.0,3116.15625,3116.3125,3116.4453125,3116.6015625,3116.7578125,3116.921875,3117.078125,3117.359375,3117.65625,3117.9375,3118.6328125,3118.984375,3119.171875,3119.3359375,3119.4921875,3119.65625,3119.8359375,3120.0,3120.1640625,3120.3203125,3120.4765625,3120.6328125,3120.765625,3120.921875,3121.0859375,3121.2421875,3121.4296875,3121.59375,3121.75,3121.9375,3122.1015625,3122.2890625,3122.453125,3122.640625,3122.828125,3123.015625,3123.2109375,3123.3984375,3124.1328125,3124.4453125,3124.609375,3124.765625,3124.921875,3125.0546875,3125.2421875,3125.3984375,3125.5625,3125.71875,3125.8828125,3126.0390625,3126.1953125,3126.328125,3126.484375,3126.640625,3126.8046875,3126.9609375,3127.1171875,3127.28125,3127.4375,3127.625,3127.7578125,3127.9140625,3128.0703125,3128.234375,3128.5234375,3129.25,3129.4453125,3129.6328125,3129.8203125,3130.0078125,3130.171875,3130.328125,3130.515625,3130.6796875,3130.8359375,3131.0,3131.15625,3131.3125,3131.4765625,3131.6328125,3131.7890625,3131.9453125,3132.078125,3132.2421875,3132.3984375,3132.5546875,3132.71875,3132.8984375,3133.03125,3133.1875,3133.34375,3133.5,3133.796875,3134.4921875,3134.6875,3134.875,3135.0625,3135.2265625,3135.4140625,3135.5703125,3135.7578125,3135.921875,3136.0859375,3136.265625,3136.4296875,3136.5859375,3136.75,3136.90625,3137.0625,3137.2265625,3137.3203125,3137.4140625,3137.578125,3137.671875,3137.765625,3137.9296875,3138.1171875,3138.3046875,3138.46875,3138.6484375,3138.8125,3139.0078125,3139.1953125,3139.3828125,3140.1171875,3140.40625,3140.5625,3140.71875,3140.8515625,3141.0,3141.1640625,3141.3203125,3141.4765625,3141.6171875,3141.7734375,3141.921875,3142.0546875,3142.2109375,3142.375,3142.46875,3142.5625,3142.65625,3142.75,3142.8515625,3142.9375,3143.109375,3143.203125,3143.296875,3143.390625,3143.484375,3143.671875,3143.8359375,3144.03125,3144.21875,3144.4375,3144.6328125,3144.8515625,3145.6171875,3145.9375,3146.1171875,3146.28125,3146.4453125,3146.6015625,3146.7890625,3146.953125,3147.1328125,3147.296875,3147.390625,3147.484375,3147.6484375,3147.8046875,3147.96875,3148.125,3148.2890625,3148.3828125,3148.46875,3148.6328125,3148.796875,3148.890625,3148.984375,3149.171875,3149.3359375,3149.4921875,3149.6484375,3149.8125,3150.0,3150.3203125,3150.890625,3151.109375,3151.3046875,3151.4921875,3151.6875,3151.875,3152.0625,3152.21875,3152.3828125,3152.4765625,3152.5703125,3152.734375,3152.890625,3153.046875,3153.2109375,3153.3046875,3153.375,3153.4609375,3153.5546875,3153.71875,3153.8125,3153.90625,3154.0703125,3154.1640625,3154.2578125,3154.421875,3154.515625,3154.609375,3154.703125,3154.796875,3154.890625,3154.9921875,3155.1484375,3155.3359375,3155.5,3155.6875,3155.8515625,3156.0390625,3156.640625,3156.859375,3157.0859375,3157.28125,3157.5,3157.625,3157.71875,3157.9140625,3158.1015625,3158.203125,3158.3203125,3158.421875,3158.515625,3158.609375,3158.703125,3158.8046875,3158.8984375,3158.9921875,3159.0859375,3159.1796875,3159.28125,3159.375,3159.46875,3159.5625,3159.6640625,3159.8125,3159.9453125,3160.1015625,3160.234375,3160.390625,3160.5234375,3160.6796875,3160.8359375,3160.9921875,3161.15625,3161.3125,3161.5,3161.6875,3161.8828125,3162.6171875,3162.9375,3163.125,3163.28125,3163.4453125,3163.6015625,3163.7890625,3163.953125,3164.140625,3164.3046875,3164.484375,3164.6484375,3164.8125,3164.9921875,3165.1328125,3165.2890625,3165.4453125,3165.6015625,3165.7578125,3165.921875,3166.0859375,3166.265625,3166.4296875,3166.5859375,3166.75,3166.9375,3167.2890625,3168.046875,3168.3671875,3168.6875,3168.84375,3169.0,3169.1875,3169.3515625,3169.5390625,3169.703125,3169.890625,3170.0546875,3170.2421875,3170.40625,3170.5546875,3170.6875,3170.84375,3170.9765625,3171.1328125,3171.2890625,3171.4453125,3171.609375,3171.890625,3172.1796875,3172.46875,3173.2578125,3173.703125,3173.953125,3174.1796875,3174.40625,3174.625,3174.8515625,3175.0703125,3175.2890625,3175.515625,3175.9296875,3176.8828125,3177.1328125,3177.359375,3177.6171875,3177.8671875,3178.09375,3178.3125,3178.53125,3178.7265625,3178.9453125,3179.140625,3179.359375,3179.5546875,3179.7734375,3179.96875,3180.15625,3180.34375,3180.5390625,3180.7265625,3181.109375,3181.9375,3182.15625,3182.3515625,3182.5703125,3182.7578125,3182.921875,3183.109375,3183.3046875,3183.4921875,3183.65625,3183.8359375,3184.0078125,3184.1875,3184.3515625,3184.515625,3184.6953125,3184.859375,3185.046875,3185.2109375,3185.3984375,3185.5625,3185.75,3185.9453125,3186.1015625,3186.2890625,3186.4765625,3186.671875,3187.046875,3187.71875,3188.0078125,3188.296875,3188.578125,3188.734375,3188.890625,3189.0234375,3189.1796875,3189.3359375,3189.46875,3189.6015625,3189.75,3189.9140625,3190.0703125,3190.2265625,3190.3828125,3190.546875,3190.703125,3190.8671875,3191.0234375,3191.1796875,3191.34375,3191.5,3191.6875,3192.0390625,3192.7109375,3193.0,3193.3125,3193.5703125,3193.7265625,3193.8828125,3194.0390625,3194.1953125,3194.328125,3194.484375,3194.6171875,3194.7734375,3194.9296875,3195.0625,3195.21875,3195.375,3195.5078125,3195.6640625,3195.8203125,3195.984375,3196.265625,3196.5546875,3196.8359375,3197.5078125,3197.828125,3197.984375,3198.140625,3198.296875,3198.4296875,3198.5859375,3198.71875,3198.8671875,3199.0,3199.125,3199.2578125,3199.3828125,3199.5078125,3199.703125,3199.890625,3200.0859375,3200.1796875,3200.296875,3200.4921875,3200.6875,3200.8046875,3200.90625,3201.1015625,3201.2578125,3201.4453125,3201.6328125,3201.828125,3202.015625,3202.203125,3203.0390625,3203.2578125,3203.4765625,3203.671875,3203.8671875,3204.0546875,3204.2421875,3204.4296875,3204.59375,3204.78125,3204.9453125,3205.1328125,3205.2890625,3205.453125,3205.546875,3205.640625,3205.7734375,3205.9296875,3206.0859375,3206.21875,3206.375,3206.53125,3206.6875,3206.8515625,3206.9765625,3207.1328125,3207.265625,3207.421875,3207.7109375,3208.4375,3208.625,3208.7890625,3208.9765625,3209.140625,3209.328125,3209.484375,3209.671875,3209.8359375,3209.9921875,3210.15625,3210.3125,3210.4765625,3210.6328125,3210.7890625,3210.8828125,3210.9765625,3211.078125,3211.171875,3211.265625,3211.359375,3211.453125,3211.546875,3211.6484375,3211.7421875,3211.8359375,3211.9375,3212.125,3212.2265625,3212.34375,3212.5078125,3212.671875,3212.8515625,3213.046875,3213.234375,3213.421875,3214.03125,3214.28125,3214.5078125,3214.7265625,3214.953125,3215.171875,3215.3671875,3215.5625,3215.6796875,3215.7734375,3215.875,3215.96875,3216.0625,3216.1640625,3216.2578125,3216.3515625,3216.4453125,3216.5390625,3216.640625,3216.734375,3216.828125,3216.921875,3217.015625,3217.1171875,3217.2734375,3217.40625,3217.5625,3217.71875,3217.875,3218.0390625,3218.21875,3218.390625,3218.546875,3218.703125,3218.859375,3219.0234375,3219.3359375,3219.96875,3220.2265625,3220.484375,3220.734375,3221.015625,3221.2734375,3221.53125,3221.7890625,3222.0390625,3222.2890625,3222.546875,3222.8046875,3223.0546875,3223.34375,3223.6328125,3224.4296875,3224.6796875,3224.8984375,3225.15625,3225.40625,3225.65625,3225.8828125,3226.140625,3226.390625,3226.6484375,3226.9296875,3227.1796875,3227.4375,3228.296875,3228.6171875,3228.78125,3228.9375,3229.09375,3229.21875,3229.3828125,3229.5390625,3229.6953125,3229.859375,3230.015625,3230.171875,3230.328125,3230.4609375,3230.6484375,3230.7421875,3230.8359375,3231.0,3231.09375,3231.1875,3231.28125,3231.375,3231.546875,3231.734375,3231.921875,3232.109375,3232.3046875,3232.5234375,3232.7421875,3232.9375,3233.1640625,3233.4140625,3234.015625,3234.2109375,3234.3671875,3234.5546875,3234.71875,3234.875,3235.0390625,3235.1328125,3235.2265625,3235.3203125,3235.4140625,3235.5078125,3235.6015625,3235.703125,3235.7734375,3235.859375,3235.953125,3236.0234375,3236.1171875,3236.2109375,3236.3046875,3236.3984375,3236.46875,3236.5859375,3236.6875,3236.8125,3236.9140625,3237.0390625,3237.140625,3237.2578125,3237.3828125,3237.484375,3237.609375,3237.734375,3237.8359375,3237.9609375,3238.0859375,3238.2109375,3238.3125,3238.40625,3238.5,3238.6015625,3238.71875,3238.8203125,3238.9453125,3239.1640625,3239.359375,3239.578125,3239.796875,3240.3125,3240.5703125,3240.71875,3240.84375,3240.9765625,3241.078125,3241.203125,3241.328125,3241.453125,3241.578125,3241.6796875,3241.8046875,3241.9296875,3242.03125,3242.1484375,3242.25,3242.3515625,3242.46875,3242.5703125,3242.6640625,3242.765625,3242.8828125,3242.984375,3243.1015625,3243.203125,3243.3046875,3243.421875,3243.5234375,3243.640625,3243.7421875,3243.8984375,3243.96875,3244.0625,3244.21875,3244.3828125,3244.5390625,3244.6328125,3244.7265625,3244.890625,3245.078125,3245.234375,3245.3984375,3245.5546875,3245.7421875,3246.0625,3246.6640625,3246.890625,3247.1171875,3247.3359375,3247.5546875,3247.78125,3248.0,3248.1953125,3248.3125,3248.4140625,3248.6015625,3248.796875,3248.9921875,3249.109375,3249.203125,3249.3984375,3249.59375,3249.7109375,3249.8125,3249.9375,3250.0390625,3250.1640625,3250.2890625,3250.4140625,3250.546875,3250.671875,3250.828125,3251.0859375,3251.3984375,3251.6875,3252.3203125,3252.578125,3252.8671875,3253.125,3253.4296875,3253.71875,3253.8515625,3254.0078125,3254.1640625,3254.296875,3254.578125,3254.8671875,3255.15625,3255.46875,3255.75,3256.0390625,3256.9921875,3257.34375,3257.6953125,3257.8828125,3258.0390625,3258.203125,3258.390625,3258.5546875,3258.7109375,3258.875,3259.0546875,3259.21875,3259.375,3259.5390625,3259.6953125,3259.8828125,3260.046875,3260.234375,3260.3984375,3260.5859375,3260.7734375,3261.09375,3261.4453125,3261.7890625,3262.65625,3262.90625,3263.1328125,3263.3828125,3263.6328125,3263.859375,3264.078125,3264.3359375,3264.4609375,3264.59375,3264.71875,3264.84375,3264.96875,3265.09375,3265.2265625,3265.3515625,3265.578125,3265.703125,3265.828125,3265.953125,3266.0546875,3266.1796875,3266.3046875,3266.53125,3266.65625,3266.78125,3266.90625,3267.03125,3267.1640625,3267.2890625,3267.4140625,3267.5390625,3267.671875,3267.796875,3268.0546875,3268.2734375,3268.5,3268.75,3269.0078125,3269.2265625,3269.484375,3270.3046875,3270.59375,3270.8828125,3271.140625,3271.421875,3271.671875,3271.8046875,3271.9296875,3272.15625,3272.28125,3272.40625,3272.53125,3272.65625,3272.7578125,3272.8828125,3273.0078125,3273.1328125,3273.234375,3273.359375,3273.484375,3273.5859375,3273.703125,3273.8046875,3273.90625,3274.0234375,3274.15625,3274.28125,3274.40625,3274.53125,3274.6328125,3274.7578125,3274.8828125,3275.015625,3275.140625,3275.265625,3275.390625,3275.515625,3275.6484375,3275.7734375,3275.8984375,3276.03125,3276.15625,3276.2578125,3276.3828125,3276.5078125,3276.6328125,3276.7578125,3276.890625,3277.0390625,3277.2734375,3277.5546875,3277.8125,3278.4765625,3278.671875,3278.859375,3279.078125,3279.265625,3279.4296875,3279.6171875,3279.8359375,3280.03125,3280.2265625,3280.4140625,3280.6015625,3280.703125,3280.796875,3280.984375,3281.078125,3281.1796875,3281.2734375,3281.3671875,3281.4609375,3281.5546875,3281.65625,3281.75,3281.9375,3282.03125,3282.1328125,3282.3203125,3282.515625,3282.6328125,3282.734375,3282.921875,3283.1171875,3283.3125,3283.53125,3283.71875,3283.9453125,3284.765625,3285.0859375,3285.2734375,3285.4296875,3285.59375,3285.7265625,3285.90625,3286.0703125,3286.2578125,3286.421875,3286.5859375,3286.765625,3286.9296875,3287.0859375,3287.25,3287.40625,3287.59375,3287.7578125,3287.9140625,3288.1015625,3288.265625,3288.453125,3288.5859375,3288.7421875,3288.8984375,3289.0859375,3289.40625,3290.140625,3290.328125,3290.515625,3290.703125,3290.8671875,3291.03125,3291.1875,3291.34375,3291.5078125,3291.6640625,3291.8203125,3291.9765625,3292.109375,3292.265625,3292.3984375,3292.4921875,3292.609375,3292.7109375,3292.8046875,3292.90625,3293.0,3293.125,3293.21875,3293.3125,3293.4140625,3293.53125,3293.6328125,3293.7265625,3293.828125,3293.9453125,3294.046875,3294.140625,3294.2421875,3294.359375,3294.4609375,3294.5859375,3294.6875,3294.8125,3294.9375,3295.1640625,3295.4140625,3295.671875,3296.3984375,3296.6171875,3296.8125,3297.03125,3297.25,3297.4453125,3297.640625,3297.765625,3297.890625,3297.9921875,3298.109375,3298.2109375,3298.3359375,3298.4609375,3298.5625,3298.6796875,3298.78125,3298.8828125,3299.0,3299.1015625,3299.2265625,3299.328125,3299.4453125,3299.609375,3299.765625,3299.921875,3300.0859375,3300.25,3300.4296875,3300.59375,3300.7890625,3300.9453125,3301.1328125,3301.296875,3301.484375,3301.8359375,3302.5625,3302.8515625,3303.1640625,3303.453125,3303.609375,3303.7734375,3303.9296875,3304.0859375,3304.25,3304.40625,3304.5625,3304.6953125,3304.8515625,3305.0078125,3305.1640625,3305.3203125,3305.484375,3305.640625,3305.8046875,3305.9609375,3306.125,3306.28125,3306.4453125,3306.6328125,3306.984375,3307.7109375,3308.0,3308.3125,3308.6015625,3308.7578125,3308.921875,3309.078125,3309.234375,3309.3984375,3309.5546875,3309.7109375,3309.84375,3310.0,3310.15625,3310.2890625,3310.4453125,3310.6015625,3310.765625,3310.921875,3311.109375,3311.3984375,3311.7109375,3312.0,3312.6953125,3313.046875,3313.234375,3313.3984375,3313.5546875,3313.7109375,3313.875,3314.0390625,3314.1953125,3314.3515625,3314.5078125,3314.640625,3314.796875,3314.921875,3315.0234375,3315.1484375,3315.2734375,3315.375,3315.5,3315.6171875,3315.71875,3315.84375,3315.9453125,3316.0703125,3316.1953125,3316.3203125,3316.546875,3316.671875,3316.8046875,3317.015625,3317.21875,3317.4375,3317.6875,3317.8828125,3318.1015625,3318.859375,3319.125,3319.40625,3319.65625,3319.9140625,3320.1640625,3320.390625,3320.6171875,3320.7421875,3320.8671875,3320.96875,3321.0859375,3321.1875,3321.3125,3321.4140625,3321.53125,3321.6328125,3321.7578125,3321.859375,3321.9765625,3322.078125,3322.203125,3322.296875,3322.421875,3322.6171875,3322.8046875,3323.0,3323.1171875,3323.21875,3323.4140625,3323.6328125,3323.8515625,3324.078125,3324.265625,3324.4609375,3324.6484375,3324.875,3325.28125,3326.046875,3326.328125,3326.6171875,3326.875,3327.1640625,3327.4453125,3327.578125,3327.7265625,3327.984375,3328.1171875,3328.265625,3328.3984375,3328.5234375,3328.65625,3328.8046875,3328.9375,3329.0703125,3329.21875,3329.3515625,3329.4765625,3329.609375,3329.7578125,3329.890625,3330.046875,3330.1796875,3330.3671875,3330.5546875,3330.75,3330.9453125,3331.1328125,3331.3515625,3331.578125,3331.796875,3332.1484375,3332.5625,3332.9765625,3334.1796875,3334.5625,3334.9140625,3335.3203125,3335.7109375,3336.09375,3336.5,3336.8828125,3337.296875,3337.7421875,3338.21875,3338.8515625,3339.7109375,3340.8203125,3341.546875,3341.9609375,3342.3203125,3342.6640625,3342.984375,3343.3046875,3343.6171875,3343.9375,3344.2265625,3344.5078125,3344.7890625,3345.078125,3345.3671875,3345.9375,3347.3046875,3347.6875,3348.0078125,3348.390625,3348.7734375,3348.9609375,3349.1484375,3349.4921875,3349.6875,3349.875,3350.0703125,3350.2578125,3350.453125,3350.640625,3350.8359375,3351.0546875,3351.40625,3351.78125,3352.1328125,3352.9921875,3353.40625,3353.8203125,3354.171875,3354.359375,3354.5546875,3354.7421875,3354.9296875,3355.09375,3355.28125,3355.46875,3355.65625,3355.828125,3356.0078125,3356.171875,3356.359375,3356.5234375,3356.7109375,3356.8984375,3357.09375,3357.4140625,3357.765625,3358.109375,3358.90625,3359.3203125,3359.7265625,3360.078125,3360.265625,3360.4296875,3360.6171875,3360.78125,3360.96875,3361.1328125,3361.3203125,3361.484375,3361.7890625,3362.0859375,3362.3984375,3362.75,3363.0390625,3363.3515625,3364.375,3364.75,3365.1328125,3365.453125,3365.640625,3365.796875,3365.9609375,3366.1171875,3366.2734375,3366.4375,3366.59375,3366.75,3367.0078125,3367.265625,3367.515625,3367.796875,3368.0546875,3368.3359375,3368.6015625,3368.8828125,3369.1015625,3369.328125,3369.5546875,3369.8046875,3370.0625,3370.34375,3371.6484375,3371.9921875,3372.2890625,3372.6640625,3373.015625,3373.3671875,3373.7421875,3374.2265625,3374.7890625,3376.734375,3378.2890625,3378.765625,3379.2109375,3379.625,3380.0,3380.3515625,3380.609375,3380.859375,3381.0859375,3381.3359375,3381.5625,3381.8203125,3382.0703125,3382.328125,3382.7421875,3383.2109375,3383.65625,3384.7109375,3385.28125,3385.5703125,3385.8515625,3386.1328125,3386.3984375,3386.8359375,3387.3125,3387.7578125,3388.6796875,3389.125,3389.5078125,3389.8515625,3390.046875,3390.2421875,3390.4296875,3390.6171875,3390.8125,3391.0,3391.1875,3391.3515625,3391.5390625,3391.703125,3391.8828125,3392.0546875,3392.2421875,3392.4296875,3392.6171875,3392.78125,3393.0703125,3393.3828125,3393.6953125,3394.0234375,3394.3671875,3394.71875,3395.1015625,3396.3671875,3396.78125,3397.171875,3397.640625,3398.0859375,3398.53125,3399.0078125,3399.296875,3399.5859375,3399.890625,3400.1796875,3400.46875,3400.7265625,3401.0078125,3401.265625,3401.515625,3401.765625,3401.9921875,3402.21875,3402.4375,3402.6328125,3402.8515625,3403.046875,3403.328125,3403.6171875,3403.8984375,3404.1875,3404.46875,3404.734375,3405.015625,3405.296875,3405.5546875,3405.84375,3406.125,3406.4375,3406.7265625,3407.015625,3407.3046875,3408.09375,3408.5078125,3408.734375,3408.953125,3409.1484375,3409.3359375,3409.5859375,3409.8125,3410.03125,3410.2578125,3410.4765625,3410.6953125,3410.8984375,3411.109375,3411.3046875,3411.40625,3411.5234375,3411.71875,3411.9375,3412.1328125,3412.3515625,3412.578125,3412.796875,3412.9921875,3413.2109375,3413.4296875,3413.65625,3413.875,3414.1015625,3415.0234375,3415.40625,3415.625,3415.8203125,3416.0078125,3416.1953125,3416.421875,3416.640625,3416.8359375,3417.0546875,3417.2734375,3417.4765625,3417.6953125,3417.9140625,3418.171875,3418.453125,3418.7421875,3419.0234375,3419.28125,3419.59375,3420.75,3421.03125,3421.28125,3421.5703125,3421.828125,3422.109375,3422.3671875,3422.625,3422.8984375,3423.15625,3423.4453125,3423.953125,3425.15625,3425.4765625,3425.7578125,3426.046875,3426.3359375,3426.625,3426.90625,3427.1640625,3427.421875,3427.703125,3427.984375,3428.4921875,3429.640625,3429.9296875,3430.1875,3430.46875,3430.7265625,3430.9765625,3431.234375,3431.546875,3431.8671875,3432.1796875,3432.5078125,3432.8125,3433.1328125,3433.421875,3434.15625,3434.53125,3434.7265625,3434.9140625,3435.1015625,3435.265625,3435.4609375,3435.6484375,3435.8359375,3436.0234375,3436.1875,3436.375,3436.5390625,3436.7265625,3436.9453125,3437.140625,3437.359375,3437.5859375,3437.8046875,3438.03125,3438.2578125,3438.5,3438.6953125,3438.890625,3439.109375,3439.3359375,3439.5546875,3439.7734375,3440.5703125,3440.890625,3441.2109375,3441.5234375,3441.7109375,3441.875,3442.03125,3442.1953125,3442.3515625,3442.5078125,3442.671875,3442.828125,3442.984375,3443.1484375,3443.3125,3443.4921875,3443.65625,3443.8125,3443.9765625,3444.1640625,3444.328125,3444.515625,3444.703125,3444.8984375,3445.3125,3446.1640625,3446.515625,3446.8984375,3447.0859375,3447.2734375,3447.46875,3447.6875,3447.8828125,3448.1015625,3448.296875,3448.484375,3448.6796875,3448.8984375,3449.0546875,3449.21875,3449.375,3449.5625,3449.9140625,3450.296875,3450.609375,3450.9609375,3452.234375,3452.8046875,3453.09375,3453.40625,3453.6953125,3454.015625,3454.4296875,3454.90625,3456.5546875,3458.015625,3458.5234375,3458.9765625,3459.3828125,3459.578125,3459.765625,3459.953125,3460.1171875,3460.3046875,3460.4609375,3460.625,3460.7890625,3460.96875,3461.1328125,3461.2890625,3461.4453125,3461.640625,3461.8359375,3462.046875,3462.2421875,3462.4375,3462.65625,3462.875,3463.078125,3463.2578125,3463.453125,3463.6484375,3463.8671875,3464.28125,3465.359375,3465.6796875,3465.9921875,3466.3125,3466.6328125,3466.9453125,3467.265625,3467.5546875,3467.84375,3468.15625,3468.46875,3468.7578125,3469.078125,3470.2265625,3470.7265625,3470.984375,3471.2421875,3471.4921875,3471.75,3472.0,3472.2578125,3472.5078125,3472.7890625,3473.2734375,3474.3203125,3474.578125,3474.828125,3475.078125,3475.3046875,3475.5234375,3475.71875,3475.9375,3476.1640625,3476.3828125,3476.6015625,3476.8046875,3477.0234375,3477.2421875,3477.46875,3477.65625,3477.84375,3478.0390625,3478.2578125,3478.640625,3479.5,3479.71875,3479.9140625,3480.1328125,3480.3203125,3480.484375,3480.671875,3480.8359375,3481.0234375,3481.2109375,3481.375,3481.5390625,3481.71875,3481.8828125,3482.0390625,3482.140625,3482.234375,3482.359375,3482.453125,3482.546875,3482.6484375,3482.765625,3482.8671875,3482.9921875,3483.09375,3483.2109375,3483.3125,3483.4140625,3483.53125,3483.6328125,3483.7578125,3483.9453125,3484.140625,3484.3359375,3484.5546875,3484.7421875,3484.9609375,3485.6640625,3485.9140625,3486.171875,3486.3984375,3486.6484375,3486.7734375,3486.8984375,3487.0,3487.125,3487.2265625,3487.34375,3487.46875,3487.578125,3487.6953125,3487.8203125,3487.921875,3488.046875,3488.1484375,3488.265625,3488.3671875,3488.4921875,3488.59375,3488.7109375,3488.8125,3488.9375,3489.0625,3489.1640625,3489.2890625,3489.421875,3489.5703125,3489.703125,3489.859375,3489.9921875,3490.1484375,3490.3046875,3490.4375,3490.59375,3490.75,3490.9375,3491.2890625,3491.984375,3492.2734375,3492.59375,3492.8828125,3493.0625,3493.2265625,3493.3828125,3493.546875,3493.703125,3493.8671875,3494.0234375,3494.1796875,3494.3359375,3494.46875,3494.625,3494.7890625,3494.9453125,3495.1015625,3495.265625,3495.453125,3495.734375,3496.0546875,3496.3671875,3497.109375,3497.515625,3497.734375,3497.9296875,3498.1171875,3498.28125,3498.46875,3498.6640625,3498.8515625,3499.046875,3499.234375,3499.421875,3499.6171875,3499.8046875,3499.9609375,3500.125,3500.2890625,3500.46875,3500.6328125,3500.8203125,3500.984375,3501.171875,3501.5234375,3501.90625,3502.3125,3503.203125,3503.5859375,3504.0,3504.375,3504.6015625,3504.8203125,3505.0234375,3505.2421875,3505.4609375,3505.6796875,3505.90625,3506.125,3506.4140625,3506.6953125,3506.984375,3507.2734375,3507.5859375,3507.90625,3508.2265625,3508.5703125,3508.8984375,3509.2421875,3509.5859375,3509.9140625,3510.2265625,3510.546875,3510.8671875,3511.1796875,3511.5,3511.8515625,3512.1953125,3512.546875,3512.8671875,3513.2421875,3514.5234375,3515.0546875,3515.34375,3515.6015625,3515.8515625,3516.109375,3516.421875,3516.7421875,3517.0625,3517.40625,3517.6953125,3518.015625,3519.0625,3519.4453125,3519.6640625,3519.8515625,3520.0234375,3520.203125,3520.4296875,3520.625,3520.8359375,3521.03125,3521.2265625,3521.4140625,3521.6015625,3521.765625,3521.890625,3522.015625,3522.2421875,3522.3671875,3522.46875,3522.5859375,3522.7109375,3522.9375,3523.0625,3523.1875,3523.421875,3523.546875,3523.671875,3523.8671875,3524.0859375,3524.3046875,3524.53125,3524.75,3524.96875,3525.7109375,3525.9921875,3526.25,3526.5,3526.7578125,3527.0078125,3527.1328125,3527.2578125,3527.484375,3527.609375,3527.7421875,3527.8671875,3527.9921875,3528.1171875,3528.2421875,3528.34375,3528.46875,3528.59375,3528.71875,3528.8203125,3528.9453125,3529.0703125,3529.171875,3529.296875,3529.421875,3529.6171875,3529.734375,3529.8359375,3529.9375,3530.0546875,3530.15625,3530.28125,3530.375,3530.5,3530.6015625,3530.7265625,3530.953125,3531.078125,3531.203125,3531.3984375,3531.6171875,3531.8359375,3532.0625,3532.28125,3532.5,3533.265625,3533.5859375,3533.8984375,3534.1875,3534.4765625,3534.7578125,3535.015625,3535.296875,3535.5546875,3535.8125,3536.0625,3536.3125,3536.546875,3536.796875,3537.046875,3537.3046875,3537.5546875,3537.78125,3538.03125,3538.2890625,3538.5390625,3538.796875,3539.078125,3539.34375,3539.6171875,3539.8828125,3540.1640625,3540.484375,3540.765625,3541.0859375,3542.2265625,3542.671875,3542.921875,3543.1484375,3543.3671875,3543.5625,3543.8125,3544.0390625,3544.2890625,3544.515625,3544.7421875,3544.9609375,3545.1796875,3545.375,3545.59375,3545.7890625,3545.984375,3546.1953125,3546.390625,3546.609375,3546.8046875,3547.0234375,3547.21875,3547.4140625,3547.6328125,3547.8515625,3548.0703125,3548.296875,3549.09375,3549.40625,3549.734375,3550.046875,3550.234375,3550.3984375,3550.5859375,3550.7421875,3550.90625,3551.0625,3551.21875,3551.375,3551.5703125,3551.734375,3551.921875,3552.109375,3552.2734375,3552.4609375,3552.6484375,3552.84375,3553.03125,3553.1953125,3553.3828125,3553.6015625,3553.9921875,3554.75,3555.0625,3555.3828125,3555.671875,3555.859375,3556.015625,3556.1796875,3556.3359375,3556.5,3556.65625,3556.8125,3556.9765625,3557.1328125,3557.2890625,3557.453125,3557.609375,3557.765625,3557.9296875,3558.1171875,3558.28125,3558.4375,3558.59375,3558.90625,3559.203125,3559.9296875,3560.28125,3560.46875,3560.625,3560.7890625,3560.9453125,3561.1015625,3561.265625,3561.421875,3561.578125,3561.7109375,3561.8671875,3562.0234375,3562.15625,3562.34375,3562.53125,3562.7265625,3562.921875,3563.0390625,3563.1328125,3563.328125,3563.5234375,3563.734375,3563.8984375,3564.0859375,3564.28125,3564.46875,3564.8203125,3565.453125,3565.6796875,3565.8984375,3566.09375,3566.2890625,3566.4765625,3566.6640625,3566.8515625,3567.015625,3567.203125,3567.390625,3567.5546875,3567.71875,3567.8125,3567.8984375,3568.0625,3568.2265625,3568.3203125,3568.4375,3568.5390625,3568.6328125,3568.734375,3568.8515625,3568.953125,3569.0546875,3569.171875,3569.2734375,3569.390625,3569.4921875,3569.59375,3569.7109375,3569.8125,3569.9375,3570.125,3570.3203125,3570.5390625,3570.7578125,3570.953125,3571.1484375,3571.875,3572.1328125,3572.4140625,3572.671875,3572.9296875,3573.0546875,3573.1796875,3573.3046875,3573.4296875,3573.53125,3573.65625,3573.78125,3573.90625,3574.0078125,3574.1328125,3574.234375,3574.3515625,3574.453125,3574.578125,3574.703125,3574.8046875,3574.9296875,3575.0546875,3575.28125,3575.40625,3575.53125,3575.75,3575.9765625,3576.2265625,3576.484375,3576.734375,3576.9921875,3578.0078125,3578.453125,3578.703125,3578.9296875,3579.15625,3579.40625,3579.6328125,3579.8515625,3580.078125,3580.328125,3580.7734375,3581.828125,3582.109375,3582.390625,3582.6796875,3582.96875,3583.2265625,3583.5,3583.7890625,3584.0859375,3584.3984375,3584.7109375,3585.0,3585.2890625,3586.234375,3586.5625,3586.90625,3587.1953125,3587.3515625,3587.515625,3587.671875,3587.828125,3587.984375,3588.140625,3588.2734375,3588.4296875,3588.59375,3588.78125,3588.9453125,3589.1328125,3589.3203125,3589.5078125,3589.703125,3589.890625,3590.0546875,3590.2109375,3590.375,3590.5625,3590.90625,3591.703125,3591.8984375,3592.0859375,3592.28125,3592.46875,3592.65625,3592.8203125,3593.0078125,3593.1953125,3593.359375,3593.546875,3593.7109375,3593.8671875,3594.03125,3594.2109375,3594.40625,3594.6015625,3594.71875,3594.8203125,3595.015625,3595.2265625,3595.421875,3595.6484375,3595.8671875,3596.03125,3596.21875,3596.4140625,3596.6328125,3596.8203125,3597.015625,3597.6796875,3597.9375,3598.1875,3598.4140625,3598.6640625,3598.890625,3599.109375,3599.3359375,3599.5546875,3599.6796875,3599.78125,3599.8984375,3600.0,3600.125,3600.2265625,3600.34375,3600.4453125,3600.546875,3600.6640625,3600.765625,3600.890625,3600.9921875,3601.109375,3601.3046875,3601.421875,3601.5234375,3601.6484375,3601.75,3601.96875,3602.1953125,3602.421875,3602.5390625,3602.671875,3602.921875,3603.1171875,3603.3359375,3603.5546875,3603.78125,3604.2265625,3605.046875,3605.375,3605.71875,3606.0390625,3606.3828125,3606.7109375,3607.0546875,3607.3671875,3607.6640625,3607.96875,3608.2578125,3608.5546875,3608.859375,3609.15625,3609.46875,3609.7578125,3609.9140625,3610.1015625,3610.265625,3610.453125,3610.6171875,3610.796875,3610.9609375,3611.125,3611.3046875,3611.46875,3611.6328125,3611.8203125,3611.984375,3612.1640625,3612.328125,3612.4921875,3612.8046875,3613.125,3613.4453125,3613.7890625,3614.1015625,3614.4296875,3614.7734375,3615.5703125,3616.015625,3616.2421875,3616.4609375,3616.6484375,3616.84375,3617.09375,3617.3203125,3617.5390625,3617.7578125,3617.984375,3618.1796875,3618.3984375,3618.59375,3618.7734375,3618.9375,3619.1015625,3619.2890625,3619.4765625,3619.640625,3619.828125,3620.015625,3620.2109375,3620.3984375,3620.59375,3620.8125,3621.2265625,3622.0546875,3622.3984375,3622.7578125,3622.9375,3623.1015625,3623.296875,3623.484375,3623.671875,3623.8671875,3624.0546875,3624.2421875,3624.40625,3624.59375,3624.7578125,3624.9453125,3625.1328125,3625.328125,3625.515625,3625.703125,3625.8984375,3626.0859375,3626.25,3626.40625,3626.59375,3626.7890625,3627.1328125,3627.9609375,3628.1875,3628.375,3628.59375,3628.7890625,3628.984375,3629.171875,3629.359375,3629.5546875,3629.7421875,3629.9375,3630.125,3630.3125,3630.5078125,3630.6953125,3630.8515625,3631.015625,3631.171875,3631.328125,3631.4921875,3631.6484375,3631.8125,3632.0,3632.2890625,3632.6328125,3632.921875,3633.6796875,3634.0625,3634.2578125,3634.4453125,3634.609375,3634.765625,3634.953125,3635.1171875,3635.3046875,3635.4609375,3635.625,3635.78125,3635.9375,3636.09375,3636.1953125,3636.3203125,3636.421875,3636.5390625,3636.640625,3636.765625,3636.8671875,3636.984375,3637.0859375,3637.2109375,3637.3125,3637.4296875,3637.53125,3637.65625,3637.78125,3637.8828125,3638.0078125,3638.1328125,3638.2578125,3638.3828125,3638.515625,3638.640625,3638.8984375,3639.1484375,3639.4375,3639.71875,3640.484375,3640.703125,3640.8984375,3641.125,3641.34375,3641.5625,3641.7578125,3641.8828125,3642.0078125,3642.1328125,3642.234375,3642.359375,3642.484375,3642.5859375,3642.703125,3642.8046875,3642.9296875,3643.03125,3643.1484375,3643.25,3643.375,3643.46875,3643.5703125,3643.71875,3643.8515625,3643.984375,3644.1328125,3644.265625,3644.3984375,3644.546875,3644.6796875,3644.8125,3644.9609375,3645.09375,3645.25,3645.40625,3645.5390625,3645.6640625,3645.8203125,3645.953125,3646.078125,3646.203125,3646.328125,3646.4609375,3646.5859375,3646.71875,3646.8671875,3647.125,3647.3828125,3647.6328125,3648.2734375,3648.6171875,3648.78125,3648.9375,3649.09375,3649.25,3649.4140625,3649.5703125,3649.7265625,3649.859375,3650.015625,3650.1484375,3650.296875,3650.4296875,3650.5625,3650.7109375,3650.84375,3650.96875,3651.1015625,3651.25,3651.3828125,3651.515625,3651.6640625,3651.796875,3651.921875,3652.0546875,3652.203125,3652.3359375,3652.46875,3652.6171875,3652.75,3652.9140625,3653.0703125,3653.2265625,3653.3828125,3653.546875,3653.703125,3653.890625,3654.0546875,3654.2109375,3654.375,3654.5625,3654.9140625,3655.609375,3655.921875,3656.2421875,3656.53125,3656.6953125,3656.875,3657.0390625,3657.1953125,3657.359375,3657.515625,3657.671875,3657.8359375,3657.9921875,3658.15625,3658.3359375,3658.5,3658.6640625,3658.8203125,3658.984375,3659.171875,3659.328125,3659.515625,3659.7109375,3659.8984375,3660.28125,3661.0390625,3661.359375,3661.6796875,3662.0,3662.1875,3662.375,3662.5390625,3662.7265625,3662.9140625,3663.078125,3663.234375,3663.3984375,3663.5546875,3663.71875,3663.8984375,3664.0625,3664.2265625,3664.4140625,3664.6015625,3664.7890625,3665.109375,3665.4609375,3665.78125,3666.6640625,3667.1484375,3667.3984375,3667.65625,3667.90625,3668.1328125,3668.4140625,3668.671875,3668.9296875,3669.2109375,3669.46875,3669.75,3670.0390625,3670.328125,3670.578125,3670.8359375,3671.1171875,3671.4609375,3674.1328125,3674.7734375,3675.03125,3675.28125,3675.53125,3675.75,3675.9765625,3676.171875,3676.390625,3676.578125,3676.7734375,3676.96875,3677.1796875,3677.375,3677.5703125,3677.7578125,3677.953125,3678.171875,3678.5234375,3678.90625,3679.28125,3680.109375,3680.5234375,3680.71875,3680.90625,3681.09375,3681.2578125,3681.4453125,3681.640625,3681.828125,3682.015625,3682.203125,3682.3671875,3682.5546875,3682.71875,3682.90625,3683.1015625,3683.2890625,3683.484375,3683.6953125,3683.890625,3684.0859375,3684.3046875,3684.46875,3684.65625,3684.84375,3685.0625,3685.421875,3686.3046875,3686.53125,3686.75,3686.96875,3687.1640625,3687.359375,3687.546875,3687.734375,3687.921875,3688.1171875,3688.28125,3688.46875,3688.65625,3688.8203125,3689.0078125,3689.1640625,3689.328125,3689.484375,3689.671875,3689.8359375,3690.0234375,3690.1875,3690.375,3690.53125,3690.6875,3691.015625,3691.328125,3692.1171875,3692.3125,3692.5078125,3692.7265625,3692.9140625,3693.1015625,3693.265625,3693.4609375,3693.6484375,3693.8125,3693.9921875,3694.15625,3694.3203125,3694.5,3694.6640625,3694.7890625,3694.890625,3695.0078125,3695.109375,3695.2109375,3695.328125,3695.4296875,3695.5546875,3695.65625,3695.7734375,3695.875,3696.0,3696.2265625,3696.3515625,3696.4765625,3696.671875,3696.890625,3697.109375,3697.3359375,3697.5234375,3697.75,3698.5078125,3698.796875,3699.0859375,3699.3671875,3699.6484375,3699.9140625,3700.0625,3700.1875,3700.4453125,3700.578125,3700.703125,3700.953125,3701.0859375,3701.2109375,3701.4609375,3701.59375,3701.71875,3701.9765625,3702.234375,3702.515625,3702.734375,3702.9609375,3703.1875,3703.4375,3703.6875,3703.9765625,3705.1796875,3705.46875,3705.7578125,3706.078125,3706.390625,3706.6796875,3706.9921875,3707.28125,3707.59375,3707.9140625,3708.234375,3708.5234375,3708.84375,3709.9765625,3710.421875,3710.875,3711.3125,3711.5703125,3711.796875,3712.046875,3712.265625,3712.4921875,3712.71875,3712.9609375,3713.1875,3713.4140625,3713.6640625,3713.890625,3714.140625,3714.3671875,3714.625,3714.875,3715.15625,3715.671875,3716.2421875,3716.8125,3718.4609375,3718.96875,3719.4140625,3719.9296875,3720.4375,3720.9140625,3721.3828125,3721.8046875,3722.21875,3722.65625,3723.109375,3723.515625,3723.9375,3725.4296875,3726.0234375,3726.34375,3726.6328125,3726.921875,3727.203125,3727.515625,3727.8125,3728.125,3728.4453125,3729.0234375,3730.3828125,3730.734375,3731.046875,3731.3984375,3731.75,3732.0703125,3732.3828125,3732.640625,3732.890625,3733.1484375,3733.40625,3733.65625,3733.9140625,3734.1640625,3734.4453125,3734.671875,3734.9296875,3735.1796875,3735.4609375,3735.71875,3735.9765625,3736.953125,3737.3359375,3737.75,3738.109375,3738.328125,3738.546875,3738.7421875,3738.9375,3739.1484375,3739.34375,3739.53125,3739.7265625,3739.953125,3740.1953125,3740.421875,3740.6484375,3740.8984375,3741.125,3741.3515625,3741.6015625,3741.8515625,3742.109375,3742.3671875,3742.6484375,3742.90625,3743.1953125,3744.328125,3744.8125,3745.0625,3745.3203125,3745.5703125,3745.7890625,3746.078125,3746.3359375,3746.5859375,3746.84375,3747.09375,3747.3515625,3747.609375,3747.859375,3748.046875,3748.2421875,3748.4296875,3748.625,3748.8125,3749.03125,3749.2265625,3749.4453125,3749.640625,3749.859375,3750.0859375,3750.3046875,3750.78125,3751.703125,3752.0859375,3752.4921875,3752.84375,3753.0703125,3753.265625,3753.484375,3753.671875,3753.8671875,3754.0546875,3754.25,3754.4375,3754.625,3754.8203125,3755.0078125,3755.203125,3755.390625,3755.609375,3755.8046875,3756.0234375,3756.375,3756.7578125,3757.1328125,3757.9921875,3758.4140625,3758.6328125,3758.8203125,3759.015625,3759.203125,3759.3984375,3759.5859375,3759.7734375,3759.9375,3760.125,3760.3125,3760.4765625,3760.6640625,3760.828125,3760.984375,3761.140625,3761.3046875,3761.4609375,3761.625,3761.8046875,3761.96875,3762.2578125,3762.578125,3762.890625,3763.6484375,3764.03125,3764.2265625,3764.4140625,3764.578125,3764.7578125,3764.953125,3765.140625,3765.3359375,3765.5,3765.6796875,3765.84375,3766.0078125,3766.1953125,3766.390625,3766.6015625,3766.796875,3766.9921875,3767.1875,3767.3984375,3767.59375,3767.8203125,3768.0078125,3768.1953125,3768.3828125,3768.578125,3768.9609375,3769.8515625,3770.078125,3770.296875,3770.515625,3770.734375,3770.9296875,3771.1171875,3771.3125,3771.5,3771.6640625,3771.8515625,3772.0390625,3772.2265625,3772.3984375,3772.5859375,3772.7421875,3772.90625,3773.0859375,3773.25,3773.40625,3773.5703125,3773.7578125,3773.921875,3774.078125,3774.265625,3774.4296875,3774.6171875,3775.0,3775.7578125,3776.046875,3776.3671875,3776.5234375,3776.6796875,3776.8671875,3777.03125,3777.1875,3777.3515625,3777.5078125,3777.6640625,3777.828125,3777.984375,3778.140625,3778.3046875,3778.4609375,3778.625,3778.8046875,3778.96875,3779.1328125,3779.3203125,3779.4765625,3779.6328125,3779.953125,3780.2734375,3781.0078125,3781.1953125,3781.390625,3781.578125,3781.765625,3781.953125,3782.1171875,3782.3046875,3782.4921875,3782.6875,3782.8515625,3783.03125,3783.1953125,3783.3828125,3783.546875,3783.734375,3783.8984375,3784.0859375,3784.2734375,3784.46875,3784.65625,3784.8515625,3785.0390625,3785.203125,3785.3828125,3785.546875,3785.7421875,3786.0859375,3786.9453125,3787.171875,3787.390625,3787.6171875,3787.8359375,3788.0546875,3788.25,3788.375,3788.46875,3788.59375,3788.6953125,3788.8203125,3788.9140625,3789.0390625,3789.140625,3789.265625,3789.359375,3789.4609375,3789.578125,3789.6796875,3789.78125,3789.8984375,3790.0,3790.09375,3790.1875,3790.3515625,3790.4453125,3790.5390625,3790.6328125,3790.7265625,3790.890625,3791.078125,3791.265625,3791.4609375,3791.6484375,3791.8671875,3792.09375,3792.3125,3792.5390625,3792.765625,3793.015625,3793.7109375,3793.9375,3794.125,3794.3515625,3794.5703125,3794.765625,3794.953125,3795.078125,3795.203125,3795.3046875,3795.4296875,3795.5546875,3795.65625,3795.7734375,3795.875,3796.0,3796.1015625,3796.21875,3796.3203125,3796.421875,3796.5390625,3796.734375,3796.921875,3797.0859375,3797.2734375,3797.4375,3797.625,3797.8125,3798.0,3798.1953125,3798.3828125,3798.578125,3798.7734375,3798.9921875,3799.1796875,3799.40625,3800.265625,3800.640625,3800.8359375,3801.0234375,3801.2109375,3801.375,3801.59375,3801.78125,3801.9765625,3802.171875,3802.359375,3802.546875,3802.7421875,3802.9296875,3803.1171875,3803.3125,3803.5,3803.6953125,3803.8828125,3804.078125,3804.296875,3804.4921875,3804.703125,3804.90625,3805.125,3805.375,3805.6015625,3805.8515625,3806.8359375,3807.25,3807.4765625,3807.6953125,3807.890625,3808.078125,3808.328125,3808.5546875,3808.8046875,3809.03125,3809.25,3809.4765625,3809.6953125,3809.921875,3810.078125,3810.2421875,3810.3984375,3810.5625,3810.7421875,3810.90625,3811.2578125,3811.5703125,3811.890625,3812.2109375,3813.0,3813.3828125,3813.734375,3814.078125,3814.3984375,3814.6875,3814.9765625,3815.2578125,3815.421875,3815.578125,3815.765625,3815.9296875,3816.1171875,3816.28125,3816.46875,3816.65625,3816.9765625,3817.3203125,3817.640625,3818.40625,3818.8203125,3819.203125,3819.390625,3819.5546875,3819.7421875,3819.9296875,3820.1171875,3820.28125,3820.46875,3820.6328125,3820.8203125,3820.9765625,3821.140625,3821.296875,3821.4609375,3821.6484375,3821.8125,3821.9921875,3822.15625,3822.3515625,3822.6640625,3823.015625,3823.3359375,3824.15625,3824.5703125,3824.7890625,3824.9765625,3825.171875,3825.3359375,3825.5546875,3825.7421875,3825.9375,3826.125,3826.3203125,3826.5078125,3826.6953125,3826.859375,3827.046875,3827.2109375,3827.3984375,3827.5625,3827.75,3827.9375,3828.125,3828.3203125,3828.484375,3828.671875,3828.859375,3829.046875,3829.40625,3830.125,3830.4140625,3830.703125,3830.984375,3831.3046875,3831.59375,3831.8828125,3832.171875,3832.453125,3832.734375,3833.0234375,3833.34375,3833.625,3833.90625,3834.8359375,3835.1796875,3835.5078125,3835.8203125,3836.0078125,3836.1640625,3836.328125,3836.484375,3836.6171875,3836.7734375,3836.9296875,3837.0859375,3837.25,3837.4140625,3837.59375,3837.7578125,3837.9140625,3838.078125,3838.265625,3838.4296875,3838.7421875,3839.0625,3839.3828125,3840.171875,3840.5546875,3840.75,3840.9375,3841.125,3841.28125,3841.4765625,3841.6640625,3841.8515625,3842.015625,3842.203125,3842.3671875,3842.5546875,3842.71875,3842.84375,3842.96875,3843.09375,3843.1953125,3843.3203125,3843.421875,3843.5390625,3843.6640625,3843.765625,3843.890625,3844.015625,3844.1484375,3844.2734375,3844.3984375,3844.5234375,3844.65625,3844.875,3845.09375,3845.3203125,3845.5703125,3845.796875,3846.0234375,3846.84375,3847.1640625,3847.484375,3847.7734375,3847.9296875,3848.0859375,3848.2421875,3848.3984375,3848.53125,3848.6875,3848.8203125,3848.9765625,3849.109375,3849.2578125,3849.390625,3849.546875,3849.703125,3849.8359375,3849.9609375,3850.1171875,3850.25,3850.40625,3850.5625,3850.71875,3850.8828125,3851.0390625,3851.359375,3851.734375,3852.125,3852.5703125,3853.109375,3853.9609375,3854.8203125,3855.4609375,3856.03125,3856.4140625,3856.7890625,3857.1484375,3857.5234375,3857.84375,3858.1875,3859.2421875,3859.59375,3859.9375,3860.2578125,3860.609375,3860.796875,3860.953125,3861.1171875,3861.2734375,3861.4296875,3861.59375,3861.8125,3862.0,3862.1953125,3862.390625,3862.6015625,3862.796875,3862.9921875,3863.2109375,3863.375,3863.5625,3863.75,3863.9453125,3864.296875,3865.1171875,3865.3359375,3865.53125,3865.7265625,3865.9140625,3866.1015625,3866.265625,3866.453125,3866.6171875,3866.796875,3866.9609375,3867.125,3867.3046875,3867.46875,3867.625,3867.8125,3867.984375,3868.171875,3868.359375,3868.546875,3868.7421875,3868.9296875,3869.1171875,3869.28125,3869.4453125,3869.6328125,3869.8203125,3870.171875,3870.96875,3871.1875,3871.3828125,3871.6015625,3871.7890625,3871.9765625,3872.140625,3872.328125,3872.4921875,3872.6796875,3872.84375,3873.03125,3873.1875,3873.3515625,3873.5078125,3873.609375,3873.7265625,3873.828125,3873.921875,3874.0234375,3874.140625,3874.2421875,3874.3671875,3874.4609375,3874.5859375,3874.6875,3874.8125,3874.9375,3875.0390625,3875.1640625,3875.2890625,3875.4765625,3875.671875,3875.890625,3876.1171875,3876.3046875,3876.53125,3877.2578125,3877.515625,3877.7734375,3878.0234375,3878.2734375,3878.3984375,3878.5234375,3878.75,3878.875,3878.9765625,3879.09375,3879.1953125,3879.296875,3879.4140625,3879.609375,3879.7109375,3879.828125,3880.0234375,3880.125,3880.2421875,3880.4375,3880.5546875,3880.65625,3880.8515625,3881.0390625,3881.234375,3881.453125,3881.6484375,3881.8671875,3882.0859375,3882.3125,3882.5,3882.6875,3882.8828125,3883.109375,3883.5234375,3884.40625,3884.7890625,3885.203125,3885.578125,3885.8046875,3886.0,3886.21875,3886.4375,3886.65625,3886.859375,3887.078125,3887.296875,3887.5546875,3887.8125,3888.09375,3888.375,3888.6640625,3888.953125,3889.265625,3889.5859375,3889.90625,3890.21875,3890.5390625,3890.828125,3891.1171875,3891.3984375,3891.6796875,3891.9375,3892.2578125,3892.5703125,3892.8671875,3893.171875,3893.4609375,3893.75,3894.0390625,3894.3515625,3894.609375,3894.8984375,3895.1796875,3895.5,3895.78125,3896.1015625,3897.2421875,3897.7265625,3897.9765625,3898.234375,3898.484375,3898.7109375,3898.9921875,3899.2734375,3899.5390625,3899.8203125,3900.1015625,3900.390625,3900.671875,3900.9609375,3901.34375,3901.7578125,3902.203125,3903.21875,3903.6953125,3904.2109375,3904.7109375,3905.28125,3905.859375,3906.4609375,3907.765625,3908.3671875,3909.0078125,3909.640625,3910.0234375,3910.40625,3910.8125,3911.2578125,3912.2421875,3912.7578125,3913.2578125,3913.6796875,3914.0859375,3914.4375,3914.7890625,3915.1328125,3915.453125,3915.765625,3916.0625,3916.3125,3916.59375,3917.140625,3917.6484375,3918.6953125,3919.140625,3919.546875,3919.8984375,3920.09375,3920.28125,3920.46875,3920.6328125,3920.796875,3920.9765625,3921.140625,3921.296875,3921.5234375,3921.7421875,3921.96875,3922.1875,3922.4140625,3922.640625,3922.859375,3923.109375,3923.3046875,3923.5,3923.71875,3923.9375,3924.3515625,3925.2734375,3925.5234375,3925.75,3925.9765625,3926.1953125,3926.4140625,3926.6015625,3926.8046875,3927.015625,3927.2109375,3927.3984375,3927.59375,3927.78125,3927.9765625,3928.1640625,3928.3203125,3928.484375,3928.640625,3928.796875,3928.9609375,3929.1171875,3929.2734375,3929.4375,3929.6015625,3929.7890625,3929.9765625,3930.1640625,3930.359375,3930.578125,3931.375,3931.7265625,3931.9140625,3932.1015625,3932.265625,3932.421875,3932.6171875,3932.8046875,3932.9921875,3933.1875,3933.375,3933.5625,3933.7265625,3933.9140625,3934.078125,3934.265625,3934.4296875,3934.6171875,3934.8046875,3934.96875,3935.15625,3935.34375,3935.5078125,3935.6953125,3935.8828125,3936.078125,3936.4921875,3937.2890625,3937.640625,3938.015625,3938.3671875,3938.5859375,3938.7734375,3938.96875,3939.15625,3939.3515625,3939.5390625,3939.734375,3939.921875,3940.109375,3940.3046875,3940.4921875,3940.6875,3940.8828125,3941.1015625,3941.3203125,3941.5703125,3942.0859375,3943.546875,3944.8515625,3945.2578125,3945.515625,3945.765625,3945.9921875,3946.2109375,3946.53125,3946.8203125,3947.1015625,3947.234375,3947.390625,3947.5234375,3947.671875,3947.9296875,3948.1875,3948.3359375,3948.46875,3948.6953125,3948.921875,3949.171875,3949.421875,3949.6484375,3949.8984375,3950.6640625,3950.9140625,3951.140625,3951.3671875,3951.5859375,3951.8046875,3952.0,3952.1875,3952.3828125,3952.5703125,3952.7578125,3952.9453125,3953.109375,3953.296875,3953.4609375,3953.5546875,3953.6484375,3953.75,3953.8671875,3953.96875,3954.0703125,3954.1875,3954.2890625,3954.40625,3954.5078125,3954.609375,3954.7265625,3954.828125,3954.953125,3955.0546875,3955.171875,3955.2734375,3955.3984375,3955.5234375,3955.625,3955.75,3955.875,3956.0,3956.125,3956.2578125,3956.3828125,3956.640625,3956.921875,3957.2109375,3958.03125,3958.2890625,3958.515625,3958.765625,3959.0234375,3959.1484375,3959.2734375,3959.5,3959.65625,3959.78125,3959.9140625,3960.0703125,3960.203125,3960.3515625,3960.484375,3960.609375,3960.734375,3960.8671875,3961.015625,3961.1484375,3961.28125,3961.4375,3961.5703125,3961.71875,3961.9140625,3962.1015625,3962.2890625,3962.484375,3962.6796875,3962.8984375,3963.1171875,3963.34375,3963.65625,3964.0078125,3964.390625,3965.28125,3965.7265625,3966.203125,3966.6484375,3967.0859375,3967.5390625,3967.984375,3969.0625,3969.6328125,3970.1796875,3970.71875,3971.1953125,3971.703125,3972.234375,3972.8125,3973.4765625,3974.3671875,3977.7421875,3978.3046875,3978.7578125,3979.0703125,3979.359375,3979.640625,3979.8984375,3980.1484375,3980.375,3980.6015625,3980.8203125,3980.9765625,3981.109375,3981.2578125,3981.390625,3981.5234375,3981.671875,3981.8046875,3981.9375,3982.0859375,3982.21875,3982.34375,3982.4765625,3982.625,3982.7578125,3982.8828125,3983.015625,3983.140625,3983.2734375,3983.421875,3983.5546875,3983.7109375,3983.84375,3984.0,3984.15625,3984.4375,3984.7265625,3985.015625,3985.78125,3986.0,3986.21875,3986.4453125,3986.6640625,3986.859375,3987.046875,3987.171875,3987.296875,3987.3984375,3987.5234375,3987.6484375,3987.75,3987.8671875,3987.96875,3988.09375,3988.1953125,3988.3125,3988.4140625,3988.515625,3988.6328125,3988.734375,3988.828125,3988.9296875,3989.046875,3989.1484375,3989.2734375,3989.3984375,3989.5,3989.625,3989.75,3989.875,3989.9765625,3990.1015625,3990.2265625,3990.3515625,3990.4765625,3990.609375,3990.734375,3990.9296875,3991.1484375,3991.375,3991.625,3991.84375,3992.1015625,3992.9609375,3993.3125,3993.5,3993.6875,3993.875,3994.0390625,3994.234375,3994.421875,3994.609375,3994.8046875,3994.9921875,3995.1796875,3995.375,3995.5625,3995.7578125,3995.9453125,3996.1328125,3996.328125,3996.5234375,3996.7421875,3996.9609375,3997.1875,3997.3828125,3997.6015625,3997.8203125,3998.078125,3998.484375,3999.4453125,3999.9765625,3999.984375,4000.0,4000.0078125,4250.0
0.0,0.0,2.2456,2.1837,2.1652,2.1472,2.1333,2.1231,2.1197,2.1173,2.1163,2.1166,2.1183,2.1208,2.1286,2.1405,2.1562,2.1773,2.1968,2.2211,2.2464,2.3057,2.3354,2.3606,2.38,2.3962,2.4026,2.4082,2.4124,2.4155,2.4181,2.417,2.4123,2.4038,2.3921,2.3796,2.363,2.3453,2.3018,2.2824,2.2647,2.2531,2.2481,2.2452,2.2439,2.2443,2.2464,2.2505,2.2564,2.2642,2.2785,2.2953,2.3172,2.3432,2.3697,2.4031,2.44,2.4819,2.5191,2.5601,2.6013,2.6532,2.7449,2.9169,2.9799,3.0394,3.0967,3.1527,3.1989,3.223,3.2461,3.2837,3.319,3.3366,3.3531,3.3654,3.3795,3.3922,3.4037,3.412,3.421,3.4288,3.4353,3.4439,3.447,3.449,3.4498,3.4475,3.4422,3.4333,3.4237,3.4111,3.3658,3.3508,3.3382,3.3284,3.3215,3.317,3.3147,3.3149,3.3187,3.3257,3.337,3.3523,3.3687,3.389,3.4116,3.4636,3.4895,3.5022,3.5121,3.5204,3.5276,3.5339,3.5378,3.539,3.5378,3.5342,3.5276,3.5189,3.5082,3.4916,3.472,3.448,3.4214,3.3915,3.3568,3.3189,3.2743,3.2374,3.1929,3.1444,3.0959,3.0014,2.7729,2.7123,2.6559,2.6021,2.5568,2.516,2.4784,2.4428,2.4123,2.3985,2.3847,2.373,2.3624,2.3528,2.3444,2.337,2.3307,2.3222,2.3193,2.3171,2.3163,2.3166,2.3198,2.3232,2.3276,2.3332,2.3397,2.356,2.3664,2.3771,2.4021,2.419,2.4346,2.4604,2.4938,2.5311,2.5691,2.6036,2.6442,2.7851,2.8348,2.8829,2.9271,2.9701,3.0083,3.0427,3.0699,3.0845,3.096,3.1145,3.123,3.1298,3.1405,3.1447,3.1475,3.15,3.1498,3.1484,3.1428,3.1352,3.1243,3.1113,3.095,3.0742,3.0527,3.0289,2.9993,2.9727,2.9446,2.9137,2.8832,2.8181,2.6449,2.5992,2.5568,2.5165,2.4775,2.4429,2.4159,2.3867,2.3624,2.344,2.3272,2.3158,2.3069,2.3024,2.3011,2.3021,2.3043,2.308,2.3126,2.3182,2.3254,2.3331,2.344,2.3674,2.3973,2.4328,2.5092,2.5421,2.5735,2.5991,2.6139,2.6251,2.6355,2.6443,2.6517,2.6581,2.6629,2.6664,2.6683,2.6689,2.6682,2.6661,2.6627,2.6572,2.651,2.6425,2.6269,2.605,2.5824,2.5258,2.4978,2.4848,2.4746,2.4662,2.4591,2.4534,2.4504,2.4498,2.4516,2.4558,2.4622,2.4709,2.4825,2.496,2.5126,2.5309,2.5551,2.5791,2.6086,2.6372,2.6714,2.6985,2.7309,2.7659,2.8065,2.8801,3.066,3.1152,3.1572,3.2016,3.2437,3.2796,3.3131,3.3469,3.3746,3.4016,3.4228,3.4408,3.4565,3.4678,3.4759,3.4802,3.4824,3.4825,3.4806,3.4767,3.4711,3.4635,3.453,3.4426,3.4304,3.417,3.4009,3.3679,3.2959,3.2671,3.2383,3.2156,3.2038,3.1926,3.1829,3.1743,3.1613,3.1561,3.152,3.148,3.1468,3.1486,3.1537,3.1609,3.1709,3.1834,3.2198,3.2298,3.2373,3.2446,3.2488,3.2505,3.2497,3.2456,3.2381,3.2272,3.2121,3.1948,3.1738,3.1495,3.0784,3.0581,3.0412,3.0233,3.0097,2.9983,2.9907,2.9866,2.9843,2.9842,2.9862,2.9892,2.9941,3.0132,3.0202,3.0254,3.0284,3.0292,3.0284,3.0202,3.02,3.0212,3.0248,3.0305,3.0388,3.0505,3.0652,3.0818,3.1014,3.1235,3.1492,3.1779,3.2125,3.25,3.2868,3.3252,3.3686,3.4741,3.5307,3.5587,3.5842,3.6052,3.6238,3.6475,3.666,3.681,3.6933,3.7015,3.7078,3.7108,3.7106,3.707,3.6993,3.6941,3.6875,3.6785,3.6703,3.6501,3.6259,3.599,3.583,3.5633,3.5452,3.5217,3.4773,3.4274,3.374,3.3136,3.2464,3.1771,2.994,2.9359,2.8875,2.8333,2.7873,2.7441,2.7056,2.6818,2.6649,2.6437,2.6277,2.6097,2.5973,2.586,2.5749,2.5636,2.5553,2.5488,2.543,2.538,2.5351,2.5337,2.5334,2.5344,2.5363,2.5429,2.5482,2.5545,2.562,2.5705,2.5802,2.5908,2.6151,2.6444,2.6762,2.7067,2.7443,2.7863,2.8306,2.8751,2.9287,3.1283,3.2073,3.2463,3.2823,3.3186,3.3516,3.3889,3.4194,3.4502,3.476,3.5023,3.5227,3.5398,3.5551,3.5673,3.5771,3.585,3.5901,3.5932,3.5939,3.5923,3.588,3.5822,3.5752,3.5664,3.5548,3.5296,3.4739,3.451,3.4313,3.416,3.4092,3.4037,3.3999,3.3978,3.3973,3.3983,3.4012,3.4058,3.4112,3.4192,3.4274,3.4386,3.4516,3.4662,3.4831,3.5007,3.5354,3.5757,3.6174,3.7243,3.7738,3.7985,3.8187,3.8374,3.8537,3.871,3.8835,3.8944,3.9027,3.9091,3.9129,3.9144,3.9136,3.9102,3.9045,3.8965,3.8856,3.8722,3.8548,3.8366,3.8131,3.7904,3.7623,3.7359,3.7042,3.6709,3.635,3.4971,3.4379,3.3835,3.3617,3.3373,3.31,3.288,3.2689,3.2517,3.2358,3.2227,3.2133,3.2041,3.1971,3.1922,3.1894,3.1888,3.1902,3.1937,3.1993,3.2074,3.2148,3.2247,3.2358,3.2486,3.2753,3.3389,3.3554,3.3701,3.3831,3.393,3.4022,3.408,3.4124,3.4138,3.4128,3.4094,3.4036,3.3948,3.3839,3.3697,3.3536,3.3349,3.3137,3.2901,3.2629,3.2346,3.2043,3.1703,3.1431,3.1077,3.069,3.031,2.9582,2.7772,2.7302,2.6846,2.641,2.6046,2.5655,2.5353,2.506,2.4759,2.4529,2.4339,2.4172,2.4098,2.4029,2.3935,2.388,2.3858,2.387,2.3894,2.3929,2.4019,2.4086,2.4165,2.4328,2.4554,2.4819,2.5081,2.5411,2.5724,2.6105,2.6507,2.6943,2.8628,2.928,2.9618,2.9942,3.0249,3.0495,3.0766,3.1024,3.1245,3.1438,3.158,3.1718,3.1826,3.1892,3.1925,3.1945,3.1954,3.195,3.1916,3.1879,3.1831,3.1719,3.1639,3.1547,3.1445,3.1332,3.1209,3.1064,3.0768,3.048,3.012,2.9667,2.9235,2.8729,2.6884,2.6441,2.6083,2.5721,2.5376,2.5066,2.4776,2.446,2.4213,2.3967,2.3787,2.3699,2.3629,2.3521,2.3451,2.3414,2.3414,2.3429,2.3456,2.3532,2.3644,2.3805,2.3987,2.4232,2.4515,2.4736,2.503,2.5329,2.5709,2.6041,2.64,2.7683,2.8168,2.8586,2.8969,2.9343,2.9673,2.9969,3.0199,3.0316,3.0423,3.0576,3.0702,3.079,3.0821,3.0842,3.0848,3.0815,3.0744,3.063,3.0546,3.0449,3.0247,3.0114,2.9968,2.9683,2.9503,2.9312,2.911,2.8897,2.8654,2.842,2.8008,2.7551,2.7001,2.6425,2.5904,2.5294,2.3295,2.2551,2.1827,2.1155,2.0518,2.0237,1.9923,1.9433,1.9002,1.8786,1.8599,1.8366,1.8206,1.8046,1.791,1.7788,1.7678,1.7581,1.749,1.742,1.7362,1.7318,1.7286,1.7266,1.7261,1.7274,1.7321,1.7387,1.7494,1.7609,1.7763,1.7921,1.8143,1.8378,1.8634,1.8924,1.9277,1.9649,2.0036,2.1605,2.2269,2.2639,2.2934,2.3228,2.3491,2.3783,2.4014,2.425,2.443,2.4598,2.4724,2.4823,2.4903,2.4943,2.4959,2.4954,2.4926,2.4876,2.4806,2.4711,2.4577,2.4448,2.4304,2.4138,2.3933,2.3487,2.2555,2.2164,2.18,2.1637,2.1478,2.1312,2.1182,2.1057,2.096,2.0869,2.0808,2.0758,2.0732,2.0723,2.0725,2.0738,2.0766,2.0807,2.0859,2.0926,2.1,2.1141,2.1337,2.1535,2.2103,2.2394,2.2539,2.2653,2.2758,2.2847,2.2919,2.2977,2.3023,2.3057,2.3094,2.3139,2.3165,2.3205,2.3267,2.3343,2.3437,2.356,2.37,2.3852,2.4026,2.4248,2.4472,2.475,2.5056,2.5388,2.5667,2.5987,2.6323,2.6687,2.7415,2.9132,2.9555,2.9919,3.0267,3.0584,3.088,3.1154,3.1372,3.1597,3.1792,3.1938,3.2074,3.2166,3.2233,3.2276,3.2287,3.2268,3.2224,3.2143,3.2046,3.1907,3.174,3.1545,3.1355,3.1148,3.0894,3.0623,3.0338,3.0031,2.894,2.8493,2.8057,2.7664,2.7462,2.7274,2.7126,2.6966,2.6843,2.6713,2.6618,2.6526,2.6447,2.6391,2.6346,2.632,2.6311,2.6319,2.6344,2.6394,2.6454,2.6524,2.661,2.6721,2.6958,2.7473,2.7671,2.7853,2.8,2.8069,2.8121,2.8155,2.8181,2.8191,2.8187,2.8167,2.8137,2.8089,2.8034,2.7952,2.7855,2.7759,2.7633,2.7491,2.7329,2.7019,2.6668,2.6294,2.5407,2.5,2.4813,2.4637,2.4474,2.4346,2.421,2.4108,2.4006,2.3938,2.3881,2.3841,2.3816,2.3806,2.382,2.3872,2.3922,2.3972,2.4104,2.4267,2.4472,2.4712,2.502,2.5314,2.5593,2.5932,2.6305,2.6664,2.7067,2.8358,2.8863,2.9319,2.9695,3.0089,3.0401,3.0697,3.092,3.1136,3.1304,3.146,3.1566,3.1648,3.1687,3.1695,3.1693,3.1666,3.162,3.1541,3.1435,3.1324,3.117,3.0992,3.0791,3.0559,3.0355,3.01,2.983,2.9548,2.9002,2.7651,2.73,2.7005,2.6673,2.6389,2.6151,2.5937,2.5724,2.5567,2.543,2.5338,2.5282,2.5257,2.5265,2.5306,2.5384,2.5445,2.5518,2.5602,2.5698,2.5815,2.5935,2.6066,2.6207,2.6359,2.6536,2.6709,2.6908,2.715,2.7372,2.7731,2.819,2.8675,2.9204,2.9663,3.0201,3.2055,3.271,3.3348,3.394,3.4502,3.5029,3.5465,3.5864,3.6043,3.6252,3.6422,3.6569,3.6705,3.6842,3.6957,3.7062,3.7157,3.7247,3.732,3.7382,3.7434,3.7475,3.7508,3.7528,3.7539,3.7527,3.7489,3.7426,3.734,3.7225,3.7066,3.6905,3.6735,3.655,3.6353,3.6134,3.5681,3.4749,3.4388,3.4031,3.3705,3.336,3.3094,3.2852,3.2647,3.2481,3.2349,3.2245,3.2171,3.2123,3.2095,3.2084,3.2079,3.2066,3.204,3.1993,3.1922,3.1835,3.1712,3.1553,3.1362,3.1147,3.0865,3.0596,3.0298,2.9241,2.8871,2.8689,2.8526,2.8375,2.8258,2.8134,2.8024,2.7939,2.7875,2.7833,2.7816,2.7822,2.7853,2.7926,2.7982,2.804,2.8181,2.8272,2.8375,2.8487,2.861,2.8851,2.9164,2.9515,2.9922,3.0184,3.0421,3.0903,3.1479,3.2087,3.2742,3.3393,3.5231,3.5782,3.623,3.6748,3.7181,3.7589,3.7954,3.8159,3.8354,3.8538,3.8724,3.8884,3.903,3.9254,3.9363,3.9451,3.9513,3.9583,3.9637,3.9675,3.9694,3.9704,3.9697,3.9665,3.9616,3.9529,3.9411,3.9294,3.9123,3.8935,3.8752,3.8501,3.8275,3.7973,3.7644,3.7358,3.6982,3.6583,3.6268,3.5941,3.5574,3.5133,3.4739,3.4237,3.3323,3.2474,3.146,3.046,2.8117,2.6843,2.5713,2.5182,2.4666,2.4134,2.3651,2.3187,2.2824,2.2397,2.2091,2.1704,2.1406,2.1084,2.0823,2.0579,2.032,2.0115,1.9887,1.9735,1.9589,1.9444,1.9338,1.9257,1.9188,1.9131,1.9102,1.9092,1.9102,1.9127,1.9156,1.925,1.9325,1.9391,1.9481,1.9592,1.9817,1.9962,2.0118,2.0417,2.0796,2.1138,2.1502,2.1904,2.2324,2.3179,2.4841,2.5523,2.6122,2.6677,2.7222,2.7714,2.8167,2.8536,2.8869,2.9051,2.9186,2.944,2.9655,2.9825,2.9901,2.9977,3.0073,3.0106,3.0137,3.0152,3.0158,3.0151,3.0131,3.0099,3.0054,2.9933,2.9761,2.9555,2.9319,2.8766,2.8531,2.8309,2.8137,2.7968,2.7837,2.7747,2.7715,2.7698,2.769,2.7723,2.7795,2.7911,2.8032,2.8204,2.8795,2.9003,2.91,2.9187,2.9306,2.9355,2.9384,2.94,2.9403,2.9389,2.9362,2.9319,2.9262,2.9188,2.9098,2.8981,2.8859,2.8701,2.8548,2.8357,2.815,2.7764,2.73,2.6808,2.5538,2.5182,2.4893,2.4573,2.4315,2.4087,2.3879,2.3684,2.3602,2.3526,2.3465,2.3416,2.3378,2.3351,2.3337,2.3336,2.3347,2.3371,2.341,2.3449,2.3505,2.3577,2.3668,2.3747,2.3855,2.3977,2.411,2.4256,2.4551,2.473,2.4921,2.5136,2.5349,2.5573,2.5821,2.6112,2.6383,2.6851,2.7361,2.7951,2.8583,2.9155,2.9801,3.1878,3.263,3.3364,3.3997,3.4655,3.5224,3.5738,3.6166,3.6386,3.6594,3.6789,3.6981,3.7147,3.7298,3.741,3.7526,3.7615,3.771,3.7788,3.7839,3.7884,3.791,3.7925,3.7925,3.7907,3.7872,3.7817,3.7744,3.7653,3.7557,3.7431,3.7286,3.7123,3.6941,3.6729,3.6512,3.6277,3.6009,3.5741,3.5401,3.5138,3.4823,3.4495,3.4154,3.38,3.3435,3.265,3.1853,3.1002,3.0132,2.7758,2.7102,2.6485,2.5785,2.5205,2.4694,2.4182,2.3655,2.3395,2.3106,2.2654,2.2258,2.2073,2.1885,2.1567,2.1291,2.1158,2.1047,2.0946,2.0855,2.0775,2.07,2.0642,2.0594,2.0528,2.051,2.0502,2.0516,2.057,2.0609,2.0673,2.0796,2.0954,2.114,2.1375,2.1596,2.1881,2.2936,2.3344,2.3566,2.3738,2.3904,2.4025,2.4176,2.4285,2.4379,2.444,2.4476,2.4485,2.4466,2.4419,2.4337,2.4233,2.4109,2.3954,2.3772,2.3546,2.3315,2.3024,2.2763,2.2486,2.2179,2.186,2.1223,1.9632,1.9237,1.8917,1.8568,1.8241,1.7977,1.7746,1.7528,1.7346,1.7191,1.7064,1.6979,1.6908,1.6869,1.6862,1.6871,1.6896,1.6941,1.6992,1.7061,1.7138,1.7227,1.7337,1.7452,1.7613,1.7767,1.7922,1.8089,1.8282,1.8472,1.8742,1.8957,1.9201,1.9497,1.9765,2.0108,2.0398,2.0767,2.1148,2.1867,2.2694,2.3572,2.6086,2.6824,2.7465,2.8182,2.8839,2.9392,2.9889,3.0201,3.0496,3.0773,3.0986,3.123,3.14,3.161,3.1766,3.194,3.2057,3.2195,3.2292,3.2387,3.2455,3.2509,3.2555,3.2591,3.2593,3.2564,3.2507,3.2419,3.2283,3.2113,3.1939,3.1754,3.1507,3.1274,3.099,3.0419,2.9178,2.8697,2.8206,2.7789,2.7572,2.738,2.7204,2.7044,2.6894,2.677,2.6663,2.6587,2.6514,2.646,2.6421,2.6402,2.6401,2.6416,2.6446,2.6493,2.6551,2.6621,2.6706,2.6816,2.7065,2.7575,2.7775,2.797,2.8121,2.8192,2.8248,2.8291,2.8322,2.834,2.8342,2.833,2.8309,2.827,2.8226,2.816,2.8081,2.7988,2.7876,2.7757,2.7599,2.7327,2.7002,2.6681,2.5876,2.5494,2.5305,2.5157,2.5014,2.489,2.478,2.468,2.4602,2.454,2.4497,2.4475,2.4468,2.4477,2.4494,2.4527,2.4573,2.4634,2.4693,2.4779,2.4879,2.497,2.5196,2.5344,2.5504,2.5828,2.6023,2.6243,2.6617,2.7004,2.7447,2.7981,2.8415,2.8934,3.0713,3.1363,3.1941,3.2477,3.2998,3.3467,3.3855,3.4205,3.4381,3.4543,3.4665,3.4795,3.4897,3.5009,3.5089,3.5169,3.5228,3.5287,3.5323,3.5352,3.5366,3.5369,3.536,3.5338,3.527,3.5166,3.5015,3.4839,3.4631,3.4362,3.4058,3.3709,3.3396,3.305,3.2641,3.2214,3.1416,2.9817,2.9232,2.8648,2.8148,2.7618,2.7138,2.6926,2.67,2.6337,2.6137,2.5979,2.5832,2.5682,2.556,2.5456,2.5357,2.5261,2.5187,2.5126,2.5071,2.5034,2.5009,2.4995,2.4994,2.5006,2.5041,2.5095,2.5171,2.5263,2.5377,2.5507,2.5671,2.5852,2.6203,2.6621,2.7065,2.8352,2.8754,2.9107,2.9497,2.9832,3.0142,3.0442,3.0701,3.0958,3.1211,3.1462,3.1773,3.2176,3.2688,3.3008,3.3178,3.3312,3.3432,3.3531,3.3616,3.3685,3.3739,3.3774,3.3794,3.3802,3.3797,3.378,3.3719,3.3533,3.3499,3.3488,3.3501,3.355,3.3636,3.3755,3.3834,3.3929,3.4032,3.415,3.4275,3.4416,3.4562,3.4744,3.5061,3.5433,3.5793,3.6685,3.7101,3.7486,3.7653,3.7803,3.7942,3.8073,3.8186,3.8286,3.8361,3.8434,3.8485,3.8529,3.8559,3.8572,3.8574,3.8564,3.8544,3.8508,3.8458,3.8399,3.8273,3.8109,3.7928,3.7472,3.7268,3.7103,3.7038,3.6983,3.6946,3.6915,3.6897,3.6893,3.6902,3.6922,3.6954,3.7002,3.7107,3.7262,3.7452,3.7685,3.7909,3.8186,3.915,3.9471,3.9779,4.0011,4.0131,4.022,4.0303,4.0371,4.043,4.0475,4.0508,4.0528,4.0533,4.0499,4.0431,4.0328,4.0192,4.0006,3.9785,3.9523,3.9295,3.9016,3.869,3.8345,3.7678,3.5904,3.545,3.5012,3.4636,3.4292,3.3943,3.36,3.3089,3.2565,3.0752,2.927,2.8823,2.842,2.8064,2.7763,2.7503,2.7327,2.7169,2.7038,2.6906,2.6795,2.669,2.6597,2.6515,2.6407,2.6314,2.625,2.6114,2.6019,2.5958,2.5887,2.5812,2.5719,2.5548,2.5347,2.5133,2.4645,2.4448,2.4288,2.4166,2.4106,2.4066,2.4036,2.4018,2.4013,2.4022,2.4044,2.4075,2.4124,2.4178,2.4253,2.4331,2.4428,2.4534,2.4662,2.4804,2.5047,2.5341,2.5673,2.6022,2.6403,2.684,2.7362,2.8997,2.952,3.0016,3.057,3.1061,3.1532,3.1991,3.2259,3.2517,3.2784,3.3014,3.3239,3.343,3.3627,3.3796,3.3952,3.409,3.4203,3.4299,3.4382,3.4443,3.4491,3.4528,3.455,3.4537,3.4487,3.44,3.4286,3.4123,3.3938,3.3697,3.3442,3.3118,3.2758,3.2331,3.1918,3.1472,3.0971,2.9724,2.9077,2.8744,2.844,2.8188,2.7964,2.7697,2.749,2.7319,2.7192,2.7136,2.71,2.7053,2.7045,2.7047,2.7078,2.7107,2.7152,2.7255,2.7333,2.741,2.7583,2.7815,2.8055,2.8358,2.8708,2.9023,2.9417,2.9851,3.0293,3.0769,3.131,3.3295,3.4129,3.4589,3.4986,3.5354,3.5722,3.6113,3.648,3.6834,3.7117,3.7408,3.7646,3.7888,3.8105,3.8328,3.8537,3.8716,3.886,3.8974,3.9088,3.9436,3.9522,3.9618,3.9739,3.9882,4.0027,4.0201,4.0384,4.0583,4.0798,4.1049,4.1537,4.2746,4.3051,4.331,4.3552,4.3773,4.3966,4.4137,4.4274,4.4393,4.4503,4.4595,4.4727,4.4962,4.5038,4.5127,4.524,4.5357,4.55,4.5661,4.5902,4.6181,4.649,4.6842,4.7186,4.7591,4.8003,4.8948,4.9443,4.9673,4.99,5.0096,5.0263,5.0445,5.0599,5.0732,5.0847,5.0933,5.0988,5.1024,5.1036,5.102,5.097,5.088,5.0752,5.0588,5.038,5.0136,4.9827,4.9571,4.9284,4.8941,4.8564,4.8184,4.7791,4.6321,4.5742,4.5186,4.4678,4.4427,4.4155,4.3931,4.3731,4.3545,4.3364,4.3207,4.3063,4.2929,4.2815,4.2716,4.2626,4.2556,4.2488,4.2444,4.2409,4.2391,4.2384,4.2391,4.2409,4.2478,4.2674,4.2746,4.279,4.2794,4.2774,4.2742,4.2687,4.2625,4.2543,4.2432,4.2316,4.2183,4.2065,4.1918,4.1617,4.1261,4.0825,4.0433,3.9993,3.8284,3.7543,3.7152,3.6801,3.646,3.6103,3.5647,3.5141,3.3436,3.1911,3.139,3.0928,3.056,3.04,3.0258,3.0127,3.0022,2.9927,2.9835,2.9764,2.9706,2.9658,2.9623,2.9601,2.959,2.9594,2.962,2.9664,2.9726,2.9817,2.9917,3.0049,3.02,3.035,3.0506,3.0679,3.0885,3.1299,3.2387,3.27,3.2984,3.3272,3.3496,3.369,3.3837,3.3947,3.4036,3.4089,3.412,3.4125,3.4112,3.3996,3.397,3.3975,3.3994,3.4029,3.4081,3.4151,3.4237,3.4342,3.4463,3.4718,3.5337,3.547,3.559,3.5692,3.5766,3.5817,3.5846,3.5854,3.5838,3.5793,3.5722,3.5624,3.5513,3.5364,3.5183,3.5013,3.4818,3.4617,3.4365,3.3892,3.2741,3.2473,3.2246,3.2036,3.1852,3.1688,3.1564,3.1447,3.1368,3.1307,3.1278,3.1274,3.1301,3.1355,3.1433,3.1498,3.1568,3.1654,3.1768,3.1879,3.2021,3.2156,3.2302,3.2485,3.2654,3.282,3.3055,3.3257,3.3519,3.401,3.4463,3.4963,3.5488,3.6102,3.6646,3.7296,3.9433,4.0207,4.096,4.1639,4.1998,4.2326,4.2891,4.3398,4.3669,4.3879,4.4124,4.4311,4.4528,4.4716,4.4868,4.5039,4.5166,4.5298,4.54,4.5511,4.5604,4.5667,4.5726,4.5765,4.5798,4.5814,4.5818,4.5805,4.5772,4.5725,4.565,4.557,4.546,4.5333,4.5212,4.5057,4.489,4.4676,4.4244,4.3345,4.2981,4.2603,4.2293,4.2111,4.1973,4.1841,4.173,4.1632,4.1545,4.1477,4.1423,4.1389,4.1363,4.135,4.1352,4.1366,4.1395,4.1435,4.1496,4.1618,4.1782,4.1963,4.2426,4.2641,4.2744,4.2821,4.2887,4.2935,4.2968,4.2982,4.2978,4.2954,4.291,4.2847,4.2764,4.267,4.2555,4.2434,4.2306,4.2158,4.2004,4.1805,4.1619,4.1392,4.0934,4.0394,3.9778,3.8423,3.7846,3.7246,3.672,3.6425,3.6153,3.5892,3.5636,3.5402,3.5204,3.4994,3.4789,3.4553,3.433,3.4126,3.3924,3.3736,3.3571,3.3417,3.3279,3.3156,3.304,3.2938,3.2862,3.2802,3.2758,3.2731,3.2722,3.2731,3.2762,3.2812,3.2884,3.2974,3.3078,3.3518,3.3674,3.3746,3.3802,3.3839,3.3861,3.3867,3.3847,3.3801,3.373,3.3639,3.3528,3.3107,3.2968,3.2861,3.2826,3.2806,3.2797,3.281,3.2849,3.2906,3.2989,3.3094,3.3224,3.3359,3.3477,3.3607,3.3874,3.4039,3.4218,3.4372,3.4573,3.497,3.5207,3.5455,3.5935,3.6216,3.6508,3.6984,3.7545,3.8131,3.8762,3.9389,4.0054,4.2323,4.3086,4.3899,4.4617,4.5301,4.5927,4.6223,4.6508,4.6731,4.6993,4.7241,4.7476,4.7656,4.7864,4.8057,4.8234,4.8395,4.8523,4.8646,4.876,4.8842,4.8926,4.8994,4.9036,4.9074,4.9094,4.9093,4.9074,4.9046,4.9007,4.895,4.889,4.8803,4.8722,4.8617,4.8516,4.8381,4.8104,4.7936,4.7757,4.7458,4.7098,4.6714,4.6297,4.5878,4.5432,4.389,4.3269,4.2653,4.2136,4.1633,4.1164,4.0745,4.0395,4.0089,3.981,3.9575,3.9376,3.9222,3.9094,3.9001,3.8942,3.8921,3.893,3.8972,3.9048,3.9152,3.929,3.9457,3.9676,3.9911,4.0164,4.0456,4.0813,4.1146,4.1541,4.301,4.3567,4.3874,4.4122,4.4356,4.4552,4.4783,4.4975,4.5148,4.5284,4.5392,4.547,4.5521,4.5542,4.5536,4.5508,4.5448,4.537,4.5256,4.513,4.4965,4.4796,4.4617,4.4387,4.4166,4.3894,4.3616,4.3328,4.2243,4.1817,4.1386,4.1053,4.0855,4.0696,4.053,4.0407,4.0293,4.02,4.0118,4.0057,4.0004,3.9977,3.9969,3.9984,4.0016,4.0073,4.0152,4.0255,4.0374,4.0509,4.0667,4.0838,4.1231,4.199,4.2302,4.2597,4.2832,4.2966,4.3068,4.3151,4.3223,4.3277,4.3315,4.3337,4.3343,4.3331,4.3303,4.3256,4.3195,4.3117,4.302,4.289,4.276,4.2624,4.2477,4.2146,4.1797,4.0983,4.0602,4.0415,4.0271,4.0134,4.0018,3.9913,3.9832,3.9769,3.9726,3.9706,3.9702,3.9722,3.9756,3.9834,3.9953,4.0102,4.0197,4.0319,4.0552,4.0809,4.1109,4.1483,4.1787,4.2158,4.2549,4.2959,4.333,4.3783,4.5268,4.5799,4.6297,4.6725,4.7178,4.7557,4.7891,4.8159,4.8434,4.8645,4.8842,4.8989,4.9059,4.9117,4.9194,4.9235,4.9244,4.9229,4.9201,4.9163,4.911,4.9031,4.8949,4.8862,4.8754,4.8615,4.848,4.8334,4.8151,4.7979,4.7753,4.7512,4.7304,4.6897,4.646,4.5919,4.5327,4.4819,4.4209,4.2203,4.139,4.0688,4.0035,3.9398,3.9104,3.8805,3.8534,3.8276,3.8031,3.7798,3.7579,3.7411,3.7216,3.7069,3.6909,3.6753,3.6637,3.6506,3.6389,3.6303,3.6149,3.6031,3.5982,3.5943,3.5905,3.5897,3.5921,3.5976,3.6051,3.6148,3.6598,3.6771,3.6853,3.691,3.6956,3.6983,3.6995,3.6993,3.6978,3.6947,3.6863,3.6611,3.656,3.653,3.6518,3.6532,3.6575,3.6641,3.6748,3.6901,3.7077,3.7306,3.7533,3.7787,3.8686,3.8998,3.9269,3.9494,3.9591,3.9681,3.9753,3.9812,3.9851,3.9883,3.9899,3.9903,3.9887,3.9852,3.9792,3.9709,3.9618,3.9493,3.9348,3.9176,3.9024,3.8828,3.8644,3.8422,3.8022,3.6991,3.6721,3.65,3.6285,3.6095,3.5925,3.5793,3.5665,3.5574,3.5496,3.5453,3.5432,3.5439,3.5471,3.5525,3.5626,3.5704,3.5777,3.5954,3.6168,3.6313,3.6449,3.6736,3.7094,3.749,3.7809,3.8194,3.8616,3.9111,3.955,4.0019,4.1723,4.2327,4.2933,4.3444,4.398,4.4433,4.4838,4.5207,4.5366,4.5549,4.5718,4.5846,4.599,4.6088,4.6185,4.6285,4.6426,4.6489,4.6533,4.657,4.6592,4.6604,4.6605,4.6577,4.6541,4.65,4.6442,4.6382,4.6222,4.6016,4.577,4.5619,4.5458,4.5107,4.4809,4.4453,4.4077,4.3671,4.2836,4.1232,4.0576,3.9925,3.9355,3.8775,3.8267,3.7794,3.7357,3.6968,3.6641,3.6345,3.6062,3.5832,3.5635,3.5458,3.5327,3.5259,3.5211,3.5168,3.5143,3.5127,3.5121,3.5143,3.517,3.5212,3.5262,3.5331,3.5482,3.559,3.5694,3.5922,3.6191,3.6495,3.6865,3.722,3.7633,3.8044,3.9061,3.9596,3.9858,4.0097,4.0297,4.0476,4.069,4.0859,4.0996,4.1111,4.1192,4.1244,4.1265,4.1259,4.1234,4.1184,4.1121,4.1029,4.093,4.0798,4.0646,4.0497,4.0311,4.0108,3.9882,3.9612,3.9065,3.7913,3.7437,3.7195,3.6963,3.677,3.6596,3.6395,3.6219,3.6062,3.592,3.5805,3.5712,3.5649,3.5599,3.5571,3.5567,3.5583,3.5622,3.5682,3.5763,3.5867,3.5986,3.6103,3.6231,3.639,3.656,3.69,3.7734,3.7943,3.814,3.8328,3.8468,3.8597,3.8702,3.8791,3.8855,3.8897,3.8916,3.8911,3.888,3.8825,3.8753,3.8669,3.8569,3.8453,3.8313,3.8165,3.7994,3.7817,3.7588,3.7204,3.6707,3.6218,3.5069,3.4509,3.4235,3.4017,3.3793,3.3603,3.3407,3.3255,3.3105,3.3002,3.2914,3.2853,3.2811,3.2796,3.2798,3.2813,3.2843,3.2879,3.2938,3.2992,3.3078,3.316,3.3267,3.337,3.3511,3.3637,3.3794,3.3941,3.4134,3.4301,3.452,3.4707,3.4933,3.5202,3.5467,3.576,3.6101,3.6418,3.7038,3.7788,3.8562,4.0624,4.1225,4.1789,4.235,4.2863,4.3345,4.3728,4.3981,4.4204,4.4375,4.457,4.4717,4.4872,4.4994,4.5128,4.5223,4.5317,4.5384,4.5448,4.5492,4.5511,4.5519,4.5513,4.5477,4.5423,4.5343,4.5223,4.509,4.4932,4.4727,4.4517,4.424,4.3979,4.3711,4.3349,4.3018,4.26,4.2223,4.1779,4.1361,4.0952,4.0528,4.0089,3.9609,3.9144,3.8638,3.8059,3.7023,3.5958,3.4872,3.2185,3.075,3.008,2.9423,2.8811,2.8214,2.7635,2.7076,2.6616,2.6095,2.5598,2.5195,2.4745,2.4404,2.4061,2.3702,2.3402,2.3125,2.284,2.2608,2.241,2.2221,2.2036,2.1893,2.1779,2.1679,2.1604,2.1537,2.1501,2.1485,2.1496,2.1525,2.1582,2.1663,2.1765,2.1895,2.2045,2.2232,2.242,2.2614,2.283,2.3091,2.3609,2.4691,2.516,2.5617,2.6028,2.6255,2.644,2.6604,2.6761,2.6897,2.702,2.7132,2.7225,2.7303,2.737,2.7419,2.7454,2.7477,2.7485,2.7481,2.746,2.743,2.7383,2.7323,2.7253,2.7086,2.6713,2.6567,2.6431,2.6334,2.6292,2.6266,2.625,2.6247,2.6258,2.6281,2.6316,2.6368,2.6428,2.6501,2.6581,2.6692,2.68,2.6937,2.7067,2.7226,2.7515,2.7868,2.8232,2.9172,2.9662,2.991,3.0134,3.0341,3.0512,3.0702,3.0854,3.0982,3.1098,3.1181,3.1248,3.1295,3.132,3.1327,3.1322,3.1274,3.0942,3.0843,3.079,3.0728,3.0653,3.0572,3.0481,3.0387,3.0267,3.0146,3.0012,2.985,2.9685,2.9505,2.9318,2.9083,2.8858,2.8591,2.8128,2.7587,2.7065,2.5819,2.5215,2.4945,2.4697,2.4463,2.4245,2.4036,2.3855,2.3714,2.3574,2.347,2.3374,2.3304,2.3263,2.3241,2.3246,2.328,2.3348,2.344,2.3558,2.3713,2.3889,2.4071,2.4272,2.4488,2.4727,2.5217,2.6386,2.6679,2.6948,2.7197,2.7401,2.7584,2.7737,2.7871,2.7975,2.8051,2.8095,2.8118,2.8111,2.8081,2.8017,2.7938,2.7841,2.7717,2.7557,2.7389,2.7173,2.6965,2.6706,2.6475,2.6231,2.5685,2.5078,2.3688,2.3304,2.2987,2.2671,2.2373,2.2108,2.1894,2.1672,2.1476,2.131,2.1188,2.1091,2.1012,2.0967,2.0948,2.0951,2.0963,2.0991,2.1025,2.1081,2.1138,2.1215,2.1292,2.1401,2.1499,2.174,2.2032,2.2209,2.2398,2.2715,2.3097,2.3504,2.3949,2.4347,2.4805,2.6435,2.7048,2.7643,2.8195,2.8729,2.9209,2.9612,2.9976,3.029,3.0432,3.0572,3.0804,3.0905,3.1001,3.1153,3.127,3.1348,3.1394,3.1403,3.139,3.1357,3.1302,3.1229,3.1128,3.0638,3.0531,3.0438,3.035,3.0284,3.024,3.022,3.022,3.0239,3.028,3.0339,3.0406,3.0491,3.0836,3.096,3.1069,3.1139,3.1166,3.118,3.1183,3.1174,3.1155,3.1121,3.1078,3.1024,3.0952,3.0875,3.0777,3.0679,3.0559,3.0428,3.0127,2.9796,2.9392,2.8958,2.7689,2.7317,2.7008,2.6682,2.6389,2.6149,2.5945,2.5798,2.568,2.5585,2.5518,2.548,2.5458,2.5444,2.5421,2.5396,2.5363,2.5318,2.5261,2.5186,2.5103,2.5,2.4881,2.4626,2.4012,2.3868,2.3755,2.365,2.3578,2.3543,2.3541,2.3569,2.3619,2.3695,2.3794,2.3922,2.4071,2.4249,2.4452,2.4648,2.4884,2.5146,2.5451,2.5735,2.6039,2.7238,2.7693,2.8158,2.8544,2.8757,2.8927,2.9101,2.924,2.9373,2.9478,2.9567,2.9636,2.9695,2.9733,2.9747,2.9735,2.97,2.9643,2.9563,2.9451,2.9316,2.9155,2.8973,2.8755,2.8539,2.8263,2.7223,2.6799,2.6585,2.639,2.6212,2.6065,2.5905,2.5783,2.5684,2.5614,2.5567,2.5548,2.5556,2.559,2.5636,2.5694,2.5766,2.5857,2.5962,2.6091,2.6224,2.6388,2.6547,2.6737,2.6947,2.7168,2.7651,2.8644,2.9047,2.9458,2.9779,2.9963,3.0115,3.027,3.039,3.0501,3.0595,3.0677,3.0741,3.0793,3.0828,3.0849,3.0856,3.0846,3.0822,3.0779,3.0727,3.0609,3.044,3.0253,2.9799,2.9602,2.9511,2.9441,2.9385,2.934,2.931,2.9294,2.9295,2.9312,2.9346,2.939,2.9458,2.9531,2.9614,2.9709,2.9817,2.9942,3.0074,3.0223,3.0377,3.0573,3.09,3.129,3.1691,3.2698,3.3168,3.3399,3.3608,3.3803,3.396,3.4129,3.4271,3.4392,3.4478,3.4554,3.4599,3.4626,3.4628,3.4604,3.4553,3.4471,3.4343,3.4199,3.4004,3.3803,3.3548,3.3307,3.308,3.2806,3.2468,3.184,3.0324,2.9954,2.9612,2.929,2.9022,2.8749,2.8538,2.8346,2.8188,2.8059,2.7966,2.7894,2.7853,2.7844,2.7862,2.7902,2.7967,2.8065,2.8179,2.8308,2.8463,2.8665,2.8862,2.9066,2.9328,2.9609,2.9917,3.0558,3.1827,3.2373,3.289,3.3321,3.3579,3.3789,3.4,3.4174,3.4324,3.4463,3.4577,3.4674,3.4756,3.4817,3.4859,3.4886,3.4895,3.4886,3.4863,3.4817,3.4711,3.4638,3.4539,3.4349,3.3879,3.3768,3.3664,3.3577,3.3506,3.3455,3.3427,3.3418,3.3437,3.3483,3.3548,3.3652,3.3763,3.3905,3.4099,3.4327,3.4555,3.4847,3.5172,3.5544,3.5933,3.6369,3.6815,3.7206,3.7633,3.8139,3.8685,3.9701,4.2221,4.2872,4.3502,4.4166,4.4714,4.5225,4.5647,4.5898,4.6133,4.6313,4.6519,4.6707,4.6847,4.6993,4.7107,4.7229,4.7315,4.7398,4.7456,4.75,4.7536,4.7552,4.7556,4.7549,4.7531,4.7502,4.7458,4.7392,4.7322,4.7246,4.7153,4.7031,4.6913,4.6657,4.6484,4.6325,4.595,4.5582,4.5204,4.4786,4.4294,4.3856,4.3388,4.1681,4.1057,4.0451,3.9888,3.9357,3.8907,3.8505,3.814,3.7834,3.7553,3.7328,3.7138,3.6988,3.6866,3.6775,3.6727,3.6713,3.6721,3.6753,3.6817,3.6895,3.7004,3.7123,3.7288,3.7468,3.7666,3.7882,3.8121,3.8404,3.8699,3.9871,4.038,4.0632,4.0863,4.1081,4.1261,4.1481,4.1658,4.1832,4.196,4.2072,4.2157,4.2223,4.2264,4.2283,4.2279,4.2253,4.2204,4.2136,4.2045,4.1932,4.179,4.164,4.1452,4.1239,4.101,4.0775,4.0485,3.934,3.8872,3.863,3.8409,3.8203,3.8032,3.7834,3.7677,3.7543,3.7435,3.7347,3.7285,3.7245,3.7229,3.7232,3.7246,3.7271,3.7308,3.7354,3.7421,3.7579,3.7749,3.7952,3.8161,3.8708,3.8958,3.9168,3.9338,3.9461,3.9543,3.9594,3.961,3.9603,3.9585,3.9557,3.9518,3.946,3.9398,3.9316,3.9223,3.9039,3.881,3.8583,3.802,3.7742,3.7512,3.7415,3.734,3.7268,3.721,3.7173,3.7146,3.7137,3.7143,3.7163,3.7198,3.7253,3.7318,3.7397,3.7485,3.7608,3.7728,3.7881,3.8049,3.8367,3.8751,3.9152,4.0119,4.0371,4.0614,4.085,4.106,4.125,4.1401,4.155,4.1667,4.1758,4.1814,4.1839,4.1832,4.1792,4.1717,4.1646,4.1574,4.1475,4.1361,4.1234,4.1086,4.0934,4.0769,4.0431,4.0003,3.9548,3.8287,3.7884,3.757,3.7216,3.6921,3.666,3.6434,3.6249,3.6094,3.5964,3.587,3.5814,3.5769,3.5699,3.5659,3.5594,3.55,3.5435,3.5363,3.5279,3.5177,3.5067,3.4943,3.4805,3.4676,3.4511,3.4323,3.4098,3.3877,3.364,3.3401,3.3136,3.2818,3.2253,3.1575,3.0931,2.9379,2.8927,2.8563,2.8155,2.7808,2.7494,2.7236,2.6919,2.6665,2.6417,2.6235,2.6079,2.5957,2.5874,2.5822,2.5809,2.5809,2.5821,2.5842,2.5881,2.5924,2.5985,2.6048,2.6139,2.6223,2.6338,2.6467,2.6731,2.6894,2.7067,2.7358,2.7711,2.8089,2.8502,2.8873,2.9299,3.0833,3.1448,3.1998,3.2509,3.3001,3.3455,3.3672,3.3856,3.4186,3.4471,3.4727,3.4944,3.5036,3.5134,3.5276,3.5384,3.5465,3.5512,3.5526,3.5525,3.5514,3.5491,3.5454,3.5405,3.5264,3.5149,3.5002,3.4601,3.4277,3.4129,3.3971,3.3747,3.3503,3.3248,3.2969,3.2699,3.2399,3.1422,3.1121,3.0845,3.0611,3.039,3.029,3.0217,3.0152,3.0101,3.006,3.0033,3.0017,3.002,3.0043,3.009,3.0155,3.0239,3.0337,3.0472,3.0587,3.0732,3.0889,3.1064,3.1401,3.2232,3.2441,3.261,3.2774,3.2917,3.3044,3.3139,3.3229,3.3288,3.3332,3.3352,3.3351,3.333,3.3286,3.3212,3.312,3.2981,3.2818,3.2624,3.2392,3.2142,3.1865,3.1551,3.1283,3.0986,3.0629,3.0257,2.9528,2.7828,2.7376,2.6987,2.6572,2.6238,2.5914,2.5665,2.5407,2.518,2.4988,2.4849,2.4725,2.4649,2.4602,2.4591,2.46,2.4626,2.4662,2.471,2.478,2.4854,2.4955,2.5054,2.5193,2.5318,2.5476,2.5625,2.5785,2.5981,2.6161,2.6396,2.6774,2.7196,2.7699,2.8229,2.8722,2.9228,3.1159,3.1895,3.2567,3.3172,3.3758,3.4026,3.4283,3.4528,3.476,3.4939,3.5147,3.534,3.5518,3.5652,3.5802,3.5913,3.6028,3.6116,3.621,3.6287,3.6348,3.6386,3.6418,3.6433,3.6434,3.6421,3.6395,3.6334,3.624,3.6129,3.5975,3.5784,3.5575,3.5343,3.5077,3.4838,3.4549,3.4246,3.3876,3.3142,3.1552,3.0823,3.0111,2.9489,2.9152,2.8818,2.85,2.8177,2.7891,2.762,2.7365,2.7107,2.6811,2.6523,2.6249,2.5977,2.572,2.5482,2.5262,2.5047,2.4863,2.4699,2.4569,2.4461,2.4379,2.4318,2.428,2.4263,2.4269,2.429,2.4334,2.439,2.4472,2.4564,2.4673,2.4811,2.4952,2.5125,2.5319,2.5548,2.5792,2.6054,2.7114,2.755,2.7766,2.7976,2.8167,2.8322,2.8508,2.8655,2.8795,2.8903,2.9002,2.9077,2.9133,2.917,2.9192,2.9187,2.9159,2.9065,2.903,2.9013,2.9022,2.9067,2.9148,2.9268,2.9548,2.9669,2.9773,2.9844,2.9871,2.9887,2.9892,2.9887,2.9869,2.984,2.9801,2.9752,2.9701,2.9642,2.9579,2.9505,2.9418,2.9324,2.9215,2.9103,2.8993,2.8865,2.8578,2.8281,2.7635,2.738,2.7189,2.7108,2.7038,2.6977,2.6931,2.6903,2.6885,2.6883,2.6896,2.6921,2.6961,2.7037,2.7144,2.7275,2.744,2.7627,2.7848,2.8125,2.8402,2.865,2.8925,2.9249,2.959,3.0268,3.184,3.2247,3.259,3.2927,3.3232,3.3513,3.3742,3.397,3.4146,3.4291,3.4414,3.4505,3.457,3.4605,3.4611,3.4599,3.4567,3.4516,3.4443,3.4355,3.4245,3.4103,3.3956,3.3793,3.359,3.337,3.3126,3.2879,3.2579,3.1446,3.0961,3.0715,3.048,3.0286,3.0104,2.9912,2.9739,2.958,2.945,2.9342,2.9258,2.9201,2.9163,2.9149,2.9155,2.9179,2.9228,2.9289,2.9379,2.9488,2.9616,2.9742,2.99,3.0072,3.0263,3.0699,3.1614,3.1993,3.2356,3.2669,3.283,3.2988,3.3119,3.323,3.333,3.3412,3.3482,3.3535,3.3575,3.3601,3.3614,3.3615,3.3605,3.3581,3.3546,3.3495,3.3362,3.2935,3.2606,3.2495,3.2413,3.232,3.2229,3.212,3.1961,3.1795,3.1596,3.1395,3.1143,3.0888,3.0573,3.0259,2.9881,2.9456,2.8999,2.8467,2.7952,2.7367,2.6747,2.5165,2.436,2.3923,2.3551,2.3214,2.2951,2.26,2.233,2.2185,2.2069,2.1881,2.1724,2.1613,2.1569,2.1539,2.152,2.1511,2.1515,2.1541,2.1586,2.165,2.1733,2.1843,2.1967,2.212,2.2284,2.2466,2.268,2.2944,2.32,2.346,2.3753,2.4102,2.4353,2.4675,2.5292,2.5649,2.6018,2.6809,2.7507,2.8354,3.1228,3.2291,3.3318,3.3802,3.418,3.4661,3.5103,3.5527,3.5873,3.6263,3.656,3.686,3.7194,3.7461,3.7739,3.7971,3.8187,3.8408,3.8589,3.8744,3.8917,3.9047,3.9179,3.9275,3.9365,3.943,3.9489,3.9524,3.9549,3.9557,3.9552,3.9537,3.9506,3.9462,3.9404,3.9338,3.9245,3.9062,3.8834,3.8592,3.7969,3.7656,3.7395,3.7168,3.6929,3.6697,3.6498,3.602,3.5736,3.5578,3.5404,3.5224,3.5046,3.4752,3.4412,3.4027,3.3572,3.3015,3.2241,2.9483,2.9021,2.8672,2.8452,2.8267,2.8122,2.7997,2.7901,2.783,2.7792,2.778,2.7785,2.7804,2.7832,2.787,2.7917,2.7987,2.8061,2.8143,2.8241,2.8345,2.8461,2.8596,2.8735,2.8885,2.9047,2.9231,2.9451,2.9661,2.9883,3.0158,3.0449,3.0708,3.1025,3.1355,3.1996,3.2725,3.35,3.5518,3.6078,3.6584,3.7137,3.7608,3.8031,3.8431,3.8634,3.8823,3.9008,3.9167,3.931,3.9437,3.9553,3.9645,3.9719,3.9775,3.9807,3.983,3.9834,3.982,3.9795,3.9747,3.9699,3.964,3.9571,3.9485,3.9394,3.9285,3.9145,3.9022,3.8736,3.8571,3.8368,3.8002,3.7551,3.7115,3.6671,3.6123,3.5528,3.4932,3.4296,3.1639,3.1017,3.0472,2.9876,2.936,2.8881,2.8401,2.7888,2.7385,2.693,2.6491,2.6098,2.5736,2.5393,2.5081,2.4809,2.4563,2.4334,2.413,2.393,2.3753,2.3577,2.3416,2.3167,2.2531,2.2299,2.1756,2.1609,2.1497,2.1343,2.1245,2.1184,2.1163,2.1169,2.1188,2.1221,2.1261,2.132,2.1382,2.1466,2.1566,2.1674,2.1794,2.2066,2.2368,2.3227,2.3452,2.3647,2.3839,2.3919,2.3992,2.4052,2.4101,2.4161,2.4177,2.4181,2.4173,2.4154,2.4123,2.4079,2.3962,2.3829,2.3649,2.3468,2.3013,2.2807,2.264,2.2575,2.2521,2.2479,2.2451,2.2439,2.2443,2.2465,2.2505,2.2564,2.2629,2.2767,2.2918,2.3106,2.3316,2.3566,2.3836,2.4146,2.4526,2.4895,2.532,2.5736,2.6243,2.6753,2.7297,2.9399,3.0247,3.0701,3.1123,3.1527,3.1849,3.223,3.2586,3.2901,3.3201,3.346,3.3691,3.39,3.407,3.4189,3.4292,3.4384,3.4441,3.4477,3.4497,3.4494,3.4469,3.4431,3.4383,3.4321,3.4237,3.4055,3.3689,3.3536,3.341,3.3303,3.3215,3.3161,3.3149,3.3145,3.3166,3.3219,3.3306,3.3424,3.3585,3.3752,3.3943,3.4587,3.4804,3.4981,3.5121,3.5237,3.5321,3.5369,3.5389,3.5388,3.5373,3.5351,3.5311,3.5258,3.5189,3.5122,3.5027,3.4938,3.4822,3.4711,3.4561,3.4395,3.4249,3.4056,3.3848,3.3626,3.3435,3.3189,3.2946,3.2428,3.1834,3.1204,3.0523,2.9821,2.7899,2.7372,2.6879,2.6325,2.5873,2.5429,2.5079,2.4844,2.4651,2.4468,2.4271,2.4111,2.3974,2.3807,2.3694,2.3591,2.3492,2.3393,2.3322,2.3268,2.3221,2.3191,2.3171,2.3164,2.319,2.3246,2.3294,2.3352,2.348,2.3664,2.3856,2.411,2.4358,2.4671,2.501,2.5436,2.5837,2.6255,2.8075,2.8763,2.9147,2.9453,2.9758,3.0031,3.0345,3.0616,3.0854,3.1034,3.1205,3.1324,3.1423,3.1476,3.1496,3.1501,3.1494,3.1478,3.1415,3.1365,3.1309,3.1161,3.1054,3.095,3.0845,3.0693,3.0559,3.0382,3.0094,2.9781,2.9432,2.9062,2.8692,2.8294,2.6837,2.6322,2.5823,2.5392,2.4946,2.4574,2.4235,2.3943,2.3689,2.3495,2.3339,2.3209,2.3102,2.3041,2.3013,2.3017,2.3038,2.307,2.3116,2.3186,2.3272,2.3357,2.3469,2.3594,2.3845,2.4131,2.4436,2.5192,2.5555,2.5884,2.6139,2.6337,2.6489,2.6595,2.6637,2.6664,2.6683,2.6689,2.6682,2.6661,2.6625,2.6569,2.6506,2.6425,2.6264,2.6045,2.5818,2.5258,2.4978,2.4848,2.4746,2.4658,2.4591,2.4534,2.4504,2.4498,2.4516,2.4558,2.4622,2.4713,2.4825,2.4966,2.5126,2.5317,2.556,2.5801,2.6086,2.6372,2.6714,2.6985,2.7323,2.7659,2.8065,2.8801,3.0615,3.1108,3.1572,3.203,3.245,3.2808,3.3131,3.3469,3.3746,3.3992,3.4228,3.4408,3.4556,3.4678,3.4759,3.4804,3.4825,3.4825,3.4806,3.4767,3.4708,3.4621,3.4526,3.4421,3.4304,3.417,3.4009,3.3679,3.2952,3.2671,3.2395,3.2156,3.2034,3.1926,3.1829,3.174,3.1666,3.1604,3.1559,3.1519,3.148,3.1468,3.1486,3.1537,3.1609,3.1709,3.1829,3.2198,3.2298,3.2375,3.2446,3.2489,3.2505,3.2497,3.2456,3.2379,3.2272,3.2128,3.1948,3.1738,3.149,3.078,3.0577,3.0408,3.0234,3.0094,2.9981,2.9907,2.9865,2.9843,2.9842,2.9862,2.9892,2.9941,3.0132,3.0202,3.0254,3.0285,3.0292,3.0284,3.0202,3.0201,3.0212,3.0248,3.0307,3.0391,3.0509,3.0657,3.0824,3.104,3.1272,3.1525,3.1816,3.2135,3.2511,3.2868,3.33,3.4741,3.5261,3.5543,3.5759,3.5973,3.6165,3.6386,3.6575,3.6739,3.686,3.6971,3.7042,3.7092,3.711,3.7108,3.7093,3.7035,3.6989,3.6922,3.6779,3.6688,3.657,3.634,3.6072,3.5893,3.574,3.5565,3.5336,3.5094,3.4887,3.4415,3.413,3.3815,3.3196,3.2526,3.1835,2.9878,2.9359,2.8855,2.8314,2.7802,2.7375,2.6995,2.676,2.6581,2.6374,2.6219,2.6054,2.5924,2.5781,2.5687,2.5577,2.5503,2.5434,2.5389,2.5359,2.5339,2.5334,2.5344,2.5385,2.5463,2.5523,2.5594,2.5744,2.5946,2.6173,2.6457,2.6776,2.7082,2.7459,2.7863,2.8306,2.8751,2.9287,3.1225,3.2073,3.2463,3.2841,3.3186,3.3516,3.3889,3.4194,3.4515,3.4771,3.5034,3.5227,3.5405,3.5551,3.5673,3.5775,3.585,3.5901,3.5932,3.594,3.5926,3.5887,3.5835,3.5764,3.5664,3.5548,3.5296,3.4739,3.4521,3.4313,3.416,3.4089,3.4037,3.3999,3.3977,3.3974,3.3988,3.4014,3.4061,3.4126,3.4196,3.4295,3.4411,3.4523,3.4669,3.4831,3.5016,3.5364,3.579,3.6209,3.7209,3.7707,3.7955,3.8149,3.8339,3.8506,3.8662,3.8811,3.8925,3.9012,3.9081,3.9124,3.9143,3.9142,3.9118,3.9068,3.8983,3.8879,3.875,3.8573,3.8393,3.8161,3.7948,3.7671,3.7359,3.7042,3.6709,3.635,3.4957,3.4379,3.4089,3.3822,3.3567,3.3373,3.3133,3.288,3.268,3.2509,3.2358,3.2227,3.2113,3.2037,3.1968,3.192,3.1894,3.1888,3.1903,3.1939,3.2002,3.2078,3.2152,3.2252,3.2364,3.2486,3.2732,3.3396,3.3554,3.3701,3.3831,3.393,3.4022,3.408,3.4121,3.4138,3.4127,3.4094,3.4032,3.3948,3.3839,3.3697,3.3536,3.3349,3.317,3.2938,3.2682,3.239,3.2089,3.1703,3.1414,3.1059,3.069,3.031,2.9582,2.7772,2.7302,2.6847,2.6392,2.6029,2.5655,2.5338,2.5007,2.4748,2.4488,2.4304,2.4144,2.4023,2.3935,2.388,2.3857,2.3872,2.3896,2.3929,2.4019,2.4144,2.4231,2.4328,2.4554,2.4819,2.5081,2.5411,2.5724,2.6121,2.6507,2.6943,2.8628,2.928,2.9634,2.9957,3.0264,3.0495,3.0779,3.1024,3.1245,3.1438,3.158,3.1718,3.1812,3.1892,3.1925,3.1945,3.1952,3.194,3.1916,3.1879,3.1831,3.1719,3.1639,3.1539,3.1436,3.1323,3.1065,3.0768,3.0436,3.0058,2.965,2.9235,2.8729,2.6884,2.6136,2.5721,2.5376,2.5066,2.4776,2.446,2.4213,2.3967,2.3787,2.3641,2.3578,2.3521,2.3449,2.3414,2.3414,2.3448,2.3484,2.3532,2.3644,2.3782,2.3879,2.3987,2.42,2.449,2.4749,2.503,2.5329,2.5709,2.6058,2.64,2.7701,2.8185,2.8602,2.8984,2.9343,2.9686,2.9981,3.0199,3.0316,3.0423,3.0583,3.0702,3.079,3.0823,3.0843,3.0847,3.0812,3.074,3.0624,3.0539,3.0441,3.0329,3.0204,2.9955,2.9796,2.9624,2.9441,2.9246,2.9022,2.8805,2.8339,2.7923,2.7462,2.6977,2.64,2.5904,2.5294,2.3269,2.2551,2.1852,2.1249,2.0585,2.0258,1.9985,1.9508,1.9266,1.9054,1.8786,1.8599,1.8423,1.8258,1.8093,1.7954,1.7827,1.7713,1.7604,1.7516,1.7442,1.738,1.7331,1.7293,1.7271,1.7262,1.7274,1.7312,1.7369,1.747,1.758,1.7737,1.7921,1.8143,1.8378,1.8634,1.8924,1.9277,1.9649,2.0036,2.1605,2.2269,2.2639,2.2949,2.3228,2.3491,2.3748,2.4014,2.425,2.443,2.4605,2.4729,2.4823,2.4903,2.4938,2.4958,2.4954,2.4926,2.4876,2.4802,2.4711,2.4577,2.4448,2.4296,2.413,2.3924,2.3477,2.2546,2.2164,2.1792,2.163,2.1478,2.1312,2.1182,2.1052,2.0956,2.0869,2.0807,2.0763,2.0732,2.0723,2.0725,2.0738,2.0766,2.0807,2.0859,2.0926,2.1,2.1159,2.1342,2.1541,2.2103,2.2394,2.2539,2.2657,2.2758,2.2847,2.2919,2.2977,2.3023,2.3057,2.3095,2.3139,2.3165,2.32,2.3258,2.334,2.3437,2.356,2.3705,2.3858,2.4056,2.4257,2.451,2.476,2.5067,2.54,2.5667,2.5987,2.6323,2.6687,2.7415,2.9086,2.951,2.9876,3.0254,3.0584,3.088,3.1121,3.1372,3.1597,3.1769,3.1938,3.2059,3.2166,3.2233,3.2276,3.2287,3.2268,3.2224,3.2143,3.2047,3.1907,3.1739,3.1537,3.1346,3.1118,3.0894,3.0611,3.0031,2.894,2.8481,2.8012,2.7654,2.7453,2.7265,2.7093,2.6958,2.6815,2.6714,2.6618,2.6521,2.6443,2.6381,2.634,2.6317,2.6311,2.6323,2.6351,2.6396,2.6454,2.6524,2.661,2.6721,2.6958,2.7456,2.7655,2.7853,2.7993,2.806,2.8114,2.8155,2.8181,2.819,2.8187,2.8167,2.8137,2.8087,2.803,2.7948,2.7855,2.7753,2.7626,2.7484,2.7329,2.7019,2.6659,2.6294,2.5407,2.5,2.4804,2.4629,2.4466,2.4339,2.421,2.4108,2.402,2.3938,2.3881,2.3841,2.3816,2.3806,2.382,2.3872,2.3959,2.402,2.4104,2.4274,2.4472,2.4712,2.502,2.5276,2.5593,2.5932,2.6305,2.668,2.7067,2.8358,2.8879,2.9335,2.9695,3.0089,3.0414,3.0697,3.0921,3.1144,3.1311,3.1466,3.157,3.1648,3.1687,3.1695,3.1693,3.1664,3.162,3.1541,3.1453,3.1324,3.117,3.0992,3.0781,3.0547,3.0318,3.01,2.983,2.9548,2.9002,2.7651,2.7286,2.6991,2.6673,2.6377,2.6141,2.5937,2.5724,2.5574,2.5446,2.5353,2.5289,2.5259,2.5261,2.5298,2.5335,2.5384,2.5445,2.5518,2.561,2.5707,2.5815,2.5935,2.6066,2.6219,2.6536,2.6709,2.6908,2.715,2.7372,2.775,2.821,2.8696,2.9204,2.9663,3.0201,3.2055,3.271,3.3348,3.394,3.4522,3.5047,3.5481,3.5864,3.6225,3.6422,3.6569,3.6716,3.6842,3.6957,3.7062,3.7164,3.7247,3.732,3.7382,3.7438,3.7478,3.7528,3.7539,3.7527,3.7489,3.7423,3.7335,3.7225,3.7087,3.6905,3.6735,3.6579,3.6383,3.6134,3.5681,3.4749,3.4377,3.402,3.3695,3.336,3.3086,3.2846,3.2647,3.2477,3.2346,3.2243,3.217,3.2123,3.2094,3.2084,3.2079,3.2066,3.204,3.1993,3.1919,3.1821,3.1707,3.1553,3.1362,3.114,3.0865,3.0596,3.0298,2.9241,2.8871,2.8689,2.8526,2.8375,2.8258,2.8134,2.8024,2.7939,2.7872,2.7832,2.7816,2.7826,2.7855,2.793,2.7982,2.8045,2.8181,2.8272,2.8375,2.8487,2.861,2.8851,2.9164,2.9515,2.9922,3.0365,3.0903,3.1479,3.2087,3.2742,3.3417,3.5231,3.5782,3.623,3.677,3.7181,3.7589,3.7954,3.8159,3.837,3.8553,3.8725,3.8884,3.903,3.9254,3.9363,3.9458,3.9538,3.9588,3.9641,3.9675,3.9694,3.9704,3.9693,3.9662,3.9602,3.9529,3.9411,3.9294,3.9123,3.8962,3.8752,3.8501,3.8276,3.7973,3.7644,3.7358,3.6983,3.6583,3.6268,3.5913,3.5487,3.5103,3.4708,3.4237,3.3818,3.329,3.244,3.146,3.046,2.8117,2.6948,2.5814,2.5281,2.4762,2.4258,2.374,2.3272,2.2824,2.2397,2.2066,2.1704,2.1406,2.1063,2.0803,2.0525,2.0303,2.01,1.9887,1.9724,1.9589,1.9462,1.9338,1.9251,1.9188,1.914,1.9102,1.9092,1.9102,1.912,1.9156,1.925,1.9305,1.9391,1.9563,1.9782,1.9924,2.0078,2.0372,2.0746,2.1085,2.1446,2.1846,2.2324,2.3179,2.4841,2.5523,2.6122,2.6677,2.7222,2.7714,2.8167,2.8536,2.8713,2.8906,2.9197,2.945,2.9655,2.9751,2.9849,2.9982,3.0076,3.0115,3.0137,3.0152,3.0158,3.0151,3.0131,3.0097,3.0054,2.9933,2.9761,2.9549,2.9313,2.8766,2.855,2.8332,2.8152,2.7968,2.7837,2.7782,2.7746,2.7698,2.7688,2.769,2.7723,2.7795,2.7911,2.8036,2.8204,2.88,2.9003,2.91,2.9187,2.9306,2.9355,2.9385,2.9401,2.9402,2.9388,2.936,2.9316,2.9259,2.9184,2.9084,2.8976,2.8853,2.8701,2.8548,2.8357,2.8141,2.7754,2.729,2.6808,2.5571,2.5224,2.4924,2.4602,2.4314,2.408,2.3879,2.3777,2.3679,2.3597,2.3526,2.3465,2.3413,2.3376,2.335,2.3337,2.3336,2.3365,2.3399,2.3446,2.3505,2.3568,2.3645,2.374,2.3848,2.3953,2.4084,2.4228,2.4383,2.4551,2.473,2.4933,2.5136,2.5349,2.5573,2.5821,2.6335,2.68,2.7307,2.7894,2.8525,2.9076,2.974,3.1898,3.265,3.3364,3.3997,3.4655,3.5224,3.5738,3.6166,3.6386,3.6607,3.6801,3.6981,3.7147,3.7298,3.741,3.7533,3.764,3.7715,3.7788,3.7839,3.7886,3.7911,3.7925,3.7925,3.7907,3.7872,3.7817,3.7754,3.7671,3.7557,3.7431,3.7286,3.7123,3.6929,3.6729,3.6512,3.6277,3.6009,3.5741,3.5438,3.5138,3.4843,3.4578,3.4219,3.3867,3.3504,3.3131,3.265,3.1929,3.1002,3.0132,2.7758,2.7102,2.6485,2.5785,2.5181,2.4626,2.416,2.3574,2.3087,2.2654,2.2242,2.1885,2.1721,2.1555,2.128,2.1158,2.1047,2.0946,2.0848,2.0769,2.07,2.0642,2.0594,2.0553,2.0526,2.0502,2.0518,2.0573,2.0624,2.0673,2.0802,2.0954,2.1139,2.1375,2.1605,2.1881,2.2936,2.3344,2.3539,2.3721,2.3881,2.4025,2.4176,2.4285,2.4383,2.4443,2.4479,2.4485,2.4466,2.442,2.435,2.425,2.4109,2.3954,2.3772,2.3535,2.3303,2.3024,2.2803,2.2514,2.2224,2.186,2.1207,1.9664,1.9284,1.8917,1.8568,1.8281,1.7977,1.7746,1.7528,1.7346,1.7191,1.7064,1.6975,1.6908,1.6873,1.6862,1.6873,1.6903,1.6945,1.6997,1.7061,1.7138,1.7235,1.7337,1.7452,1.7591,1.7768,1.7922,1.8103,1.8282,1.8489,1.8742,1.8976,1.9201,1.9517,1.9786,2.0108,2.0398,2.0767,2.1173,2.1867,2.272,2.3572,2.6086,2.685,2.7465,2.8182,2.8839,2.9392,2.9889,3.0201,3.0496,3.0723,3.0986,3.123,3.1414,3.161,3.1766,3.194,3.2066,3.2195,3.2292,3.2393,3.246,3.252,3.2558,3.2591,3.2593,3.2564,3.2504,3.2419,3.2283,3.2136,3.1939,3.1754,3.154,3.1274,3.099,3.0419,2.9178,2.8697,2.8194,2.7789,2.7572,2.738,2.7196,2.7036,2.6894,2.677,2.6678,2.6587,2.6524,2.6467,2.6427,2.6404,2.64,2.6412,2.6441,2.6493,2.6551,2.6625,2.6706,2.6821,2.707,2.7575,2.7775,2.7975,2.8121,2.8192,2.8248,2.8293,2.8323,2.834,2.8342,2.8333,2.8309,2.827,2.8217,2.8157,2.8077,2.7983,2.7876,2.7751,2.7592,2.7327,2.6993,2.6672,2.5876,2.5494,2.5305,2.515,2.5014,2.489,2.4775,2.468,2.4602,2.454,2.4502,2.4475,2.4468,2.4478,2.4501,2.4529,2.4577,2.4634,2.4693,2.4779,2.4859,2.497,2.5094,2.5205,2.5353,2.5515,2.584,2.6036,2.6243,2.6589,2.7004,2.7447,2.7981,2.8415,2.8934,3.0713,3.1363,3.1958,3.2493,3.3013,3.3481,3.3868,3.4205,3.4381,3.4543,3.4665,3.4803,3.4926,3.5015,3.5106,3.5174,3.5232,3.5287,3.5323,3.5353,3.5366,3.5369,3.536,3.5337,3.527,3.5166,3.5087,3.5008,3.4831,3.4595,3.4352,3.4046,3.3696,3.3382,3.305,3.2686,3.2245,3.1416,2.9817,2.9216,2.8632,2.8133,2.7618,2.7126,2.6889,2.6688,2.6337,2.6166,2.5979,2.5832,2.5704,2.558,2.5456,2.5357,2.5275,2.5199,2.5129,2.5079,2.504,2.5011,2.4996,2.4994,2.5004,2.5035,2.5087,2.5158,2.5251,2.5362,2.5507,2.5671,2.5852,2.618,2.6596,2.7031,2.8361,2.8762,2.9107,2.9497,2.9832,3.0142,3.0448,3.0706,3.0962,3.1211,3.1466,3.1777,3.218,3.2688,3.3008,3.3178,3.3312,3.3434,3.3533,3.3616,3.3686,3.3739,3.3774,3.3795,3.3802,3.3797,3.378,3.3722,3.3533,3.3501,3.3488,3.3501,3.355,3.3636,3.3755,3.3838,3.3929,3.4036,3.415,3.4275,3.4416,3.4569,3.4751,3.5061,3.5433,3.5793,3.6685,3.7108,3.7493,3.7803,3.7947,3.8073,3.8186,3.8274,3.8361,3.8434,3.8485,3.8529,3.8556,3.8572,3.8574,3.8563,3.8543,3.8507,3.8458,3.8396,3.8273,3.8109,3.7924,3.7485,3.7279,3.7103,3.699,3.6946,3.6918,3.6898,3.6893,3.69,3.6918,3.6952,3.6995,3.7107,3.725,3.7436,3.7685,3.7909,3.8186,3.9157,3.9471,3.9779,4.0011,4.0131,4.0224,4.0303,4.0374,4.043,4.0475,4.0509,4.0528,4.0533,4.0502,4.0431,4.0328,4.0192,4.0006,3.9778,3.9523,3.9295,3.9016,3.869,3.8335,3.7678,3.5934,3.545,3.5012,3.4636,3.4292,3.3943,3.36,3.3082,3.2558,3.0752,2.927,2.8816,2.8413,2.8064,2.7757,2.7497,2.7322,2.7165,2.7021,2.6902,2.6795,2.669,2.6597,2.6515,2.6407,2.6314,2.6249,2.6114,2.6019,2.5958,2.5887,2.581,2.5719,2.5548,2.5347,2.5133,2.4657,2.4448,2.4288,2.4166,2.4106,2.4065,2.4036,2.4018,2.4013,2.4022,2.4041,2.4075,2.4117,2.4178,2.4253,2.4331,2.4433,2.4534,2.4662,2.4804,2.5047,2.5341,2.5673,2.6032,2.6412,2.685,2.7373,2.8997,2.952,3.0016,3.0544,3.1036,3.1524,3.1968,3.2238,3.251,3.2758,3.2995,3.3221,3.343,3.3627,3.3796,3.3948,3.4074,3.4188,3.4289,3.4373,3.4443,3.4491,3.4525,3.455,3.4537,3.4487,3.4408,3.4286,3.4123,3.3931,3.369,3.3434,3.3118,3.2758,3.2331,3.1907,3.146,3.0997,2.9724,2.9077,2.8744,2.844,2.8188,2.7955,2.7689,2.749,2.7319,2.7192,2.7146,2.71,2.7053,2.7046,2.7054,2.7078,2.7142,2.7197,2.7255,2.7391,2.7583,2.7788,2.8055,2.8358,2.8708,2.9037,2.9431,2.9851,3.0309,3.0769,3.1259,3.3312,3.4145,3.4605,3.4986,3.5369,3.5722,3.6127,3.6493,3.6834,3.7117,3.7408,3.7646,3.7888,3.8105,3.8335,3.8542,3.8716,3.8864,3.8984,3.9088,3.9436,3.9525,3.9618,3.9739,3.9869,4.0023,4.0191,4.0366,4.0583,4.0798,4.1049,4.1544,4.2754,4.3058,4.331,4.3552,4.3773,4.3966,4.4141,4.4274,4.4393,4.4503,4.4597,4.4727,4.4962,4.5038,4.5119,4.5227,4.5345,4.5486,4.5645,4.5883,4.6152,4.6466,4.6815,4.7186,4.7591,4.7972,4.8948,4.9443,4.9682,4.99,5.0105,5.0263,5.0445,5.0605,5.0738,5.0847,5.0933,5.0988,5.1026,5.1036,5.1018,5.0962,5.088,5.0747,5.0581,5.0372,5.0136,4.9827,4.956,4.9272,4.8928,4.8564,4.8184,4.7777,4.6307,4.5742,4.5173,4.4666,4.438,4.4155,4.3931,4.3732,4.3536,4.3364,4.3207,4.3057,4.2929,4.281,4.2697,4.2611,4.2543,4.2485,4.2444,4.2409,4.2391,4.2384,4.2391,4.2409,4.2478,4.2674,4.2746,4.279,4.2794,4.2774,4.2742,4.2687,4.2622,4.254,4.2432,4.2316,4.2183,4.2065,4.1931,4.1772,4.1617,4.1253,4.0825,4.0433,3.9982,3.8284,3.7543,3.7152,3.6801,3.646,3.6094,3.5638,3.5132,3.3436,3.1903,3.1382,3.092,3.0553,3.0258,3.0143,3.0022,2.9927,2.9832,2.976,2.9704,2.9658,2.9622,2.96,2.959,2.9594,2.9616,2.9657,2.9726,2.9806,2.9917,3.0049,3.02,3.035,3.0506,3.0679,3.0885,3.1299,3.2395,3.2707,3.2984,3.3254,3.3485,3.3677,3.3837,3.3947,3.403,3.4089,3.412,3.4125,3.4112,3.3998,3.397,3.3975,3.3994,3.4031,3.4083,3.4154,3.424,3.4346,3.4463,3.4718,3.5337,3.547,3.559,3.5695,3.5766,3.5819,3.5846,3.5854,3.5836,3.5793,3.5722,3.5624,3.5508,3.5358,3.5183,3.5005,3.4818,3.4608,3.4356,3.3882,3.277,3.2501,3.2273,3.2036,3.1852,3.1688,3.1564,3.1447,3.1368,3.1305,3.1277,3.1276,3.1303,3.1358,3.1438,3.1503,3.1593,3.1683,3.1776,3.1888,3.2031,3.2302,3.2485,3.2654,3.2834,3.3055,3.3257,3.3519,3.3794,3.4029,3.4483,3.4963,3.5488,3.6125,3.6669,3.732,3.9433,4.0207,4.096,4.1596,4.2265,4.2584,4.2891,4.3186,4.3415,4.3686,4.3879,4.4124,4.4353,4.4528,4.4728,4.4912,4.5049,4.5193,4.5306,4.5429,4.5517,4.5604,4.5667,4.5729,4.5768,4.5798,4.5814,4.5818,4.5805,4.5769,4.5721,4.565,4.5571,4.546,4.5326,4.5182,4.5025,4.4856,4.4667,4.4244,4.3335,4.2971,4.2603,4.2293,4.2133,4.1973,4.1841,4.173,4.1627,4.1545,4.1477,4.1421,4.1383,4.1362,4.135,4.1352,4.1366,4.1395,4.1435,4.1496,4.1618,4.1782,4.1963,4.243,4.2641,4.2744,4.2821,4.2887,4.293,4.2964,4.2981,4.298,4.2958,4.2917,4.2856,4.2776,4.267,4.2571,4.2452,4.2306,4.2158,4.1996,4.1797,4.1609,4.1382,4.0933,4.0394,3.9778,3.8423,3.7846,3.7246,3.672,3.6425,3.6153,3.5883,3.5636,3.5402,3.5196,3.4987,3.4789,3.4547,3.433,3.4126,3.3938,3.3754,3.3583,3.3428,3.3279,3.3156,3.3037,3.2938,3.2862,3.2802,3.2758,3.2731,3.2722,3.2731,3.2762,3.2814,3.2884,3.2967,3.3078,3.351,3.3674,3.3744,3.3797,3.3836,3.386,3.3867,3.3849,3.3805,3.373,3.3647,3.3537,3.3107,3.2968,3.2861,3.2826,3.2806,3.2797,3.281,3.2849,3.2906,3.2989,3.3094,3.323,3.3366,3.3485,3.3607,3.3721,3.3874,3.4007,3.4183,3.4372,3.4573,3.497,3.5206,3.5455,3.5935,3.6216,3.6508,3.6984,3.7545,3.8152,3.8784,3.9389,4.0054,4.2253,4.3086,4.3832,4.4552,4.522,4.554,4.587,4.6168,4.6456,4.6945,4.7196,4.7433,4.7656,4.7864,4.8068,4.8245,4.8405,4.8523,4.8653,4.8767,4.8864,4.8931,4.8997,4.9047,4.908,4.9095,4.9098,4.909,4.9043,4.8997,4.8946,4.8885,4.8803,4.8722,4.8609,4.8381,4.8104,4.7936,4.7746,4.7458,4.7098,4.6714,4.6297,4.5878,4.5432,4.389,4.3254,4.2653,4.2136,4.1633,4.1164,4.0745,4.0395,4.008,3.981,3.9568,3.937,3.9209,3.909,3.8998,3.8942,3.8921,3.8931,3.8974,3.9048,3.9156,3.9295,3.9462,3.9676,3.9897,4.0164,4.0464,4.0813,4.1155,4.1551,4.302,4.3577,4.3874,4.413,4.4364,4.456,4.479,4.4993,4.5153,4.5288,4.5392,4.5472,4.5521,4.5542,4.5536,4.5506,4.5448,4.537,4.5269,4.513,4.4984,4.4796,4.4617,4.4413,4.4166,4.3894,4.3616,4.3328,4.2243,4.1817,4.1386,4.1045,4.0848,4.0689,4.053,4.0401,4.0293,4.0195,4.0118,4.0057,4.0009,3.9977,3.9969,3.9984,4.0018,4.0076,4.0155,4.026,4.0379,4.0515,4.0667,4.0838,4.1207,4.1998,4.2309,4.2604,4.2838,4.2966,4.3068,4.3151,4.3223,4.3277,4.3317,4.3338,4.3343,4.3331,4.3301,4.3256,4.3195,4.3113,4.302,4.2907,4.276,4.2624,4.2477,4.2146,4.1824,4.0983,4.0602,4.0415,4.0264,4.0134,4.0018,3.9913,3.9832,3.9769,3.9726,3.9705,3.9702,3.9717,3.9756,3.9839,3.9953,4.0102,4.0294,4.0522,4.0809,4.1109,4.1483,4.1787,4.2158,4.2549,4.2977,4.3783,4.5287,4.5799,4.6315,4.6725,4.7131,4.7513,4.7851,4.8159,4.8434,4.8645,4.8849,4.8995,4.9064,4.9122,4.9194,4.9236,4.9244,4.9232,4.9201,4.916,4.911,4.9043,4.8949,4.8854,4.8754,4.8644,4.848,4.8334,4.8151,4.7979,4.7753,4.7558,4.7304,4.6897,4.6441,4.5899,4.5327,4.4797,4.4187,4.2203,4.1455,4.0688,4.0035,3.9398,3.9104,3.8805,3.8534,3.8276,3.8031,3.7841,3.7619,3.7411,3.7252,3.708,3.694,3.6781,3.6637,3.6529,3.6329,3.6232,3.6149,3.6031,3.5982,3.5943,3.5905,3.5897,3.5921,3.5976,3.6053,3.6148,3.6601,3.6774,3.6853,3.691,3.6957,3.6983,3.6995,3.6993,3.6977,3.6946,3.6861,3.6611,3.656,3.653,3.6518,3.6532,3.657,3.6641,3.6748,3.6901,3.7082,3.7306,3.7533,3.7787,3.8686,3.9005,3.9269,3.9494,3.9596,3.9681,3.9753,3.9812,3.9851,3.9883,3.9899,3.9903,3.9886,3.9852,3.9792,3.9709,3.9618,3.9493,3.9342,3.9176,3.9024,3.8853,3.8671,3.845,3.8022,3.6991,3.6721,3.65,3.6285,3.6095,3.5945,3.5793,3.5665,3.5574,3.5497,3.5453,3.5433,3.5439,3.5471,3.5525,3.5626,3.5758,3.5931,3.6053,3.6168,3.6417,3.6736,3.7094,3.749,3.7809,3.821,3.8616,3.9111,3.955,4.0019,4.1723,4.2346,4.2951,4.3444,4.398,4.4433,4.4852,4.522,4.5413,4.556,4.5718,4.5846,4.599,4.6096,4.6206,4.6291,4.6366,4.644,4.6533,4.6566,4.6592,4.6604,4.6605,4.6594,4.6569,4.65,4.6455,4.6382,4.6313,4.6216,4.6008,4.5885,4.5743,4.5458,4.5095,4.4809,4.4453,4.4064,4.3657,4.2836,4.1232,4.062,3.9968,3.9396,3.8814,3.8267,3.7794,3.7357,3.6996,3.6641,3.6345,3.6082,3.5832,3.5635,3.547,3.5327,3.5267,3.521,3.5172,3.5143,3.5127,3.5121,3.5127,3.5143,3.517,3.5212,3.5262,3.5322,3.54,3.5482,3.5575,3.5694,3.5928,3.6191,3.6495,3.6865,3.722,3.7614,3.8044,3.9061,3.9596,3.9858,4.0097,4.0297,4.0483,4.0697,4.0859,4.1001,4.1111,4.1194,4.1245,4.1265,4.1258,4.1227,4.1181,4.1118,4.1029,4.093,4.0798,4.0666,4.0497,4.0311,4.01,3.9873,3.9612,3.9055,3.7913,3.7437,3.7185,3.6953,3.677,3.6588,3.6395,3.6212,3.6056,3.592,3.5801,3.5709,3.5639,3.5597,3.5571,3.5567,3.5583,3.5622,3.5685,3.5767,3.5868,3.5991,3.6103,3.6231,3.639,3.656,3.69,3.7734,3.7943,3.812,3.8303,3.8468,3.8597,3.8702,3.8791,3.8855,3.8899,3.8916,3.891,3.8878,3.8822,3.8753,3.8669,3.8569,3.8446,3.8313,3.8165,3.7994,3.7817,3.7588,3.7204,3.6707,3.6254,3.5069,3.4498,3.4235,3.4017,3.3783,3.3603,3.3407,3.3255,3.3105,3.2997,3.2914,3.285,3.2811,3.2796,3.28,3.2814,3.2843,3.2879,3.2938,3.2997,3.3078,3.316,3.3274,3.3378,3.3511,3.3637,3.3772,3.3941,3.4097,3.4301,3.452,3.4707,3.4948,3.5202,3.5467,3.576,3.6047,3.6418,3.7058,3.7788,3.8562,4.0624,4.1225,4.173,4.2274,4.281,4.3295,4.3697,4.3937,4.4164,4.4375,4.4535,4.4717,4.4872,4.4994,4.5128,4.5243,4.5322,4.5402,4.5448,4.5483,4.5508,4.5519,4.5513,4.5484,4.5423,4.5343,4.5237,4.509,4.4932,4.475,4.4517,4.4284,4.3979,4.3694,4.3349,4.3018,4.26,4.2223,4.1755,4.1361,4.0952,4.0501,4.0061,3.9609,3.9115,3.8638,3.8028,3.7023,3.5958,3.4872,3.2185,3.0718,3.008,2.9423,2.8811,2.8214,2.7607,2.7048,2.651,2.607,2.5598,2.5195,2.4811,2.4404,2.4061,2.3738,2.3403,2.3125,2.2868,2.2608,2.2398,2.2221,2.2063,2.1917,2.1779,2.1679,2.1604,2.1545,2.1508,2.1486,2.1489,2.1517,2.1569,2.1649,2.1748,2.1868,2.2015,2.2206,2.2383,2.2584,2.2788,2.3058,2.3609,2.4691,2.516,2.5617,2.5999,2.6228,2.6406,2.658,2.6732,2.6871,2.7002,2.7112,2.7212,2.7293,2.7359,2.7413,2.7454,2.7477,2.7485,2.7481,2.746,2.743,2.7383,2.7323,2.7253,2.7086,2.6713,2.6567,2.6431,2.634,2.6296,2.6266,2.625,2.6247,2.6257,2.6281,2.6316,2.6363,2.6428,2.6501,2.6582,2.6677,2.68,2.6919,2.7067,2.7226,2.7523,2.7868,2.8215,2.9172,2.9662,2.991,3.0134,3.0341,3.0518,3.0702,3.0854,3.0982,3.1098,3.1181,3.125,3.1295,3.132,3.1327,3.1323,3.1306,3.1274,3.0941,3.0843,3.079,3.0725,3.065,3.0572,3.0477,3.0383,3.0267,3.0146,3.0012,2.9844,2.9678,2.9505,2.9318,2.9109,2.8858,2.862,2.816,2.7621,2.7065,2.5807,2.5204,2.4903,2.4657,2.4426,2.4236,2.4028,2.3848,2.3689,2.3568,2.3452,2.3371,2.3301,2.3261,2.324,2.325,2.3288,2.3351,2.344,2.3558,2.3701,2.3889,2.4071,2.4246,2.446,2.4727,2.5185,2.6396,2.6689,2.6948,2.7206,2.7409,2.7584,2.7737,2.7871,2.7975,2.8043,2.8095,2.8118,2.8111,2.8079,2.8014,2.7938,2.7835,2.7697,2.7549,2.738,2.7173,2.6965,2.6706,2.651,2.6256,2.6002,2.5685,2.512,2.3688,2.3304,2.2974,2.2659,2.2373,2.2108,2.1894,2.1672,2.1477,2.1329,2.1188,2.1079,2.101,2.0967,2.0948,2.0951,2.0963,2.0986,2.1025,2.107,2.1138,2.1204,2.1293,2.1379,2.1499,2.1632,2.175,2.1906,2.2075,2.2411,2.2715,2.3097,2.3519,2.3949,2.4347,2.4805,2.6452,2.7065,2.7705,2.821,2.8729,2.9209,2.9612,2.9976,3.029,3.044,3.0572,3.0693,3.081,3.1001,3.1082,3.1157,3.127,3.1348,3.1394,3.1403,3.139,3.1357,3.1302,3.1226,3.1128,3.0638,3.0531,3.0438,3.035,3.0284,3.0242,3.022,3.0219,3.0239,3.0281,3.0341,3.0406,3.0491,3.0836,3.0961,3.107,3.1139,3.1166,3.118,3.1183,3.1174,3.1155,3.1125,3.1083,3.1024,3.0959,3.0875,3.0787,3.0679,3.0559,3.0424,3.0127,2.9796,2.9392,2.8958,2.7689,2.7317,2.7008,2.6677,2.6389,2.6149,2.5945,2.5798,2.5679,2.5585,2.5518,2.5482,2.5458,2.5444,2.5421,2.5395,2.5361,2.5318,2.5261,2.5186,2.5104,2.5,2.4881,2.4626,2.4012,2.3868,2.3752,2.365,2.3579,2.3543,2.3541,2.3564,2.3613,2.3685,2.3784,2.3905,2.4056,2.4232,2.4452,2.4648,2.4884,2.5146,2.5451,2.5735,2.6048,2.7238,2.7693,2.8158,2.8552,2.8757,2.8927,2.9101,2.924,2.9377,2.9478,2.9567,2.9636,2.9697,2.9734,2.9747,2.9735,2.9699,2.964,2.9554,2.9447,2.9312,2.9155,2.8973,2.8755,2.8539,2.8263,2.7223,2.6799,2.6585,2.639,2.6212,2.6065,2.5905,2.5783,2.5684,2.5612,2.5567,2.5548,2.5556,2.559,2.5636,2.5694,2.577,2.5861,2.5975,2.6096,2.623,2.6394,2.6554,2.6744,2.6947,2.7168,2.7659,2.8652,2.9047,2.9436,2.9779,2.9963,3.0115,3.027,3.0395,3.0501,3.0598,3.0677,3.0741,3.0793,3.0828,3.085,3.0856,3.0846,3.0822,3.0784,3.0727,3.0606,3.044,3.0253,2.9799,2.9602,2.9511,2.9441,2.9385,2.934,2.931,2.9294,2.9295,2.9312,2.9341,2.939,2.9458,2.9531,2.9614,2.9709,2.9823,2.9942,3.0074,3.0223,3.0385,3.0573,3.09,3.129,3.1702,3.2698,3.3178,3.3408,3.3617,3.3811,3.396,3.413,3.4271,3.4378,3.4478,3.4554,3.4599,3.4626,3.4628,3.4605,3.4551,3.4459,3.4343,3.4199,3.4004,3.3803,3.3548,3.3338,3.308,3.2794,3.2455,3.1827,3.0324,2.9954,2.9612,2.9279,2.8981,2.8739,2.853,2.8339,2.8182,2.8054,2.7966,2.7894,2.7854,2.7844,2.7862,2.7902,2.7967,2.8051,2.8161,2.8287,2.8463,2.8639,2.8862,2.9076,2.9328,2.9573,2.988,3.0518,3.1841,3.2373,3.289,3.3321,3.3579,3.3789,3.4008,3.4174,3.4331,3.4463,3.4577,3.4674,3.4756,3.4817,3.4861,3.4886,3.4895,3.4886,3.4857,3.4815,3.4762,3.4697,3.4535,3.4349,3.3879,3.3764,3.3664,3.3574,3.3504,3.3453,3.3426,3.3418,3.3437,3.3483,3.3548,3.3652,3.377,3.3913,3.4099,3.4327,3.4566,3.486,3.5186,3.5544,3.5933,3.6369,3.6815,3.7226,3.7653,3.8161,3.8685,3.9701,4.1579,4.2244,4.2894,4.3502,4.4166,4.4714,4.519,4.5647,4.5852,4.609,4.6313,4.6518,4.6673,4.6847,4.6974,4.7107,4.7208,4.7309,4.7383,4.7443,4.7497,4.753,4.755,4.7556,4.7549,4.7529,4.7499,4.7458,4.7407,4.7339,4.7246,4.7153,4.7057,4.6941,4.6795,4.6657,4.6508,4.6325,4.6156,4.5936,4.5582,4.5204,4.4786,4.4294,4.3856,4.3388,4.1662,4.1057,4.0451,3.994,3.9405,3.8952,3.8547,3.8164,3.7845,3.7583,3.7353,3.7233,3.7138,3.6982,3.692,3.6854,3.6772,3.6725,3.6713,3.6722,3.6759,3.6816,3.6895,3.7009,3.7129,3.7288,3.7468,3.7666,3.7891,3.8131,3.8373,3.8678,3.9871,4.039,4.0632,4.0872,4.109,4.1269,4.1489,4.1665,4.1832,4.1965,4.2076,4.216,4.2223,4.2264,4.2283,4.2279,4.2252,4.2204,4.2133,4.2045,4.1932,4.1784,4.1633,4.1445,4.1239,4.101,4.0775,4.0485,3.9331,3.8872,3.863,3.8409,3.8224,3.8052,3.7852,3.7698,3.756,3.7445,3.7357,3.729,3.7249,3.7229,3.7232,3.7246,3.7271,3.7308,3.7356,3.7421,3.7489,3.7583,3.7754,3.7952,3.8167,3.8714,3.8963,3.9168,3.9338,3.9464,3.9543,3.9594,3.961,3.9604,3.9585,3.9556,3.9516,3.946,3.9398,3.9316,3.9218,3.9039,3.881,3.8583,3.802,3.7742,3.7512,3.7415,3.734,3.7268,3.721,3.7173,3.7146,3.7137,3.7144,3.7165,3.7198,3.7247,3.7318,3.7397,3.749,3.7608,3.7728,3.7881,3.8057,3.8375,3.8751,3.9124,4.0119,4.038,4.0622,4.085,4.1067,4.1257,4.1406,4.1569,4.1682,4.1768,4.182,4.1841,4.1828,4.1784,4.1714,4.1646,4.1574,4.1475,4.1361,4.1227,4.1086,4.0933,4.0769,4.0431,4.0003,3.958,3.8287,3.7914,3.757,3.7216,3.6921,3.666,3.6434,3.6249,3.6094,3.5964,3.5868,3.5814,3.5769,3.5698,3.5659,3.5593,3.55,3.5435,3.5363,3.5274,3.5177,3.5067,3.4943,3.4826,3.4676,3.4503,3.4323,3.4119,3.3877,3.364,3.3389,3.3097,3.2818,3.2253,3.1622,3.0931,2.9363,2.8927,2.8563,2.814,2.7808,2.7481,2.7224,2.6908,2.6656,2.6417,2.6228,2.6079,2.5957,2.5874,2.5822,2.581,2.5809,2.5822,2.5844,2.5881,2.5924,2.5989,2.6054,2.6139,2.6223,2.6338,2.6467,2.6731,2.6894,2.7067,2.7358,2.7711,2.8103,2.8502,2.8873,2.9299,3.0833,3.1448,3.2013,3.2522,3.3013,3.3455,3.3649,3.3856,3.4186,3.4479,3.4734,3.4844,3.4962,3.5139,3.528,3.5395,3.5467,3.5513,3.5526,3.5525,3.5513,3.5487,3.5447,3.5398,3.5255,3.5138,3.499,3.4598,3.4274,3.4126,3.3971,3.3747,3.3503,3.3242,3.2963,3.2692,3.2399,3.1422,3.1121,3.0839,3.0611,3.0483,3.0386,3.029,3.0214,3.0152,3.0099,3.006,3.0033,3.0017,3.002,3.0047,3.0092,3.0155,3.0239,3.0341,3.0477,3.0587,3.0732,3.0896,3.1064,3.1401,3.2232,3.2441,3.2617,3.2774,3.2917,3.3044,3.3139,3.3229,3.3288,3.3334,3.3352,3.3348,3.3323,3.3275,3.3208,3.31,3.2981,3.2818,3.2616,3.2393,3.2142,3.1853,3.1551,3.1283,3.0986,3.0629,3.0241,2.9528,2.7828,2.7376,2.6987,2.6572,2.6224,2.5914,2.5665,2.5407,2.518,2.501,2.4849,2.4725,2.4649,2.4604,2.4591,2.46,2.4622,2.4662,2.471,2.478,2.4854,2.494,2.5054,2.5166,2.5318,2.5455,2.5625,2.5785,2.5994,2.6176,2.6397,2.679,2.7213,2.7717,2.8249,2.8742,2.931,3.1159,3.1854,3.2567,3.3172,3.3758,3.4026,3.4283,3.4528,3.476,3.4939,3.5146,3.534,3.5486,3.5652,3.5802,3.5913,3.6035,3.6116,3.621,3.6274,3.6338,3.6386,3.6413,3.6431,3.6434,3.6426,3.64,3.6337,3.6254,3.6146,3.5995,3.5817,3.5603,3.5373,3.5077,3.4838,3.4549,3.4233,3.3862,3.3128,3.1552,3.0864,3.0111,2.9477,2.9105,2.8773,2.8457,2.8167,2.7881,2.762,2.7365,2.7099,2.6811,2.6516,2.6243,2.5972,2.5715,2.5477,2.5243,2.5042,2.4859,2.4699,2.4569,2.4461,2.4379,2.4318,2.4279,2.4263,2.4269,2.429,2.4329,2.439,2.4464,2.4564,2.4673,2.4811,2.4952,2.513,2.5319,2.5554,2.5798,2.6054,2.7114,2.755,2.7772,2.7976,2.8167,2.8328,2.8508,2.8655,2.8795,2.8906,2.9002,2.9077,2.9133,2.917,2.9192,2.9187,2.9159,2.9065,2.903,2.9013,2.9022,2.9068,2.9148,2.9263,2.9555,2.9671,2.9778,2.9845,2.9872,2.9888,2.9892,2.9886,2.984,2.9801,2.9751,2.9701,2.9642,2.9578,2.9505,2.9425,2.9331,2.9226,2.9103,2.8993,2.8861,2.8578,2.8281,2.763,2.7376,2.7175,2.7035,2.6974,2.693,2.6899,2.6885,2.6884,2.6896,2.6922,2.6961,2.704,2.7144,2.728,2.744,2.7627,2.7848,2.8097,2.8402,2.865,2.8925,2.9249,2.9602,3.0268,3.184,3.2248,3.2602,3.2927,3.3243,3.3523,3.3742,3.3947,3.4146,3.4296,3.4414,3.4505,3.457,3.4605,3.4611,3.4594,3.4559,3.4501,3.4427,3.4336,3.4227,3.4096,3.3956,3.3793,3.359,3.337,3.3126,3.2868,3.2569,3.1435,3.0961,3.0705,3.0471,3.0277,3.0104,2.9912,2.9732,2.958,2.9445,2.9338,2.9255,2.9201,2.9163,2.9149,2.9156,2.9179,2.9228,2.9289,2.9379,2.9488,2.9622,2.9748,2.9907,3.0079,3.0271,3.0699,3.1588,3.1969,3.2356,3.2669,3.2848,3.2993,3.3123,3.3234,3.333,3.3415,3.3482,3.3537,3.3575,3.3601,3.3614,3.3615,3.3605,3.3581,3.3545,3.3494,3.3362,3.2935,3.2606,3.2492,3.2411,3.232,3.2225,3.212,3.1961,3.1789,3.1596,3.1395,3.1168,3.0888,3.0604,3.0259,2.9868,2.9456,2.8999,2.8452,2.7952,2.735,2.6747,2.5165,2.436,2.3908,2.3551,2.3214,2.2938,2.26,2.233,2.2203,2.2069,2.1874,2.1724,2.1659,2.1609,2.1569,2.1539,2.152,2.1511,2.1516,2.1541,2.1586,2.1654,2.1739,2.1843,2.1967,2.212,2.2283,2.2478,2.272,2.2958,2.32,2.3477,2.3807,2.4121,2.4373,2.4675,2.5292,2.5649,2.6018,2.6809,2.7532,2.8354,3.1227,3.229,3.2822,3.3318,3.3802,3.4203,3.4661,3.5103,3.5465,3.5873,3.6263,3.6578,3.6929,3.7194,3.7461,3.7739,3.7971,3.8187,3.8408,3.8589,3.8753,3.8917,3.9047,3.9161,3.927,3.9352,3.943,3.9481,3.9524,3.9549,3.9557,3.9552,3.9537,3.9506,3.946,3.9404,3.9258,3.91,3.8897,3.8653,3.8035,3.774,3.7433,3.7164,3.6929,3.6697,3.6498,3.602,3.5736,3.5574,3.5404,3.5224,3.5041,3.4746,3.4407,3.4021,3.3565,3.3015,3.2235,2.9483,2.9033,2.8672,2.8447,2.8267,2.8105,2.7987,2.789,2.7828,2.7792,2.778,2.7787,2.7805,2.7832,2.787,2.7931,2.7991,2.8066,2.8148,2.8241,2.8346,2.8469,2.8596,2.8735,2.8885,2.9057,2.9231,2.9427,2.9661,2.9883,3.0158,3.0405,3.0708,3.1025,3.1305,3.1645,3.1996,3.2725,3.35,3.548,3.6078,3.6584,3.7136,3.7608,3.8045,3.8431,3.8634,3.8834,3.9008,3.9176,3.9318,3.9444,3.9553,3.9645,3.9719,3.9766,3.9807,3.983,3.9835,3.9824,3.9795,3.9747,3.9699,3.9635,3.9565,3.9485,3.9394,3.9285,3.9145,3.9011,3.8723,3.8531,3.8354,3.7986,3.7534,3.7115,3.6652,3.6103,3.5507,3.491,3.4274,3.1617,3.0472,2.9876,2.936,2.8861,2.8401,2.787,2.7385,2.693,2.6491,2.6098,2.5724,2.5393,2.5081,2.4809,2.4563,2.4334,2.413,2.393,2.3748,2.3572,2.3412,2.3164,2.2531,2.2299,2.1756,2.1606,2.1494,2.1343,2.1245,2.1183,2.1163,2.1169,2.1188,2.1216,2.1261,2.1312,2.1382,2.1466,2.1566,2.1674,2.1794,2.2066,2.2368,2.298,2.3233,2.3452,2.3652,2.3843,2.3992,2.4052,2.41,2.4161,2.4177,2.4181,2.4173,2.4154,2.4121,2.4079,2.3962,2.3824,2.3649,2.3468,2.3013,2.2802,2.2629,2.2518,2.2478,2.2451,2.2439,2.2443,2.2465,2.2505,2.2554,2.2629,2.2745,2.2897,2.3081,2.3316,2.3566,2.3847,2.4146,2.4526,2.4895,2.5287,2.5753,2.6243,2.6753,2.7297,2.9418,3.0265,3.0701,3.1123,3.1527,3.1865,3.2289,3.264,3.2951,3.3235,3.3471,3.37,3.39,3.407,3.4194,3.4292,3.4374,3.4441,3.4479,3.4497,3.4496,3.4472,3.4437,3.4391,3.4321,3.4237,3.4055,3.3548,3.341,3.3303,3.3215,3.316,3.3145,3.3166,3.3219,3.3306,3.3424,3.3585,3.3752,3.3943,3.4587,3.4804,3.4986,3.5126,3.5237,3.5321,3.5369,3.5389,3.5388,3.5373,3.5351,3.5311,3.5258,3.5203,3.5123,3.5027,3.4938,3.4814,3.4675,3.4551,3.4384,3.4214,3.4056,3.3848,3.3669,3.3435,3.3189,3.2929,3.2428,3.2136,3.1815,3.1183,3.0523,2.9821,2.7899,2.7372,2.6879,2.6325,2.5854,2.5429,2.5079,2.4829,2.4651,2.4428,2.4258,2.4064,2.3931,2.3807,2.3694,2.3583,2.3492,2.3405,2.3322,2.3264,2.3221,2.3191,2.317,2.3163,2.3166,2.3198,2.326,2.3358,2.3487,2.3664,2.3856,2.411,2.4358,2.4671,2.5025,2.5436,2.5837,2.6255,2.8024,2.8764,2.9147,2.9468,2.9758,3.0044,3.0345,3.0616,3.0826,3.1034,3.1205,3.1324,3.1423,3.1476,3.15,3.1497,3.1478,3.1449,3.1412,3.1365,3.1303,3.1237,3.1141,3.095,3.0836,3.0693,3.0559,3.0382,3.0132,2.9822,2.9475,2.9062,2.8692,2.8294,2.6837,2.6322,2.5808,2.5378,2.4933,2.4561,2.4235,2.3943,2.3714,2.3495,2.3333,2.3204,2.3102,2.3041,2.3013,2.3018,2.3038,2.3072,2.3126,2.3186,2.3258,2.3357,2.3469,2.36,2.3852,2.4139,2.4436,2.5192,2.5555,2.5856,2.5997,2.6121,2.6322,2.6478,2.6547,2.6595,2.6637,2.6664,2.6684,2.6689,2.6682,2.6659,2.6625,2.6569,2.6507,2.6421,2.6264,2.6045,2.5818,2.5253,2.4974,2.4844,2.4742,2.4658,2.4591,2.4534,2.4504,2.4498,2.4517,2.4558,2.4625,2.4713,2.483,2.4966,2.5133,2.5317,2.556,2.5801,2.6097,2.6384,2.6727,2.6999,2.7322,2.7673,2.808,2.8801,3.063,3.1167,3.1586,3.203,3.245,3.2808,3.3142,3.3479,3.3755,3.4024,3.4228,3.4408,3.4556,3.4668,3.4759,3.4804,3.4825,3.4825,3.4805,3.4767,3.4708,3.4631,3.4526,3.4421,3.4299,3.417,3.4003,3.3673,3.2979,3.2689,3.2401,3.2171,3.1939,3.1841,3.1753,3.1678,3.1613,3.1565,3.1523,3.1482,3.1468,3.1484,3.1533,3.1603,3.1709,3.1829,3.2198,3.2298,3.2375,3.2446,3.2489,3.2505,3.2497,3.2456,3.2379,3.2269,3.2128,3.196,3.1738,3.149,3.078,3.0577,3.0408,3.023,3.0094,2.9987,2.9909,2.9865,2.9843,2.9842,2.9862,2.9892,2.9937,3.0134,3.0203,3.0255,3.0285,3.0292,3.0284,3.0202,3.02,3.0212,3.0249,3.0307,3.0391,3.0509,3.0657,3.0823,3.104,3.1272,3.1525,3.1816,3.2135,3.2511,3.2879,3.33,3.4741,3.5273,3.5543,3.5769,3.5973,3.6175,3.6386,3.6582,3.6745,3.688,3.6975,3.7051,3.7094,3.711,3.7097,3.7074,3.7035,3.6937,3.6875,3.6779,3.6594,3.6464,3.634,3.6072,3.5893,3.5727,3.5551,3.5336,3.514,3.4887,3.4398,3.3815,3.3196,3.2526,3.1835,2.9919,2.9339,2.8855,2.8295,2.7784,2.7375,2.698,2.6746,2.6581,2.6374,2.6219,2.6054,2.5924,2.5781,2.5679,2.5577,2.5503,2.5442,2.5389,2.5357,2.5339,2.5333,2.5344,2.5388,2.5463,2.5575,2.5654,2.5744,2.5845,2.5955,2.6173,2.6457,2.679,2.7143,2.7525,2.7932,2.8379,2.8826,2.9306,3.1225,3.2017,3.2463,3.2823,3.3186,3.3467,3.3844,3.4152,3.4464,3.4724,3.4961,3.519,3.5374,3.5531,3.5656,3.5758,3.5837,3.5895,3.5928,3.594,3.5926,3.5887,3.5835,3.5764,3.5664,3.5548,3.529,3.4739,3.4521,3.4313,3.4156,3.4089,3.4034,3.3998,3.3977,3.3974,3.3984,3.4013,3.4061,3.4115,3.4196,3.4295,3.4392,3.4523,3.4669,3.4839,3.5016,3.5364,3.5768,3.6174,3.7209,3.7707,3.7955,3.8159,3.8339,3.8513,3.8683,3.8817,3.893,3.9016,3.9081,3.9124,3.9142,3.9142,3.9116,3.9068,3.8979,3.8873,3.875,3.8573,3.8393,3.8161,3.7937,3.7659,3.7359,3.7042,3.6695,3.635,3.4957,3.4379,3.4088,3.3822,3.3567,3.3361,3.3089,3.288,3.268,3.2509,3.2351,3.2221,3.2113,3.2037,3.1968,3.192,3.1893,3.1888,3.1903,3.1939,3.1992,3.2078,3.2152,3.2252,3.2364,3.2492,3.2739,3.3396,3.3561,3.3706,3.3836,3.3947,3.4025,3.4082,3.4125,3.4138,3.4127,3.4091,3.4032,3.3948,3.3833,3.3697,3.3536,3.3349,3.3171,3.2926,3.2669,3.239,3.2074,3.1703,3.1414,3.1059,3.069,3.031,2.9562,2.7772,2.7283,2.6828,2.6392,2.6029,2.5639,2.5338,2.5007,2.4748,2.4519,2.4305,2.4144,2.4023,2.3932,2.3878,2.3858,2.3872,2.3896,2.3933,2.4025,2.4093,2.4172,2.4337,2.4565,2.4831,2.5094,2.5411,2.5724,2.6121,2.6524,2.6943,2.8646,2.9297,2.9634,2.9957,3.0219,3.0495,3.0779,3.1024,3.1245,3.142,3.1587,3.1718,3.1812,3.1892,3.1941,3.1953,3.1952,3.194,3.1915,3.1876,3.1831,3.1712,3.1631,3.1539,3.1436,3.1323,3.1064,3.0807,3.0465,3.0105,2.965,2.9217,2.8711,2.6865,2.6119,2.5721,2.5376,2.5051,2.4763,2.4447,2.4202,2.3967,2.3787,2.3699,2.3623,2.3516,2.3449,2.3414,2.3414,2.3451,2.3488,2.3532,2.3644,2.379,2.3888,2.3996,2.4243,2.449,2.4749,2.503,2.5344,2.5726,2.6417,2.7701,2.8185,2.8602,2.8984,2.9357,2.9686,2.9981,3.0199,3.0397,3.0496,3.0583,3.0707,3.079,3.0838,3.0849,3.0837,3.082,3.0788,3.074,3.0624,3.0539,3.044,3.0237,3.0102,2.9955,2.9668,2.9488,2.9296,2.9092,2.8878,2.8654,2.84,2.7987,2.7462,2.6977,2.64,2.5879,2.5269,2.3269,2.2551,2.1827,2.1226,2.0585,2.0236,1.9985,1.9489,1.9054,1.8835,1.8599,1.8408,1.8245,1.8093,1.7954,1.7817,1.7704,1.7604,1.7516,1.7442,1.7375,1.7328,1.7293,1.7271,1.7262,1.7274,1.7312,1.7387,1.7476,1.7609,1.7745,1.7931,1.8143,1.8378,1.8648,1.8924,1.9277,1.9649,2.0053,2.1622,2.2285,2.2654,2.2949,2.3242,2.3504,2.3794,2.4025,2.4259,2.4438,2.4605,2.4729,2.4827,2.4903,2.494,2.4958,2.4953,2.4926,2.4876,2.4802,2.4706,2.4577,2.4441,2.4296,2.413,2.3924,2.3506,2.2546,2.2154,2.1792,2.1629,2.1478,2.1312,2.1182,2.1052,2.0956,2.0866,2.0805,2.0756,2.0731,2.0723,2.0726,2.0743,2.0768,2.0809,2.0862,2.0926,2.1004,2.1159,2.1342,2.1541,2.2103,2.2394,2.2539,2.2657,2.2761,2.2847,2.2921,2.2979,2.3023,2.3058,2.3095,2.3139,2.3165,2.32,2.326,2.3343,2.3441,2.356,2.3706,2.3858,2.4056,2.4257,2.451,2.476,2.5067,2.5364,2.5667,2.5987,2.6337,2.6687,2.743,2.9086,2.951,2.9876,3.0267,3.0584,3.0844,3.1121,3.1382,3.1606,3.1777,3.1938,3.2064,3.2166,3.2233,3.2273,3.2287,3.2273,3.2224,3.2155,3.2047,3.1926,3.1762,3.1562,3.1383,3.1148,3.0894,3.0611,3.0031,2.894,2.8481,2.8046,2.7654,2.7453,2.7265,2.7118,2.6958,2.6815,2.6708,2.6612,2.6521,2.644,2.6381,2.634,2.6317,2.6311,2.6323,2.6353,2.6396,2.6454,2.6528,2.661,2.6721,2.6958,2.7456,2.7661,2.7857,2.7993,2.806,2.8114,2.8155,2.8181,2.819,2.8187,2.8171,2.8137,2.8087,2.803,2.7948,2.7849,2.7753,2.7626,2.7484,2.7321,2.701,2.6659,2.6294,2.5397,2.499,2.4804,2.4629,2.4466,2.4339,2.4204,2.4103,2.4006,2.3934,2.3881,2.3839,2.3815,2.3805,2.3821,2.3872,2.3963,2.402,2.4104,2.4274,2.4481,2.4622,2.4754,2.5032,2.5276,2.5593,2.5932,2.6305,2.668,2.7067,2.8831,2.9273,2.9695,3.0048,3.0376,3.0664,3.0921,3.1144,3.1311,3.1466,3.157,3.1651,3.1687,3.1694,3.1684,3.1664,3.1617,3.1537,3.1429,3.1317,3.1162,3.0982,3.0781,3.0547,3.0355,3.01,2.9872,2.9591,2.9048,2.7636,2.7286,2.6991,2.6673,2.6413,2.6141,2.5937,2.5724,2.5567,2.5446,2.535,2.5289,2.5258,2.5262,2.5298,2.5335,2.5384,2.5451,2.5524,2.561,2.5707,2.5815,2.5935,2.6077,2.6219,2.6372,2.655,2.6908,2.7117,2.7372,2.775,2.8151,2.8613,2.9139,2.9663,3.0201,3.1987,3.271,3.3348,3.394,3.4522,3.5047,3.5481,3.588,3.61,3.6266,3.6435,3.6581,3.6716,3.6852,3.6966,3.7071,3.7164,3.7247,3.7326,3.7387,3.7438,3.7478,3.7508,3.7529,3.7539,3.7526,3.7487,3.7423,3.7335,3.7219,3.7066,3.6897,3.6726,3.654,3.6342,3.6123,3.5681,3.4749,3.4377,3.402,3.3695,3.336,3.3086,3.2846,3.2641,3.2477,3.2346,3.2243,3.217,3.2123,3.2094,3.2084,3.208,3.2065,3.204,3.1991,3.1919,3.1821,3.1707,3.1548,3.1362,3.114,3.0865,3.0596,3.0298,2.9241,2.8862,2.8681,2.8518,2.8368,2.8258,2.8129,2.8024,2.7939,2.7872,2.7832,2.7816,2.7826,2.7855,2.793,2.7982,2.8045,2.8181,2.8272,2.8375,2.8487,2.8611,2.8863,2.9177,2.9531,2.9922,3.0365,3.0903,3.1479,3.202,3.2674,3.3417,3.5231,3.5805,3.6252,3.6769,3.7201,3.7589,3.7971,3.8176,3.837,3.8553,3.8724,3.8884,3.903,3.9174,3.9264,3.9363,3.9458,3.9519,3.9588,3.9641,3.9678,3.9699,3.9705,3.9693,3.9662,3.9597,3.9522,3.9403,3.9284,3.9123,3.8922,3.8737,3.8484,3.8203,3.7954,3.7623,3.7266,3.6885,3.6557,3.6242,3.5914,3.5545,3.5103,3.4708,3.4205,3.329,3.244,3.146,3.046,2.8081,2.6913,2.6255,2.5713,2.515,2.473,2.4227,2.374,2.3272,2.2824,2.2475,2.2066,2.168,2.1384,2.1063,2.0803,2.0561,2.0303,2.01,1.9928,1.976,1.9589,1.9461,1.9338,1.9251,1.9183,1.9128,1.9101,1.9092,1.9103,1.9156,1.9194,1.9256,1.9391,1.9573,1.9782,1.9924,2.0078,2.0372,2.0746,2.1085,2.1465,2.1846,2.2324,2.3179,2.4841,2.546,2.6061,2.6619,2.7149,2.7663,2.812,2.8493,2.87,2.8869,2.9153,2.9412,2.9632,2.9744,2.9825,2.9963,3.0063,3.0106,3.0132,3.0152,3.0158,3.0153,3.0135,3.0106,3.0063,3.0011,2.9933,2.9776,2.9549,2.9313,2.8766,2.855,2.8326,2.8147,2.7968,2.7837,2.779,2.7746,2.7714,2.7697,2.769,2.7724,2.7797,2.7914,2.8048,2.8208,2.88,2.9003,2.9177,2.9253,2.9306,2.935,2.9385,2.9401,2.9403,2.9391,2.936,2.9316,2.9259,2.9184,2.9098,2.8976,2.8853,2.8694,2.8541,2.8349,2.8141,2.7754,2.729,2.6808,2.556,2.5214,2.4914,2.4601,2.4315,2.408,2.3879,2.3679,2.3597,2.3522,2.3462,2.3413,2.3376,2.3351,2.3337,2.3336,2.3367,2.3402,2.3449,2.3509,2.3568,2.3651,2.3747,2.3953,2.4084,2.4228,2.4383,2.4551,2.4742,2.4933,2.5136,2.5349,2.5587,2.5821,2.6335,2.68,2.7307,2.7894,2.8525,2.9076,2.974,3.1898,3.265,3.3383,3.4015,3.4673,3.5224,3.5502,3.5753,3.618,3.64,3.6607,3.68,3.6981,3.7117,3.7271,3.741,3.7533,3.7621,3.7715,3.7793,3.7843,3.7886,3.7911,3.7924,3.7925,3.7906,3.7869,3.7813,3.7739,3.7665,3.7557,3.7431,3.7276,3.7112,3.6929,3.6729,3.6511,3.6262,3.6009,3.5741,3.5438,3.5138,3.4883,3.4558,3.4219,3.3867,3.3504,3.3107,3.265,3.1903,3.0976,3.0105,2.7837,2.718,2.6562,2.5859,2.5276,2.4785,2.4247,2.3655,2.3163,2.2706,2.2305,2.1942,2.1761,2.1605,2.1323,2.1198,2.1074,2.097,2.0877,2.0794,2.0722,2.0655,2.0605,2.0534,2.0514,2.0503,2.0513,2.0561,2.0609,2.066,2.0779,2.0934,2.1116,2.1348,2.1567,2.1851,2.2946,2.3354,2.3575,2.3746,2.3911,2.4032,2.4176,2.4285,2.4383,2.4443,2.4477,2.4485,2.4465,2.442,2.4346,2.425,2.4103,2.3946,2.3772,2.3535,2.3303,2.3012,2.279,2.2514,2.2224,2.186,2.1207,1.9664,1.9284,1.8917,1.8568,1.8281,1.8013,1.7779,1.7568,1.7372,1.7213,1.7081,1.6979,1.6917,1.6873,1.6862,1.6868,1.6893,1.6931,1.6978,1.7044,1.7117,1.7235,1.7337,1.7452,1.759,1.7768,1.7936,1.8103,1.8298,1.8538,1.876,1.8976,1.9221,1.9517,1.9786,2.013,2.0421,2.079,2.1172,2.1892,2.272,2.3599,2.6112,2.685,2.7491,2.8182,2.8839,2.9392,2.9909,3.022,3.0514,3.074,3.0986,3.1185,3.1414,3.1623,3.1778,3.194,3.2066,3.2179,3.2292,3.2376,3.246,3.2513,3.2558,3.2592,3.2593,3.2564,3.2504,3.2414,3.2283,3.2136,3.1931,3.1744,3.1497,3.1263,3.0978,3.0406,2.9165,2.8684,2.8194,2.7778,2.7572,2.7371,2.7196,2.7036,2.6888,2.6764,2.6659,2.6583,2.6511,2.6457,2.6421,2.6402,2.6401,2.6416,2.6448,2.6493,2.6555,2.6625,2.6711,2.6821,2.7054,2.7581,2.7781,2.7975,2.8125,2.8192,2.825,2.8293,2.8323,2.834,2.8342,2.833,2.8307,2.8268,2.8214,2.8157,2.8077,2.7983,2.787,2.7751,2.7592,2.7319,2.6993,2.6672,2.5876,2.5494,2.5305,2.515,2.5014,2.489,2.4775,2.4676,2.4598,2.4538,2.4495,2.4475,2.4468,2.4478,2.4495,2.4529,2.4577,2.4626,2.4698,2.4779,2.4859,2.497,2.507,2.5205,2.5353,2.5515,2.584,2.6036,2.6256,2.6632,2.702,2.7463,2.7998,2.8433,2.8934,3.0713,3.1327,3.1958,3.2493,3.3013,3.3481,3.3868,3.4217,3.4391,3.4553,3.4674,3.4803,3.4904,3.5015,3.5095,3.5174,3.5232,3.529,3.5325,3.5353,3.5366,3.5369,3.536,3.5336,3.5267,3.5166,3.5027,3.4928,3.4831,3.4622,3.4352,3.4046,3.3696,3.3382,3.3036,3.2686,3.2245,3.1416,2.98,2.9216,2.8632,2.8133,2.7604,2.7125,2.6914,2.6688,2.6326,2.6156,2.5979,2.5832,2.5704,2.558,2.5456,2.5357,2.527,2.5187,2.5126,2.5079,2.504,2.5011,2.4996,2.4994,2.5004,2.5035,2.5087,2.5161,2.5255,2.5362,2.5507,2.5677,2.5858,2.618,2.6596,2.7039,2.8361,2.8762,2.9115,2.9497,2.9839,3.0148,3.0448,3.0706,3.0962,3.1215,3.1466,3.1777,3.218,3.2688,3.3008,3.3178,3.3315,3.3434,3.3533,3.3618,3.3686,3.374,3.3774,3.3795,3.3802,3.3797,3.3781,3.3722,3.3532,3.3499,3.3488,3.3502,3.3551,3.3589,3.3638,3.3755,3.3838,3.3929,3.4036,3.415,3.4281,3.4416,3.4569,3.4751,3.5068,3.5433,3.5793,3.6693,3.7108,3.7493,3.7785,3.7925,3.8058,3.8173,3.8274,3.8351,3.8425,3.8485,3.8529,3.8557,3.8572,3.8574,3.8563,3.8543,3.8507,3.8458,3.8396,3.827,3.8105,3.7924,3.7485,3.7275,3.7103,3.699,3.6946,3.6918,3.6898,3.6893,3.69,3.6919,3.6954,3.6997,3.7107,3.725,3.7436,3.7685,3.7916,3.8186,3.9135,3.9471,3.9785,4.0016,4.0135,4.0224,4.0307,4.0374,4.043,4.0477,4.0509,4.0528,4.0533,4.0502,4.0439,4.0328,4.0192,4.0006,3.9798,3.9545,3.9328,3.9086,3.8828,3.8529,3.8207,3.7843,3.6099,3.565,3.5273,3.4813,3.4399,3.4003,3.36,3.3105,3.2558,3.0745,2.9263,2.8816,2.8413,2.8058,2.7757,2.7497,2.7322,2.7165,2.7034,2.6902,2.6795,2.6686,2.6594,2.6512,2.6405,2.6314,2.6249,2.6117,2.6024,2.5963,2.5893,2.5812,2.5725,2.5558,2.5347,2.5129,2.4657,2.4445,2.4285,2.4166,2.4112,2.4069,2.4039,2.402,2.4013,2.402,2.4041,2.407,2.4117,2.4169,2.424,2.4319,2.4419,2.4534,2.4662,2.4785,2.5026,2.5318,2.5639,2.6004,2.6412,2.685,2.7342,2.8997,2.952,2.9997,3.0544,3.1036,3.1501,3.1968,3.2238,3.2496,3.2758,3.2995,3.3221,3.3413,3.3611,3.3781,3.3934,3.4074,3.4188,3.4289,3.4373,3.4436,3.4491,3.4525,3.4549,3.4539,3.4494,3.4408,3.4286,3.4133,3.3931,3.369,3.3434,3.3109,3.2758,3.2331,3.1906,3.146,3.0997,2.9711,2.9066,2.8733,2.843,2.8178,2.7955,2.7689,2.7483,2.7319,2.7188,2.71,2.7053,2.7046,2.7078,2.7142,2.7189,2.7255,2.7391,2.7583,2.7788,2.8055,2.8369,2.8708,2.9037,2.9431,2.9851,3.0309,3.0769,3.1259,3.3312,3.4145,3.4605,3.5002,3.5369,3.5722,3.6127,3.6493,3.6799,3.7117,3.7408,3.7655,3.7896,3.8112,3.8335,3.8542,3.872,3.8864,3.8974,3.9088,3.9431,3.9525,3.9618,3.9742,3.9869,4.0027,4.0191,4.0372,4.0583,4.0798,4.1057,4.1544,4.2754,4.3058,4.331,4.3552,4.3773,4.3971,4.4141,4.4278,4.4396,4.4506,4.4597,4.4727,4.4964,4.504,4.5122,4.523,4.5349,4.5486,4.565,4.5883,4.6159,4.6466,4.6824,4.7186,4.7591,4.7972,4.8959,4.9443,4.9682,4.99,5.0105,5.0271,5.0451,5.0605,5.0738,5.0847,5.0924,5.0988,5.1022,5.1037,5.1018,5.097,5.088,5.0747,5.0581,5.0372,5.0127,4.9827,4.956,4.9272,4.8928,4.855,4.817,4.7777,4.6307,4.5728,4.5173,4.4666,4.438,4.4144,4.3931,4.3722,4.3536,4.3364,4.3199,4.3057,4.2929,4.281,4.2707,4.2611,4.254,4.2485,4.2442,4.2408,4.2391,4.2385,4.2391,4.241,4.2479,4.2674,4.2742,4.2788,4.2797,4.2794,4.2777,4.2742,4.2694,4.2622,4.254,4.2445,4.2331,4.2183,4.2065,4.1931,4.1794,4.1617,4.1253,4.0816,4.0433,3.9982,3.8284,3.7543,3.7181,3.6801,3.646,3.6094,3.5638,3.5132,3.3436,3.1903,3.1382,3.0942,3.0579,3.0419,3.0275,3.0143,3.0036,2.9927,2.9847,2.9773,2.9711,2.9658,2.9622,2.96,2.959,2.9594,2.9617,2.9664,2.9726,2.9806,2.9917,3.0049,3.0189,3.0325,3.0486,3.0658,3.0863,3.1275,3.2395,3.2707,3.2991,3.3254,3.3485,3.3677,3.3837,3.3949,3.4032,3.409,3.412,3.4125,3.4111,3.3997,3.397,3.3974,3.3992,3.4025,3.4077,3.4144,3.4231,3.4332,3.4463,3.4723,3.5337,3.5474,3.5593,3.5695,3.5768,3.5819,3.5846,3.5854,3.5836,3.5793,3.5722,3.5632,3.5508,3.5358,3.5176,3.5005,3.4818,3.4608,3.4356,3.3882,3.277,3.2501,3.2273,3.2036,3.1852,3.1707,3.1564,3.146,3.1368,3.1305,3.1277,3.1275,3.1303,3.1358,3.1438,3.1503,3.1574,3.1683,3.1776,3.1879,3.2001,3.2156,3.2302,3.2497,3.2668,3.2877,3.307,3.3273,3.3519,3.3742,3.4029,3.4483,3.4984,3.551,3.6125,3.6669,3.732,3.9457,4.0207,4.096,4.1596,4.2265,4.2584,4.2891,4.3131,4.3415,4.3636,4.3879,4.4124,4.4325,4.4528,4.4728,4.4879,4.5049,4.5175,4.5306,4.5408,4.5517,4.5593,4.5667,4.5719,4.5768,4.58,4.5814,4.5818,4.5804,4.5769,4.5721,4.5646,4.5565,4.5454,4.5326,4.5205,4.5049,4.4882,4.4667,4.4234,4.3335,4.2971,4.2594,4.2285,4.2111,4.1966,4.1841,4.1724,4.1627,4.1541,4.1474,4.1421,4.1383,4.1362,4.135,4.1352,4.1367,4.1395,4.1437,4.1499,4.1618,4.1782,4.1963,4.2417,4.2641,4.2744,4.2824,4.2887,4.293,4.2964,4.2981,4.298,4.2958,4.2917,4.2856,4.2772,4.267,4.2571,4.2452,4.2319,4.2158,4.1996,4.1797,4.1609,4.1382,4.0923,4.0383,3.9778,3.8411,3.7834,3.7235,3.672,3.6425,3.6153,3.5911,3.5662,3.5427,3.5204,3.4987,3.4789,3.4547,3.433,3.4126,3.3938,3.3754,3.3583,3.3428,3.3279,3.3153,3.3037,3.2938,3.286,3.2802,3.2758,3.2731,3.2722,3.2731,3.2762,3.2814,3.2886,3.2967,3.3078,3.3513,3.3674,3.3746,3.3798,3.3836,3.386,3.3867,3.3849,3.3805,3.373,3.3647,3.3537,3.3116,3.2976,3.2908,3.2861,3.2828,3.2806,3.2797,3.2811,3.2849,3.2909,3.2993,3.3098,3.323,3.3366,3.3485,3.3615,3.3884,3.405,3.4195,3.4372,3.4573,3.497,3.5207,3.5455,3.5953,3.6234,3.6527,3.7004,3.7565,3.8152,3.8784,3.9412,4.0054,4.2276,4.3109,4.3854,4.4553,4.524,4.587,4.6168,4.6456,4.6945,4.7196,4.7447,4.7669,4.7877,4.8068,4.8244,4.8376,4.8523,4.8653,4.8767,4.8847,4.8931,4.8997,4.9039,4.9075,4.9095,4.9092,4.9072,4.9043,4.9004,4.8946,4.8885,4.8797,4.8722,4.8609,4.8508,4.8372,4.8094,4.7925,4.7746,4.7446,4.7084,4.67,4.6282,4.5863,4.5432,4.389,4.3254,4.2653,4.2122,4.162,4.1164,4.0778,4.0395,4.008,3.9802,3.9568,3.937,3.9218,3.909,3.8998,3.8941,3.892,3.8931,3.8974,3.9051,3.9156,3.9295,3.9479,3.9682,3.9918,4.0172,4.0464,4.0822,4.1155,4.1551,4.302,4.3577,4.3874,4.413,4.4364,4.456,4.479,4.4976,4.5153,4.5288,4.5396,4.5472,4.5521,4.5541,4.5536,4.5506,4.5453,4.537,4.5269,4.513,4.4984,4.4796,4.4609,4.4404,4.4157,4.3894,4.3616,4.3318,4.2232,4.1817,4.1405,4.1045,4.0848,4.0689,4.0524,4.0401,4.0288,4.0195,4.0118,4.0057,4.0002,3.9977,3.9969,3.9985,4.0018,4.0076,4.0156,4.026,4.0379,4.0497,4.0647,4.0838,4.1215,4.1998,4.2309,4.2604,4.2838,4.2971,4.3068,4.3155,4.3223,4.3279,4.3317,4.3338,4.3343,4.333,4.3301,4.3253,4.3191,4.3113,4.3015,4.2884,4.2753,4.2617,4.2469,4.2146,4.1815,4.0974,4.0594,4.0407,4.0264,4.0128,4.0013,3.9913,3.9828,3.9766,3.9724,3.9705,3.9703,3.9723,3.9759,3.9838,3.9953,4.0109,4.0302,4.0436,4.0552,4.082,4.1122,4.1483,4.1787,4.2158,4.2566,4.2977,4.3783,4.5287,4.5817,4.6315,4.6741,4.7147,4.7513,4.7851,4.8159,4.8402,4.8645,4.8849,4.8995,4.9108,4.9158,4.9194,4.9236,4.9243,4.9232,4.9201,4.916,4.911,4.9043,4.8949,4.8854,4.8745,4.8605,4.847,4.8299,4.8138,4.7966,4.7753,4.7558,4.7304,4.6897,4.6441,4.5899,4.5327,4.4797,4.4253,4.2181,4.1455,4.0688,4.0015,3.9379,3.9086,3.8805,3.8534,3.8276,3.8076,3.7841,3.7619,3.7411,3.7252,3.7068,3.693,3.6782,3.6663,3.6529,3.641,3.6322,3.6227,3.6145,3.6027,3.5979,3.5943,3.5905,3.5897,3.5921,3.5976,3.6054,3.6151,3.6601,3.6774,3.6853,3.691,3.6953,3.6983,3.6995,3.6993,3.6977,3.6946,3.6861,3.6614,3.6564,3.653,3.6518,3.6533,3.6572,3.6641,3.6748,3.6893,3.7082,3.7306,3.754,3.7794,3.8686,3.8984,3.9269,3.9479,3.9578,3.9669,3.9743,3.9804,3.9851,3.9883,3.9899,3.9903,3.9889,3.9853,3.9801,3.9721,3.9618,3.9493,3.9342,3.9176,3.9016,3.8853,3.8671,3.845,3.8022,3.6991,3.6749,3.6527,3.631,3.6118,3.5945,3.5811,3.568,3.5574,3.5505,3.5453,3.5433,3.5436,3.5465,3.5525,3.5626,3.5764,3.5865,3.5962,3.6178,3.6449,3.6736,3.7108,3.7505,3.7824,3.821,3.8634,3.9129,3.9569,4.0038,4.1665,4.229,4.2879,4.3393,4.3931,4.4388,4.4796,4.5182,4.5516,4.5688,4.5817,4.5955,4.6064,4.6185,4.6272,4.636,4.6426,4.6481,4.6533,4.6566,4.6594,4.6604,4.6604,4.6575,4.6541,4.65,4.6438,4.6377,4.6216,4.6008,4.5761,4.5619,4.5448,4.5095,4.4796,4.444,4.4064,4.3657,4.2821,4.1232,4.0606,3.9968,3.9396,3.8814,3.8291,3.7783,3.7357,3.6987,3.6641,3.6345,3.6075,3.5832,3.563,3.5454,3.5324,3.5267,3.5211,3.5172,3.5142,3.5126,3.5121,3.5127,3.5144,3.5175,3.5214,3.5264,3.5335,3.5407,3.5499,3.5594,3.57,3.5928,3.6198,3.6503,3.6865,3.722,3.7614,3.8044,3.9061,3.9606,3.9867,4.0106,4.0297,4.0483,4.0697,4.0864,4.1001,4.1111,4.1194,4.1241,4.1265,4.126,4.1234,4.1191,4.1131,4.1042,4.093,4.0816,4.0666,4.0497,4.0303,4.01,3.9873,3.9602,3.9055,3.7902,3.7437,3.6982,3.677,3.6588,3.6387,3.6212,3.6056,3.5915,3.5801,3.5709,3.5647,3.5597,3.5573,3.5567,3.5583,3.5624,3.5685,3.5767,3.5872,3.5991,3.6109,3.6231,3.639,3.6567,3.69,3.7734,3.7951,3.812,3.8303,3.8451,3.8582,3.869,3.8778,3.8848,3.8893,3.8916,3.8913,3.8885,3.8831,3.8753,3.8669,3.8564,3.8446,3.8313,3.8157,3.7994,3.7808,3.7578,3.7193,3.6696,3.6254,3.5069,3.4498,3.4224,3.3976,3.3774,3.3595,3.34,3.3248,3.31,3.2997,3.2911,3.285,3.2811,3.2796,3.2798,3.2814,3.2839,3.2879,3.2926,3.2997,3.3067,3.316,3.3251,3.3378,3.3493,3.3637,3.3772,3.3952,3.4147,3.4315,3.4534,3.4766,3.501,3.5267,3.5552,3.5831,3.6437,3.7058,3.7808,3.8562,4.0645,4.1225,4.173,4.2293,4.281,4.3295,4.3697,4.3937,4.4164,4.4375,4.4535,4.4717,4.4882,4.5003,4.5128,4.5223,4.5322,4.5388,4.5448,4.5485,4.5512,4.5519,4.5512,4.5477,4.5419,4.5337,4.5216,4.5081,4.4922,4.4715,4.4504,4.4269,4.3979,4.3694,4.3331,4.2937,4.2579,4.2223,4.1755,4.1336,4.0926,4.0501,4.0061,3.958,3.9115,3.8608,3.8028,3.6991,3.5925,3.4872,3.2152,3.0718,3.0048,2.9423,2.8811,2.8214,2.7607,2.7048,2.651,2.607,2.5574,2.5172,2.4745,2.4383,2.4041,2.3684,2.3386,2.3125,2.2868,2.2608,2.2398,2.221,2.2027,2.1886,2.1773,2.1674,2.1588,2.1534,2.15,2.1485,2.1493,2.1528,2.1586,2.1667,2.1771,2.1901,2.2045,2.2241,2.243,2.2624,2.2841,2.3102,2.3621,2.4691,2.516,2.5617,2.5999,2.62,2.6406,2.658,2.6732,2.6878,2.7002,2.7112,2.7212,2.7293,2.7362,2.7419,2.7456,2.7478,2.7485,2.748,2.7459,2.743,2.7383,2.732,2.725,2.7083,2.6713,2.6567,2.644,2.634,2.6296,2.6266,2.6251,2.6247,2.6259,2.6282,2.6316,2.6363,2.6419,2.649,2.6582,2.6677,2.6784,2.6919,2.7067,2.7226,2.7523,2.7876,2.8215,2.9172,2.967,2.991,3.0141,3.0347,3.0518,3.0707,3.0858,3.0986,3.11,3.1183,3.125,3.1296,3.1321,3.1327,3.1323,3.1306,3.1274,3.094,3.0841,3.0788,3.0725,3.065,3.0572,3.0477,3.0383,3.0263,3.0146,3.0012,2.9863,2.9685,2.9505,2.931,2.9109,2.8886,2.862,2.816,2.7621,2.7065,2.5807,2.5204,2.4934,2.4687,2.4454,2.4262,2.406,2.387,2.3708,2.3568,2.3452,2.3371,2.3301,2.3261,2.3241,2.3247,2.328,2.3342,2.344,2.3558,2.3701,2.3889,2.4048,2.4246,2.446,2.4727,2.5196,2.6396,2.6689,2.6957,2.7206,2.7409,2.759,2.7743,2.7871,2.7975,2.8054,2.8096,2.8118,2.811,2.8079,2.8014,2.7938,2.7835,2.7717,2.7549,2.738,2.7164,2.6954,2.6694,2.6463,2.6218,2.5672,2.512,2.3688,2.3345,2.3013,2.2659,2.2373,2.2108,2.1894,2.1663,2.1469,2.1322,2.1188,2.1091,2.1018,2.0967,2.0948,2.0951,2.0965,2.0993,2.1028,2.1074,2.1138,2.1204,2.1299,2.1386,2.1499,2.1606,2.175,2.2043,2.2221,2.2411,2.2728,2.3111,2.3519,2.3964,2.4347,2.4822,2.6452,2.7065,2.7658,2.821,2.8729,2.9184,2.9422,2.9612,2.9976,3.0148,3.0299,3.0572,3.07,3.0811,3.1001,3.1087,3.1157,3.1273,3.135,3.1394,3.1403,3.1389,3.1356,3.1299,3.1226,3.1125,3.0638,3.0531,3.0436,3.0348,3.0283,3.0242,3.022,3.0219,3.0239,3.0281,3.0341,3.0408,3.0494,3.0836,3.096,3.1066,3.1139,3.1166,3.118,3.1183,3.1174,3.1155,3.1124,3.1078,3.1024,3.0959,3.0875,3.0787,3.0679,3.057,3.0436,3.0296,3.0127,2.9791,2.9386,2.8958,2.7689,2.7317,2.7008,2.6677,2.6385,2.6145,2.5945,2.5796,2.5678,2.5585,2.5517,2.5479,2.5458,2.5444,2.5421,2.5395,2.5361,2.5317,2.5261,2.5186,2.5101,2.4998,2.4878,2.4633,2.4009,2.3865,2.3752,2.365,2.3577,2.3543,2.3541,2.3566,2.3613,2.3687,2.3787,2.3909,2.4061,2.4232,2.4452,2.4648,2.4892,2.5146,2.5451,2.5744,2.6048,2.7238,2.7693,2.8158,2.8529,2.8736,2.8927,2.9083,2.9224,2.9359,2.9467,2.9554,2.9628,2.9692,2.9733,2.9747,2.9737,2.9699,2.964,2.956,2.9447,2.9312,2.915,2.8967,2.8748,2.8532,2.8277,2.7223,2.6792,2.6585,2.6385,2.6206,2.6065,2.5901,2.5779,2.5684,2.5612,2.5567,2.5548,2.5557,2.5592,2.5636,2.5697,2.577,2.586,2.5961,2.6096,2.623,2.6394,2.6554,2.6744,2.6954,2.7168,2.7659,2.8652,2.9055,2.9458,2.9779,2.9969,3.0121,3.0276,3.0395,3.0506,3.0598,3.068,3.0744,3.0793,3.0829,3.085,3.0856,3.0848,3.0822,3.0784,3.0727,3.0606,3.044,3.0253,2.9799,2.9598,2.9508,2.9441,2.9383,2.934,2.9309,2.9294,2.9295,2.9309,2.9341,2.939,2.9448,2.9531,2.9619,2.9715,2.9823,2.9949,3.0081,3.0231,3.0408,3.0582,3.0909,3.13,3.1702,3.2698,3.3178,3.3408,3.3617,3.3788,3.396,3.4129,3.4271,3.4396,3.4481,3.4554,3.4599,3.4624,3.4628,3.4603,3.4542,3.4455,3.4338,3.4193,3.4004,3.3803,3.3538,3.3296,3.3036,3.2759,3.2455,3.1827,3.0311,2.9941,2.96,2.9279,2.8981,2.8739,2.853,2.8339,2.8182,2.8069,2.7966,2.7894,2.7854,2.7844,2.7864,2.7905,2.7971,2.807,2.8185,2.8314,2.8471,2.8674,2.8872,2.9076,2.934,2.9585,2.988,3.0518,3.1841,3.2334,3.2853,3.3093,3.3321,3.3579,3.3789,3.3973,3.4151,3.4303,3.4438,3.4561,3.466,3.4742,3.4809,3.4854,3.4883,3.4895,3.4886,3.4862,3.4815,3.4762,3.4697,3.4535,3.4344,3.3874,3.3764,3.366,3.3574,3.3504,3.3453,3.3426,3.3418,3.3437,3.3486,3.3552,3.3652,3.377,3.3935,3.4108,3.4338,3.4566,3.4859,3.5186,3.556,3.595,3.6387,3.6834,3.7246,3.7716,3.8161,3.8707,3.9701,4.2244,4.2894,4.3502,4.4106,4.4657,4.5172,4.5598,4.5852,4.6032,4.6259,4.6431,4.6627,4.6762,4.6927,4.7047,4.7178,4.7264,4.7344,4.7421,4.7474,4.7514,4.7544,4.7555,4.7555,4.7543,4.7496,4.7454,4.7402,4.7339,4.7266,4.7114,4.6904,4.6657,4.6363,4.6047,4.5643,4.5187,4.4717,4.4204,4.367,4.3064,4.1358,4.0816,4.0379,3.9871,3.9405,3.9012,3.8659,3.8437,3.8228,3.8066,3.7879,3.7704,3.7573,3.7432,3.732,3.7195,3.7104,3.7011,3.694,3.6879,3.6821,3.6751,3.6718,3.6714,3.6738,3.6784,3.6863,3.6968,3.7099,3.726,3.7436,3.7641,3.7863,3.8131,3.8373,3.8678,3.9882,4.039,4.0642,4.0872,4.109,4.1269,4.1489,4.1658,4.1815,4.195,4.206,4.2148,4.2216,4.226,4.2281,4.2281,4.2258,4.2211,4.2146,4.2057,4.1932,4.1801,4.164,4.1466,4.1262,4.101,4.0766,4.0485,3.9331,3.8864,3.8622,3.8402,3.8217,3.8052,3.7852,3.7693,3.7543,3.7431,3.7347,3.7283,3.7245,3.7229,3.7232,3.7247,3.7273,3.731,3.7364,3.7424,3.7583,3.7754,3.7952,3.8167,3.8714,3.8963,3.9168,3.9338,3.9464,3.9545,3.9595,3.961,3.9604,3.9588,3.9556,3.9516,3.9457,3.9395,3.9313,3.9218,3.9034,3.881,3.8583,3.802,3.7736,3.7507,3.7411,3.7337,3.7265,3.7208,3.7167,3.7145,3.7137,3.7144,3.717,3.7206,3.7258,3.7321,3.7401,3.7509,3.7619,3.7753,3.7888,3.8064,3.8375,3.876,3.9133,4.0119,4.0588,4.0818,4.1002,4.1178,4.1313,4.1471,4.1587,4.1685,4.1758,4.181,4.1836,4.1839,4.1823,4.1782,4.1727,4.1642,4.155,4.1425,4.128,4.1116,4.0926,4.0752,4.0541,4.0317,4.0083,3.9611,3.8632,3.8246,3.7874,3.7533,3.7175,3.6884,3.6627,3.6406,3.6226,3.6079,3.5961,3.5866,3.5808,3.5769,3.5698,3.5659,3.5598,3.5508,3.5435,3.5363,3.5274,3.5177,3.5084,3.4962,3.4826,3.4676,3.4503,3.4314,3.4088,3.3866,3.364,3.3389,3.3084,3.2804,3.2238,3.1622,3.0979,2.9363,2.8608,2.824,2.7903,2.7583,2.7332,2.7039,2.6784,2.6554,2.6376,2.6201,2.6073,2.5957,2.5882,2.5842,2.5818,2.5808,2.5811,2.5829,2.5855,2.5896,2.5955,2.6013,2.6098,2.6196,2.6316,2.6442,2.658,2.6731,2.6904,2.7215,2.7557,2.7938,2.8386,2.8813,2.9253,3.0895,3.1524,3.2129,3.2645,3.291,3.3165,3.3408,3.3638,3.3824,3.4031,3.4196,3.4377,3.452,3.4668,3.479,3.492,3.5036,3.5125,3.5199,3.528,3.5339,3.5398,3.5444,3.548,3.5506,3.5521,3.5524,3.5487,3.5411,3.5291,3.5114,3.4798,3.4453,3.417,3.3885,3.367,3.3437,3.3193,3.2915,3.2661,3.2373,3.1443,3.1141,3.0863,3.0627,3.0403,3.0302,3.0227,3.016,3.0108,3.0067,3.0036,3.0017,3.002,3.0043,3.0086,3.0155,3.0239,3.0341,3.0477,3.0593,3.0738,3.0896,3.1071,3.1408,3.2232,3.2441,3.2617,3.2781,3.2923,3.3049,3.3143,3.3232,3.3291,3.3334,3.3352,3.335,3.3323,3.3275,3.3208,3.31,3.2975,3.281,3.2616,3.2392,3.2131,3.1853,3.1551,3.1269,3.0971,3.0614,3.0241,2.9512,2.7812,2.736,2.6972,2.6558,2.6224,2.5914,2.5665,2.5407,2.5207,2.501,2.4867,2.4739,2.4661,2.461,2.4591,2.4594,2.4612,2.4641,2.4679,2.4731,2.4807,2.4886,2.4999,2.5096,2.524,2.5369,2.5544,2.5734,2.5901,2.6119,2.6351,2.6725,2.7144,2.7644,2.8191,2.8662,2.9248,3.1179,3.1854,3.2509,3.3116,3.3689,3.396,3.422,3.466,3.4885,3.5057,3.5245,3.5397,3.5539,3.5691,3.5913,3.6013,3.6116,3.6255,3.6312,3.6364,3.6419,3.6433,3.6434,3.6407,3.6347,3.6249,3.6099,3.5932,3.5709,3.5452,3.5154,3.4885,3.4599,3.4284,3.3903,3.317,3.1552,3.0864,3.015,2.9538,2.9187,2.8897,2.8586,2.8289,2.8007,2.7758,2.7504,2.7263,2.6995,2.6745,2.6489,2.6249,2.6019,2.5804,2.5586,2.5377,2.5184,2.5008,2.4844,2.471,2.459,2.4488,2.4404,2.4342,2.4289,2.4264,2.4268,2.4299,2.4357,2.4442,2.4554,2.4706,2.4853,2.5042,2.5246,2.5502,2.5743,2.6032,2.7114,2.7557,2.7772,2.7983,2.8173,2.8333,2.8513,2.8672,2.8802,2.8918,2.9012,2.9086,2.9138,2.9173,2.9193,2.9187,2.9159,2.9065,2.903,2.9013,2.9022,2.9068,2.9149,2.9263,2.955,2.9671,2.9774,2.9845,2.9872,2.9887,2.9892,2.9886,2.984,2.98,2.9751,2.97,2.964,2.9578,2.9503,2.9416,2.9321,2.9215,2.91,2.8993,2.8861,2.8573,2.8276,2.763,2.7376,2.7175,2.7035,2.6974,2.693,2.6899,2.6885,2.6883,2.6896,2.6922,2.6961,2.704,2.7144,2.728,2.744,2.7634,2.7856,2.8097,2.8402,2.8661,2.8936,2.9261,2.9602,3.0281,3.184,3.2247,3.2602,3.2939,3.3243,3.3523,3.3741,3.3954,3.4146,3.4296,3.4414,3.4508,3.457,3.4606,3.4611,3.4594,3.4556,3.4501,3.4427,3.4331,3.4222,3.4096,3.3948,3.3785,3.3581,3.336,3.3126,3.2868,3.2569,3.1435,3.0951,3.0705,3.0471,3.0277,3.0104,2.9905,2.9732,2.958,2.9445,2.9338,2.9255,2.9201,2.9163,2.9149,2.9156,2.9181,2.9231,2.9303,2.9383,2.9493,2.9622,2.9748,2.9907,3.0079,3.0271,3.0708,3.1597,3.1977,3.2356,3.2676,3.2854,3.2993,3.3123,3.3234,3.3334,3.3415,3.3485,3.3537,3.3575,3.3601,3.3614,3.3615,3.3604,3.358,3.3545,3.3494,3.336,3.2933,3.2604,3.2492,3.2411,3.232,3.2225,3.212,3.1937,3.1738,3.1509,3.1387,3.1233,3.1093,3.0924,3.0604,3.0248,3.0027,2.9819,2.9443,2.9042,2.8573,2.8079,2.7613,2.7084,2.5418,2.4881,2.4408,2.3954,2.3537,2.3147,2.2825,2.2543,2.228,2.206,2.1874,2.1724,2.1625,2.1548,2.1515,2.151,2.1516,2.1535,2.1573,2.1619,2.1679,2.1763,2.1851,2.1967,2.2082,2.221,2.2372,2.2527,2.2733,2.2915,2.3138,2.3344,2.3613,2.3897,2.414,2.4452,2.4778,2.5117,2.5469,2.5855,2.623,2.7031,2.7941,2.8903,3.1672,3.252,3.3245,3.4016,3.4773,3.5124,3.5465,3.6051,3.6431,3.6721,3.7013,3.7337,3.7595,3.7864,3.8088,3.8283,3.8463,3.8639,3.8816,3.8957,3.9082,3.9209,3.9301,3.9386,3.947,3.9524,3.9552,3.9556,3.9536,3.9488,3.9416,3.9319,3.9155,3.8938,3.8676,3.803,3.7719,3.7409,3.7146,3.6913,3.6694,3.6494,3.603,3.5767,3.5486,3.5176,3.4873,3.4521,3.4124,3.3667,3.312,3.2368,2.9477,2.9015,2.8667,2.8447,2.8263,2.8105,2.7984,2.789,2.7828,2.7791,2.778,2.7788,2.7807,2.784,2.7881,2.7934,2.8007,2.8085,2.8176,2.8292,2.8409,2.8531,2.8673,2.8847,2.9016,2.9186,2.938,2.9573,2.979,3.0046,3.0287,3.0585,3.0849,3.1172,3.1508,3.2139,3.2818,3.3519,3.5404,3.593,3.6441,3.695,3.7416,3.7808,3.8159,3.8378,3.8584,3.8742,3.8923,3.909,3.9213,3.9343,3.9444,3.9553,3.9629,3.9702,3.9752,3.9791,3.9821,3.9833,3.9834,3.9823,3.9795,3.9757,3.9694,3.9612,3.9532,3.9418,3.9285,3.9135,3.9,3.882,3.8623,3.841,3.8182,3.7924,3.7667,3.724,3.6728,3.6163,3.5507,3.491,3.4185,3.1706,3.0711,3.0193,2.9689,2.9199,2.8783,2.8307,2.787,2.7453,2.7041,2.6669,2.6319,2.5978,2.5675,2.5381,2.5122,2.4884,2.4656,2.4449,2.424,2.4052,2.3878,2.3743,2.3605,2.3479,2.3344,2.3149,2.2719,2.2471,1.9767,0.39525,0.0,0.0
