0.0078125,1000.0,1000.0078125,1000.1328125,1000.25,1000.3671875,1000.484375,1000.6015625,1000.71875,1000.8359375,1000.953125,1001.0703125,1001.1875,1001.3046875,1001.421875,1001.5390625,1001.65625,1001.7734375,1001.890625,1002.015625,1002.140625,1002.265625,1002.390625,1002.515625,1002.6484375,1002.78125,1002.921875,1003.1796875,1003.46875,1003.7578125,1004.5234375,1004.7578125,1004.9609375,1005.1953125,1005.421875,1005.6328125,1005.8359375,1005.9609375,1006.078125,1006.203125,1006.3203125,1006.4375,1006.5546875,1006.671875,1006.7890625,1006.90625,1007.015625,1007.1328125,1007.2421875,1007.359375,1007.46875,1007.578125,1007.6953125,1007.8046875,1007.9140625,1008.0234375,1008.1328125,1008.2421875,1008.3515625,1008.4609375,1008.5703125,1008.6796875,1008.796875,1008.90625,1009.0234375,1009.140625,1009.2578125,1009.375,1009.5,1009.703125,1009.9140625,1010.1328125,1010.3671875,1010.578125,1010.8125,1011.671875,1012.0234375,1012.2109375,1012.3828125,1012.5546875,1012.71875,1012.90625,1013.09375,1013.2734375,1013.453125,1013.6328125,1013.8046875,1013.9765625,1014.1484375,1014.34375,1014.5390625,1014.734375,1014.9296875,1015.125,1015.328125,1015.5234375,1015.7265625,1015.9296875,1016.140625,1016.3515625,1016.5625,1016.78125,1017.0,1017.21875,1017.4375,1017.65625,1017.8828125,1018.109375,1018.328125,1018.5546875,1018.7734375,1018.9921875,1019.203125,1019.4140625,1019.6171875,1019.828125,1020.03125,1020.234375,1020.4375,1020.640625,1020.84375,1021.0234375,1021.2109375,1021.390625,1021.578125,1021.765625,1021.9609375,1022.15625,1022.3515625,1022.5234375,1022.703125,1022.890625,1023.0859375,1023.453125,1024.359375,1024.609375,1024.8359375,1025.09375,1025.328125,1025.5546875,1025.7734375,1025.9140625,1026.046875,1026.1796875,1026.3046875,1026.4296875,1026.5546875,1026.6796875,1026.8046875,1026.9296875,1027.0546875,1027.1796875,1027.296875,1027.4140625,1027.5390625,1027.65625,1027.78125,1027.9375,1028.09375,1028.25,1028.4140625,1028.578125,1028.7421875,1028.9140625,1029.0859375,1029.265625,1029.4453125,1029.6328125,1029.8359375,1030.03125,1030.2421875,1031.0703125,1031.421875,1031.6171875,1031.796875,1031.96875,1032.140625,1032.34375,1032.5390625,1032.734375,1032.921875,1033.109375,1033.296875,1033.484375,1033.6640625,1033.859375,1034.0546875,1034.25,1034.4453125,1034.6484375,1034.8515625,1035.0625,1035.28125,1035.4609375,1035.640625,1035.8359375,1036.046875,1036.4296875,1037.3984375,1037.671875,1037.9296875,1038.203125,1038.4609375,1038.7109375,1038.9609375,1039.203125,1039.4375,1039.671875,1039.9140625,1040.15625,1040.40625,1040.6640625,1040.9296875,1041.171875,1041.4296875,1041.703125,1042.0078125,1042.4765625,1043.796875,1045.1171875,1045.609375,1046.03125,1046.421875,1046.7890625,1047.140625,1047.4921875,1047.84375,1048.2109375,1048.5234375,1048.859375,1049.90625,1050.2578125,1050.59375,1050.8984375,1051.1953125,1051.484375,1051.765625,1052.046875,1052.3046875,1052.5703125,1052.8359375,1053.1171875,1053.359375,1053.625,1054.7421875,1055.015625,1055.265625,1055.5234375,1055.7734375,1056.015625,1056.2421875,1056.375,1056.5078125,1056.640625,1056.7734375,1056.90625,1057.03125,1057.15625,1057.28125,1057.40625,1057.53125,1057.65625,1057.7890625,1057.9140625,1058.046875,1058.171875,1058.3046875,1058.5234375,1058.7421875,1058.9765625,1059.21875,1059.4296875,1059.6640625,1060.421875,1060.6875,1060.9453125,1061.1796875,1061.421875,1061.6484375,1061.8671875,1062.078125,1062.1875,1062.2890625,1062.4921875,1062.59375,1062.6953125,1062.796875,1062.8984375,1063.0,1063.1015625,1063.203125,1063.296875,1063.390625,1063.4921875,1063.5859375,1063.6875,1063.8359375,1063.9921875,1064.140625,1064.296875,1064.453125,1064.609375,1064.7734375,1064.9375,1065.1015625,1065.265625,1065.4453125,1065.6328125,1065.8125,1066.0078125,1066.75,1067.0703125,1067.2421875,1067.40625,1067.5625,1067.7109375,1067.890625,1068.0703125,1068.2421875,1068.40625,1068.5703125,1068.734375,1068.8984375,1069.0625,1069.2578125,1069.453125,1069.6484375,1069.8515625,1070.0546875,1070.2578125,1070.46875,1070.6875,1070.8671875,1071.0546875,1071.25,1071.453125,1071.828125,1072.7421875,1072.9921875,1073.21875,1073.453125,1073.671875,1073.8828125,1074.09375,1074.2890625,1074.484375,1074.671875,1074.859375,1075.046875,1075.234375,1075.421875,1075.6171875,1075.8046875,1076.0,1076.1953125,1076.3984375,1076.609375,1076.8203125,1077.0390625,1077.265625,1077.4453125,1077.640625,1078.0546875,1078.4609375,1079.609375,1079.9765625,1080.3203125,1080.6953125,1081.0625,1081.4296875,1081.796875,1082.171875,1082.546875,1082.9296875,1083.3203125,1083.7109375,1084.09375,1084.4765625,1084.84375,1085.1484375,1085.453125,1085.75,1086.046875,1086.3359375,1086.6171875,1086.90625,1087.1953125,1087.453125,1087.7109375,1087.9765625,1088.2578125,1088.7734375,1089.6796875,1090.0234375,1090.3671875,1090.6796875,1091.0390625,1091.3828125,1091.7109375,1092.03125,1092.203125,1092.3671875,1092.5390625,1092.7109375,1092.8828125,1093.0546875,1093.234375,1093.4140625,1093.7265625,1094.0625,1094.3828125,1095.1328125,1095.5,1095.859375,1096.1875,1096.359375,1096.5234375,1096.6875,1096.84375,1097.0,1097.15625,1097.3125,1097.46875,1097.625,1097.7890625,1097.9453125,1098.109375,1098.2734375,1098.4453125,1098.6171875,1098.7890625,1099.0859375,1099.4140625,1099.7265625,1100.4453125,1100.8046875,1100.984375,1101.1484375,1101.3125,1101.46875,1101.6328125,1101.7890625,1101.9453125,1102.09375,1102.2421875,1102.390625,1102.5390625,1102.6796875,1102.8515625,1103.0234375,1103.1953125,1103.3671875,1103.5390625,1103.71875,1103.8984375,1104.0859375,1104.2421875,1104.3984375,1104.5625,1104.7421875,1105.0703125,1105.8125,1106.0,1106.171875,1106.34375,1106.5078125,1106.6640625,1106.8125,1106.9609375,1107.1015625,1107.2421875,1107.375,1107.5078125,1107.640625,1107.7734375,1107.90625,1108.0234375,1108.140625,1108.2578125,1108.3671875,1108.484375,1108.59375,1108.7109375,1108.8203125,1108.9296875,1109.046875,1109.15625,1109.2734375,1109.390625,1109.5078125,1109.625,1109.7421875,1109.8515625,1109.96875,1110.078125,1110.1953125,1110.3125,1110.4296875,1110.5546875,1110.6796875,1110.9140625,1111.171875,1111.4375,1112.140625,1112.3515625,1112.546875,1112.765625,1112.96875,1113.1640625,1113.359375,1113.4765625,1113.5859375,1113.703125,1113.8125,1113.921875,1114.03125,1114.140625,1114.25,1114.359375,1114.46875,1114.578125,1114.6796875,1114.7890625,1114.8984375,1115.0078125,1115.1171875,1115.265625,1115.4140625,1115.5625,1115.71875,1115.875,1116.03125,1116.1953125,1116.3671875,1116.515625,1116.671875,1116.8359375,1117.015625,1117.3671875,1118.0625,1118.359375,1118.671875,1118.9609375,1119.125,1119.2890625,1119.453125,1119.609375,1119.765625,1119.921875,1120.078125,1120.234375,1120.375,1120.515625,1120.65625,1120.8046875,1120.953125,1121.1015625,1121.25,1121.40625,1121.7109375,1122.0390625,1122.3828125,1123.0546875,1123.34375,1123.6484375,1123.921875,1124.2421875,1124.3984375,1124.546875,1124.6953125,1124.84375,1124.9921875,1125.1328125,1125.28125,1125.4375,1125.59375,1125.75,1125.90625,1126.0703125,1126.234375,1126.3984375,1126.7109375,1127.0546875,1127.3984375,1128.3515625,1128.6484375,1128.9140625,1129.2265625,1129.5234375,1129.8125,1130.1015625,1130.390625,1130.6796875,1130.9765625,1131.2890625,1131.5546875,1131.8515625,1132.765625,1133.078125,1133.375,1133.6484375,1133.90625,1134.1484375,1134.3828125,1134.609375,1134.8125,1135.015625,1135.21875,1135.4140625,1135.609375,1135.8125,1136.015625,1136.21875,1136.4296875,1136.640625,1136.8671875,1137.1015625,1137.328125,1137.5703125,1138.484375,1138.8671875,1139.078125,1139.2734375,1139.4609375,1139.640625,1139.859375,1140.0703125,1140.28125,1140.484375,1140.6875,1140.890625,1141.09375,1141.2890625,1141.484375,1141.6875,1141.8828125,1142.0859375,1142.2890625,1142.5,1142.7109375,1142.9296875,1143.1171875,1143.3046875,1143.5078125,1143.71875,1144.1171875,1145.15625,1145.453125,1145.7265625,1146.03125,1146.3203125,1146.59375,1146.8671875,1147.1640625,1147.3125,1147.4609375,1147.609375,1147.7578125,1147.90625,1148.0546875,1148.203125,1148.3515625,1148.5,1148.6484375,1148.9453125,1149.25,1149.5078125,1149.7734375,1150.046875,1150.3203125,1150.6015625,1150.8984375,1151.203125,1151.515625,1151.78125,1152.0625,1152.3515625,1152.6640625,1153.2421875,1154.5546875,1154.8828125,1155.1796875,1155.4921875,1155.78125,1156.0546875,1156.3203125,1156.6015625,1156.8671875,1157.1328125,1157.390625,1157.6484375,1157.8984375,1158.1484375,1158.390625,1158.640625,1158.8828125,1159.125,1159.375,1159.625,1159.8828125,1160.140625,1160.40625,1160.625,1160.859375,1161.1015625,1161.3515625,1161.8203125,1162.96875,1163.28125,1163.5703125,1163.875,1164.171875,1164.4609375,1164.734375,1165.03125,1165.3203125,1165.609375,1165.890625,1166.171875,1166.4609375,1166.75,1167.0390625,1167.1953125,1167.3515625,1167.5078125,1167.6640625,1167.8203125,1167.984375,1168.1484375,1168.3125,1168.4765625,1168.6484375,1168.984375,1169.3359375,1169.6875,1169.890625,1170.09375,1170.296875,1170.5078125,1170.71875,1170.9296875,1171.1484375,1171.375,1171.7890625,1172.234375,1172.671875,1173.6875,1173.9609375,1174.203125,1174.4765625,1174.734375,1174.9765625,1175.2109375,1175.359375,1175.5078125,1175.6484375,1175.7890625,1175.9296875,1176.0625,1176.1953125,1176.3203125,1176.453125,1176.578125,1176.703125,1176.828125,1176.953125,1177.0703125,1177.1953125,1177.3125,1177.4296875,1177.546875,1177.6640625,1177.7734375,1177.890625,1178.0,1178.1171875,1178.234375,1178.34375,1178.4609375,1178.578125,1178.6953125,1178.8125,1178.9296875,1179.046875,1179.1640625,1179.28125,1179.40625,1179.53125,1179.65625,1179.78125,1179.9140625,1180.1796875,1180.4375,1180.71875,1181.0078125,1181.765625,1181.9921875,1182.203125,1182.4375,1182.6640625,1182.8828125,1183.0859375,1183.2109375,1183.3359375,1183.4609375,1183.578125,1183.703125,1183.8203125,1183.9375,1184.0546875,1184.171875,1184.2890625,1184.40625,1184.5234375,1184.640625,1184.7578125,1184.875,1184.9921875,1185.1328125,1185.2734375,1185.4140625,1185.5625,1185.7109375,1185.859375,1186.0078125,1186.1640625,1186.328125,1186.4921875,1186.6640625,1186.8515625,1187.03125,1187.234375,1188.0078125,1188.3359375,1188.515625,1188.6875,1188.84375,1189.0,1189.1875,1189.375,1189.5546875,1189.7265625,1189.8984375,1190.0703125,1190.2421875,1190.4140625,1190.578125,1190.75,1190.921875,1191.09375,1191.265625,1191.4453125,1191.6328125,1191.8203125,1191.9765625,1192.140625,1192.3125,1192.4921875,1192.828125,1193.6328125,1193.8515625,1194.0546875,1194.265625,1194.46875,1194.65625,1194.84375,1195.0390625,1195.234375,1195.421875,1195.609375,1195.796875,1195.984375,1196.1640625,1196.3515625,1196.5,1196.65625,1196.8046875,1196.9609375,1197.1171875,1197.2734375,1197.4375,1197.609375,1197.8984375,1198.21875,1198.5234375,1199.2578125,1199.640625,1199.8359375,1200.0234375,1200.1953125,1200.3671875,1200.546875,1200.71875,1200.890625,1201.0625,1201.234375,1201.3984375,1201.5703125,1201.734375,1201.90625,1202.078125,1202.25,1202.4296875,1202.609375,1202.7890625,1202.9765625,1203.1640625,1203.3203125,1203.484375,1203.65625,1203.84375,1204.1875,1205.0078125,1205.234375,1205.4375,1205.65625,1205.859375,1206.0546875,1206.25,1206.453125,1206.6484375,1206.84375,1207.0390625,1207.234375,1207.421875,1207.609375,1207.8046875,1207.9453125,1208.0859375,1208.2265625,1208.375,1208.5234375,1208.671875,1208.828125,1208.984375,1209.140625,1209.3046875,1209.6484375,1210.015625,1210.7421875,1211.0546875,1211.3828125,1211.6875,1211.8671875,1212.0390625,1212.2109375,1212.375,1212.5390625,1212.703125,1212.8671875,1213.0234375,1213.1796875,1213.34375,1213.5078125,1213.671875,1213.8359375,1214.0,1214.171875,1214.3515625,1214.65625,1214.984375,1215.3046875,1216.0546875,1216.4453125,1216.640625,1216.828125,1217.0,1217.171875,1217.3515625,1217.5234375,1217.6953125,1217.8671875,1218.0390625,1218.203125,1218.3671875,1218.5390625,1218.6875,1218.8359375,1218.984375,1219.140625,1219.296875,1219.453125,1219.609375,1219.7734375,1220.0625,1220.375,1220.671875,1221.3828125,1221.7578125,1221.953125,1222.1328125,1222.3046875,1222.46875,1222.65625,1222.84375,1223.0234375,1223.1953125,1223.3671875,1223.5390625,1223.7109375,1223.875,1223.9921875,1224.109375,1224.2265625,1224.34375,1224.4609375,1224.578125,1224.6953125,1224.8125,1224.9296875,1225.046875,1225.1640625,1225.28125,1225.3984375,1225.5234375,1225.640625,1225.765625,1225.8828125,1226.0078125,1226.1328125,1226.2578125,1226.3828125,1226.515625,1226.6484375,1226.7890625,1227.046875,1227.3359375,1227.625,1228.4140625,1228.65625,1228.8671875,1229.109375,1229.34375,1229.5703125,1229.78125,1229.9140625,1230.0390625,1230.1640625,1230.2890625,1230.4140625,1230.5390625,1230.6640625,1230.78125,1230.90625,1231.0234375,1231.1484375,1231.265625,1231.3828125,1231.5,1231.6171875,1231.7421875,1231.8515625,1231.9609375,1232.0703125,1232.1875,1232.296875,1232.4140625,1232.5234375,1232.640625,1232.7578125,1232.875,1232.9921875,1233.109375,1233.2265625,1233.3515625,1233.4765625,1233.6015625,1233.8125,1234.03125,1234.2578125,1234.5078125,1234.7265625,1234.9765625,1235.9296875,1236.34375,1236.5703125,1236.78125,1236.984375,1237.1796875,1237.4140625,1237.640625,1237.8671875,1238.0859375,1238.3125,1238.5390625,1238.765625,1239.0,1239.2265625,1239.453125,1239.6875,1239.9375,1240.1953125,1240.4609375,1240.75,1241.0625,1241.8828125,1243.75,1244.34375,1244.734375,1245.0859375,1245.4140625,1245.71875,1246.09375,1246.4453125,1246.7890625,1247.125,1247.4609375,1247.7890625,1248.125,1248.4609375,1248.7421875,1249.03125,1249.328125,1249.6484375,1249.9296875,1250.234375,1251.3203125,1251.75,1252.1953125,1252.6015625,1252.8359375,1253.0625,1253.2890625,1253.5078125,1253.7265625,1253.953125,1254.171875,1254.3984375,1254.703125,1255.0234375,1255.3515625,1255.703125,1256.0,1256.328125,1257.4765625,1257.9453125,1258.421875,1258.8828125,1259.2578125,1259.65625,1261.171875,1261.484375,1261.7734375,1262.1328125,1262.4609375,1262.78125,1263.0859375,1263.28125,1263.4765625,1263.671875,1263.859375,1264.046875,1264.234375,1264.421875,1264.6015625,1264.78125,1264.96875,1265.15625,1265.34375,1265.53125,1265.71875,1265.90625,1266.1015625,1266.4140625,1266.7421875,1267.078125,1267.4375,1267.75,1268.09375,1269.25,1269.6875,1270.1171875,1270.515625,1270.7265625,1270.9296875,1271.125,1271.3203125,1271.515625,1271.703125,1271.890625,1272.0703125,1272.2578125,1272.4375,1272.6171875,1272.796875,1272.9765625,1273.15625,1273.3359375,1273.515625,1273.6953125,1273.875,1274.0546875,1274.2421875,1274.421875,1274.609375,1274.796875,1274.984375,1275.21875,1275.4609375,1275.7109375,1275.9609375,1276.21875,1276.4921875,1276.7734375,1277.0703125,1277.3828125,1277.7265625,1279.3359375,1279.7578125,1280.1640625,1280.5625,1280.984375,1282.5546875,1282.890625,1283.1953125,1283.5703125,1283.921875,1284.25,1284.5703125,1284.828125,1285.078125,1285.328125,1285.578125,1285.8203125,1286.0703125,1286.3203125,1286.578125,1286.796875,1287.015625,1287.25,1287.4921875,1287.9453125,1288.9921875,1289.265625,1289.515625,1289.7890625,1290.0390625,1290.28125,1290.515625,1290.65625,1290.796875,1290.9375,1291.0703125,1291.203125,1291.3359375,1291.46875,1291.59375,1291.7265625,1291.8515625,1291.984375,1292.109375,1292.2421875,1292.3671875,1292.4921875,1292.625,1292.8046875,1292.984375,1293.171875,1293.359375,1293.546875,1293.7421875,1293.9375,1294.140625,1294.3203125,1294.5,1294.6875,1294.890625,1295.2734375,1296.0,1296.3046875,1296.6171875,1296.8984375,1297.21875,1297.375,1297.53125,1297.6875,1297.8359375,1297.984375,1298.1328125,1298.4140625,1298.703125,1299.0,1299.3125,1299.5859375,1299.8828125,1300.1640625,1300.84375,1301.1953125,1301.546875,1301.859375,1302.03125,1302.203125,1302.3671875,1302.53125,1302.6953125,1302.8515625,1303.0078125,1303.1640625,1303.3359375,1303.515625,1303.6875,1303.8671875,1304.046875,1304.2265625,1304.4140625,1304.6015625,1304.765625,1304.9296875,1305.1015625,1305.28125,1305.625,1306.4375,1306.65625,1306.8515625,1307.0625,1307.265625,1307.453125,1307.640625,1307.8515625,1308.0546875,1308.25,1308.4453125,1308.640625,1308.828125,1309.0234375,1309.2109375,1309.3828125,1309.5625,1309.7421875,1309.921875,1310.1015625,1310.2890625,1310.4765625,1310.6640625,1310.84375,1311.03125,1311.2265625,1311.4296875,1311.625,1311.8359375,1312.6328125,1312.96875,1313.1484375,1313.3203125,1313.484375,1313.640625,1313.828125,1314.015625,1314.1953125,1314.3671875,1314.5390625,1314.7109375,1314.8828125,1315.0546875,1315.21875,1315.390625,1315.5625,1315.734375,1315.90625,1316.0859375,1316.265625,1316.453125,1316.609375,1316.765625,1316.9375,1317.1171875,1317.453125,1318.2578125,1318.4765625,1318.671875,1318.8828125,1319.078125,1319.265625,1319.453125,1319.6484375,1319.8359375,1320.0234375,1320.2109375,1320.3984375,1320.578125,1320.7578125,1320.9375,1321.0859375,1321.2421875,1321.3984375,1321.5546875,1321.7109375,1321.875,1322.0390625,1322.2109375,1322.5,1322.8203125,1323.125,1323.875,1324.078125,1324.2578125,1324.4609375,1324.6484375,1324.828125,1325.0,1325.1875,1325.375,1325.5546875,1325.734375,1325.9140625,1326.0859375,1326.2578125,1326.4296875,1326.625,1326.828125,1327.03125,1327.234375,1327.4375,1327.6484375,1327.8671875,1328.0859375,1328.2734375,1328.4609375,1328.65625,1328.8671875,1329.2578125,1329.9609375,1330.2265625,1330.5,1330.7421875,1331.0078125,1331.2578125,1331.5,1331.734375,1331.9765625,1332.21875,1332.34375,1332.4609375,1332.6953125,1332.9296875,1333.046875,1333.171875,1333.4140625,1333.5390625,1333.6640625,1333.8515625,1334.0390625,1334.234375,1334.4296875,1334.6328125,1334.84375,1335.0546875,1335.28125,1335.65625,1336.0703125,1336.484375,1337.7265625,1338.125,1338.4921875,1338.90625,1339.3125,1339.7109375,1340.09375,1340.5,1340.8984375,1341.28125,1341.46875,1341.65625,1341.8359375,1342.015625,1342.1953125,1342.3671875,1342.5390625,1342.7109375,1342.875,1343.0390625,1343.3359375,1343.484375,1343.6328125,1343.78125,1343.921875,1344.0703125,1344.2109375,1344.3515625,1344.4921875,1344.6328125,1344.7734375,1344.9140625,1345.0546875,1345.1953125,1345.34375,1345.484375,1345.6328125,1345.78125,1345.9296875,1346.078125,1346.234375,1346.546875,1346.84375,1347.171875,1347.4921875,1348.3125,1348.546875,1348.7578125,1349.0078125,1349.234375,1349.453125,1349.65625,1349.7890625,1349.9140625,1350.0390625,1350.1640625,1350.2890625,1350.40625,1350.5234375,1350.640625,1350.7578125,1350.875,1350.9921875,1351.109375,1351.2265625,1351.3359375,1351.453125,1351.5625,1351.6875,1351.8125,1351.9375,1352.0703125,1352.1953125,1352.3203125,1352.4453125,1352.578125,1352.703125,1352.8359375,1352.96875,1353.1015625,1353.234375,1353.375,1353.515625,1353.65625,1353.8828125,1354.1171875,1354.359375,1354.625,1354.859375,1355.1171875,1356.03125,1356.4140625,1356.796875,1357.15625,1357.3515625,1357.546875,1357.734375,1357.921875,1358.109375,1358.296875,1358.484375,1358.671875,1358.8515625,1359.03125,1359.2109375,1359.390625,1359.578125,1359.765625,1359.9609375,1360.15625,1360.359375,1360.5625,1360.7734375,1360.984375,1361.1953125,1361.4140625,1361.6328125,1361.8515625,1362.109375,1362.359375,1362.609375,1362.8515625,1363.0859375,1363.3125,1363.5390625,1363.7578125,1363.96875,1364.1796875,1364.3828125,1364.5859375,1364.7890625,1364.984375,1365.1875,1365.3828125,1365.5546875,1365.7265625,1365.8984375,1366.078125,1366.25,1366.4296875,1366.609375,1366.796875,1367.125,1367.4765625,1367.8203125,1368.6328125,1368.8515625,1369.0546875,1369.2734375,1369.484375,1369.6796875,1369.875,1370.1015625,1370.3203125,1370.5390625,1370.75,1370.9609375,1371.1640625,1371.375,1371.578125,1371.734375,1371.890625,1372.046875,1372.203125,1372.359375,1372.5234375,1372.6875,1372.859375,1373.03125,1373.203125,1373.3828125,1373.5703125,1373.75,1373.953125,1374.6953125,1375.0078125,1375.34375,1375.4921875,1375.640625,1375.8203125,1375.9921875,1376.1640625,1376.328125,1376.4921875,1376.6484375,1376.8125,1376.96875,1377.125,1377.2890625,1377.453125,1377.6171875,1377.78125,1377.953125,1378.125,1378.3046875,1378.453125,1378.609375,1378.765625,1378.9375,1379.25,1379.984375,1380.1796875,1380.359375,1380.546875,1380.7265625,1380.8984375,1381.0625,1381.234375,1381.40625,1381.5703125,1381.734375,1381.8984375,1382.0625,1382.2265625,1382.3828125,1382.5234375,1382.671875,1382.8203125,1382.96875,1383.1171875,1383.2734375,1383.4296875,1383.5859375,1383.71875,1383.859375,1384.15625,1384.4453125,1385.1171875,1385.296875,1385.4609375,1385.640625,1385.8046875,1385.9609375,1386.109375,1386.2734375,1386.4375,1386.59375,1386.75,1386.90625,1387.0546875,1387.203125,1387.3515625,1387.4453125,1387.5390625,1387.6328125,1387.71875,1387.8046875,1387.8984375,1387.9921875,1388.0859375,1388.171875,1388.265625,1388.359375,1388.453125,1388.546875,1388.640625,1388.734375,1388.8359375,1388.9296875,1389.03125,1389.2265625,1389.4296875,1389.6484375,1389.8515625,1390.078125,1390.3046875,1390.90625,1391.0859375,1391.25,1391.4375,1391.609375,1391.7734375,1391.9375,1392.0390625,1392.1328125,1392.2265625,1392.3203125,1392.4140625,1392.5078125,1392.6015625,1392.6875,1392.78125,1392.8671875,1392.953125,1393.0390625,1393.1328125,1393.21875,1393.3046875,1393.390625,1393.4765625,1393.5546875,1393.640625,1393.7265625,1393.8046875,1393.890625,1393.9765625,1394.0625,1394.1484375,1394.234375,1394.3203125,1394.40625,1394.4921875,1394.578125,1394.6640625,1394.7578125,1394.84375,1394.9375,1395.125,1395.3203125,1395.5234375,1395.7265625,1395.9453125,1396.1640625,1396.765625,1396.9453125,1397.109375,1397.296875,1397.4765625,1397.6484375,1397.8125,1397.9140625,1398.0078125,1398.109375,1398.203125,1398.296875,1398.390625,1398.484375,1398.5703125,1398.6640625,1398.75,1398.84375,1398.9296875,1399.0234375,1399.109375,1399.203125,1399.2890625,1399.3671875,1399.4453125,1399.5234375,1399.609375,1399.765625,1399.84375,1399.9296875,1400.0078125,1400.09375,1400.2578125,1400.421875,1400.59375,1400.765625,1400.9453125,1401.1328125,1401.3359375,1401.53125,1401.7421875,1401.9609375,1402.5625,1402.75,1402.9140625,1403.1015625,1403.28125,1403.453125,1403.6171875,1403.71875,1403.8203125,1403.921875,1404.015625,1404.109375,1404.203125,1404.296875,1404.390625,1404.484375,1404.578125,1404.671875,1404.7578125,1404.8515625,1404.9453125,1405.0390625,1405.125,1405.2734375,1405.421875,1405.5703125,1405.71875,1405.875,1406.03125,1406.1875,1406.3515625,1406.515625,1406.6875,1406.859375,1407.046875,1407.2265625,1407.4296875,1408.1953125,1408.5234375,1408.703125,1408.8671875,1409.03125,1409.1875,1409.375,1409.5625,1409.7421875,1409.9140625,1410.0859375,1410.2578125,1410.4296875,1410.6015625,1410.7734375,1410.9453125,1411.1171875,1411.296875,1411.4765625,1411.65625,1411.84375,1412.0390625,1412.2109375,1412.3828125,1412.5625,1412.7578125,1412.9375,1413.1328125,1413.8671875,1414.1796875,1414.5078125,1414.65625,1414.8046875,1414.9765625,1415.1484375,1415.3203125,1415.484375,1415.6484375,1415.8125,1415.9765625,1416.140625,1416.2734375,1416.4140625,1416.5546875,1416.6953125,1416.8359375,1416.984375,1417.1328125,1417.2890625,1417.5625,1417.8671875,1418.171875,1419.0078125,1419.265625,1419.5,1419.7734375,1420.03125,1420.28125,1420.53125,1420.7734375,1421.0234375,1421.28125,1421.546875,1421.78125,1422.03125,1422.859375,1423.15625,1423.453125,1423.71875,1424.0078125,1424.28125,1424.546875,1424.8125,1424.9765625,1425.1328125,1425.2890625,1425.453125,1425.609375,1425.7734375,1425.9375,1426.109375,1426.2734375,1426.4453125,1426.6171875,1426.8046875,1427.171875,1427.875,1428.171875,1428.4765625,1428.7578125,1428.921875,1429.078125,1429.234375,1429.390625,1429.5390625,1429.6875,1429.8359375,1429.984375,1430.1328125,1430.2890625,1430.4375,1430.59375,1430.75,1430.90625,1431.0703125,1431.234375,1431.515625,1431.828125,1432.125,1432.8203125,1433.171875,1433.3515625,1433.515625,1433.6796875,1433.8359375,1434.0078125,1434.171875,1434.3359375,1434.4921875,1434.6484375,1434.8046875,1434.9609375,1435.1171875,1435.2734375,1435.4375,1435.59375,1435.7578125,1435.921875,1436.09375,1436.265625,1436.4375,1436.5859375,1436.7421875,1436.8984375,1437.0703125,1437.3828125,1438.125,1438.328125,1438.5078125,1438.703125,1438.8828125,1439.0546875,1439.2265625,1439.4140625,1439.6015625,1439.78125,1439.953125,1440.125,1440.296875,1440.46875,1440.640625,1440.7421875,1440.8359375,1440.9296875,1441.03125,1441.125,1441.2265625,1441.3203125,1441.421875,1441.5234375,1441.625,1441.7265625,1441.828125,1441.9296875,1442.0390625,1442.140625,1442.25,1442.4296875,1442.609375,1442.796875,1443.0,1443.1796875,1443.375,1444.03125,1444.28125,1444.5234375,1444.75,1444.984375,1445.2109375,1445.3203125,1445.4296875,1445.5390625,1445.640625,1445.75,1445.8515625,1445.9609375,1446.0625,1446.171875,1446.2734375,1446.375,1446.4765625,1446.578125,1446.6796875,1446.78125,1446.890625,1446.9921875,1447.09375,1447.1953125,1447.3046875,1447.453125,1447.6015625,1447.75,1447.90625,1448.0625,1448.21875,1448.3828125,1448.5546875,1448.6953125,1448.8359375,1449.15625,1449.4609375,1450.21875,1450.4296875,1450.6171875,1450.8203125,1451.0078125,1451.1875,1451.3671875,1451.5390625,1451.7109375,1451.8828125,1452.046875,1452.2109375,1452.375,1452.5390625,1452.7109375,1452.859375,1453.015625,1453.171875,1453.3359375,1453.5,1453.6640625,1453.8359375,1454.015625,1454.328125,1454.671875,1455.03125,1455.7890625,1456.1328125,1456.4921875,1456.828125,1457.21875,1457.609375,1458.0,1458.40625,1458.703125,1459.0234375,1459.359375,1459.734375,1460.1953125,1460.6875,1461.1484375,1461.5546875,1461.8515625,1462.1171875,1462.3671875,1462.609375,1462.8359375,1463.0546875,1463.265625,1463.46875,1463.71875,1463.96875,1464.2109375,1464.453125,1464.6953125,1464.9296875,1465.1640625,1465.40625,1465.609375,1465.8125,1466.03125,1466.2578125,1466.671875,1467.578125,1467.796875,1468.0,1468.1953125,1468.3828125,1468.5625,1468.734375,1468.90625,1469.0703125,1469.234375,1469.3984375,1469.5546875,1469.7109375,1469.8671875,1470.015625,1470.1171875,1470.21875,1470.3203125,1470.4140625,1470.5078125,1470.609375,1470.7109375,1470.8125,1470.9140625,1471.015625,1471.1171875,1471.21875,1471.3203125,1471.4296875,1471.640625,1471.8203125,1472.0,1472.1875,1472.390625,1472.5625,1472.7578125,1473.390625,1473.6171875,1473.8359375,1474.0390625,1474.2421875,1474.4375,1474.625,1474.8046875,1474.984375,1475.1640625,1475.3359375,1475.5078125,1475.59375,1475.6796875,1475.84375,1475.9296875,1476.015625,1476.1796875,1476.28125,1476.375,1476.46875,1476.5703125,1476.6640625,1476.765625,1476.8671875,1476.96875,1477.0703125,1477.171875,1477.2734375,1477.375,1477.4765625,1477.5859375,1477.6875,1477.796875,1477.9765625,1478.1640625,1478.359375,1478.5625,1478.7421875,1478.9453125,1479.609375,1479.8671875,1480.1171875,1480.34375,1480.46875,1480.5859375,1480.703125,1480.8203125,1480.9296875,1481.0390625,1481.1484375,1481.2578125,1481.375,1481.484375,1481.59375,1481.703125,1481.8125,1481.921875,1482.03125,1482.140625,1482.2421875,1482.3515625,1482.4609375,1482.5703125,1482.6796875,1482.7890625,1482.8984375,1483.0078125,1483.171875,1483.3359375,1483.5078125,1483.6796875,1483.859375,1484.0390625,1484.2265625,1484.4140625,1484.578125,1484.7421875,1484.9140625,1485.1015625,1485.4609375,1486.171875,1486.4765625,1486.796875,1487.09375,1487.265625,1487.4296875,1487.59375,1487.75,1487.9140625,1488.0703125,1488.234375,1488.3984375,1488.640625,1488.890625,1489.1484375,1489.4296875,1489.6640625,1489.9296875,1490.8828125,1491.28125,1491.6953125,1492.09375,1492.4765625,1492.8828125,1493.2578125,1494.1171875,1494.5390625,1494.765625,1494.9765625,1495.1796875,1495.3671875,1495.5078125,1495.640625,1495.7734375,1495.90625,1496.0390625,1496.1640625,1496.296875,1496.421875,1496.546875,1496.671875,1496.796875,1496.921875,1497.046875,1497.171875,1497.296875,1497.4296875,1497.65625,1497.890625,1498.1328125,1498.390625,1498.625,1498.875,1499.125,1499.75,1500.09375,1500.28125,1500.453125,1500.6171875,1500.7734375,1500.9609375,1501.1484375,1501.328125,1501.5,1501.671875,1501.84375,1502.015625,1502.1875,1502.359375,1502.53125,1502.703125,1502.8828125,1503.0625,1503.2421875,1503.4296875,1503.6171875,1503.7734375,1503.9375,1504.109375,1504.2890625,1504.625,1505.3984375,1505.59375,1505.7734375,1505.9609375,1506.1328125,1506.296875,1506.4609375,1506.6171875,1506.7734375,1506.9296875,1507.078125,1507.2265625,1507.3671875,1507.515625,1507.65625,1507.765625,1507.875,1507.984375,1508.0859375,1508.1953125,1508.296875,1508.3984375,1508.5078125,1508.609375,1508.71875,1508.828125,1508.9375,1509.046875,1509.15625,1509.265625,1509.375,1509.484375,1509.6015625,1509.71875,1509.8359375,1509.953125,1510.078125,1510.203125,1510.328125,1510.453125,1510.578125,1510.8515625,1511.1328125,1511.6796875,1511.90625,1512.140625,1512.359375,1512.609375,1512.7265625,1512.84375,1512.953125,1513.0625,1513.171875,1513.28125,1513.4140625,1513.5390625,1513.671875,1513.796875,1513.9296875,1514.0546875,1514.1796875,1514.3046875,1514.4296875,1514.5546875,1514.6796875,1514.8046875,1514.9296875,1515.0546875,1515.1796875,1515.3125,1515.484375,1515.6640625,1515.84375,1516.03125,1516.21875,1516.4140625,1516.609375,1516.8203125,1516.984375,1517.1640625,1517.3515625,1517.546875,1517.9140625,1518.625,1518.9296875,1519.2421875,1519.5234375,1519.84375,1520.1484375,1520.453125,1520.7578125,1521.0,1521.25,1521.515625,1521.7890625,1522.0234375,1522.2890625,1523.15625,1523.4765625,1523.796875,1524.09375,1524.3984375,1524.6953125,1524.984375,1525.265625,1525.6015625,1525.9375,1526.28125,1526.6328125,1526.96875,1527.3359375,1527.6953125,1528.640625,1528.921875,1529.1796875,1529.46875,1529.7421875,1530.0078125,1530.2578125,1530.4140625,1530.5703125,1530.7265625,1530.875,1531.0234375,1531.171875,1531.3203125,1531.46875,1531.6171875,1531.7578125,1531.90625,1532.0546875,1532.203125,1532.3515625,1532.5,1532.65625,1532.8203125,1532.984375,1533.1484375,1533.3203125,1533.4921875,1533.671875,1533.8515625,1534.0390625,1534.3828125,1534.765625,1535.15625,1536.25,1536.59375,1536.90625,1537.265625,1537.6171875,1537.953125,1538.2890625,1538.6171875,1538.953125,1539.296875,1539.65625,1539.96875,1540.3046875,1541.3984375,1541.796875,1542.1875,1542.5390625,1542.9140625,1543.09375,1543.2734375,1543.453125,1543.625,1543.796875,1543.96875,1544.140625,1544.3203125,1544.5,1544.6796875,1544.859375,1545.046875,1545.234375,1545.4296875,1545.7578125,1546.125,1546.4765625,1547.328125,1547.78125,1548.015625,1548.234375,1548.4453125,1548.65625,1548.890625,1549.125,1549.3515625,1549.578125,1549.796875,1550.0234375,1550.25,1550.4765625,1550.7578125,1551.046875,1551.34375,1551.6640625,1551.9375,1552.2421875,1553.328125,1553.78125,1554.25,1554.6953125,1555.125,1555.5703125,1556.0,1556.9921875,1557.2578125,1557.5,1557.7734375,1558.03125,1558.2734375,1558.515625,1558.84375,1559.0078125,1559.171875,1559.5,1559.8359375,1560.1328125,1560.453125,1560.7578125,1561.453125,1561.8046875,1561.984375,1562.15625,1562.3203125,1562.4765625,1562.6640625,1562.84375,1563.015625,1563.1875,1563.3515625,1563.515625,1563.6796875,1563.8359375,1563.953125,1564.0625,1564.1796875,1564.2890625,1564.40625,1564.515625,1564.625,1564.734375,1564.84375,1564.9609375,1565.0703125,1565.1875,1565.296875,1565.4140625,1565.53125,1565.6484375,1565.84375,1566.046875,1566.2578125,1566.4765625,1566.671875,1566.8828125,1567.5625,1567.8046875,1568.0390625,1568.2578125,1568.4765625,1568.5859375,1568.6875,1568.7890625,1568.8828125,1568.984375,1569.078125,1569.1796875,1569.2734375,1569.3671875,1569.4609375,1569.5546875,1569.6484375,1569.7421875,1569.8359375,1569.9296875,1570.015625,1570.109375,1570.1953125,1570.2890625,1570.375,1570.46875,1570.5546875,1570.640625,1570.7265625,1570.8125,1570.90625,1570.9921875,1571.078125,1571.1640625,1571.2578125,1571.34375,1571.4375,1571.5234375,1571.6171875,1571.7109375,1571.8046875,1571.8984375,1572.0,1572.171875,1572.34375,1572.53125,1572.7265625,1572.90625,1573.109375,1573.828125,1574.1171875,1574.2734375,1574.421875,1574.5625,1574.703125,1574.859375,1575.015625,1575.171875,1575.3203125,1575.46875,1575.609375,1575.7578125,1575.8984375,1575.9921875,1576.078125,1576.1640625,1576.25,1576.3359375,1576.421875,1576.5078125,1576.6015625,1576.6875,1576.7734375,1576.859375,1576.953125,1577.0390625,1577.1328125,1577.2265625,1577.3203125,1577.5,1577.6796875,1577.8671875,1578.0703125,1578.2578125,1578.4609375,1578.671875,1579.2265625,1579.390625,1579.5390625,1579.7109375,1579.8671875,1580.015625,1580.1640625,1580.34375,1580.515625,1580.6875,1580.8515625,1581.015625,1581.171875,1581.3359375,1581.4921875,1581.6484375,1581.8125,1581.9765625,1582.140625,1582.3046875,1582.4765625,1582.6484375,1582.828125,1582.9765625,1583.125,1583.28125,1583.453125,1583.6015625,1583.765625,1584.296875,1584.4921875,1584.6796875,1584.8515625,1585.03125,1585.1953125,1585.3515625,1585.5078125,1585.6640625,1585.8125,1585.9609375,1586.109375,1586.25,1586.390625,1586.53125,1586.671875,1586.765625,1586.859375,1586.953125,1587.046875,1587.140625,1587.234375,1587.328125,1587.421875,1587.515625,1587.609375,1587.703125,1587.8046875,1587.8984375,1588.0,1588.09375,1588.1953125,1588.2890625,1588.3828125,1588.4765625,1588.5703125,1588.6640625,1588.765625,1588.8671875,1588.9765625,1589.171875,1589.390625,1589.6015625,1590.171875,1590.34375,1590.4921875,1590.6640625,1590.828125,1590.984375,1591.1328125,1591.2265625,1591.3125,1591.3984375,1591.484375,1591.5703125,1591.65625,1591.7421875,1591.8203125,1591.90625,1591.984375,1592.0703125,1592.1484375,1592.234375,1592.3125,1592.390625,1592.46875,1592.5625,1592.65625,1592.7421875,1592.8359375,1592.921875,1593.015625,1593.109375,1593.203125,1593.296875,1593.390625,1593.484375,1593.578125,1593.671875,1593.7734375,1593.8671875,1593.96875,1594.0625,1594.15625,1594.25,1594.3515625,1594.453125,1594.5546875,1594.65625,1594.765625,1594.96875,1595.1875,1595.40625,1596.0,1596.1796875,1596.3359375,1596.5234375,1596.6953125,1596.859375,1597.0234375,1597.125,1597.21875,1597.3125,1597.40625,1597.5,1597.5859375,1597.6796875,1597.765625,1597.859375,1597.9453125,1598.0390625,1598.125,1598.21875,1598.3046875,1598.390625,1598.4765625,1598.5625,1598.6484375,1598.734375,1598.8203125,1598.90625,1598.9921875,1599.078125,1599.171875,1599.2578125,1599.3515625,1599.4375,1599.53125,1599.625,1599.71875,1599.8125,1599.9140625,1600.0703125,1600.234375,1600.40625,1600.59375,1600.7578125,1600.9375,1601.53125,1601.75,1601.96875,1602.171875,1602.28125,1602.3828125,1602.484375,1602.578125,1602.671875,1602.765625,1602.859375,1602.953125,1603.046875,1603.140625,1603.234375,1603.3203125,1603.4140625,1603.5,1603.5859375,1603.671875,1603.765625,1603.8515625,1603.9375,1604.0234375,1604.109375,1604.1953125,1604.28125,1604.375,1604.5234375,1604.671875,1604.8203125,1604.9765625,1605.1328125,1605.2890625,1605.453125,1605.6171875,1605.78125,1605.9453125,1606.1171875,1606.296875,1606.46875,1606.6640625,1607.3984375,1607.7109375,1607.8828125,1608.0390625,1608.1953125,1608.34375,1608.515625,1608.6875,1608.859375,1609.0234375,1609.1875,1609.3515625,1609.515625,1609.671875,1609.8359375,1610.0,1610.1640625,1610.3359375,1610.5078125,1610.6796875,1610.8515625,1611.03125,1611.203125,1611.3828125,1611.5703125,1611.765625,1611.953125,1612.1640625,1612.96875,1613.1484375,1613.3125,1613.5,1613.671875,1613.8359375,1614.0,1614.1953125,1614.3828125,1614.5703125,1614.75,1614.9296875,1615.109375,1615.2890625,1615.46875,1615.640625,1615.8125,1615.984375,1616.1640625,1616.34375,1616.5234375,1616.7109375,1616.8984375,1617.0703125,1617.25,1617.4375,1617.6328125,1617.8125,1618.015625,1618.7890625,1619.1171875,1619.296875,1619.4609375,1619.625,1619.78125,1619.96875,1620.1484375,1620.328125,1620.5,1620.671875,1620.84375,1621.015625,1621.1875,1621.3828125,1621.578125,1621.7734375,1621.9765625,1622.1796875,1622.390625,1622.609375,1622.828125,1623.046875,1623.28125,1623.53125,1623.796875,1624.078125,1624.3984375,1625.265625,1626.171875,1626.7890625,1627.0546875,1627.3046875,1627.5390625,1627.7578125,1627.984375,1628.203125,1628.4140625,1628.6171875,1628.8203125,1629.015625,1629.2109375,1629.40625,1629.5859375,1629.765625,1629.9453125,1630.125,1630.3046875,1630.4921875,1630.6796875,1630.8671875,1631.203125,1631.5703125,1631.921875,1632.8046875,1633.0546875,1633.2734375,1633.5234375,1633.7578125,1633.984375,1634.203125,1634.4609375,1634.71875,1634.96875,1635.2109375,1635.453125,1635.578125,1635.703125,1635.953125,1636.203125,1636.46875,1636.609375,1636.75,1637.0390625,1637.34375,1637.6015625,1637.890625,1638.828125,1639.171875,1639.5,1639.8046875,1640.0859375,1640.3515625,1640.6171875,1640.875,1641.0234375,1641.1796875,1641.3359375,1641.4921875,1641.6484375,1641.8125,1642.1484375,1642.4375,1642.7578125,1643.0625,1643.8125,1644.1953125,1644.390625,1644.578125,1644.7578125,1644.9296875,1645.125,1645.3203125,1645.5078125,1645.6875,1645.8671875,1646.046875,1646.2265625,1646.40625,1646.6015625,1646.796875,1646.9921875,1647.1953125,1647.390625,1647.59375,1647.8046875,1648.015625,1648.1953125,1648.3828125,1648.578125,1648.78125,1649.1640625,1650.09375,1650.3515625,1650.5859375,1650.8359375,1651.078125,1651.3125,1651.53125,1651.65625,1651.78125,1651.90625,1652.03125,1652.15625,1652.2734375,1652.3984375,1652.515625,1652.6328125,1652.75,1652.8671875,1652.984375,1653.1015625,1653.21875,1653.3359375,1653.453125,1653.5625,1653.671875,1653.78125,1653.8984375,1654.0078125,1654.125,1654.234375,1654.3515625,1654.578125,1654.8125,1655.0546875,1655.3046875,1655.5078125,1655.7265625,1655.953125,1656.1953125,1656.40625,1656.640625,1657.4296875,1657.734375,1658.0390625,1658.3203125,1658.6171875,1658.8984375,1659.171875,1659.3046875,1659.4375,1659.578125,1659.7109375,1659.8515625,1659.984375,1660.125,1660.2578125,1660.390625,1660.5234375,1660.65625,1660.7890625,1660.921875,1661.0546875,1661.1875,1661.3203125,1661.453125,1661.59375,1661.8046875,1662.015625,1662.234375,1662.453125,1662.6796875,1662.90625,1663.140625,1663.390625,1663.59375,1663.8046875,1664.0234375,1664.2578125,1664.6875,1665.7421875,1666.03125,1666.2890625,1666.5625,1666.8203125,1667.0625,1667.3046875,1667.53125,1667.7578125,1667.9765625,1668.1953125,1668.4140625,1668.6328125,1668.8515625,1669.0625,1669.28125,1669.5,1669.71875,1669.9375,1670.1640625,1670.390625,1670.625,1670.859375,1671.078125,1671.3125,1671.5546875,1671.8046875,1672.3046875,1673.265625,1673.6640625,1674.078125,1674.453125,1674.671875,1674.890625,1675.1015625,1675.3046875,1675.5078125,1675.703125,1675.8984375,1676.09375,1676.3359375,1676.5703125,1676.8046875,1677.0390625,1677.2734375,1677.515625,1677.7578125,1678.0078125,1678.2421875,1678.4765625,1678.7265625,1678.9921875,1679.234375,1679.5078125,1680.484375,1680.8828125,1681.1015625,1681.3046875,1681.4921875,1681.6796875,1681.8984375,1682.1171875,1682.328125,1682.53125,1682.734375,1682.9296875,1683.1328125,1683.328125,1683.53125,1683.734375,1683.9375,1684.1484375,1684.3515625,1684.5625,1684.78125,1685.0,1685.1875,1685.375,1685.578125,1685.7890625,1686.1796875,1687.09375,1687.328125,1687.546875,1687.7734375,1687.9921875,1688.1953125,1688.390625,1688.6015625,1688.8125,1689.015625,1689.2109375,1689.40625,1689.6015625,1689.796875,1689.984375,1690.109375,1690.234375,1690.359375,1690.484375,1690.609375,1690.734375,1690.859375,1690.9921875,1691.1171875,1691.25,1691.375,1691.5078125,1691.640625,1691.7734375,1691.90625,1692.046875,1692.2734375,1692.5078125,1692.75,1693.0078125,1693.234375,1693.484375,1694.3359375,1694.6640625,1694.9921875,1695.2890625,1695.453125,1695.609375,1695.765625,1695.9140625,1696.0625,1696.203125,1696.3515625,1696.4921875,1696.640625,1696.7890625,1696.9375,1697.0859375,1697.234375,1697.3828125,1697.53125,1697.6796875,1697.828125,1697.9765625,1698.125,1698.2734375,1698.421875,1698.578125,1698.7265625,1698.8828125,1699.0625,1699.2421875,1699.4296875,1699.6171875,1699.8125,1700.015625,1700.2265625,1700.4453125,1700.8046875,1701.2109375,1701.609375,1702.765625,1703.140625,1703.484375,1703.875,1704.25,1704.625,1704.9921875,1705.390625,1705.7890625,1706.1875,1706.59375,1707.0078125,1707.4140625,1707.8203125,1708.21875,1708.6015625,1708.984375,1709.359375,1709.7265625,1710.0859375,1710.4453125,1710.8046875,1711.1640625,1711.4609375,1711.765625,1712.0859375,1712.4140625,1713.015625,1714.3125,1714.6171875,1714.8984375,1715.1796875,1715.4375,1715.6875,1715.921875,1716.171875,1716.4140625,1716.65625,1716.890625,1717.125,1717.3515625,1717.578125,1717.796875,1718.0546875,1718.3046875,1718.5625,1718.8203125,1719.078125,1719.34375,1719.6171875,1719.890625,1720.1171875,1720.359375,1720.609375,1720.8671875,1721.3515625,1722.46875,1722.7578125,1723.015625,1723.28125,1723.5390625,1723.78125,1724.015625,1724.25,1724.484375,1724.7109375,1724.9296875,1725.1484375,1725.359375,1725.578125,1725.7890625,1725.921875,1726.046875,1726.1796875,1726.3046875,1726.4296875,1726.5625,1726.6953125,1726.828125,1726.953125,1727.0859375,1727.21875,1727.3515625,1727.484375,1727.625,1727.7578125,1727.8984375,1728.140625,1728.3984375,1728.6640625,1728.9375,1729.1953125,1729.4765625,1730.484375,1730.890625,1731.109375,1731.3203125,1731.515625,1731.703125,1731.9296875,1732.1484375,1732.359375,1732.5703125,1732.78125,1732.984375,1733.1875,1733.390625,1733.5859375,1733.78125,1733.9765625,1734.1796875,1734.3828125,1734.5859375,1734.796875,1735.0078125,1735.203125,1735.3984375,1735.6015625,1735.8203125,1736.2421875,1737.0546875,1737.390625,1737.7421875,1738.0625,1738.25,1738.4296875,1738.609375,1738.78125,1738.953125,1739.125,1739.296875,1739.4609375,1739.625,1739.796875,1739.9609375,1740.1328125,1740.3046875,1740.4765625,1740.65625,1740.8359375,1741.1484375,1741.484375,1741.8046875,1742.5625,1742.9296875,1743.28125,1743.6015625,1743.7578125,1743.90625,1744.0546875,1744.1953125,1744.3359375,1744.4765625,1744.6171875,1744.75,1744.984375,1745.2109375,1745.4375,1745.6640625,1745.890625,1746.125,1746.359375,1746.59375,1746.828125,1747.078125,1747.3359375,1747.6015625,1747.8671875,1748.1640625,1748.46875,1749.3359375,1749.609375,1749.859375,1750.1484375,1750.421875,1750.6796875,1750.9375,1751.25,1751.5546875,1751.859375,1752.1640625,1752.46875,1752.78125,1753.09375,1753.4140625,1753.6328125,1753.8515625,1754.0703125,1754.296875,1754.53125,1754.765625,1755.0,1755.2421875,1755.484375,1755.734375,1755.984375,1756.234375,1756.484375,1756.7265625,1756.9765625,1757.21875,1757.4375,1757.6484375,1757.859375,1758.078125,1758.2890625,1758.5078125,1758.7265625,1758.953125,1759.34375,1759.7578125,1760.15625,1761.0703125,1761.53125,1761.765625,1761.9921875,1762.203125,1762.40625,1762.65625,1762.8984375,1763.1328125,1763.359375,1763.5859375,1763.8046875,1764.03125,1764.25,1764.4140625,1764.5859375,1764.7578125,1764.9296875,1765.1015625,1765.28125,1765.4609375,1765.6484375,1765.8203125,1765.9921875,1766.1796875,1766.375,1766.7578125,1767.5,1767.8046875,1768.125,1768.421875,1768.59375,1768.7578125,1768.921875,1769.078125,1769.234375,1769.390625,1769.546875,1769.703125,1769.8515625,1770.0078125,1770.1640625,1770.3203125,1770.4765625,1770.640625,1770.8046875,1770.9765625,1771.265625,1771.578125,1771.875,1772.5859375,1772.9453125,1773.296875,1773.6171875,1773.78125,1773.9453125,1774.1015625,1774.2578125,1774.4140625,1774.5625,1774.71875,1774.8671875,1775.0078125,1775.1484375,1775.2890625,1775.4296875,1775.5703125,1775.71875,1776.015625,1776.28125,1776.5703125,1776.8515625,1777.5078125,1777.8515625,1778.03125,1778.1953125,1778.3515625,1778.5,1778.671875,1778.84375,1779.0078125,1779.1640625,1779.3203125,1779.4765625,1779.6328125,1779.78125,1779.890625,1780.0,1780.109375,1780.2109375,1780.3203125,1780.421875,1780.53125,1780.640625,1780.75,1780.859375,1780.96875,1781.078125,1781.1875,1781.3046875,1781.4140625,1781.53125,1781.71875,1781.9140625,1782.1171875,1782.3359375,1782.5234375,1782.734375,1783.4296875,1783.6875,1783.9375,1784.1640625,1784.3984375,1784.625,1784.8359375,1785.046875,1785.2578125,1785.4609375,1785.6640625,1785.859375,1786.0546875,1786.2578125,1786.453125,1786.65625,1786.7890625,1786.921875,1787.0546875,1787.1953125,1787.3359375,1787.4765625,1787.625,1787.7734375,1788.046875,1788.3515625,1788.65625,1789.5234375,1789.796875,1790.0390625,1790.3203125,1790.59375,1790.859375,1791.1171875,1791.3828125,1791.6484375,1791.921875,1792.2109375,1792.4609375,1792.734375,1793.0,1793.6328125,1793.9609375,1794.1328125,1794.2890625,1794.4375,1794.5859375,1794.7578125,1794.921875,1795.078125,1795.234375,1795.390625,1795.5390625,1795.6875,1795.8359375,1796.0078125,1796.1796875,1796.3515625,1796.53125,1796.703125,1796.8828125,1797.0625,1797.25,1797.40625,1797.5703125,1797.7421875,1797.921875,1798.2578125,1799.0546875,1799.2734375,1799.4765625,1799.6953125,1799.8984375,1800.09375,1800.28125,1800.390625,1800.5,1800.609375,1800.7109375,1800.8125,1800.9140625,1801.015625,1801.1171875,1801.21875,1801.3203125,1801.421875,1801.5234375,1801.625,1801.7265625,1801.8203125,1801.921875,1802.0703125,1802.2265625,1802.3828125,1802.5390625,1802.6953125,1802.859375,1803.0234375,1803.1953125,1803.3671875,1803.546875,1803.734375,1803.9375,1804.1328125,1804.34375,1805.171875,1805.359375,1805.53125,1805.7265625,1805.90625,1806.078125,1806.25,1806.453125,1806.65625,1806.8515625,1807.0390625,1807.234375,1807.421875,1807.609375,1807.796875,1807.984375,1808.171875,1808.359375,1808.546875,1808.7421875,1808.9375,1809.1484375,1809.359375,1809.53125,1809.7109375,1809.8984375,1810.1015625,1810.4765625,1811.15625,1811.4375,1811.71875,1811.9765625,1812.2578125,1812.5234375,1812.7890625,1813.046875,1813.296875,1813.5546875,1813.8125,1814.078125,1814.34375,1814.625,1814.9140625,1815.2265625,1815.5390625,1815.875,1816.2578125,1816.703125,1817.2734375,1817.796875,1818.2265625,1818.59375,1818.875,1819.1328125,1819.3828125,1819.6171875,1819.84375,1820.0703125,1820.2890625,1820.5,1820.6953125,1820.8828125,1821.0703125,1821.265625,1821.453125,1821.6484375,1821.84375,1822.046875,1822.21875,1822.390625,1822.7578125,1823.109375,1823.9140625,1824.3125,1824.515625,1824.703125,1824.8828125,1825.0546875,1825.25,1825.4375,1825.625,1825.8046875,1825.984375,1826.15625,1826.3359375,1826.5078125,1826.6953125,1826.8828125,1827.0703125,1827.265625,1827.4609375,1827.65625,1827.859375,1828.0625,1828.234375,1828.40625,1828.59375,1828.7890625,1829.1484375,1830.0,1830.21875,1830.421875,1830.6328125,1830.828125,1831.015625,1831.203125,1831.3828125,1831.5625,1831.7421875,1831.9140625,1832.0859375,1832.2578125,1832.4296875,1832.59375,1832.7734375,1832.9609375,1833.140625,1833.328125,1833.515625,1833.703125,1833.8984375,1834.1015625,1834.2890625,1834.484375,1834.6875,1834.8984375,1835.1015625,1835.328125,1836.203125,1836.578125,1836.7890625,1836.984375,1837.171875,1837.3515625,1837.5703125,1837.78125,1837.9921875,1838.203125,1838.4140625,1838.625,1838.8359375,1839.046875,1839.2265625,1839.4140625,1839.609375,1839.8046875,1840.0078125,1840.21875,1840.4453125,1840.6796875,1841.15625,1842.359375,1842.9921875,1843.625,1844.890625,1845.1796875,1845.4453125,1845.7734375,1846.078125,1846.375,1846.65625,1846.9375,1847.21875,1847.4921875,1847.765625,1848.0390625,1848.3203125,1848.6015625,1848.890625,1849.1328125,1849.390625,1849.65625,1849.9375,1850.1875,1850.46875,1851.5546875,1852.0546875,1852.59375,1853.125,1853.5703125,1854.0625,1855.7109375,1857.1640625,1857.609375,1857.984375,1858.3203125,1858.4765625,1858.6328125,1858.78125,1858.921875,1859.0625,1859.203125,1859.34375,1859.4765625,1859.609375,1859.734375,1859.875,1860.015625,1860.15625,1860.2890625,1860.4296875,1860.5625,1860.6953125,1860.828125,1860.9609375,1861.09375,1861.2265625,1861.359375,1861.4921875,1861.6328125,1861.765625,1861.90625,1862.015625,1862.1328125,1862.25,1862.3671875,1862.609375,1862.859375,1863.078125,1863.3203125,1863.5546875,1864.1015625,1864.3671875,1864.625,1864.859375,1864.9765625,1865.09375,1865.2109375,1865.3203125,1865.4296875,1865.53125,1865.640625,1865.7421875,1865.84375,1865.9453125,1866.046875,1866.1484375,1866.25,1866.3515625,1866.453125,1866.546875,1866.6484375,1866.7421875,1866.8359375,1866.9296875,1867.03125,1867.125,1867.21875,1867.3125,1867.4140625,1867.5078125,1867.609375,1867.7109375,1867.8125,1867.9140625,1868.015625,1868.1171875,1868.21875,1868.328125,1868.4296875,1868.5390625,1868.6484375,1868.7578125,1868.8671875,1868.9765625,1869.1640625,1869.3515625,1869.546875,1869.7578125,1869.9453125,1870.1484375,1870.84375,1871.1015625,1871.359375,1871.59375,1871.71875,1871.84375,1871.9609375,1872.078125,1872.1953125,1872.3046875,1872.421875,1872.53125,1872.6484375,1872.7578125,1872.875,1872.984375,1873.1015625,1873.2109375,1873.3203125,1873.4296875,1873.5390625,1873.6484375,1873.7578125,1873.8671875,1873.9765625,1874.0859375,1874.1953125,1874.3125,1874.3984375,1874.4921875,1874.578125,1874.671875,1874.765625,1874.859375,1874.953125,1875.046875,1875.140625,1875.2421875,1875.3359375,1875.4375,1875.640625,1875.8515625,1876.0234375,1876.203125,1876.390625,1876.59375,1876.7734375,1876.96875,1877.65625,1877.9296875,1878.21875,1878.4765625,1878.7578125,1879.0234375,1879.28125,1879.4140625,1879.5390625,1879.7890625,1880.0390625,1880.2890625,1880.5390625,1880.796875,1881.0625,1881.3359375,1881.6171875,1881.7890625,1881.9609375,1882.3359375,1882.75,1883.25,1884.640625,1886.1171875,1886.703125,1887.078125,1887.421875,1887.7578125,1888.078125,1888.453125,1888.8203125,1889.1953125,1889.5859375,1889.953125,1890.3515625,1891.96875,1892.359375,1892.7265625,1893.15625,1893.578125,1894.0078125,1894.46875,1895.28125,1896.421875,1897.3359375,1897.6796875,1897.984375,1898.2421875,1898.4765625,1898.703125,1898.9140625,1899.1171875,1899.3203125,1899.5078125,1899.6953125,1899.9921875,1900.140625,1900.28125,1900.421875,1900.5625,1900.703125,1900.84375,1900.984375,1901.1171875,1901.2578125,1901.390625,1901.5234375,1901.6640625,1901.796875,1901.9375,1902.1953125,1902.4609375,1902.734375,1903.015625,1903.2734375,1903.5625,1903.84375,1904.546875,1904.9375,1905.1484375,1905.34375,1905.53125,1905.7109375,1905.9296875,1906.140625,1906.34375,1906.546875,1906.75,1906.9453125,1907.140625,1907.3359375,1907.515625,1907.6953125,1907.875,1908.0625,1908.25,1908.4375,1908.625,1908.8203125,1909.0,1909.1875,1909.3828125,1909.5859375,1909.7734375,1909.984375,1910.7578125,1911.0703125,1911.3984375,1911.5546875,1911.703125,1911.8828125,1912.0546875,1912.21875,1912.3828125,1912.546875,1912.703125,1912.859375,1913.015625,1913.1875,1913.359375,1913.53125,1913.7109375,1913.890625,1914.0703125,1914.25,1914.4375,1914.625,1914.8203125,1915.0234375,1915.234375,1915.4375,1915.6640625,1916.515625,1916.8828125,1917.078125,1917.265625,1917.4453125,1917.6171875,1917.828125,1918.03125,1918.234375,1918.4296875,1918.625,1918.8203125,1919.0078125,1919.203125,1919.359375,1919.515625,1919.671875,1919.828125,1919.9921875,1920.15625,1920.3203125,1920.4921875,1920.6484375,1920.8125,1920.984375,1921.171875,1921.53125,1922.2421875,1922.546875,1922.859375,1923.1484375,1923.3203125,1923.484375,1923.6484375,1923.8046875,1923.9609375,1924.1171875,1924.2734375,1924.421875,1924.5859375,1924.7578125,1924.9296875,1925.1015625,1925.2734375,1925.453125,1925.6328125,1925.8125,1925.984375,1926.1640625,1926.3515625,1926.5546875,1926.953125,1927.7421875,1928.078125,1928.4375,1928.7578125,1928.9453125,1929.1328125,1929.3125,1929.4921875,1929.671875,1929.84375,1930.0234375,1930.1953125,1930.3671875,1930.546875,1930.71875,1930.8984375,1931.078125,1931.2578125,1931.4453125,1931.640625,1931.96875,1932.3359375,1932.6796875,1933.5078125,1933.9375,1934.15625,1934.359375,1934.5546875,1934.75,1934.953125,1935.1484375,1935.34375,1935.53125,1935.71875,1935.90625,1936.09375,1936.2734375,1936.515625,1936.7578125,1937.0,1937.2421875,1937.484375,1937.734375,1937.984375,1938.234375,1938.5,1938.78125,1939.0703125,1939.375,1939.671875,1939.9921875,1940.3125,1941.1875,1941.4453125,1941.6796875,1941.953125,1942.203125,1942.4453125,1942.671875,1942.953125,1943.2265625,1943.4921875,1943.75,1943.8828125,1944.0078125,1944.2578125,1944.390625,1944.515625,1944.765625,1944.9375,1945.1171875,1945.296875,1945.4765625,1945.65625,1945.84375,1946.03125,1946.2265625,1946.4140625,1946.6015625,1946.8046875,1947.015625,1947.4296875,1948.234375,1948.5625,1948.9140625,1949.2265625,1949.4140625,1949.59375,1949.765625,1949.9375,1950.109375,1950.2734375,1950.4453125,1950.609375,1950.78125,1950.953125,1951.125,1951.3046875,1951.4765625,1951.65625,1951.8359375,1952.0234375,1952.1796875,1952.34375,1952.6875,1953.015625,1953.8046875,1954.0078125,1954.1953125,1954.390625,1954.578125,1954.7578125,1954.9296875,1955.125,1955.3125,1955.4921875,1955.671875,1955.8515625,1956.0234375,1956.1953125,1956.3671875,1956.5546875,1956.7421875,1956.9296875,1957.125,1957.3203125,1957.515625,1957.71875,1957.921875,1958.09375,1958.2734375,1958.4609375,1958.65625,1958.828125,1959.0234375,1959.65625,1959.890625,1960.125,1960.3359375,1960.5625,1960.7734375,1960.9765625,1961.1796875,1961.2890625,1961.3984375,1961.5078125,1961.609375,1961.71875,1961.8203125,1961.921875,1962.0234375,1962.125,1962.2265625,1962.328125,1962.4296875,1962.53125,1962.6328125,1962.734375,1962.828125,1962.921875,1963.0234375,1963.125,1963.2265625,1963.3203125,1963.421875,1963.5234375,1963.625,1963.7265625,1963.828125,1963.9296875,1964.0390625,1964.140625,1964.25,1964.359375,1964.46875,1964.65625,1964.8515625,1965.0625,1965.28125,1965.4765625,1965.6953125,1966.5,1966.8359375,1967.015625,1967.1875,1967.3515625,1967.5078125,1967.6953125,1967.875,1968.0546875,1968.2265625,1968.3984375,1968.5703125,1968.7421875,1968.9140625,1969.0703125,1969.2265625,1969.3828125,1969.546875,1969.7109375,1969.875,1970.046875,1970.21875,1970.375,1970.5390625,1970.7109375,1970.8984375,1971.265625,1971.984375,1972.2890625,1972.609375,1972.8984375,1973.0703125,1973.234375,1973.3984375,1973.5546875,1973.71875,1973.875,1974.03125,1974.1875,1974.3359375,1974.4921875,1974.6484375,1974.8046875,1974.9609375,1975.125,1975.2890625,1975.4609375,1975.75,1976.0625,1976.3671875,1977.078125,1977.4453125,1977.796875,1977.9609375,1978.1171875,1978.28125,1978.4375,1978.59375,1978.7421875,1978.890625,1979.0390625,1979.1875,1979.328125,1979.5390625,1979.7421875,1979.953125,1980.1640625,1980.375,1980.59375,1980.8125,1981.03125,1981.2421875,1981.4609375,1981.6953125,1981.9375,1982.171875,1982.4296875,1983.4140625,1983.8359375,1984.0625,1984.28125,1984.484375,1984.6875,1984.9296875,1985.1640625,1985.390625,1985.6171875,1985.84375,1986.0625,1986.28125,1986.5,1986.71875,1986.9453125,1987.171875,1987.3984375,1987.625,1987.859375,1988.1015625,1988.3515625,1988.5546875,1988.7734375,1989.0,1989.2421875,1989.6875,1990.7578125,1991.0390625,1991.296875,1991.5703125,1991.828125,1992.078125,1992.3125,1992.5625,1992.8125,1993.0546875,1993.2890625,1993.5234375,1993.7578125,1993.9921875,1994.21875,1994.4296875,1994.640625,1994.8515625,1995.0703125,1995.2890625,1995.5078125,1995.734375,1995.9609375,1996.15625,1996.3515625,1996.5625,1996.78125,1997.1875,1998.1171875,1998.359375,1998.578125,1998.8046875,1999.015625,1999.21875,1999.421875,1999.625,1999.8203125,2000.015625,2000.203125,2000.390625,2000.578125,2000.765625,2000.9453125,2001.140625,2001.3359375,2001.53125,2001.7265625,2001.9296875,2002.1328125,2002.34375,2002.5546875,2002.734375,2002.9140625,2003.109375,2003.3125,2003.4921875,2003.6875,2004.5703125,2004.796875,2005.0078125,2005.21875,2005.421875,2005.6171875,2005.8046875,2005.9921875,2006.1796875,2006.359375,2006.5390625,2006.71875,2006.890625,2007.0625,2007.234375,2007.3671875,2007.4921875,2007.6171875,2007.7421875,2007.8671875,2007.9921875,2008.1171875,2008.25,2008.375,2008.5078125,2008.640625,2008.7734375,2008.90625,2009.0390625,2009.1796875,2009.3203125,2009.4296875,2009.546875,2009.78125,2010.0234375,2010.2890625,2010.5234375,2010.78125,2011.6875,2012.0625,2012.2578125,2012.4375,2012.6171875,2012.7890625,2012.984375,2013.171875,2013.359375,2013.546875,2013.7265625,2013.90625,2014.0859375,2014.265625,2014.453125,2014.640625,2014.828125,2015.015625,2015.203125,2015.3984375,2015.5859375,2015.78125,2015.9765625,2016.1796875,2016.3828125,2016.5859375,2016.7890625,2017.0,2017.2109375,2017.421875,2017.6484375,2017.875,2018.1015625,2018.3203125,2018.546875,2018.765625,2018.984375,2019.1953125,2019.40625,2019.6171875,2019.828125,2020.03125,2020.234375,2020.4375,2020.640625,2020.84375,2021.0234375,2021.2109375,2021.390625,2021.578125,2021.765625,2021.9609375,2022.15625,2022.3515625,2022.5234375,2022.703125,2022.890625,2023.0859375,2023.453125,2024.359375,2024.609375,2024.8359375,2025.09375,2025.328125,2025.5546875,2025.7734375,2025.9140625,2026.046875,2026.1796875,2026.3046875,2026.4296875,2026.5546875,2026.6796875,2026.8046875,2026.9296875,2027.0546875,2027.1796875,2027.296875,2027.4140625,2027.5390625,2027.65625,2027.78125,2027.9375,2028.09375,2028.25,2028.4140625,2028.578125,2028.7421875,2028.9140625,2029.0859375,2029.265625,2029.4453125,2029.6328125,2029.8359375,2030.03125,2030.2421875,2031.0703125,2031.421875,2031.6171875,2031.796875,2031.96875,2032.140625,2032.34375,2032.5390625,2032.734375,2032.921875,2033.109375,2033.296875,2033.484375,2033.6640625,2033.859375,2034.0546875,2034.25,2034.4453125,2034.6484375,2034.8515625,2035.0625,2035.28125,2035.4609375,2035.640625,2035.8359375,2036.046875,2036.4296875,2037.3984375,2037.6796875,2037.9296875,2038.203125,2038.4609375,2038.7109375,2038.9609375,2039.203125,2039.4375,2039.671875,2039.9140625,2040.15625,2040.40625,2040.6640625,2040.9296875,2041.171875,2041.4296875,2041.703125,2042.0078125,2042.4765625,2043.796875,2045.1171875,2045.609375,2046.03125,2046.421875,2046.7890625,2047.140625,2047.4921875,2047.84375,2048.2109375,2048.5234375,2048.859375,2049.90625,2050.2578125,2050.59375,2050.8984375,2051.1953125,2051.484375,2051.765625,2052.046875,2052.3046875,2052.5703125,2052.8359375,2053.1171875,2053.359375,2053.625,2054.7421875,2055.015625,2055.265625,2055.5234375,2055.7734375,2056.015625,2056.2421875,2056.375,2056.5078125,2056.640625,2056.7734375,2056.90625,2057.03125,2057.15625,2057.28125,2057.40625,2057.53125,2057.65625,2057.7890625,2057.9140625,2058.046875,2058.171875,2058.3046875,2058.5234375,2058.7421875,2058.9765625,2059.21875,2059.4296875,2059.6640625,2060.421875,2060.6875,2060.9453125,2061.1796875,2061.421875,2061.6484375,2061.8671875,2062.078125,2062.1875,2062.2890625,2062.4921875,2062.59375,2062.6953125,2062.796875,2062.8984375,2063.0,2063.1015625,2063.203125,2063.296875,2063.390625,2063.4921875,2063.5859375,2063.6875,2063.8359375,2063.9921875,2064.140625,2064.296875,2064.453125,2064.609375,2064.7734375,2064.9375,2065.1015625,2065.265625,2065.4453125,2065.6328125,2065.8125,2066.0078125,2066.75,2067.0703125,2067.2421875,2067.40625,2067.5625,2067.7109375,2067.890625,2068.0703125,2068.2421875,2068.40625,2068.5703125,2068.734375,2068.8984375,2069.0625,2069.2578125,2069.453125,2069.6484375,2069.8515625,2070.0546875,2070.2578125,2070.46875,2070.6875,2070.8671875,2071.0546875,2071.25,2071.453125,2071.828125,2072.7421875,2072.9921875,2073.21875,2073.453125,2073.671875,2073.8828125,2074.09375,2074.2890625,2074.484375,2074.671875,2074.859375,2075.046875,2075.234375,2075.421875,2075.6171875,2075.8046875,2076.0,2076.1953125,2076.3984375,2076.609375,2076.8203125,2077.0390625,2077.265625,2077.4453125,2077.640625,2078.0546875,2078.4609375,2079.609375,2079.9765625,2080.3203125,2080.6953125,2081.0625,2081.4296875,2081.796875,2082.171875,2082.546875,2082.9296875,2083.3203125,2083.7109375,2084.09375,2084.4765625,2084.84375,2085.1484375,2085.453125,2085.75,2086.046875,2086.3359375,2086.625,2086.90625,2087.1953125,2087.453125,2087.7109375,2087.9765625,2088.2578125,2088.78125,2089.6796875,2090.0234375,2090.3671875,2090.6796875,2091.0390625,2091.3828125,2091.7109375,2092.03125,2092.203125,2092.3671875,2092.5390625,2092.7109375,2092.8828125,2093.0546875,2093.234375,2093.4140625,2093.7265625,2094.0625,2094.3828125,2095.125,2095.5,2095.859375,2096.1875,2096.359375,2096.5234375,2096.6875,2096.84375,2097.0,2097.15625,2097.3125,2097.46875,2097.625,2097.7890625,2097.9453125,2098.109375,2098.2734375,2098.4453125,2098.6171875,2098.7890625,2099.0859375,2099.4140625,2099.7265625,2100.4453125,2100.8046875,2100.984375,2101.1484375,2101.3125,2101.46875,2101.6328125,2101.7890625,2101.9453125,2102.09375,2102.2421875,2102.390625,2102.5390625,2102.6796875,2102.8515625,2103.0234375,2103.1953125,2103.3671875,2103.5390625,2103.71875,2103.8984375,2104.0859375,2104.2421875,2104.3984375,2104.5625,2104.7421875,2105.0703125,2105.8125,2106.0,2106.171875,2106.34375,2106.5078125,2106.6640625,2106.8125,2106.9609375,2107.1015625,2107.2421875,2107.375,2107.5078125,2107.640625,2107.7734375,2107.90625,2108.0234375,2108.140625,2108.2578125,2108.3671875,2108.484375,2108.59375,2108.703125,2108.8203125,2108.9296875,2109.046875,2109.15625,2109.2734375,2109.390625,2109.5078125,2109.625,2109.7421875,2109.8515625,2109.96875,2110.078125,2110.1953125,2110.3125,2110.4296875,2110.5546875,2110.6796875,2110.9140625,2111.171875,2111.4375,2112.140625,2112.3515625,2112.546875,2112.765625,2112.96875,2113.1640625,2113.359375,2113.4765625,2113.5859375,2113.703125,2113.8125,2113.921875,2114.03125,2114.140625,2114.25,2114.359375,2114.46875,2114.5703125,2114.6796875,2114.7890625,2114.8984375,2115.0078125,2115.1171875,2115.265625,2115.4140625,2115.5625,2115.71875,2115.875,2116.03125,2116.1953125,2116.3671875,2116.515625,2116.671875,2116.8359375,2117.015625,2117.3671875,2118.0625,2118.359375,2118.671875,2118.9609375,2119.125,2119.2890625,2119.453125,2119.609375,2119.765625,2119.921875,2120.078125,2120.234375,2120.375,2120.515625,2120.65625,2120.8046875,2120.953125,2121.1015625,2121.25,2121.40625,2121.7109375,2122.0390625,2122.3828125,2123.0546875,2123.34375,2123.6484375,2123.921875,2124.2421875,2124.3984375,2124.546875,2124.6953125,2124.84375,2124.9921875,2125.1328125,2125.28125,2125.4375,2125.59375,2125.75,2125.90625,2126.0703125,2126.234375,2126.3984375,2126.7109375,2127.0546875,2127.3984375,2128.3515625,2128.6484375,2128.9140625,2129.2265625,2129.5234375,2129.8125,2130.1015625,2130.390625,2130.6796875,2130.9765625,2131.2890625,2131.5546875,2131.8515625,2132.765625,2133.078125,2133.375,2133.6484375,2133.90625,2134.1484375,2134.3828125,2134.609375,2134.8125,2135.015625,2135.21875,2135.4140625,2135.609375,2135.8125,2136.015625,2136.21875,2136.4296875,2136.640625,2136.8671875,2137.1015625,2137.328125,2137.5703125,2138.484375,2138.8671875,2139.078125,2139.2734375,2139.4609375,2139.640625,2139.859375,2140.0703125,2140.28125,2140.484375,2140.6875,2140.890625,2141.09375,2141.2890625,2141.484375,2141.6875,2141.8828125,2142.0859375,2142.2890625,2142.5,2142.7109375,2142.9296875,2143.1171875,2143.3046875,2143.5078125,2143.71875,2144.1171875,2145.15625,2145.453125,2145.7265625,2146.03125,2146.3203125,2146.59375,2146.8671875,2147.1640625,2147.3125,2147.4609375,2147.609375,2147.7578125,2147.90625,2148.0546875,2148.203125,2148.3515625,2148.5,2148.6484375,2148.9453125,2149.25,2149.5078125,2149.7734375,2150.046875,2150.3203125,2150.6015625,2150.8984375,2151.203125,2151.515625,2151.78125,2152.0625,2152.3515625,2152.6640625,2153.2421875,2154.5546875,2154.8828125,2155.1796875,2155.4921875,2155.78125,2156.0546875,2156.3203125,2156.6015625,2156.8671875,2157.1328125,2157.390625,2157.6484375,2157.8984375,2158.1484375,2158.390625,2158.640625,2158.8828125,2159.125,2159.375,2159.625,2159.8828125,2160.140625,2160.40625,2160.625,2160.859375,2161.1015625,2161.3515625,2161.8203125,2162.96875,2163.28125,2163.5703125,2163.875,2164.171875,2164.4609375,2164.734375,2165.03125,2165.3203125,2165.609375,2165.890625,2166.171875,2166.4609375,2166.7421875,2167.03125,2167.1875,2167.34375,2167.5,2167.65625,2167.8125,2167.9765625,2168.140625,2168.3046875,2168.46875,2168.640625,2168.9765625,2169.328125,2169.6796875,2169.8828125,2170.0859375,2170.2890625,2170.5,2170.7109375,2170.921875,2171.140625,2171.3671875,2171.78125,2172.234375,2172.671875,2173.6875,2173.9609375,2174.203125,2174.4765625,2174.734375,2174.9765625,2175.2109375,2175.359375,2175.5078125,2175.6484375,2175.7890625,2175.9296875,2176.0625,2176.1953125,2176.3203125,2176.453125,2176.578125,2176.703125,2176.828125,2176.953125,2177.078125,2177.203125,2177.3203125,2177.4375,2177.5546875,2177.671875,2177.78125,2177.8984375,2178.0078125,2178.125,2178.2421875,2178.3515625,2178.46875,2178.5859375,2178.703125,2178.8203125,2178.9375,2179.0546875,2179.171875,2179.2890625,2179.4140625,2179.53125,2179.65625,2179.78125,2179.9140625,2180.1796875,2180.4375,2180.71875,2181.0078125,2181.765625,2181.9921875,2182.203125,2182.4375,2182.6640625,2182.875,2183.0859375,2183.2109375,2183.3359375,2183.4609375,2183.578125,2183.703125,2183.8203125,2183.9375,2184.0546875,2184.171875,2184.2890625,2184.40625,2184.5234375,2184.640625,2184.7578125,2184.875,2184.9921875,2185.1328125,2185.2734375,2185.4140625,2185.5625,2185.7109375,2185.859375,2186.0078125,2186.1640625,2186.328125,2186.4921875,2186.6640625,2186.8515625,2187.03125,2187.234375,2188.0078125,2188.3359375,2188.515625,2188.6875,2188.84375,2189.0,2189.1875,2189.375,2189.5546875,2189.7265625,2189.8984375,2190.0703125,2190.2421875,2190.4140625,2190.578125,2190.75,2190.921875,2191.09375,2191.265625,2191.4453125,2191.6328125,2191.8203125,2191.9765625,2192.140625,2192.3125,2192.4921875,2192.828125,2193.6328125,2193.8515625,2194.0546875,2194.265625,2194.46875,2194.65625,2194.84375,2195.0390625,2195.234375,2195.421875,2195.609375,2195.796875,2195.9765625,2196.1640625,2196.3515625,2196.5,2196.65625,2196.8046875,2196.9609375,2197.1171875,2197.2734375,2197.4375,2197.609375,2197.8984375,2198.21875,2198.5234375,2199.2578125,2199.640625,2199.8359375,2200.0234375,2200.1953125,2200.3671875,2200.546875,2200.71875,2200.890625,2201.0625,2201.234375,2201.3984375,2201.5703125,2201.734375,2201.90625,2202.078125,2202.25,2202.4296875,2202.609375,2202.7890625,2202.9765625,2203.1640625,2203.3203125,2203.484375,2203.65625,2203.84375,2204.1875,2205.0078125,2205.234375,2205.4375,2205.65625,2205.859375,2206.0546875,2206.25,2206.453125,2206.6484375,2206.84375,2207.0390625,2207.234375,2207.421875,2207.609375,2207.8046875,2207.9453125,2208.0859375,2208.2265625,2208.375,2208.5234375,2208.671875,2208.828125,2208.984375,2209.140625,2209.3046875,2209.6484375,2210.015625,2210.7421875,2211.0546875,2211.3828125,2211.6875,2211.8671875,2212.0390625,2212.2109375,2212.375,2212.5390625,2212.703125,2212.8671875,2213.0234375,2213.1796875,2213.34375,2213.5078125,2213.671875,2213.8359375,2214.0,2214.171875,2214.3515625,2214.65625,2214.984375,2215.3046875,2216.0546875,2216.4453125,2216.640625,2216.828125,2217.0,2217.171875,2217.3515625,2217.5234375,2217.6953125,2217.8671875,2218.0390625,2218.203125,2218.375,2218.5390625,2218.6875,2218.8359375,2218.984375,2219.140625,2219.296875,2219.453125,2219.609375,2219.7734375,2220.0546875,2220.3671875,2220.671875,2221.390625,2221.7578125,2221.953125,2222.1328125,2222.3046875,2222.46875,2222.65625,2222.84375,2223.0234375,2223.1953125,2223.3671875,2223.5390625,2223.7109375,2223.875,2223.9921875,2224.109375,2224.2265625,2224.34375,2224.4609375,2224.578125,2224.6953125,2224.8125,2224.9296875,2225.046875,2225.1640625,2225.28125,2225.3984375,2225.5234375,2225.640625,2225.765625,2225.8828125,2226.0078125,2226.1328125,2226.2578125,2226.3828125,2226.515625,2226.6484375,2226.7890625,2227.046875,2227.3359375,2227.625,2228.4140625,2228.65625,2228.8671875,2229.109375,2229.34375,2229.5625,2229.78125,2229.9140625,2230.0390625,2230.1640625,2230.2890625,2230.4140625,2230.5390625,2230.6640625,2230.78125,2230.90625,2231.0234375,2231.1484375,2231.265625,2231.3828125,2231.5,2231.6171875,2231.7421875,2231.8515625,2231.9609375,2232.0703125,2232.1875,2232.296875,2232.4140625,2232.5234375,2232.640625,2232.7578125,2232.875,2232.9921875,2233.109375,2233.2265625,2233.3515625,2233.4765625,2233.6015625,2233.8125,2234.03125,2234.2578125,2234.5078125,2234.7265625,2234.9765625,2235.9296875,2236.34375,2236.5703125,2236.78125,2236.984375,2237.1796875,2237.4140625,2237.640625,2237.8671875,2238.0859375,2238.3125,2238.5390625,2238.765625,2239.0,2239.2265625,2239.453125,2239.6875,2239.9375,2240.1953125,2240.4609375,2240.75,2241.0625,2241.8828125,2243.75,2244.34375,2244.734375,2245.0859375,2245.4140625,2245.71875,2246.09375,2246.4453125,2246.7890625,2247.125,2247.4609375,2247.7890625,2248.125,2248.4609375,2248.7421875,2249.03125,2249.328125,2249.6484375,2249.9296875,2250.234375,2251.3203125,2251.75,2252.1953125,2252.6015625,2252.8359375,2253.0625,2253.2890625,2253.5078125,2253.7265625,2253.953125,2254.171875,2254.3984375,2254.703125,2255.0234375,2255.3515625,2255.703125,2256.0,2256.328125,2257.4765625,2257.9453125,2258.421875,2258.8828125,2259.2578125,2259.65625,2261.171875,2261.484375,2261.7734375,2262.1328125,2262.4609375,2262.78125,2263.0859375,2263.28125,2263.4765625,2263.671875,2263.859375,2264.046875,2264.234375,2264.421875,2264.6015625,2264.7890625,2264.96875,2265.15625,2265.34375,2265.53125,2265.71875,2265.90625,2266.1015625,2266.4140625,2266.7421875,2267.078125,2267.4375,2267.75,2268.09375,2269.25,2269.6875,2270.1171875,2270.515625,2270.7265625,2270.9296875,2271.125,2271.3203125,2271.515625,2271.703125,2271.890625,2272.0703125,2272.2578125,2272.4375,2272.6171875,2272.796875,2272.9765625,2273.15625,2273.3359375,2273.515625,2273.6953125,2273.875,2274.0546875,2274.2421875,2274.421875,2274.609375,2274.796875,2274.984375,2275.21875,2275.4609375,2275.7109375,2275.9609375,2276.21875,2276.4921875,2276.7734375,2277.0703125,2277.3828125,2277.7265625,2279.3359375,2279.7578125,2280.1640625,2280.5625,2280.984375,2282.5546875,2282.890625,2283.1953125,2283.5703125,2283.921875,2284.25,2284.5703125,2284.828125,2285.078125,2285.328125,2285.578125,2285.8203125,2286.0703125,2286.3203125,2286.578125,2286.796875,2287.015625,2287.25,2287.4921875,2287.9453125,2288.9921875,2289.265625,2289.515625,2289.7890625,2290.0390625,2290.28125,2290.515625,2290.65625,2290.796875,2290.9296875,2291.0625,2291.1953125,2291.328125,2291.4609375,2291.5859375,2291.71875,2291.84375,2291.9765625,2292.1015625,2292.2265625,2292.3515625,2292.4765625,2292.609375,2292.7890625,2292.9765625,2293.1640625,2293.3515625,2293.5390625,2293.734375,2293.9375,2294.140625,2294.3203125,2294.5,2294.6875,2294.890625,2295.2734375,2296.0,2296.3046875,2296.6171875,2296.8984375,2297.21875,2297.375,2297.53125,2297.6875,2297.8359375,2297.984375,2298.1328125,2298.4140625,2298.703125,2299.0,2299.3125,2299.5859375,2299.8828125,2300.84375,2301.1953125,2301.546875,2301.859375,2302.03125,2302.203125,2302.3671875,2302.53125,2302.6953125,2302.8515625,2303.0078125,2303.1640625,2303.34375,2303.515625,2303.6875,2303.8671875,2304.046875,2304.2265625,2304.4140625,2304.6015625,2304.765625,2304.9296875,2305.1015625,2305.28125,2305.625,2306.4375,2306.65625,2306.8515625,2307.0625,2307.265625,2307.453125,2307.640625,2307.8515625,2308.0546875,2308.25,2308.4453125,2308.640625,2308.828125,2309.0234375,2309.2109375,2309.3828125,2309.5625,2309.7421875,2309.921875,2310.1015625,2310.2890625,2310.4765625,2310.6640625,2310.84375,2311.03125,2311.2265625,2311.4296875,2311.625,2311.8359375,2312.6328125,2312.96875,2313.1484375,2313.3203125,2313.484375,2313.640625,2313.828125,2314.015625,2314.1953125,2314.3671875,2314.5390625,2314.7109375,2314.8828125,2315.0546875,2315.21875,2315.390625,2315.5625,2315.734375,2315.90625,2316.0859375,2316.265625,2316.453125,2316.609375,2316.765625,2316.9375,2317.1171875,2317.453125,2318.2578125,2318.4765625,2318.671875,2318.8828125,2319.078125,2319.265625,2319.453125,2319.6484375,2319.8359375,2320.0234375,2320.2109375,2320.3984375,2320.578125,2320.7578125,2320.9375,2321.0859375,2321.2421875,2321.3984375,2321.5546875,2321.7109375,2321.875,2322.0390625,2322.2109375,2322.5,2322.8203125,2323.125,2323.875,2324.078125,2324.2578125,2324.4609375,2324.6484375,2324.828125,2325.0,2325.1875,2325.375,2325.5546875,2325.734375,2325.9140625,2326.0859375,2326.2578125,2326.4296875,2326.625,2326.828125,2327.03125,2327.234375,2327.4375,2327.6484375,2327.8671875,2328.0859375,2328.2734375,2328.4609375,2328.65625,2328.8671875,2329.2578125,2329.9609375,2330.2265625,2330.5,2330.7421875,2331.0078125,2331.2578125,2331.5,2331.734375,2331.9765625,2332.21875,2332.34375,2332.4609375,2332.6953125,2332.9296875,2333.046875,2333.171875,2333.4140625,2333.5390625,2333.6640625,2333.8515625,2334.0390625,2334.234375,2334.4296875,2334.6328125,2334.84375,2335.0546875,2335.28125,2335.65625,2336.0703125,2336.484375,2337.7265625,2338.125,2338.4921875,2338.90625,2339.3125,2339.7109375,2340.09375,2340.5,2340.8984375,2341.28125,2341.46875,2341.65625,2341.8359375,2342.015625,2342.1953125,2342.3671875,2342.5390625,2342.7109375,2342.875,2343.0390625,2343.3359375,2343.484375,2343.6328125,2343.78125,2343.921875,2344.0703125,2344.2109375,2344.3515625,2344.4921875,2344.6328125,2344.7734375,2344.9140625,2345.0546875,2345.1953125,2345.34375,2345.484375,2345.6328125,2345.78125,2345.9296875,2346.078125,2346.234375,2346.546875,2346.84375,2347.171875,2347.4921875,2348.3125,2348.546875,2348.7578125,2349.0078125,2349.234375,2349.453125,2349.65625,2349.7890625,2349.9140625,2350.0390625,2350.1640625,2350.2890625,2350.40625,2350.5234375,2350.640625,2350.7578125,2350.875,2350.9921875,2351.1015625,2351.21875,2351.328125,2351.4453125,2351.5546875,2351.6796875,2351.8046875,2351.9296875,2352.0625,2352.1875,2352.3125,2352.4375,2352.5703125,2352.6953125,2352.828125,2352.9609375,2353.09375,2353.2265625,2353.3671875,2353.5078125,2353.6484375,2353.875,2354.109375,2354.3515625,2354.6171875,2354.8515625,2355.109375,2356.046875,2356.4375,2356.8359375,2357.0234375,2357.2109375,2357.421875,2357.625,2357.828125,2358.0234375,2358.2265625,2358.421875,2358.6171875,2358.8203125,2359.0234375,2359.2265625,2359.4375,2359.6484375,2359.8671875,2360.0859375,2360.3125,2360.5390625,2360.7734375,2361.015625,2361.2578125,2361.5078125,2361.7578125,2362.0,2362.2421875,2362.484375,2362.703125,2362.921875,2363.1328125,2363.3359375,2363.5390625,2363.734375,2363.9296875,2364.1171875,2364.3046875,2364.484375,2364.6640625,2364.84375,2365.0234375,2365.203125,2365.3828125,2365.5546875,2365.7109375,2365.875,2366.03125,2366.1953125,2366.359375,2366.5234375,2366.6953125,2366.8671875,2367.171875,2367.5078125,2367.828125,2368.6171875,2368.8359375,2369.0390625,2369.2578125,2369.46875,2369.6640625,2369.8515625,2370.078125,2370.3046875,2370.5234375,2370.734375,2370.9453125,2371.15625,2371.3671875,2371.5703125,2371.7265625,2371.8828125,2372.0390625,2372.203125,2372.359375,2372.5234375,2372.6875,2372.859375,2373.03125,2373.203125,2373.3828125,2373.5703125,2373.75,2373.953125,2374.6953125,2375.0078125,2375.3359375,2375.4921875,2375.640625,2375.8203125,2375.9921875,2376.1640625,2376.328125,2376.4921875,2376.6484375,2376.8125,2376.96875,2377.125,2377.2890625,2377.453125,2377.6171875,2377.78125,2377.953125,2378.125,2378.3046875,2378.453125,2378.609375,2378.765625,2378.9375,2379.25,2379.984375,2380.1796875,2380.359375,2380.546875,2380.7265625,2380.8984375,2381.0625,2381.234375,2381.3984375,2381.5625,2381.7265625,2381.890625,2382.046875,2382.2109375,2382.3671875,2382.5078125,2382.65625,2382.8046875,2382.953125,2383.1015625,2383.2578125,2383.4140625,2383.5703125,2383.703125,2383.84375,2383.9921875,2384.1484375,2384.4375,2385.1328125,2385.3203125,2385.4921875,2385.6796875,2385.8515625,2386.015625,2386.1796875,2386.3671875,2386.546875,2386.71875,2386.890625,2387.0625,2387.2265625,2387.390625,2387.5546875,2387.6484375,2387.7421875,2387.8359375,2387.9296875,2388.0234375,2388.1171875,2388.2109375,2388.3125,2388.40625,2388.5,2388.59375,2388.6953125,2388.796875,2388.8984375,2389.0,2389.1015625,2389.2734375,2389.4453125,2389.6328125,2389.828125,2390.0,2390.1875,2390.796875,2391.0234375,2391.2421875,2391.4375,2391.640625,2391.8359375,2392.0234375,2392.203125,2392.296875,2392.3828125,2392.46875,2392.5546875,2392.640625,2392.7265625,2392.8125,2392.8984375,2392.984375,2393.0703125,2393.15625,2393.234375,2393.3203125,2393.3984375,2393.484375,2393.5625,2393.6484375,2393.734375,2393.8203125,2393.9140625,2394.0,2394.09375,2394.1796875,2394.2734375,2394.359375,2394.453125,2394.546875,2394.640625,2394.734375,2394.828125,2394.921875,2395.0234375,2395.1875,2395.3515625,2395.5234375,2395.7109375,2395.875,2396.0546875,2396.6484375,2396.8671875,2397.078125,2397.2734375,2397.4765625,2397.671875,2397.8515625,2398.03125,2398.203125,2398.2890625,2398.375,2398.5390625,2398.625,2398.703125,2398.7890625,2398.8671875,2399.0234375,2399.109375,2399.1875,2399.265625,2399.34375,2399.4921875,2399.6484375,2399.8046875,2399.9609375,2400.1171875,2400.28125,2400.4453125,2400.609375,2400.78125,2400.9609375,2401.1484375,2401.34375,2401.5390625,2401.75,2401.96875,2402.5625,2402.75,2402.9140625,2403.1015625,2403.28125,2403.453125,2403.6171875,2403.71875,2403.8203125,2403.921875,2404.015625,2404.109375,2404.203125,2404.296875,2404.390625,2404.484375,2404.578125,2404.671875,2404.7578125,2404.84375,2404.9375,2405.03125,2405.125,2405.2734375,2405.421875,2405.5703125,2405.71875,2405.875,2406.03125,2406.1875,2406.3515625,2406.515625,2406.6875,2406.859375,2407.046875,2407.2265625,2407.4296875,2408.1953125,2408.5234375,2408.703125,2408.8671875,2409.03125,2409.1875,2409.375,2409.5546875,2409.734375,2409.9140625,2410.0859375,2410.2578125,2410.4296875,2410.6015625,2410.7734375,2410.9453125,2411.1171875,2411.296875,2411.4765625,2411.65625,2411.84375,2412.0390625,2412.2109375,2412.3828125,2412.5625,2412.7578125,2412.9375,2413.1328125,2413.8671875,2414.1796875,2414.5078125,2414.65625,2414.8046875,2414.9765625,2415.1484375,2415.3203125,2415.484375,2415.6484375,2415.8125,2415.9765625,2416.140625,2416.2734375,2416.4140625,2416.5546875,2416.6953125,2416.8359375,2416.984375,2417.1328125,2417.2890625,2417.5625,2417.8671875,2418.171875,2419.0078125,2419.265625,2419.5,2419.7734375,2420.03125,2420.28125,2420.53125,2420.7734375,2421.0234375,2421.28125,2421.546875,2421.78125,2422.03125,2422.859375,2423.15625,2423.453125,2423.71875,2424.0078125,2424.28125,2424.546875,2424.8125,2424.9765625,2425.1328125,2425.2890625,2425.453125,2425.609375,2425.7734375,2425.9375,2426.109375,2426.2734375,2426.4453125,2426.6171875,2426.8046875,2427.171875,2427.875,2428.171875,2428.4765625,2428.7578125,2428.921875,2429.0859375,2429.2421875,2429.390625,2429.5390625,2429.6875,2429.8359375,2429.984375,2430.1328125,2430.2890625,2430.4375,2430.59375,2430.75,2430.90625,2431.0703125,2431.234375,2431.515625,2431.828125,2432.125,2432.8203125,2433.171875,2433.3515625,2433.515625,2433.6796875,2433.8359375,2434.0078125,2434.171875,2434.3359375,2434.4921875,2434.6484375,2434.8046875,2434.9609375,2435.109375,2435.265625,2435.4296875,2435.59375,2435.7578125,2435.921875,2436.09375,2436.265625,2436.4375,2436.5859375,2436.7421875,2436.8984375,2437.0703125,2437.3828125,2438.1328125,2438.3359375,2438.515625,2438.71875,2438.90625,2439.0859375,2439.2578125,2439.453125,2439.640625,2439.828125,2440.0078125,2440.1875,2440.359375,2440.5390625,2440.7109375,2440.8046875,2440.8984375,2440.9921875,2441.09375,2441.1875,2441.28125,2441.375,2441.4765625,2441.5703125,2441.671875,2441.765625,2441.8671875,2441.96875,2442.0703125,2442.171875,2442.28125,2442.453125,2442.6328125,2442.8203125,2443.015625,2443.1875,2443.3828125,2444.03125,2444.2734375,2444.515625,2444.7421875,2444.9765625,2445.1953125,2445.40625,2445.515625,2445.6171875,2445.7265625,2445.8359375,2445.9453125,2446.046875,2446.15625,2446.2578125,2446.359375,2446.4609375,2446.5625,2446.6640625,2446.765625,2446.875,2446.9765625,2447.078125,2447.1796875,2447.2890625,2447.4375,2447.5859375,2447.734375,2447.890625,2448.046875,2448.2109375,2448.375,2448.546875,2448.6875,2448.8359375,2449.15625,2449.4609375,2450.21875,2450.4296875,2450.6171875,2450.8203125,2451.0078125,2451.1875,2451.3671875,2451.5390625,2451.7109375,2451.8828125,2452.046875,2452.2109375,2452.375,2452.5390625,2452.7109375,2452.859375,2453.015625,2453.171875,2453.3359375,2453.5,2453.6640625,2453.8359375,2454.015625,2454.328125,2454.671875,2455.03125,2455.7890625,2456.1328125,2456.4921875,2456.828125,2457.21875,2457.609375,2458.0,2458.40625,2458.703125,2459.0234375,2459.359375,2459.734375,2460.1953125,2460.6875,2461.1484375,2461.5546875,2461.8515625,2462.1171875,2462.3671875,2462.609375,2462.8359375,2463.0546875,2463.265625,2463.46875,2463.71875,2463.96875,2464.2109375,2464.453125,2464.6953125,2464.9296875,2465.1640625,2465.40625,2465.609375,2465.8125,2466.03125,2466.2578125,2466.671875,2467.578125,2467.796875,2468.0,2468.1953125,2468.3828125,2468.5625,2468.734375,2468.90625,2469.0703125,2469.234375,2469.3984375,2469.5546875,2469.7109375,2469.8671875,2470.015625,2470.1171875,2470.21875,2470.3203125,2470.4140625,2470.515625,2470.609375,2470.7109375,2470.8125,2470.9140625,2471.015625,2471.1171875,2471.21875,2471.3203125,2471.4296875,2471.640625,2471.8203125,2472.0,2472.1875,2472.390625,2472.5625,2472.7578125,2473.390625,2473.6171875,2473.8359375,2474.0390625,2474.2421875,2474.4375,2474.625,2474.8046875,2474.984375,2475.1640625,2475.3359375,2475.5078125,2475.59375,2475.6796875,2475.84375,2475.9296875,2476.015625,2476.1796875,2476.2734375,2476.375,2476.46875,2476.5703125,2476.6640625,2476.765625,2476.8671875,2476.96875,2477.0703125,2477.171875,2477.2734375,2477.375,2477.4765625,2477.5859375,2477.6875,2477.796875,2477.9765625,2478.1640625,2478.359375,2478.5625,2478.7421875,2478.9453125,2479.609375,2479.8671875,2480.1171875,2480.34375,2480.46875,2480.5859375,2480.703125,2480.8203125,2480.9296875,2481.0390625,2481.1484375,2481.2578125,2481.375,2481.484375,2481.6015625,2481.7109375,2481.8203125,2481.9296875,2482.0390625,2482.1484375,2482.2578125,2482.3671875,2482.4765625,2482.5859375,2482.6953125,2482.8046875,2482.9140625,2483.0234375,2483.1875,2483.3515625,2483.5234375,2483.6953125,2483.8671875,2484.046875,2484.234375,2484.421875,2484.5859375,2484.75,2484.921875,2485.109375,2485.46875,2486.171875,2486.4765625,2486.796875,2487.0859375,2487.2578125,2487.421875,2487.5859375,2487.7421875,2487.90625,2488.0625,2488.2265625,2488.390625,2488.6328125,2488.8828125,2489.140625,2489.421875,2489.6640625,2489.9296875,2490.8828125,2491.28125,2491.6953125,2492.09375,2492.4765625,2492.8828125,2493.2578125,2494.1171875,2494.5390625,2494.7578125,2494.96875,2495.171875,2495.359375,2495.5,2495.6328125,2495.765625,2495.8984375,2496.03125,2496.15625,2496.2890625,2496.4140625,2496.546875,2496.671875,2496.796875,2496.921875,2497.046875,2497.171875,2497.296875,2497.4296875,2497.65625,2497.890625,2498.1328125,2498.390625,2498.625,2498.875,2499.125,2499.75,2500.09375,2500.28125,2500.453125,2500.6171875,2500.7734375,2500.9609375,2501.1484375,2501.328125,2501.5,2501.671875,2501.84375,2502.015625,2502.1875,2502.359375,2502.53125,2502.703125,2502.8828125,2503.0625,2503.2421875,2503.4296875,2503.6171875,2503.7734375,2503.9375,2504.109375,2504.2890625,2504.625,2505.3984375,2505.59375,2505.7734375,2505.953125,2506.125,2506.2890625,2506.453125,2506.609375,2506.765625,2506.9140625,2507.0625,2507.2109375,2507.3515625,2507.4921875,2507.6328125,2507.7421875,2507.8515625,2507.9609375,2508.0625,2508.171875,2508.2734375,2508.3828125,2508.4921875,2508.6015625,2508.7109375,2508.8203125,2508.9296875,2509.0390625,2509.1484375,2509.2578125,2509.375,2509.484375,2509.6015625,2509.71875,2509.8359375,2509.953125,2510.078125,2510.203125,2510.328125,2510.453125,2510.578125,2510.8515625,2511.1328125,2511.6796875,2511.90625,2512.140625,2512.359375,2512.609375,2512.7265625,2512.84375,2512.953125,2513.0625,2513.171875,2513.28125,2513.4140625,2513.5390625,2513.671875,2513.796875,2513.9296875,2514.0546875,2514.1796875,2514.3046875,2514.4296875,2514.5546875,2514.6796875,2514.8046875,2514.9296875,2515.0546875,2515.1796875,2515.3125,2515.484375,2515.6640625,2515.84375,2516.03125,2516.21875,2516.4140625,2516.609375,2516.8203125,2516.984375,2517.1640625,2517.3515625,2517.546875,2517.9140625,2518.625,2518.9296875,2519.234375,2519.5234375,2519.84375,2520.1484375,2520.453125,2520.7578125,2521.0,2521.25,2521.515625,2521.7890625,2522.0234375,2522.2890625,2523.15625,2523.4765625,2523.796875,2524.09375,2524.3984375,2524.6953125,2524.984375,2525.265625,2525.6015625,2525.9375,2526.28125,2526.6328125,2526.96875,2527.3359375,2527.6953125,2528.640625,2528.921875,2529.1796875,2529.46875,2529.7421875,2530.0078125,2530.2578125,2530.4140625,2530.5703125,2530.7265625,2530.875,2531.0234375,2531.171875,2531.3203125,2531.46875,2531.6171875,2531.765625,2531.9140625,2532.0625,2532.2109375,2532.359375,2532.5078125,2532.6640625,2532.828125,2532.9921875,2533.15625,2533.328125,2533.5,2533.671875,2533.8515625,2534.0390625,2534.3828125,2534.765625,2535.15625,2536.25,2536.59375,2536.90625,2537.2734375,2537.6171875,2537.953125,2538.2890625,2538.6171875,2538.953125,2539.296875,2539.65625,2539.96875,2540.3046875,2541.3984375,2541.796875,2542.1875,2542.5390625,2542.9140625,2543.09375,2543.2734375,2543.453125,2543.625,2543.796875,2543.96875,2544.140625,2544.3203125,2544.5,2544.6796875,2544.859375,2545.046875,2545.234375,2545.4296875,2545.7578125,2546.125,2546.4765625,2547.328125,2547.78125,2548.015625,2548.234375,2548.4453125,2548.65625,2548.890625,2549.125,2549.3515625,2549.578125,2549.796875,2550.0234375,2550.25,2550.4765625,2550.7578125,2551.046875,2551.34375,2551.6640625,2551.9375,2552.2421875,2553.328125,2553.78125,2554.25,2554.6953125,2555.125,2555.5703125,2556.0,2556.9921875,2557.2578125,2557.5,2557.7734375,2558.03125,2558.2734375,2558.515625,2558.84375,2559.0078125,2559.171875,2559.5,2559.8359375,2560.1328125,2560.453125,2560.7578125,2561.453125,2561.8046875,2561.984375,2562.15625,2562.3203125,2562.4765625,2562.6640625,2562.84375,2563.015625,2563.1875,2563.3515625,2563.515625,2563.6796875,2563.8359375,2563.953125,2564.0625,2564.1796875,2564.2890625,2564.40625,2564.515625,2564.625,2564.734375,2564.84375,2564.9609375,2565.0703125,2565.1875,2565.296875,2565.4140625,2565.53125,2565.6484375,2565.84375,2566.046875,2566.2578125,2566.4765625,2566.671875,2566.8828125,2567.5625,2567.8046875,2568.0390625,2568.25,2568.46875,2568.671875,2568.8671875,2568.96875,2569.0625,2569.15625,2569.25,2569.34375,2569.4375,2569.53125,2569.6171875,2569.7109375,2569.796875,2569.890625,2569.9765625,2570.0625,2570.1484375,2570.2421875,2570.328125,2570.4140625,2570.5,2570.5859375,2570.6796875,2570.765625,2570.859375,2570.9453125,2571.0390625,2571.125,2571.21875,2571.3046875,2571.3984375,2571.4921875,2571.5859375,2571.6796875,2571.78125,2571.875,2571.9765625,2572.1484375,2572.328125,2572.515625,2572.71875,2572.8984375,2573.1015625,2573.828125,2574.125,2574.28125,2574.4296875,2574.5703125,2574.703125,2574.8671875,2575.0234375,2575.1796875,2575.328125,2575.4765625,2575.6171875,2575.765625,2575.90625,2575.9921875,2576.078125,2576.1640625,2576.25,2576.3359375,2576.421875,2576.5078125,2576.6015625,2576.6875,2576.7734375,2576.859375,2576.953125,2577.0390625,2577.1328125,2577.2265625,2577.3203125,2577.5,2577.6796875,2577.8671875,2578.0703125,2578.2578125,2578.4609375,2578.671875,2579.2265625,2579.390625,2579.5390625,2579.7109375,2579.8671875,2580.015625,2580.1640625,2580.34375,2580.515625,2580.6875,2580.8515625,2581.015625,2581.171875,2581.3359375,2581.4921875,2581.6484375,2581.8125,2581.9765625,2582.140625,2582.3046875,2582.4765625,2582.6484375,2582.828125,2582.9765625,2583.125,2583.28125,2583.453125,2583.6015625,2583.765625,2584.296875,2584.4921875,2584.6796875,2584.8515625,2585.03125,2585.1953125,2585.3515625,2585.5078125,2585.6640625,2585.8125,2585.9609375,2586.109375,2586.25,2586.390625,2586.53125,2586.671875,2586.765625,2586.859375,2586.953125,2587.046875,2587.140625,2587.234375,2587.328125,2587.421875,2587.515625,2587.609375,2587.703125,2587.8046875,2587.8984375,2588.0,2588.09375,2588.1953125,2588.2890625,2588.3828125,2588.4765625,2588.5703125,2588.6640625,2588.765625,2588.8671875,2588.9765625,2589.171875,2589.390625,2589.6015625,2590.171875,2590.34375,2590.4921875,2590.6640625,2590.828125,2590.984375,2591.1328125,2591.2265625,2591.3125,2591.3984375,2591.484375,2591.5703125,2591.65625,2591.7421875,2591.8203125,2591.90625,2591.984375,2592.0703125,2592.1484375,2592.234375,2592.3125,2592.390625,2592.46875,2592.5625,2592.65625,2592.7421875,2592.8359375,2592.921875,2593.015625,2593.109375,2593.203125,2593.296875,2593.390625,2593.484375,2593.578125,2593.671875,2593.7734375,2593.8671875,2593.96875,2594.0625,2594.15625,2594.25,2594.3515625,2594.453125,2594.5546875,2594.65625,2594.765625,2594.96875,2595.1875,2595.40625,2596.0,2596.1796875,2596.3359375,2596.5234375,2596.6953125,2596.859375,2597.0234375,2597.125,2597.21875,2597.3125,2597.40625,2597.5,2597.5859375,2597.6796875,2597.765625,2597.859375,2597.9453125,2598.0390625,2598.125,2598.21875,2598.3046875,2598.390625,2598.4765625,2598.5625,2598.6484375,2598.734375,2598.8203125,2598.90625,2598.9921875,2599.078125,2599.171875,2599.2578125,2599.3515625,2599.4375,2599.53125,2599.625,2599.71875,2599.8125,2599.9140625,2600.0703125,2600.234375,2600.40625,2600.59375,2600.7578125,2600.9375,2601.53125,2601.75,2601.96875,2602.171875,2602.28125,2602.3828125,2602.484375,2602.578125,2602.671875,2602.765625,2602.859375,2602.953125,2603.046875,2603.140625,2603.234375,2603.3203125,2603.4140625,2603.5,2603.5859375,2603.671875,2603.765625,2603.8515625,2603.9375,2604.0234375,2604.109375,2604.1953125,2604.28125,2604.375,2604.5234375,2604.671875,2604.8203125,2604.9765625,2605.1328125,2605.2890625,2605.453125,2605.6171875,2605.7734375,2605.9375,2606.109375,2606.296875,2606.46875,2606.6640625,2607.3984375,2607.7109375,2607.8828125,2608.0390625,2608.1953125,2608.34375,2608.515625,2608.6875,2608.859375,2609.0234375,2609.1875,2609.3515625,2609.515625,2609.671875,2609.8359375,2610.0,2610.1640625,2610.3359375,2610.5078125,2610.6796875,2610.8515625,2611.03125,2611.203125,2611.3828125,2611.5703125,2611.765625,2611.953125,2612.1640625,2612.96875,2613.1484375,2613.3125,2613.5,2613.671875,2613.8359375,2614.0,2614.1953125,2614.3828125,2614.5703125,2614.75,2614.9296875,2615.109375,2615.2890625,2615.46875,2615.640625,2615.8125,2615.984375,2616.1640625,2616.34375,2616.5234375,2616.7109375,2616.8984375,2617.0703125,2617.25,2617.4375,2617.6328125,2617.8125,2618.015625,2618.7890625,2619.1171875,2619.296875,2619.4609375,2619.625,2619.78125,2619.96875,2620.1484375,2620.328125,2620.5,2620.671875,2620.84375,2621.015625,2621.1875,2621.3828125,2621.578125,2621.7734375,2621.9765625,2622.1796875,2622.390625,2622.609375,2622.828125,2623.046875,2623.28125,2623.53125,2623.796875,2624.078125,2624.3984375,2625.265625,2626.171875,2626.7890625,2627.0546875,2627.3046875,2627.5390625,2627.7578125,2627.984375,2628.203125,2628.4140625,2628.6171875,2628.8203125,2629.015625,2629.2109375,2629.40625,2629.5859375,2629.765625,2629.9453125,2630.125,2630.3046875,2630.4921875,2630.6796875,2630.8671875,2631.203125,2631.5703125,2631.921875,2632.8046875,2633.0546875,2633.2734375,2633.5234375,2633.7578125,2633.984375,2634.203125,2634.4609375,2634.71875,2634.96875,2635.2109375,2635.453125,2635.578125,2635.703125,2635.953125,2636.203125,2636.46875,2636.609375,2636.75,2637.0390625,2637.34375,2637.6015625,2637.890625,2638.828125,2639.171875,2639.5,2639.8046875,2640.0859375,2640.3515625,2640.6171875,2640.875,2641.0234375,2641.1796875,2641.3359375,2641.4921875,2641.6484375,2641.8125,2642.1484375,2642.4375,2642.7578125,2643.0625,2643.8125,2644.1953125,2644.390625,2644.578125,2644.7578125,2644.9296875,2645.125,2645.3203125,2645.5078125,2645.6875,2645.8671875,2646.046875,2646.2265625,2646.40625,2646.6015625,2646.796875,2646.9921875,2647.1953125,2647.390625,2647.59375,2647.8046875,2648.015625,2648.1953125,2648.3828125,2648.578125,2648.78125,2649.1640625,2650.09375,2650.3515625,2650.5859375,2650.8359375,2651.078125,2651.3125,2651.53125,2651.65625,2651.78125,2651.90625,2652.03125,2652.15625,2652.2734375,2652.3984375,2652.515625,2652.6328125,2652.75,2652.8671875,2652.984375,2653.1015625,2653.21875,2653.3359375,2653.453125,2653.5625,2653.671875,2653.78125,2653.8984375,2654.0078125,2654.125,2654.234375,2654.3515625,2654.578125,2654.8125,2655.0546875,2655.3046875,2655.5078125,2655.7265625,2655.953125,2656.1953125,2656.40625,2656.640625,2657.4296875,2657.734375,2658.0390625,2658.3203125,2658.6171875,2658.8984375,2659.171875,2659.3046875,2659.4375,2659.578125,2659.7109375,2659.8515625,2659.984375,2660.125,2660.2578125,2660.390625,2660.5234375,2660.65625,2660.7890625,2660.921875,2661.0546875,2661.1875,2661.3203125,2661.453125,2661.59375,2661.8046875,2662.015625,2662.234375,2662.453125,2662.6796875,2662.90625,2663.140625,2663.390625,2663.59375,2663.8046875,2664.0234375,2664.2578125,2664.6875,2665.7421875,2666.03125,2666.2890625,2666.5625,2666.8203125,2667.0625,2667.3046875,2667.53125,2667.7578125,2667.9765625,2668.1953125,2668.4140625,2668.6328125,2668.8515625,2669.0625,2669.28125,2669.5,2669.71875,2669.9375,2670.1640625,2670.390625,2670.625,2670.859375,2671.078125,2671.3125,2671.5546875,2671.8046875,2672.3046875,2673.265625,2673.6640625,2674.078125,2674.453125,2674.671875,2674.890625,2675.1015625,2675.3046875,2675.5078125,2675.703125,2675.8984375,2676.09375,2676.328125,2676.5625,2676.796875,2677.0390625,2677.2734375,2677.515625,2677.7578125,2678.0078125,2678.2421875,2678.4765625,2678.7265625,2678.9921875,2679.234375,2679.5078125,2680.484375,2680.8828125,2681.1015625,2681.3046875,2681.4921875,2681.6796875,2681.8984375,2682.1171875,2682.328125,2682.53125,2682.734375,2682.9296875,2683.1328125,2683.328125,2683.53125,2683.734375,2683.9375,2684.1484375,2684.3515625,2684.5625,2684.78125,2685.0,2685.1875,2685.375,2685.578125,2685.7890625,2686.1796875,2687.09375,2687.328125,2687.546875,2687.7734375,2687.9921875,2688.1953125,2688.390625,2688.6015625,2688.8125,2689.015625,2689.2109375,2689.40625,2689.6015625,2689.796875,2689.984375,2690.109375,2690.234375,2690.359375,2690.484375,2690.609375,2690.734375,2690.859375,2690.9921875,2691.1171875,2691.25,2691.375,2691.5078125,2691.640625,2691.7734375,2691.90625,2692.046875,2692.2734375,2692.5078125,2692.75,2693.0078125,2693.234375,2693.484375,2694.3359375,2694.6640625,2694.9921875,2695.2890625,2695.453125,2695.609375,2695.765625,2695.9140625,2696.0625,2696.203125,2696.3515625,2696.4921875,2696.640625,2696.7890625,2696.9375,2697.0859375,2697.234375,2697.3828125,2697.53125,2697.6796875,2697.828125,2697.9765625,2698.125,2698.2734375,2698.421875,2698.578125,2698.7265625,2698.8828125,2699.0625,2699.2421875,2699.4296875,2699.6171875,2699.8125,2700.015625,2700.2265625,2700.4453125,2700.8046875,2701.2109375,2701.609375,2702.765625,2703.140625,2703.484375,2703.875,2704.25,2704.625,2704.9921875,2705.390625,2705.7890625,2706.1875,2706.59375,2707.0078125,2707.4140625,2707.8203125,2708.21875,2708.6015625,2708.984375,2709.359375,2709.7265625,2710.0859375,2710.4453125,2710.8046875,2711.1640625,2711.4609375,2711.765625,2712.0859375,2712.4140625,2713.015625,2714.3125,2714.6171875,2714.8984375,2715.1796875,2715.4375,2715.6875,2715.921875,2716.171875,2716.4140625,2716.65625,2716.890625,2717.125,2717.3515625,2717.578125,2717.796875,2718.0546875,2718.3046875,2718.5625,2718.8203125,2719.078125,2719.34375,2719.6171875,2719.890625,2720.1171875,2720.359375,2720.609375,2720.8671875,2721.3515625,2722.46875,2722.7578125,2723.015625,2723.28125,2723.5390625,2723.78125,2724.015625,2724.25,2724.484375,2724.7109375,2724.9296875,2725.1484375,2725.3671875,2725.578125,2725.7890625,2725.921875,2726.046875,2726.171875,2726.3046875,2726.4296875,2726.5625,2726.6953125,2726.828125,2726.953125,2727.0859375,2727.21875,2727.3515625,2727.484375,2727.625,2727.7578125,2727.8984375,2728.140625,2728.3984375,2728.6640625,2728.9375,2729.1953125,2729.4765625,2730.484375,2730.890625,2731.109375,2731.3203125,2731.515625,2731.703125,2731.9296875,2732.1484375,2732.359375,2732.5703125,2732.78125,2732.984375,2733.1875,2733.390625,2733.5859375,2733.78125,2733.9765625,2734.1796875,2734.3828125,2734.5859375,2734.796875,2735.0078125,2735.203125,2735.3984375,2735.6015625,2735.8203125,2736.2421875,2737.0546875,2737.390625,2737.7421875,2738.0625,2738.25,2738.4296875,2738.609375,2738.78125,2738.953125,2739.125,2739.296875,2739.4609375,2739.625,2739.796875,2739.9609375,2740.1328125,2740.3046875,2740.4765625,2740.65625,2740.8359375,2741.1484375,2741.484375,2741.8046875,2742.5625,2742.9296875,2743.28125,2743.6015625,2743.7578125,2743.90625,2744.0546875,2744.1953125,2744.3359375,2744.4765625,2744.6171875,2744.75,2744.984375,2745.2109375,2745.4375,2745.6640625,2745.890625,2746.125,2746.359375,2746.59375,2746.8359375,2747.078125,2747.3359375,2747.6015625,2747.8671875,2748.1640625,2748.46875,2749.3359375,2749.609375,2749.859375,2750.1484375,2750.421875,2750.6796875,2750.9375,2751.25,2751.5546875,2751.859375,2752.1640625,2752.46875,2752.78125,2753.09375,2753.4140625,2753.6328125,2753.8515625,2754.0703125,2754.296875,2754.53125,2754.765625,2755.0,2755.2421875,2755.484375,2755.734375,2755.984375,2756.234375,2756.484375,2756.7265625,2756.9765625,2757.21875,2757.4375,2757.6484375,2757.859375,2758.078125,2758.2890625,2758.5078125,2758.7265625,2758.953125,2759.34375,2759.7578125,2760.15625,2761.0703125,2761.53125,2761.765625,2761.9921875,2762.203125,2762.40625,2762.65625,2762.8984375,2763.1328125,2763.359375,2763.5859375,2763.8046875,2764.03125,2764.25,2764.4140625,2764.5859375,2764.7578125,2764.9296875,2765.1015625,2765.28125,2765.4609375,2765.6484375,2765.8203125,2765.9921875,2766.1796875,2766.375,2766.7578125,2767.5,2767.8046875,2768.125,2768.421875,2768.59375,2768.7578125,2768.921875,2769.078125,2769.234375,2769.390625,2769.546875,2769.703125,2769.8515625,2770.0078125,2770.1640625,2770.3203125,2770.4765625,2770.640625,2770.8046875,2770.9765625,2771.265625,2771.578125,2771.875,2772.5859375,2772.9453125,2773.296875,2773.6171875,2773.78125,2773.9453125,2774.1015625,2774.2578125,2774.4140625,2774.5625,2774.71875,2774.8671875,2775.0078125,2775.1484375,2775.2890625,2775.4296875,2775.5703125,2775.71875,2776.015625,2776.28125,2776.5703125,2776.8515625,2777.5078125,2777.8515625,2778.03125,2778.1953125,2778.3515625,2778.5,2778.671875,2778.84375,2779.0078125,2779.1640625,2779.3203125,2779.4765625,2779.6328125,2779.78125,2779.890625,2780.0,2780.109375,2780.2109375,2780.3125,2780.421875,2780.53125,2780.640625,2780.75,2780.859375,2780.96875,2781.078125,2781.1875,2781.3046875,2781.4140625,2781.53125,2781.71875,2781.9140625,2782.1171875,2782.3359375,2782.5234375,2782.734375,2783.4296875,2783.6875,2783.9375,2784.1640625,2784.3984375,2784.625,2784.8359375,2785.046875,2785.2578125,2785.4609375,2785.6640625,2785.859375,2786.0546875,2786.2578125,2786.453125,2786.65625,2786.7890625,2786.921875,2787.0546875,2787.1953125,2787.3359375,2787.4765625,2787.625,2787.7734375,2788.046875,2788.3515625,2788.65625,2789.5234375,2789.796875,2790.0390625,2790.3203125,2790.59375,2790.859375,2791.1171875,2791.3828125,2791.6484375,2791.921875,2792.2109375,2792.4609375,2792.734375,2793.0,2793.6328125,2793.9609375,2794.1328125,2794.2890625,2794.4375,2794.5859375,2794.7578125,2794.921875,2795.078125,2795.234375,2795.390625,2795.5390625,2795.6875,2795.8359375,2796.0078125,2796.1796875,2796.3515625,2796.53125,2796.703125,2796.8828125,2797.0625,2797.25,2797.40625,2797.5703125,2797.7421875,2797.921875,2798.2578125,2799.0546875,2799.2734375,2799.46875,2799.6796875,2799.8828125,2800.0703125,2800.2578125,2800.3671875,2800.46875,2800.578125,2800.6796875,2800.78125,2800.8828125,2800.984375,2801.078125,2801.1796875,2801.2734375,2801.375,2801.46875,2801.5703125,2801.6640625,2801.7578125,2801.8515625,2802.0078125,2802.171875,2802.3359375,2802.5,2802.6640625,2802.8359375,2803.0078125,2803.1796875,2803.359375,2803.5390625,2803.7265625,2803.9296875,2804.125,2804.34375,2805.171875,2805.359375,2805.53125,2805.7265625,2805.90625,2806.078125,2806.25,2806.453125,2806.65625,2806.8515625,2807.0390625,2807.234375,2807.421875,2807.609375,2807.796875,2807.984375,2808.171875,2808.359375,2808.546875,2808.7421875,2808.9453125,2809.1484375,2809.359375,2809.53125,2809.7109375,2809.8984375,2810.1015625,2810.4765625,2811.15625,2811.4375,2811.71875,2811.9765625,2812.2578125,2812.5234375,2812.7890625,2813.046875,2813.296875,2813.5546875,2813.8125,2814.078125,2814.34375,2814.625,2814.9140625,2815.2265625,2815.5390625,2815.875,2816.2578125,2816.703125,2817.2734375,2817.796875,2818.2265625,2818.59375,2818.875,2819.1328125,2819.3828125,2819.6171875,2819.84375,2820.0703125,2820.2890625,2820.5,2820.6953125,2820.8828125,2821.078125,2821.265625,2821.453125,2821.6484375,2821.84375,2822.046875,2822.21875,2822.390625,2822.7578125,2823.109375,2823.9140625,2824.3125,2824.515625,2824.703125,2824.8828125,2825.0546875,2825.25,2825.4375,2825.625,2825.8046875,2825.984375,2826.15625,2826.3359375,2826.5078125,2826.6953125,2826.8828125,2827.0703125,2827.265625,2827.4609375,2827.65625,2827.859375,2828.0625,2828.234375,2828.40625,2828.59375,2828.7890625,2829.1484375,2830.0,2830.21875,2830.421875,2830.6328125,2830.828125,2831.015625,2831.203125,2831.3828125,2831.5625,2831.7421875,2831.9140625,2832.0859375,2832.2578125,2832.4296875,2832.59375,2832.7734375,2832.9609375,2833.140625,2833.328125,2833.515625,2833.703125,2833.8984375,2834.1015625,2834.2890625,2834.484375,2834.6875,2834.8984375,2835.1015625,2835.328125,2836.203125,2836.578125,2836.7890625,2836.984375,2837.171875,2837.3515625,2837.5703125,2837.78125,2837.9921875,2838.203125,2838.4140625,2838.625,2838.8359375,2839.046875,2839.2265625,2839.4140625,2839.609375,2839.8046875,2840.0078125,2840.21875,2840.4375,2840.671875,2840.8984375,2841.15625,2842.359375,2842.9921875,2843.625,2844.890625,2845.1796875,2845.4375,2845.765625,2846.0703125,2846.359375,2846.640625,2846.921875,2847.203125,2847.484375,2847.7578125,2848.03125,2848.3125,2848.6015625,2848.890625,2849.1328125,2849.390625,2849.65625,2849.9375,2850.1875,2850.46875,2851.5546875,2852.0546875,2852.59375,2853.125,2853.5703125,2854.0625,2855.7109375,2857.1640625,2857.609375,2857.984375,2858.3203125,2858.4765625,2858.6328125,2858.78125,2858.921875,2859.0625,2859.203125,2859.34375,2859.4765625,2859.609375,2859.734375,2859.875,2860.015625,2860.15625,2860.2890625,2860.4296875,2860.5625,2860.6953125,2860.828125,2860.9609375,2861.09375,2861.2265625,2861.359375,2861.4921875,2861.625,2861.7578125,2861.8984375,2862.0078125,2862.125,2862.2421875,2862.359375,2862.4765625,2862.6015625,2862.859375,2863.078125,2863.3203125,2863.5546875,2864.1015625,2864.3671875,2864.625,2864.859375,2864.9765625,2865.09375,2865.2109375,2865.3203125,2865.4296875,2865.53125,2865.640625,2865.7421875,2865.84375,2865.9453125,2866.046875,2866.1484375,2866.25,2866.3515625,2866.453125,2866.546875,2866.6484375,2866.7421875,2866.8359375,2866.9296875,2867.03125,2867.125,2867.21875,2867.3125,2867.40625,2867.5078125,2867.609375,2867.7109375,2867.8125,2867.9140625,2868.015625,2868.1171875,2868.21875,2868.328125,2868.4296875,2868.5390625,2868.6484375,2868.7578125,2868.8671875,2868.9765625,2869.1640625,2869.3515625,2869.546875,2869.7578125,2869.9453125,2870.1484375,2870.84375,2871.1015625,2871.359375,2871.59375,2871.71875,2871.84375,2871.9609375,2872.078125,2872.1953125,2872.3046875,2872.421875,2872.53125,2872.6484375,2872.7578125,2872.875,2872.984375,2873.1015625,2873.2109375,2873.3203125,2873.4296875,2873.5390625,2873.6484375,2873.7578125,2873.8671875,2873.9765625,2874.0859375,2874.1953125,2874.3125,2874.3984375,2874.4921875,2874.578125,2874.671875,2874.765625,2874.859375,2874.953125,2875.046875,2875.140625,2875.2421875,2875.3359375,2875.4375,2875.640625,2875.8515625,2876.0234375,2876.203125,2876.390625,2876.59375,2876.7734375,2876.96875,2877.65625,2877.9296875,2878.21875,2878.4765625,2878.7578125,2879.0234375,2879.28125,2879.4140625,2879.5390625,2879.7890625,2880.0390625,2880.2890625,2880.5390625,2880.796875,2881.0625,2881.3359375,2881.6171875,2881.7890625,2881.9609375,2882.3359375,2882.75,2883.25,2884.640625,2886.1171875,2886.703125,2887.078125,2887.421875,2887.7578125,2888.078125,2888.453125,2888.8203125,2889.1953125,2889.5859375,2889.953125,2890.3515625,2891.96875,2892.359375,2892.7265625,2893.15625,2893.578125,2894.0078125,2894.46875,2895.28125,2896.421875,2897.3359375,2897.6796875,2897.984375,2898.2421875,2898.4765625,2898.703125,2898.9140625,2899.1171875,2899.3203125,2899.5078125,2899.6953125,2899.9921875,2900.140625,2900.28125,2900.421875,2900.5625,2900.703125,2900.84375,2900.984375,2901.1171875,2901.2578125,2901.390625,2901.5234375,2901.6640625,2901.796875,2901.9375,2902.1953125,2902.4609375,2902.734375,2903.015625,2903.2734375,2903.5625,2903.84375,2904.546875,2904.9375,2905.1484375,2905.34375,2905.53125,2905.7109375,2905.9296875,2906.140625,2906.34375,2906.546875,2906.75,2906.9453125,2907.140625,2907.3359375,2907.515625,2907.6953125,2907.875,2908.0625,2908.25,2908.4375,2908.625,2908.8203125,2909.0,2909.1875,2909.3828125,2909.5859375,2909.7734375,2909.984375,2910.7578125,2911.0703125,2911.3984375,2911.5546875,2911.703125,2911.8828125,2912.0546875,2912.21875,2912.3828125,2912.546875,2912.703125,2912.859375,2913.015625,2913.1875,2913.359375,2913.53125,2913.7109375,2913.890625,2914.0703125,2914.25,2914.4375,2914.625,2914.8203125,2915.0234375,2915.234375,2915.4375,2915.6640625,2916.515625,2916.8828125,2917.078125,2917.265625,2917.4453125,2917.6171875,2917.828125,2918.03125,2918.234375,2918.4296875,2918.625,2918.8203125,2919.0078125,2919.203125,2919.359375,2919.515625,2919.671875,2919.828125,2919.9921875,2920.15625,2920.3203125,2920.4921875,2920.6484375,2920.8125,2920.984375,2921.171875,2921.53125,2922.2421875,2922.546875,2922.859375,2923.1484375,2923.3203125,2923.484375,2923.6484375,2923.8046875,2923.9609375,2924.1171875,2924.2734375,2924.421875,2924.5859375,2924.7578125,2924.9296875,2925.1015625,2925.2734375,2925.453125,2925.6328125,2925.8125,2925.984375,2926.1640625,2926.3515625,2926.5546875,2926.953125,2927.7421875,2928.078125,2928.4375,2928.7578125,2928.9453125,2929.1328125,2929.3125,2929.4921875,2929.671875,2929.84375,2930.0234375,2930.1953125,2930.3671875,2930.546875,2930.71875,2930.8984375,2931.078125,2931.2578125,2931.4453125,2931.640625,2931.96875,2932.3359375,2932.6796875,2933.5078125,2933.9375,2934.15625,2934.359375,2934.5546875,2934.75,2934.953125,2935.1484375,2935.34375,2935.53125,2935.71875,2935.90625,2936.09375,2936.2734375,2936.515625,2936.7578125,2937.0,2937.2421875,2937.484375,2937.734375,2937.984375,2938.234375,2938.5,2938.78125,2939.0703125,2939.375,2939.671875,2939.9921875,2940.3203125,2941.1875,2941.4453125,2941.6796875,2941.953125,2942.203125,2942.4453125,2942.671875,2942.953125,2943.2265625,2943.4921875,2943.75,2943.8828125,2944.0078125,2944.2578125,2944.390625,2944.515625,2944.765625,2944.9375,2945.1171875,2945.296875,2945.4765625,2945.65625,2945.84375,2946.03125,2946.2265625,2946.4140625,2946.6015625,2946.8046875,2947.015625,2947.4296875,2948.234375,2948.5625,2948.9140625,2949.2265625,2949.4140625,2949.59375,2949.765625,2949.9375,2950.109375,2950.2734375,2950.4453125,2950.609375,2950.78125,2950.953125,2951.125,2951.3046875,2951.4765625,2951.65625,2951.8359375,2952.0234375,2952.1796875,2952.34375,2952.6875,2953.015625,2953.8046875,2954.0078125,2954.1953125,2954.390625,2954.578125,2954.7578125,2954.9296875,2955.125,2955.3125,2955.4921875,2955.671875,2955.8515625,2956.0234375,2956.1953125,2956.3671875,2956.5546875,2956.7421875,2956.9296875,2957.125,2957.3203125,2957.515625,2957.71875,2957.921875,2958.09375,2958.2734375,2958.4609375,2958.65625,2958.828125,2959.0234375,2959.65625,2959.8984375,2960.1328125,2960.34375,2960.5703125,2960.7890625,2960.9921875,2961.1953125,2961.3125,2961.421875,2961.53125,2961.640625,2961.75,2961.8515625,2961.9609375,2962.0625,2962.171875,2962.2734375,2962.375,2962.4765625,2962.5859375,2962.6875,2962.7890625,2962.890625,2962.984375,2963.078125,2963.171875,2963.2734375,2963.3671875,2963.46875,2963.5625,2963.6640625,2963.765625,2963.8671875,2963.96875,2964.0703125,2964.171875,2964.28125,2964.3828125,2964.4921875,2964.6796875,2964.875,2965.078125,2965.2890625,2965.484375,2965.703125,2966.5,2966.8359375,2967.015625,2967.1796875,2967.34375,2967.5,2967.6875,2967.8671875,2968.046875,2968.21875,2968.390625,2968.5625,2968.734375,2968.90625,2969.0625,2969.21875,2969.375,2969.5390625,2969.703125,2969.875,2970.046875,2970.21875,2970.375,2970.5390625,2970.7109375,2970.8984375,2971.265625,2971.984375,2972.2890625,2972.609375,2972.8984375,2973.0703125,2973.234375,2973.3984375,2973.5625,2973.71875,2973.875,2974.03125,2974.1875,2974.3359375,2974.4921875,2974.6484375,2974.8046875,2974.9609375,2975.125,2975.2890625,2975.4609375,2975.75,2976.0625,2976.3671875,2977.078125,2977.4453125,2977.796875,2977.9609375,2978.1171875,2978.28125,2978.4375,2978.59375,2978.7421875,2978.890625,2979.0390625,2979.1875,2979.328125,2979.5390625,2979.7421875,2979.953125,2980.1640625,2980.375,2980.59375,2980.8125,2981.03125,2981.2421875,2981.4609375,2981.6953125,2981.9375,2982.171875,2982.4296875,2983.4140625,2983.8359375,2984.0625,2984.28125,2984.484375,2984.6875,2984.9296875,2985.1640625,2985.390625,2985.6171875,2985.84375,2986.0625,2986.28125,2986.5,2986.71875,2986.9453125,2987.171875,2987.3984375,2987.625,2987.859375,2988.1015625,2988.3515625,2988.5546875,2988.7734375,2989.0,2989.2421875,2989.6875,2990.7578125,2991.0390625,2991.296875,2991.5703125,2991.828125,2992.078125,2992.3125,2992.5625,2992.8125,2993.0546875,2993.2890625,2993.5234375,2993.7578125,2993.9921875,2994.21875,2994.4296875,2994.640625,2994.8515625,2995.0703125,2995.2890625,2995.5078125,2995.734375,2995.9609375,2996.15625,2996.3515625,2996.5625,2996.78125,2997.1875,2998.1171875,2998.359375,2998.578125,2998.8046875,2999.015625,2999.21875,2999.421875,2999.625,2999.8203125,3000.015625,3000.203125,3000.390625,3000.578125,3000.765625,3000.9453125,3001.140625,3001.3359375,3001.53125,3001.734375,3001.9296875,3002.1328125,3002.34375,3002.5546875,3002.734375,3002.9140625,3003.109375,3003.3125,3003.4921875,3003.6875,3004.5703125,3004.796875,3005.0078125,3005.21875,3005.421875,3005.6171875,3005.8046875,3005.9921875,3006.1796875,3006.359375,3006.5390625,3006.71875,3006.890625,3007.0625,3007.234375,3007.3671875,3007.4921875,3007.6171875,3007.7421875,3007.8671875,3007.9921875,3008.1171875,3008.25,3008.375,3008.5078125,3008.640625,3008.7734375,3008.90625,3009.0390625,3009.1796875,3009.3203125,3009.4296875,3009.546875,3009.78125,3010.0234375,3010.2890625,3010.5234375,3010.78125,3011.6875,3012.0625,3012.2578125,3012.4375,3012.6171875,3012.7890625,3012.984375,3013.171875,3013.359375,3013.546875,3013.7265625,3013.90625,3014.0859375,3014.265625,3014.453125,3014.640625,3014.828125,3015.015625,3015.203125,3015.3984375,3015.5859375,3015.78125,3015.9765625,3016.1796875,3016.3828125,3016.5859375,3016.7890625,3017.0,3017.2109375,3017.421875,3017.6484375,3017.875,3018.1015625,3018.3203125,3018.546875,3018.765625,3018.984375,3019.1953125,3019.40625,3019.6171875,3019.828125,3020.03125,3020.234375,3020.4375,3020.640625,3020.84375,3021.0234375,3021.2109375,3021.390625,3021.578125,3021.765625,3021.9609375,3022.15625,3022.3515625,3022.5234375,3022.703125,3022.890625,3023.0859375,3023.453125,3024.359375,3024.609375,3024.8359375,3025.09375,3025.328125,3025.5546875,3025.7734375,3025.9140625,3026.046875,3026.1796875,3026.3046875,3026.4296875,3026.5546875,3026.6796875,3026.8046875,3026.9296875,3027.0546875,3027.1796875,3027.296875,3027.421875,3027.5390625,3027.65625,3027.78125,3027.9375,3028.09375,3028.25,3028.4140625,3028.578125,3028.7421875,3028.9140625,3029.0859375,3029.265625,3029.4453125,3029.6328125,3029.8359375,3030.03125,3030.2421875,3031.0703125,3031.421875,3031.6171875,3031.796875,3031.96875,3032.140625,3032.34375,3032.5390625,3032.734375,3032.921875,3033.109375,3033.296875,3033.484375,3033.6640625,3033.859375,3034.0546875,3034.25,3034.4453125,3034.6484375,3034.8515625,3035.0625,3035.28125,3035.4609375,3035.640625,3035.8359375,3036.046875,3036.4296875,3037.3984375,3037.671875,3037.9296875,3038.203125,3038.4609375,3038.7109375,3038.9609375,3039.203125,3039.4375,3039.671875,3039.9140625,3040.15625,3040.40625,3040.6640625,3040.9296875,3041.171875,3041.4296875,3041.703125,3042.0078125,3042.4765625,3043.796875,3045.1171875,3045.609375,3046.03125,3046.421875,3046.7890625,3047.140625,3047.4921875,3047.84375,3048.2109375,3048.5234375,3048.859375,3049.90625,3050.2578125,3050.59375,3050.8984375,3051.1953125,3051.484375,3051.765625,3052.046875,3052.3046875,3052.5703125,3052.8359375,3053.1171875,3053.359375,3053.625,3054.7421875,3055.015625,3055.265625,3055.5234375,3055.7734375,3056.015625,3056.2421875,3056.375,3056.5078125,3056.640625,3056.7734375,3056.90625,3057.03125,3057.15625,3057.28125,3057.40625,3057.53125,3057.65625,3057.7890625,3057.9140625,3058.046875,3058.171875,3058.3046875,3058.5234375,3058.7421875,3058.9765625,3059.21875,3059.4296875,3059.6640625,3060.421875,3060.6875,3060.9453125,3061.1796875,3061.421875,3061.6484375,3061.8671875,3062.078125,3062.1875,3062.2890625,3062.4921875,3062.59375,3062.6953125,3062.796875,3062.8984375,3063.0,3063.1015625,3063.203125,3063.296875,3063.390625,3063.4921875,3063.5859375,3063.6875,3063.8359375,3063.9921875,3064.140625,3064.296875,3064.453125,3064.609375,3064.7734375,3064.9375,3065.1015625,3065.265625,3065.4453125,3065.6328125,3065.8125,3066.0078125,3066.75,3067.0703125,3067.2421875,3067.40625,3067.5625,3067.7109375,3067.890625,3068.0703125,3068.2421875,3068.40625,3068.5703125,3068.734375,3068.8984375,3069.0625,3069.2578125,3069.453125,3069.6484375,3069.8515625,3070.0546875,3070.2578125,3070.46875,3070.6875,3070.8671875,3071.0546875,3071.25,3071.453125,3071.828125,3072.7421875,3072.9921875,3073.21875,3073.453125,3073.671875,3073.8828125,3074.09375,3074.2890625,3074.484375,3074.671875,3074.859375,3075.046875,3075.234375,3075.421875,3075.6171875,3075.8125,3076.0078125,3076.203125,3076.40625,3076.609375,3076.8203125,3077.0390625,3077.265625,3077.4453125,3077.640625,3078.0546875,3078.4609375,3079.609375,3079.9765625,3080.3125,3080.6875,3081.0546875,3081.421875,3081.7890625,3082.1640625,3082.5390625,3082.921875,3083.3125,3083.703125,3084.09375,3084.4765625,3084.84375,3085.1484375,3085.453125,3085.75,3086.046875,3086.3359375,3086.6171875,3086.90625,3087.1953125,3087.453125,3087.7109375,3087.9765625,3088.2578125,3088.7734375,3089.6796875,3090.0234375,3090.3671875,3090.6796875,3091.0390625,3091.3828125,3091.7109375,3092.03125,3092.203125,3092.3671875,3092.5390625,3092.7109375,3092.8828125,3093.0546875,3093.234375,3093.4140625,3093.7265625,3094.0625,3094.3828125,3095.125,3095.5,3095.859375,3096.1875,3096.359375,3096.5234375,3096.6875,3096.84375,3097.0,3097.15625,3097.3125,3097.46875,3097.625,3097.7890625,3097.9453125,3098.109375,3098.2734375,3098.4453125,3098.6171875,3098.7890625,3099.0859375,3099.4140625,3099.7265625,3100.4453125,3100.8046875,3100.984375,3101.1484375,3101.3125,3101.46875,3101.6328125,3101.7890625,3101.9453125,3102.09375,3102.2421875,3102.390625,3102.5390625,3102.6796875,3102.8515625,3103.0234375,3103.1953125,3103.3671875,3103.5390625,3103.71875,3103.8984375,3104.0859375,3104.2421875,3104.3984375,3104.5625,3104.7421875,3105.0703125,3105.8125,3106.0,3106.171875,3106.34375,3106.5078125,3106.6640625,3106.8125,3106.9609375,3107.1015625,3107.2421875,3107.375,3107.5078125,3107.640625,3107.7734375,3107.90625,3108.0234375,3108.140625,3108.2578125,3108.3671875,3108.484375,3108.59375,3108.703125,3108.8203125,3108.9296875,3109.046875,3109.15625,3109.2734375,3109.390625,3109.5078125,3109.625,3109.7421875,3109.8515625,3109.96875,3110.078125,3110.1953125,3110.3125,3110.4296875,3110.5546875,3110.6796875,3110.9140625,3111.171875,3111.4375,3112.140625,3112.3515625,3112.546875,3112.765625,3112.96875,3113.1640625,3113.359375,3113.4765625,3113.5859375,3113.703125,3113.8125,3113.921875,3114.03125,3114.140625,3114.25,3114.359375,3114.46875,3114.578125,3114.6796875,3114.7890625,3114.8984375,3115.0078125,3115.1171875,3115.265625,3115.4140625,3115.5625,3115.71875,3115.875,3116.03125,3116.1953125,3116.3671875,3116.515625,3116.671875,3116.8359375,3117.015625,3117.3671875,3118.0625,3118.359375,3118.671875,3118.9609375,3119.125,3119.2890625,3119.453125,3119.609375,3119.765625,3119.921875,3120.078125,3120.234375,3120.375,3120.515625,3120.65625,3120.8046875,3120.953125,3121.1015625,3121.25,3121.40625,3121.7109375,3122.0390625,3122.3828125,3123.0546875,3123.34375,3123.6484375,3123.921875,3124.2421875,3124.3984375,3124.546875,3124.6953125,3124.84375,3124.9921875,3125.1328125,3125.28125,3125.4375,3125.59375,3125.75,3125.90625,3126.0703125,3126.234375,3126.3984375,3126.7109375,3127.0546875,3127.3984375,3128.3515625,3128.6484375,3128.9140625,3129.2265625,3129.5234375,3129.8125,3130.1015625,3130.390625,3130.6796875,3130.9765625,3131.2890625,3131.5546875,3131.8515625,3132.765625,3133.078125,3133.375,3133.6484375,3133.90625,3134.1484375,3134.3828125,3134.609375,3134.8125,3135.015625,3135.21875,3135.4140625,3135.609375,3135.8125,3136.015625,3136.21875,3136.4296875,3136.640625,3136.8671875,3137.1015625,3137.328125,3137.5703125,3138.484375,3138.8671875,3139.078125,3139.2734375,3139.4609375,3139.640625,3139.859375,3140.0703125,3140.28125,3140.484375,3140.6875,3140.890625,3141.09375,3141.2890625,3141.484375,3141.6875,3141.8828125,3142.0859375,3142.2890625,3142.5,3142.7109375,3142.9296875,3143.1171875,3143.3046875,3143.5078125,3143.71875,3144.1171875,3145.15625,3145.453125,3145.7265625,3146.03125,3146.3203125,3146.59375,3146.8671875,3147.1640625,3147.3125,3147.4609375,3147.609375,3147.7578125,3147.90625,3148.0546875,3148.203125,3148.3515625,3148.5,3148.6484375,3148.9453125,3149.25,3149.5078125,3149.7734375,3150.046875,3150.3203125,3150.6015625,3150.8984375,3151.203125,3151.515625,3151.78125,3152.0625,3152.3515625,3152.6640625,3153.2421875,3154.5546875,3154.8828125,3155.1796875,3155.4921875,3155.78125,3156.0546875,3156.3203125,3156.6015625,3156.8671875,3157.1328125,3157.390625,3157.6484375,3157.8984375,3158.1484375,3158.390625,3158.640625,3158.8828125,3159.125,3159.375,3159.625,3159.8828125,3160.140625,3160.40625,3160.625,3160.859375,3161.1015625,3161.3515625,3161.8203125,3162.96875,3163.28125,3163.5703125,3163.8828125,3164.171875,3164.4609375,3164.734375,3165.03125,3165.3203125,3165.609375,3165.890625,3166.171875,3166.4609375,3166.75,3167.0390625,3167.1953125,3167.3515625,3167.5078125,3167.6640625,3167.8203125,3167.984375,3168.1484375,3168.3125,3168.4765625,3168.6484375,3168.984375,3169.3359375,3169.6875,3169.890625,3170.09375,3170.296875,3170.5078125,3170.71875,3170.9296875,3171.1484375,3171.375,3171.7890625,3172.234375,3172.671875,3173.6875,3173.9609375,3174.203125,3174.4765625,3174.734375,3174.9765625,3175.2109375,3175.359375,3175.5078125,3175.6484375,3175.7890625,3175.9296875,3176.0625,3176.1953125,3176.3203125,3176.453125,3176.578125,3176.703125,3176.828125,3176.953125,3177.078125,3177.203125,3177.3203125,3177.4375,3177.5546875,3177.671875,3177.78125,3177.890625,3178.0078125,3178.125,3178.2421875,3178.3515625,3178.46875,3178.5859375,3178.703125,3178.8203125,3178.9375,3179.0546875,3179.171875,3179.2890625,3179.4140625,3179.53125,3179.65625,3179.78125,3179.9140625,3180.1796875,3180.4375,3180.71875,3181.0078125,3181.765625,3181.9921875,3182.203125,3182.4375,3182.6640625,3182.875,3183.0859375,3183.2109375,3183.3359375,3183.4609375,3183.578125,3183.703125,3183.8203125,3183.9375,3184.0546875,3184.171875,3184.2890625,3184.40625,3184.5234375,3184.640625,3184.7578125,3184.875,3184.9921875,3185.1328125,3185.2734375,3185.4140625,3185.5625,3185.7109375,3185.859375,3186.0078125,3186.1640625,3186.328125,3186.4921875,3186.6640625,3186.8515625,3187.03125,3187.234375,3188.0078125,3188.3359375,3188.515625,3188.6875,3188.84375,3189.0,3189.1875,3189.375,3189.5546875,3189.7265625,3189.8984375,3190.0703125,3190.2421875,3190.4140625,3190.578125,3190.75,3190.921875,3191.09375,3191.265625,3191.4453125,3191.6328125,3191.8203125,3191.9765625,3192.140625,3192.3125,3192.4921875,3192.828125,3193.6328125,3193.8515625,3194.0546875,3194.265625,3194.46875,3194.65625,3194.84375,3195.0390625,3195.234375,3195.421875,3195.609375,3195.796875,3195.984375,3196.1640625,3196.3515625,3196.5,3196.65625,3196.8046875,3196.9609375,3197.1171875,3197.2734375,3197.4375,3197.609375,3197.8984375,3198.21875,3198.5234375,3199.2578125,3199.640625,3199.8359375,3200.0234375,3200.1953125,3200.3671875,3200.546875,3200.71875,3200.890625,3201.0625,3201.234375,3201.3984375,3201.5703125,3201.734375,3201.90625,3202.078125,3202.25,3202.4296875,3202.609375,3202.7890625,3202.9765625,3203.1640625,3203.3203125,3203.484375,3203.65625,3203.84375,3204.1875,3205.0078125,3205.234375,3205.4375,3205.65625,3205.859375,3206.0546875,3206.25,3206.453125,3206.6484375,3206.84375,3207.0390625,3207.234375,3207.421875,3207.609375,3207.8046875,3207.9453125,3208.0859375,3208.2265625,3208.375,3208.5234375,3208.671875,3208.828125,3208.984375,3209.140625,3209.3046875,3209.6484375,3210.015625,3210.7421875,3211.0546875,3211.3828125,3211.6875,3211.8671875,3212.0390625,3212.2109375,3212.375,3212.5390625,3212.703125,3212.8671875,3213.0234375,3213.1796875,3213.34375,3213.5078125,3213.671875,3213.8359375,3214.0,3214.171875,3214.3515625,3214.65625,3214.984375,3215.3046875,3216.0546875,3216.4453125,3216.640625,3216.828125,3217.0,3217.171875,3217.3515625,3217.5234375,3217.6953125,3217.8671875,3218.0390625,3218.203125,3218.375,3218.5390625,3218.6875,3218.8359375,3218.984375,3219.140625,3219.296875,3219.453125,3219.609375,3219.7734375,3220.0546875,3220.3671875,3220.671875,3221.390625,3221.7578125,3221.953125,3222.1328125,3222.3046875,3222.46875,3222.65625,3222.84375,3223.0234375,3223.1953125,3223.3671875,3223.5390625,3223.7109375,3223.875,3223.9921875,3224.109375,3224.2265625,3224.34375,3224.4609375,3224.578125,3224.6953125,3224.8125,3224.9296875,3225.046875,3225.1640625,3225.28125,3225.3984375,3225.5234375,3225.640625,3225.765625,3225.8828125,3226.0078125,3226.1328125,3226.2578125,3226.3828125,3226.515625,3226.6484375,3226.7890625,3227.046875,3227.3359375,3227.625,3228.4140625,3228.6484375,3228.8671875,3229.109375,3229.34375,3229.5703125,3229.78125,3229.9140625,3230.0390625,3230.1640625,3230.2890625,3230.4140625,3230.5390625,3230.6640625,3230.78125,3230.90625,3231.0234375,3231.1484375,3231.265625,3231.3828125,3231.5,3231.6171875,3231.7421875,3231.8515625,3231.9609375,3232.0703125,3232.1875,3232.296875,3232.4140625,3232.5234375,3232.640625,3232.7578125,3232.875,3232.9921875,3233.109375,3233.2265625,3233.3515625,3233.4765625,3233.6015625,3233.8125,3234.03125,3234.2578125,3234.5078125,3234.7265625,3234.9765625,3235.9296875,3236.34375,3236.5703125,3236.78125,3236.984375,3237.1796875,3237.4140625,3237.640625,3237.8671875,3238.0859375,3238.3125,3238.5390625,3238.765625,3239.0,3239.2265625,3239.453125,3239.6875,3239.9375,3240.1953125,3240.4609375,3240.75,3241.0625,3241.8828125,3243.75,3244.34375,3244.734375,3245.0859375,3245.4140625,3245.71875,3246.09375,3246.4453125,3246.7890625,3247.125,3247.4609375,3247.7890625,3248.125,3248.4609375,3248.7421875,3249.03125,3249.328125,3249.6484375,3249.9296875,3250.234375,3251.3125,3251.7421875,3252.1875,3252.6015625,3252.8359375,3253.0625,3253.2890625,3253.5078125,3253.7265625,3253.953125,3254.171875,3254.3984375,3254.703125,3255.0234375,3255.3515625,3255.703125,3256.0,3256.328125,3257.4765625,3257.9453125,3258.421875,3258.8828125,3259.2578125,3259.65625,3261.171875,3261.484375,3261.7734375,3262.1328125,3262.4609375,3262.78125,3263.0859375,3263.28125,3263.4765625,3263.671875,3263.859375,3264.046875,3264.234375,3264.421875,3264.6015625,3264.78125,3264.96875,3265.15625,3265.34375,3265.53125,3265.71875,3265.90625,3266.1015625,3266.4140625,3266.7421875,3267.078125,3267.4375,3267.75,3268.09375,3269.25,3269.6875,3270.1171875,3270.515625,3270.7265625,3270.9296875,3271.125,3271.3203125,3271.515625,3271.703125,3271.890625,3272.0703125,3272.2578125,3272.4375,3272.6171875,3272.796875,3272.9765625,3273.15625,3273.3359375,3273.515625,3273.6953125,3273.875,3274.0546875,3274.2421875,3274.421875,3274.609375,3274.796875,3274.984375,3275.21875,3275.4609375,3275.7109375,3275.9609375,3276.21875,3276.4921875,3276.7734375,3277.0703125,3277.3828125,3277.7265625,3279.3359375,3279.7578125,3280.1640625,3280.5625,3280.984375,3282.5546875,3282.890625,3283.1953125,3283.5703125,3283.921875,3284.2578125,3284.578125,3284.8359375,3285.0859375,3285.3359375,3285.5859375,3285.828125,3286.078125,3286.328125,3286.5859375,3286.8046875,3287.0234375,3287.2578125,3287.5,3287.9453125,3288.984375,3289.2578125,3289.5078125,3289.7734375,3290.0234375,3290.265625,3290.4921875,3290.6328125,3290.765625,3290.8984375,3291.03125,3291.1640625,3291.2890625,3291.421875,3291.546875,3291.671875,3291.796875,3291.921875,3292.046875,3292.171875,3292.296875,3292.421875,3292.546875,3292.734375,3292.921875,3293.109375,3293.3046875,3293.5,3293.6953125,3293.8984375,3294.109375,3294.2890625,3294.4765625,3294.671875,3294.875,3295.265625,3296.0078125,3296.3046875,3296.6171875,3296.90625,3297.2265625,3297.3828125,3297.5390625,3297.6953125,3297.84375,3297.9921875,3298.140625,3298.421875,3298.7109375,3299.0078125,3299.3203125,3299.5859375,3299.8828125,3300.84375,3301.1953125,3301.546875,3301.859375,3302.03125,3302.203125,3302.3671875,3302.53125,3302.6875,3302.84375,3303.0,3303.15625,3303.3359375,3303.5078125,3303.6875,3303.8671875,3304.046875,3304.2265625,3304.4140625,3304.6015625,3304.765625,3304.9296875,3305.1015625,3305.2890625,3305.625,3306.4375,3306.65625,3306.8515625,3307.0625,3307.265625,3307.453125,3307.640625,3307.8515625,3308.0546875,3308.25,3308.4453125,3308.640625,3308.828125,3309.0234375,3309.2109375,3309.3828125,3309.5625,3309.7421875,3309.921875,3310.1015625,3310.2890625,3310.4765625,3310.6640625,3310.84375,3311.03125,3311.2265625,3311.4296875,3311.625,3311.8359375,3312.6328125,3312.96875,3313.1484375,3313.3203125,3313.484375,3313.640625,3313.828125,3314.015625,3314.1953125,3314.3671875,3314.5390625,3314.7109375,3314.8828125,3315.0546875,3315.21875,3315.390625,3315.5625,3315.734375,3315.90625,3316.0859375,3316.265625,3316.453125,3316.609375,3316.765625,3316.9375,3317.1171875,3317.453125,3318.2578125,3318.4765625,3318.671875,3318.8828125,3319.078125,3319.265625,3319.453125,3319.6484375,3319.8359375,3320.0234375,3320.2109375,3320.3984375,3320.578125,3320.7578125,3320.9375,3321.0859375,3321.2421875,3321.3984375,3321.5546875,3321.7109375,3321.875,3322.0390625,3322.2109375,3322.5,3322.8203125,3323.125,3323.875,3324.078125,3324.2578125,3324.4609375,3324.6484375,3324.828125,3325.0,3325.1875,3325.375,3325.5546875,3325.734375,3325.9140625,3326.0859375,3326.2578125,3326.4296875,3326.625,3326.828125,3327.03125,3327.234375,3327.4375,3327.6484375,3327.8671875,3328.0859375,3328.2734375,3328.4609375,3328.65625,3328.8671875,3329.2578125,3329.9609375,3330.2265625,3330.5,3330.7421875,3331.0078125,3331.2578125,3331.5,3331.734375,3331.9765625,3332.21875,3332.34375,3332.4609375,3332.6953125,3332.9296875,3333.046875,3333.171875,3333.4140625,3333.5390625,3333.6640625,3333.8515625,3334.0390625,3334.234375,3334.4296875,3334.6328125,3334.84375,3335.0546875,3335.28125,3335.65625,3336.0703125,3336.484375,3337.7265625,3338.125,3338.4921875,3338.90625,3339.3125,3339.7109375,3340.09375,3340.5,3340.8984375,3341.28125,3341.46875,3341.65625,3341.8359375,3342.015625,3342.1953125,3342.3671875,3342.5390625,3342.7109375,3342.875,3343.0390625,3343.1953125,3343.34375,3343.4921875,3343.640625,3343.7890625,3343.9375,3344.0859375,3344.2265625,3344.375,3344.515625,3344.6640625,3344.8046875,3344.9453125,3345.09375,3345.234375,3345.3828125,3345.5234375,3345.671875,3345.8125,3345.9609375,3346.109375,3346.265625,3346.578125,3346.8671875,3347.1875,3347.5,3348.296875,3348.53125,3348.734375,3348.96875,3349.1953125,3349.40625,3349.609375,3349.859375,3350.09375,3350.2109375,3350.328125,3350.4453125,3350.5546875,3350.671875,3350.78125,3350.890625,3351.0,3351.109375,3351.21875,3351.328125,3351.4375,3351.5703125,3351.703125,3351.828125,3351.9609375,3352.0859375,3352.21875,3352.3515625,3352.484375,3352.6171875,3352.75,3352.8828125,3353.0234375,3353.1640625,3353.3046875,3353.4453125,3353.59375,3353.828125,3354.0703125,3354.3203125,3354.59375,3354.828125,3355.09375,3356.0546875,3356.4453125,3356.65625,3356.8515625,3357.046875,3357.234375,3357.4453125,3357.6484375,3357.8515625,3358.0546875,3358.2578125,3358.4609375,3358.6640625,3358.8671875,3359.0703125,3359.2734375,3359.4765625,3359.6875,3359.8984375,3360.1171875,3360.3359375,3360.5625,3360.796875,3361.03125,3361.2734375,3361.515625,3361.765625,3362.0078125,3362.25,3362.484375,3362.703125,3362.921875,3363.1328125,3363.3359375,3363.5390625,3363.734375,3363.9296875,3364.1171875,3364.3046875,3364.484375,3364.6640625,3364.84375,3365.0234375,3365.203125,3365.3828125,3365.5546875,3365.7109375,3365.875,3366.03125,3366.1953125,3366.359375,3366.5234375,3366.6953125,3366.8671875,3367.171875,3367.5078125,3367.828125,3368.6171875,3368.8359375,3369.0390625,3369.2578125,3369.46875,3369.6640625,3369.8515625,3370.078125,3370.3046875,3370.5234375,3370.734375,3370.9453125,3371.15625,3371.3671875,3371.5703125,3371.7265625,3371.8828125,3372.0390625,3372.203125,3372.359375,3372.5234375,3372.6875,3372.859375,3373.03125,3373.203125,3373.3828125,3373.5703125,3373.75,3373.953125,3374.6953125,3375.0078125,3375.3359375,3375.4921875,3375.640625,3375.8203125,3375.9921875,3376.1640625,3376.328125,3376.4921875,3376.6484375,3376.8125,3376.96875,3377.125,3377.2890625,3377.453125,3377.6171875,3377.78125,3377.953125,3378.125,3378.3046875,3378.453125,3378.609375,3378.765625,3378.9375,3379.25,3379.984375,3380.1796875,3380.359375,3380.546875,3380.7265625,3380.8984375,3381.0625,3381.234375,3381.3984375,3381.5625,3381.7265625,3381.890625,3382.046875,3382.2109375,3382.3671875,3382.5078125,3382.65625,3382.8046875,3382.953125,3383.1015625,3383.2578125,3383.4140625,3383.5703125,3383.703125,3383.84375,3383.9921875,3384.1484375,3384.4375,3385.1328125,3385.3203125,3385.4921875,3385.6796875,3385.8515625,3386.015625,3386.1796875,3386.3671875,3386.546875,3386.71875,3386.890625,3387.0625,3387.2265625,3387.390625,3387.5546875,3387.6484375,3387.7421875,3387.8359375,3387.9296875,3388.0234375,3388.1171875,3388.2109375,3388.3125,3388.40625,3388.5,3388.59375,3388.6953125,3388.796875,3388.8984375,3389.0,3389.1015625,3389.2734375,3389.4453125,3389.6328125,3389.828125,3390.0,3390.1875,3390.796875,3391.0234375,3391.2421875,3391.4375,3391.640625,3391.8359375,3392.0234375,3392.203125,3392.296875,3392.3828125,3392.46875,3392.5546875,3392.640625,3392.7265625,3392.8125,3392.8984375,3392.984375,3393.0703125,3393.15625,3393.234375,3393.3203125,3393.3984375,3393.484375,3393.5625,3393.6484375,3393.734375,3393.8203125,3393.9140625,3394.0,3394.09375,3394.1796875,3394.2734375,3394.359375,3394.453125,3394.546875,3394.640625,3394.734375,3394.828125,3394.921875,3395.0234375,3395.1875,3395.3515625,3395.5234375,3395.7109375,3395.875,3396.0546875,3396.6484375,3396.8671875,3397.078125,3397.2734375,3397.4765625,3397.671875,3397.8515625,3398.03125,3398.203125,3398.2890625,3398.375,3398.4609375,3398.546875,3398.6328125,3398.7109375,3398.796875,3398.875,3398.9609375,3399.0390625,3399.125,3399.203125,3399.28125,3399.3671875,3399.515625,3399.671875,3399.8203125,3399.9765625,3400.1328125,3400.2890625,3400.453125,3400.6171875,3400.7890625,3400.96875,3401.1484375,3401.34375,3401.5390625,3401.75,3401.96875,3402.5625,3402.75,3402.9140625,3403.1015625,3403.28125,3403.453125,3403.6171875,3403.71875,3403.8203125,3403.921875,3404.015625,3404.109375,3404.203125,3404.296875,3404.390625,3404.484375,3404.578125,3404.671875,3404.7578125,3404.8515625,3404.9375,3405.03125,3405.125,3405.2734375,3405.421875,3405.5703125,3405.71875,3405.875,3406.03125,3406.1875,3406.3515625,3406.515625,3406.6875,3406.859375,3407.046875,3407.2265625,3407.4296875,3408.1953125,3408.5234375,3408.703125,3408.8671875,3409.03125,3409.1875,3409.375,3409.5625,3409.7421875,3409.9140625,3410.09375,3410.265625,3410.4375,3410.609375,3410.78125,3410.953125,3411.125,3411.3046875,3411.484375,3411.6640625,3411.8515625,3412.0390625,3412.2109375,3412.3828125,3412.5625,3412.7578125,3412.9375,3413.1328125,3413.8671875,3414.1796875,3414.5078125,3414.65625,3414.8046875,3414.9765625,3415.1484375,3415.3203125,3415.484375,3415.6484375,3415.8125,3415.9765625,3416.140625,3416.2734375,3416.4140625,3416.5546875,3416.6953125,3416.8359375,3416.984375,3417.1328125,3417.2890625,3417.5625,3417.8671875,3418.171875,3419.0078125,3419.265625,3419.5,3419.7734375,3420.03125,3420.28125,3420.53125,3420.7734375,3421.0234375,3421.28125,3421.546875,3421.78125,3422.03125,3422.859375,3423.15625,3423.453125,3423.71875,3424.0078125,3424.28125,3424.546875,3424.8125,3424.9765625,3425.1328125,3425.2890625,3425.453125,3425.609375,3425.7734375,3425.9375,3426.109375,3426.2734375,3426.4453125,3426.6171875,3426.8046875,3427.171875,3427.875,3428.171875,3428.4765625,3428.7578125,3428.921875,3429.0859375,3429.2421875,3429.390625,3429.5390625,3429.6875,3429.8359375,3429.984375,3430.1328125,3430.2890625,3430.4375,3430.59375,3430.75,3430.90625,3431.0703125,3431.234375,3431.515625,3431.828125,3432.125,3432.8203125,3433.171875,3433.3515625,3433.515625,3433.6796875,3433.8359375,3434.0078125,3434.171875,3434.3359375,3434.4921875,3434.6484375,3434.8046875,3434.9609375,3435.109375,3435.265625,3435.4296875,3435.59375,3435.7578125,3435.921875,3436.09375,3436.265625,3436.4375,3436.5859375,3436.7421875,3436.8984375,3437.0703125,3437.3828125,3438.1328125,3438.3359375,3438.515625,3438.71875,3438.90625,3439.0859375,3439.2578125,3439.453125,3439.640625,3439.828125,3440.0078125,3440.1875,3440.359375,3440.5390625,3440.7109375,3440.8046875,3440.8984375,3440.9921875,3441.09375,3441.1875,3441.28125,3441.375,3441.4765625,3441.5703125,3441.671875,3441.765625,3441.8671875,3441.96875,3442.0703125,3442.171875,3442.28125,3442.453125,3442.6328125,3442.8203125,3443.015625,3443.1875,3443.3828125,3444.03125,3444.2734375,3444.515625,3444.7421875,3444.9765625,3445.1953125,3445.40625,3445.515625,3445.6171875,3445.7265625,3445.8359375,3445.9453125,3446.046875,3446.15625,3446.2578125,3446.359375,3446.4609375,3446.5625,3446.6640625,3446.765625,3446.875,3446.9765625,3447.078125,3447.1796875,3447.2890625,3447.4375,3447.5859375,3447.734375,3447.890625,3448.046875,3448.2109375,3448.375,3448.546875,3448.6875,3448.8359375,3449.15625,3449.4609375,3450.21875,3450.4296875,3450.6171875,3450.8203125,3451.0078125,3451.1875,3451.3671875,3451.5390625,3451.7109375,3451.8828125,3452.046875,3452.2109375,3452.375,3452.5390625,3452.7109375,3452.859375,3453.015625,3453.171875,3453.3359375,3453.5,3453.6640625,3453.8359375,3454.015625,3454.328125,3454.671875,3455.03125,3455.7890625,3456.1328125,3456.4921875,3456.828125,3457.21875,3457.609375,3458.0,3458.40625,3458.703125,3459.0234375,3459.359375,3459.734375,3460.1953125,3460.6875,3461.1484375,3461.5546875,3461.8515625,3462.1171875,3462.3671875,3462.609375,3462.8359375,3463.0546875,3463.265625,3463.46875,3463.71875,3463.96875,3464.2109375,3464.453125,3464.6953125,3464.9296875,3465.1640625,3465.40625,3465.609375,3465.8125,3466.03125,3466.2578125,3466.671875,3467.578125,3467.796875,3468.0,3468.1953125,3468.3828125,3468.5625,3468.734375,3468.90625,3469.0703125,3469.234375,3469.3984375,3469.5546875,3469.7109375,3469.8671875,3470.015625,3470.1171875,3470.21875,3470.3203125,3470.4140625,3470.5078125,3470.609375,3470.7109375,3470.8125,3470.9140625,3471.015625,3471.1171875,3471.21875,3471.3203125,3471.4296875,3471.640625,3471.8203125,3472.0,3472.1875,3472.390625,3472.5625,3472.7578125,3473.390625,3473.6171875,3473.8359375,3474.0390625,3474.2421875,3474.4375,3474.625,3474.8046875,3474.984375,3475.1640625,3475.3359375,3475.5078125,3475.59375,3475.6796875,3475.84375,3475.9296875,3476.015625,3476.1796875,3476.28125,3476.375,3476.46875,3476.5703125,3476.6640625,3476.765625,3476.8671875,3476.96875,3477.0703125,3477.171875,3477.2734375,3477.375,3477.4765625,3477.5859375,3477.6875,3477.796875,3477.9765625,3478.1640625,3478.359375,3478.5625,3478.7421875,3478.9453125,3479.609375,3479.8671875,3480.1171875,3480.34375,3480.46875,3480.5859375,3480.703125,3480.8203125,3480.9296875,3481.0390625,3481.1484375,3481.2578125,3481.375,3481.484375,3481.6015625,3481.7109375,3481.8203125,3481.9296875,3482.0390625,3482.1484375,3482.2578125,3482.3671875,3482.4765625,3482.5859375,3482.6953125,3482.8046875,3482.9140625,3483.0234375,3483.1875,3483.3515625,3483.5234375,3483.6953125,3483.8671875,3484.046875,3484.234375,3484.421875,3484.5859375,3484.75,3484.921875,3485.109375,3485.46875,3486.171875,3486.4765625,3486.796875,3487.0859375,3487.2578125,3487.421875,3487.5859375,3487.7421875,3487.8984375,3488.0625,3488.2265625,3488.390625,3488.6328125,3488.8828125,3489.140625,3489.421875,3489.6640625,3489.9296875,3490.8828125,3491.28125,3491.6953125,3492.09375,3492.4765625,3492.8828125,3493.2578125,3494.1171875,3494.5390625,3494.765625,3494.9765625,3495.1796875,3495.3671875,3495.5078125,3495.640625,3495.7734375,3495.90625,3496.0390625,3496.1640625,3496.296875,3496.421875,3496.546875,3496.671875,3496.796875,3496.921875,3497.046875,3497.171875,3497.296875,3497.4296875,3497.65625,3497.890625,3498.1328125,3498.390625,3498.625,3498.875,3499.125,3499.75,3500.09375,3500.28125,3500.453125,3500.6171875,3500.7734375,3500.9609375,3501.1484375,3501.328125,3501.5,3501.671875,3501.84375,3502.015625,3502.1875,3502.359375,3502.53125,3502.703125,3502.8828125,3503.0625,3503.2421875,3503.4296875,3503.6171875,3503.7734375,3503.9375,3504.109375,3504.2890625,3504.625,3505.3984375,3505.59375,3505.7734375,3505.9609375,3506.1328125,3506.296875,3506.4609375,3506.6171875,3506.7734375,3506.9296875,3507.078125,3507.2265625,3507.375,3507.5234375,3507.6640625,3507.7734375,3507.8828125,3507.9921875,3508.09375,3508.1953125,3508.3046875,3508.40625,3508.515625,3508.6171875,3508.7265625,3508.8359375,3508.9453125,3509.0546875,3509.1640625,3509.2734375,3509.3828125,3509.4921875,3509.609375,3509.71875,3509.8359375,3509.953125,3510.078125,3510.203125,3510.328125,3510.453125,3510.578125,3510.8515625,3511.1328125,3511.6796875,3511.90625,3512.140625,3512.359375,3512.609375,3512.7265625,3512.84375,3512.953125,3513.0625,3513.171875,3513.28125,3513.4140625,3513.5390625,3513.671875,3513.796875,3513.9296875,3514.0546875,3514.1796875,3514.3046875,3514.4296875,3514.5546875,3514.6796875,3514.8046875,3514.9296875,3515.0546875,3515.1796875,3515.3125,3515.484375,3515.6640625,3515.84375,3516.03125,3516.21875,3516.4140625,3516.609375,3516.8203125,3516.9921875,3517.1640625,3517.3515625,3517.546875,3517.9140625,3518.625,3518.9296875,3519.234375,3519.5234375,3519.84375,3520.1484375,3520.453125,3520.7578125,3521.0,3521.25,3521.515625,3521.7890625,3522.0234375,3522.2890625,3523.1484375,3523.4765625,3523.796875,3524.09375,3524.3984375,3524.6953125,3524.984375,3525.265625,3525.6015625,3525.9375,3526.28125,3526.6328125,3526.96875,3527.3359375,3527.6953125,3528.640625,3528.921875,3529.1796875,3529.46875,3529.7421875,3530.0078125,3530.2578125,3530.4140625,3530.5703125,3530.7265625,3530.875,3531.0234375,3531.171875,3531.3203125,3531.46875,3531.6171875,3531.765625,3531.9140625,3532.0625,3532.2109375,3532.359375,3532.5078125,3532.6640625,3532.828125,3532.9921875,3533.15625,3533.328125,3533.5,3533.671875,3533.8515625,3534.0390625,3534.3828125,3534.765625,3535.15625,3536.25,3536.59375,3536.90625,3537.2734375,3537.6171875,3537.953125,3538.2890625,3538.6171875,3538.953125,3539.296875,3539.65625,3539.96875,3540.3046875,3541.3984375,3541.796875,3542.1875,3542.5390625,3542.9140625,3543.09375,3543.2734375,3543.453125,3543.625,3543.796875,3543.96875,3544.140625,3544.3203125,3544.5,3544.6796875,3544.859375,3545.046875,3545.234375,3545.4296875,3545.7578125,3546.125,3546.4765625,3547.328125,3547.78125,3548.015625,3548.234375,3548.4453125,3548.65625,3548.890625,3549.125,3549.3515625,3549.578125,3549.796875,3550.0234375,3550.25,3550.4765625,3550.7578125,3551.046875,3551.34375,3551.6640625,3551.9375,3552.2421875,3553.328125,3553.78125,3554.25,3554.6953125,3555.125,3555.5703125,3556.0,3556.9921875,3557.2578125,3557.5,3557.7734375,3558.03125,3558.2734375,3558.515625,3558.84375,3559.0078125,3559.171875,3559.5,3559.8359375,3560.1328125,3560.453125,3560.7578125,3561.453125,3561.8046875,3561.984375,3562.15625,3562.3203125,3562.4765625,3562.6640625,3562.84375,3563.015625,3563.1875,3563.3515625,3563.515625,3563.6796875,3563.8359375,3563.953125,3564.0625,3564.1796875,3564.2890625,3564.40625,3564.515625,3564.625,3564.734375,3564.84375,3564.9609375,3565.0703125,3565.1875,3565.296875,3565.4140625,3565.53125,3565.6484375,3565.84375,3566.046875,3566.2578125,3566.4765625,3566.671875,3566.8828125,3567.5625,3567.8046875,3568.0390625,3568.2578125,3568.4765625,3568.5859375,3568.6875,3568.7890625,3568.8828125,3568.984375,3569.078125,3569.1796875,3569.2734375,3569.3671875,3569.4609375,3569.5546875,3569.6484375,3569.7421875,3569.828125,3569.921875,3570.0078125,3570.1015625,3570.1875,3570.28125,3570.3671875,3570.4609375,3570.546875,3570.6328125,3570.71875,3570.8046875,3570.8984375,3570.984375,3571.078125,3571.1640625,3571.2578125,3571.34375,3571.4375,3571.53125,3571.625,3571.71875,3571.8125,3571.90625,3572.0,3572.171875,3572.34375,3572.53125,3572.7265625,3572.90625,3573.109375,3573.828125,3574.1171875,3574.2734375,3574.421875,3574.5625,3574.703125,3574.859375,3575.015625,3575.171875,3575.3203125,3575.46875,3575.609375,3575.7578125,3575.8984375,3575.9921875,3576.078125,3576.1640625,3576.25,3576.3359375,3576.421875,3576.5078125,3576.6015625,3576.6875,3576.7734375,3576.859375,3576.953125,3577.0390625,3577.1328125,3577.2265625,3577.3203125,3577.5,3577.6796875,3577.8671875,3578.0703125,3578.2578125,3578.4609375,3578.671875,3579.2265625,3579.390625,3579.5390625,3579.7109375,3579.8671875,3580.015625,3580.1640625,3580.34375,3580.515625,3580.6875,3580.8515625,3581.015625,3581.171875,3581.3359375,3581.4921875,3581.6484375,3581.8125,3581.9765625,3582.140625,3582.3046875,3582.4765625,3582.6484375,3582.828125,3582.9765625,3583.125,3583.28125,3583.453125,3583.6015625,3583.765625,3584.296875,3584.4921875,3584.6796875,3584.8515625,3585.03125,3585.1953125,3585.3515625,3585.5078125,3585.6640625,3585.8125,3585.9609375,3586.109375,3586.25,3586.390625,3586.53125,3586.671875,3586.765625,3586.859375,3586.953125,3587.046875,3587.140625,3587.234375,3587.328125,3587.421875,3587.515625,3587.609375,3587.703125,3587.8046875,3587.8984375,3588.0,3588.09375,3588.1953125,3588.2890625,3588.3828125,3588.4765625,3588.5703125,3588.6640625,3588.765625,3588.8671875,3588.9765625,3589.171875,3589.390625,3589.6015625,3590.171875,3590.34375,3590.4921875,3590.6640625,3590.828125,3590.984375,3591.1328125,3591.2265625,3591.3125,3591.3984375,3591.484375,3591.5703125,3591.65625,3591.7421875,3591.8203125,3591.90625,3591.984375,3592.0703125,3592.1484375,3592.234375,3592.3125,3592.390625,3592.46875,3592.5625,3592.65625,3592.7421875,3592.8359375,3592.921875,3593.015625,3593.109375,3593.203125,3593.296875,3593.390625,3593.484375,3593.578125,3593.671875,3593.7734375,3593.8671875,3593.96875,3594.0625,3594.15625,3594.25,3594.3515625,3594.453125,3594.5546875,3594.65625,3594.765625,3594.96875,3595.1875,3595.40625,3596.0,3596.1796875,3596.3359375,3596.5234375,3596.6953125,3596.859375,3597.0234375,3597.125,3597.21875,3597.3125,3597.40625,3597.5,3597.5859375,3597.6796875,3597.765625,3597.859375,3597.9453125,3598.0390625,3598.125,3598.21875,3598.3046875,3598.390625,3598.4765625,3598.5625,3598.6484375,3598.734375,3598.8203125,3598.90625,3598.9921875,3599.078125,3599.171875,3599.2578125,3599.3515625,3599.4375,3599.53125,3599.625,3599.71875,3599.8125,3599.9140625,3600.0703125,3600.234375,3600.40625,3600.59375,3600.7578125,3600.9375,3601.53125,3601.75,3601.96875,3602.171875,3602.28125,3602.3828125,3602.484375,3602.578125,3602.671875,3602.765625,3602.859375,3602.953125,3603.046875,3603.140625,3603.234375,3603.3203125,3603.4140625,3603.5,3603.5859375,3603.671875,3603.765625,3603.8515625,3603.9375,3604.0234375,3604.109375,3604.1953125,3604.28125,3604.375,3604.5234375,3604.671875,3604.8203125,3604.9765625,3605.1328125,3605.2890625,3605.453125,3605.6171875,3605.7734375,3605.9375,3606.109375,3606.296875,3606.46875,3606.6640625,3607.3984375,3607.7109375,3607.8828125,3608.0390625,3608.1953125,3608.34375,3608.515625,3608.6875,3608.859375,3609.0234375,3609.1875,3609.3515625,3609.515625,3609.671875,3609.8359375,3610.0,3610.1640625,3610.3359375,3610.5078125,3610.6796875,3610.8515625,3611.03125,3611.203125,3611.3828125,3611.5703125,3611.765625,3611.953125,3612.1640625,3612.96875,3613.1484375,3613.3125,3613.5,3613.671875,3613.8359375,3614.0,3614.1953125,3614.3828125,3614.5703125,3614.75,3614.9296875,3615.109375,3615.2890625,3615.46875,3615.640625,3615.8125,3615.984375,3616.1640625,3616.34375,3616.5234375,3616.7109375,3616.8984375,3617.0703125,3617.25,3617.4375,3617.6328125,3617.8125,3618.015625,3618.7890625,3619.1171875,3619.296875,3619.4609375,3619.625,3619.78125,3619.96875,3620.1484375,3620.328125,3620.5,3620.671875,3620.84375,3621.015625,3621.1875,3621.3828125,3621.578125,3621.7734375,3621.9765625,3622.1796875,3622.390625,3622.609375,3622.828125,3623.046875,3623.28125,3623.53125,3623.796875,3624.078125,3624.3984375,3625.265625,3626.171875,3626.7890625,3627.0546875,3627.3046875,3627.5390625,3627.7578125,3627.984375,3628.203125,3628.4140625,3628.6171875,3628.8203125,3629.015625,3629.2109375,3629.40625,3629.5859375,3629.765625,3629.9453125,3630.125,3630.3046875,3630.4921875,3630.6796875,3630.8671875,3631.203125,3631.5703125,3631.921875,3632.8046875,3633.0546875,3633.2734375,3633.5234375,3633.7578125,3633.984375,3634.203125,3634.4609375,3634.71875,3634.96875,3635.2109375,3635.453125,3635.578125,3635.703125,3635.953125,3636.203125,3636.46875,3636.609375,3636.75,3637.0390625,3637.34375,3637.6015625,3637.890625,3638.828125,3639.171875,3639.5,3639.8046875,3640.0859375,3640.3515625,3640.6171875,3640.875,3641.0234375,3641.1796875,3641.3359375,3641.4921875,3641.6484375,3641.8125,3642.1484375,3642.4375,3642.7578125,3643.0625,3643.8125,3644.1953125,3644.390625,3644.578125,3644.7578125,3644.9296875,3645.125,3645.3203125,3645.5078125,3645.6875,3645.8671875,3646.046875,3646.2265625,3646.40625,3646.6015625,3646.796875,3646.9921875,3647.1953125,3647.390625,3647.59375,3647.8046875,3648.015625,3648.1953125,3648.3828125,3648.578125,3648.78125,3649.1640625,3650.09375,3650.3515625,3650.5859375,3650.8359375,3651.078125,3651.3125,3651.53125,3651.65625,3651.78125,3651.90625,3652.03125,3652.15625,3652.2734375,3652.3984375,3652.515625,3652.6328125,3652.75,3652.8671875,3652.984375,3653.1015625,3653.21875,3653.3359375,3653.453125,3653.5625,3653.671875,3653.78125,3653.8984375,3654.0078125,3654.125,3654.234375,3654.3515625,3654.578125,3654.8125,3655.0546875,3655.3046875,3655.5078125,3655.7265625,3655.953125,3656.1953125,3656.40625,3656.640625,3657.4296875,3657.734375,3658.0390625,3658.3203125,3658.6171875,3658.8984375,3659.171875,3659.3046875,3659.4375,3659.578125,3659.7109375,3659.8515625,3659.984375,3660.125,3660.2578125,3660.390625,3660.5234375,3660.65625,3660.7890625,3660.921875,3661.0546875,3661.1875,3661.3203125,3661.453125,3661.59375,3661.8046875,3662.015625,3662.234375,3662.453125,3662.6796875,3662.90625,3663.140625,3663.390625,3663.59375,3663.8046875,3664.0234375,3664.2578125,3664.6875,3665.7421875,3666.03125,3666.2890625,3666.5625,3666.8203125,3667.0625,3667.3046875,3667.53125,3667.7578125,3667.9765625,3668.1953125,3668.4140625,3668.6328125,3668.84375,3669.0625,3669.28125,3669.5,3669.71875,3669.9375,3670.1640625,3670.390625,3670.625,3670.859375,3671.078125,3671.3125,3671.5546875,3671.8046875,3672.3046875,3673.265625,3673.6640625,3674.078125,3674.453125,3674.671875,3674.890625,3675.1015625,3675.3046875,3675.5078125,3675.703125,3675.8984375,3676.09375,3676.3359375,3676.5703125,3676.8046875,3677.0390625,3677.2734375,3677.515625,3677.7578125,3678.0078125,3678.2421875,3678.4765625,3678.7265625,3678.9921875,3679.234375,3679.5078125,3680.484375,3680.8828125,3681.296875,3681.484375,3681.671875,3681.890625,3682.109375,3682.3203125,3682.53125,3682.734375,3682.9296875,3683.1328125,3683.328125,3683.53125,3683.734375,3683.9375,3684.1484375,3684.3515625,3684.5625,3684.78125,3685.0,3685.1875,3685.375,3685.578125,3685.7890625,3686.1796875,3687.09375,3687.328125,3687.546875,3687.7734375,3687.9921875,3688.1953125,3688.390625,3688.6015625,3688.8125,3689.015625,3689.2109375,3689.40625,3689.6015625,3689.796875,3689.984375,3690.109375,3690.234375,3690.359375,3690.484375,3690.609375,3690.734375,3690.859375,3690.9921875,3691.1171875,3691.25,3691.375,3691.5078125,3691.640625,3691.7734375,3691.90625,3692.046875,3692.2734375,3692.5078125,3692.75,3693.0078125,3693.234375,3693.484375,3694.3359375,3694.6640625,3694.9921875,3695.2890625,3695.453125,3695.609375,3695.765625,3695.9140625,3696.0625,3696.203125,3696.3515625,3696.4921875,3696.640625,3696.7890625,3696.9375,3697.0859375,3697.234375,3697.3828125,3697.53125,3697.6796875,3697.828125,3697.9765625,3698.125,3698.2734375,3698.421875,3698.578125,3698.7265625,3698.8828125,3699.0625,3699.2421875,3699.4296875,3699.6171875,3699.8125,3700.015625,3700.2265625,3700.4453125,3700.8046875,3701.2109375,3701.609375,3702.765625,3703.140625,3703.484375,3703.875,3704.25,3704.625,3704.9921875,3705.390625,3705.7890625,3706.1875,3706.59375,3707.0078125,3707.4140625,3707.8203125,3708.21875,3708.6015625,3708.984375,3709.359375,3709.7265625,3710.0859375,3710.4453125,3710.8046875,3711.1640625,3711.4609375,3711.765625,3712.0859375,3712.4140625,3713.015625,3714.3125,3714.6171875,3714.8984375,3715.1796875,3715.4375,3715.6875,3715.921875,3716.171875,3716.4140625,3716.65625,3716.890625,3717.1171875,3717.34375,3717.5703125,3717.796875,3718.0546875,3718.3046875,3718.5625,3718.8203125,3719.078125,3719.34375,3719.6171875,3719.890625,3720.1171875,3720.359375,3720.609375,3720.8671875,3721.3515625,3722.46875,3722.7578125,3723.015625,3723.28125,3723.5390625,3723.78125,3724.015625,3724.25,3724.484375,3724.7109375,3724.9296875,3725.1484375,3725.3671875,3725.578125,3725.7890625,3725.921875,3726.046875,3726.1796875,3726.3046875,3726.4296875,3726.5625,3726.6953125,3726.828125,3726.953125,3727.0859375,3727.21875,3727.3515625,3727.484375,3727.625,3727.7578125,3727.8984375,3728.140625,3728.3984375,3728.6640625,3728.9375,3729.1953125,3729.4765625,3730.484375,3730.890625,3731.109375,3731.3125,3731.5078125,3731.703125,3731.9296875,3732.1484375,3732.359375,3732.5703125,3732.78125,3732.984375,3733.1875,3733.390625,3733.5859375,3733.78125,3733.9765625,3734.1796875,3734.3828125,3734.5859375,3734.796875,3735.0078125,3735.203125,3735.3984375,3735.6015625,3735.8203125,3736.2421875,3737.0546875,3737.390625,3737.7421875,3738.0625,3738.25,3738.4296875,3738.609375,3738.78125,3738.953125,3739.125,3739.296875,3739.4609375,3739.625,3739.796875,3739.9609375,3740.1328125,3740.3046875,3740.4765625,3740.65625,3740.8359375,3741.1484375,3741.484375,3741.8046875,3742.5625,3742.9296875,3743.28125,3743.6015625,3743.7578125,3743.90625,3744.0546875,3744.1953125,3744.3359375,3744.4765625,3744.6171875,3744.75,3744.984375,3745.2109375,3745.4375,3745.6640625,3745.890625,3746.125,3746.359375,3746.59375,3746.8359375,3747.078125,3747.3359375,3747.6015625,3747.8671875,3748.1640625,3748.46875,3749.3359375,3749.609375,3749.859375,3750.1484375,3750.421875,3750.6796875,3750.9375,3751.25,3751.5546875,3751.859375,3752.1640625,3752.46875,3752.78125,3753.09375,3753.4140625,3753.6328125,3753.8515625,3754.0703125,3754.296875,3754.53125,3754.765625,3755.0,3755.2421875,3755.484375,3755.734375,3755.984375,3756.234375,3756.484375,3756.7265625,3756.9765625,3757.21875,3757.4375,3757.6484375,3757.859375,3758.078125,3758.2890625,3758.5078125,3758.7265625,3758.953125,3759.34375,3759.7578125,3760.15625,3761.0703125,3761.53125,3761.765625,3761.9921875,3762.203125,3762.40625,3762.65625,3762.8984375,3763.1328125,3763.359375,3763.5859375,3763.8046875,3764.03125,3764.25,3764.4140625,3764.5859375,3764.7578125,3764.9296875,3765.1015625,3765.28125,3765.4609375,3765.6484375,3765.8203125,3765.9921875,3766.1796875,3766.375,3766.7578125,3767.5,3767.8046875,3768.125,3768.421875,3768.59375,3768.7578125,3768.921875,3769.078125,3769.234375,3769.390625,3769.546875,3769.703125,3769.8515625,3770.0078125,3770.1640625,3770.3203125,3770.4765625,3770.640625,3770.8046875,3770.9765625,3771.265625,3771.578125,3771.875,3772.5859375,3772.9453125,3773.296875,3773.6171875,3773.78125,3773.9453125,3774.1015625,3774.2578125,3774.4140625,3774.5625,3774.71875,3774.8671875,3775.0078125,3775.1484375,3775.2890625,3775.4296875,3775.5703125,3775.71875,3776.015625,3776.28125,3776.5703125,3776.8515625,3777.5078125,3777.8515625,3778.03125,3778.1953125,3778.3515625,3778.5,3778.671875,3778.84375,3779.0078125,3779.1640625,3779.3203125,3779.4765625,3779.6328125,3779.78125,3779.890625,3780.0,3780.109375,3780.2109375,3780.3125,3780.421875,3780.53125,3780.640625,3780.75,3780.859375,3780.96875,3781.078125,3781.1875,3781.3046875,3781.4140625,3781.53125,3781.71875,3781.9140625,3782.1171875,3782.3359375,3782.5234375,3782.734375,3783.4296875,3783.6875,3783.9375,3784.1640625,3784.3984375,3784.625,3784.8359375,3785.046875,3785.2578125,3785.4609375,3785.6640625,3785.859375,3786.0546875,3786.2578125,3786.453125,3786.65625,3786.7890625,3786.921875,3787.0546875,3787.1953125,3787.3359375,3787.4765625,3787.625,3787.7734375,3788.046875,3788.3515625,3788.65625,3789.5234375,3789.796875,3790.0390625,3790.3203125,3790.59375,3790.859375,3791.1171875,3791.3828125,3791.6484375,3791.921875,3792.2109375,3792.4609375,3792.734375,3793.0,3793.6328125,3793.9609375,3794.1328125,3794.2890625,3794.4375,3794.5859375,3794.7578125,3794.921875,3795.078125,3795.234375,3795.390625,3795.5390625,3795.6875,3795.8359375,3796.0078125,3796.1796875,3796.3515625,3796.53125,3796.703125,3796.8828125,3797.0625,3797.25,3797.40625,3797.5703125,3797.7421875,3797.921875,3798.2578125,3799.0546875,3799.2734375,3799.4765625,3799.6953125,3799.8984375,3800.09375,3800.28125,3800.390625,3800.5,3800.609375,3800.7109375,3800.8125,3800.9140625,3801.015625,3801.1171875,3801.21875,3801.3203125,3801.421875,3801.5234375,3801.6171875,3801.71875,3801.8203125,3801.921875,3802.0703125,3802.2265625,3802.3828125,3802.5390625,3802.6953125,3802.859375,3803.0234375,3803.1953125,3803.3671875,3803.546875,3803.734375,3803.9375,3804.1328125,3804.34375,3805.171875,3805.359375,3805.53125,3805.7265625,3805.90625,3806.078125,3806.25,3806.453125,3806.65625,3806.8515625,3807.0390625,3807.234375,3807.421875,3807.609375,3807.796875,3807.9765625,3808.1640625,3808.3515625,3808.546875,3808.7421875,3808.9453125,3809.1484375,3809.359375,3809.53125,3809.7109375,3809.8984375,3810.1015625,3810.4765625,3811.15625,3811.4375,3811.71875,3811.9765625,3812.2578125,3812.5234375,3812.7890625,3813.046875,3813.296875,3813.5546875,3813.8125,3814.078125,3814.34375,3814.625,3814.9140625,3815.2265625,3815.5390625,3815.875,3816.2578125,3816.703125,3817.2734375,3817.796875,3818.2265625,3818.59375,3818.875,3819.1328125,3819.3828125,3819.6171875,3819.84375,3820.0703125,3820.2890625,3820.5,3820.6953125,3820.8828125,3821.078125,3821.265625,3821.453125,3821.6484375,3821.84375,3822.046875,3822.21875,3822.390625,3822.7578125,3823.109375,3823.9140625,3824.3125,3824.515625,3824.703125,3824.8828125,3825.0546875,3825.25,3825.4375,3825.625,3825.8046875,3825.984375,3826.15625,3826.3359375,3826.5078125,3826.6953125,3826.8828125,3827.0703125,3827.265625,3827.4609375,3827.65625,3827.859375,3828.0625,3828.234375,3828.40625,3828.59375,3828.7890625,3829.1484375,3830.0,3830.21875,3830.421875,3830.6328125,3830.828125,3831.015625,3831.203125,3831.3828125,3831.5625,3831.7421875,3831.9140625,3832.0859375,3832.2578125,3832.4296875,3832.59375,3832.7734375,3832.9609375,3833.140625,3833.328125,3833.515625,3833.703125,3833.8984375,3834.1015625,3834.2890625,3834.484375,3834.6875,3834.8984375,3835.1015625,3835.328125,3836.203125,3836.5859375,3836.796875,3836.9921875,3837.1796875,3837.359375,3837.578125,3837.796875,3838.0078125,3838.21875,3838.4296875,3838.640625,3838.8515625,3839.0625,3839.25,3839.4375,3839.6328125,3839.828125,3840.03125,3840.25,3840.4765625,3840.7109375,3841.171875,3842.359375,3842.9921875,3843.625,3844.8984375,3845.1953125,3845.46875,3845.8125,3846.1328125,3846.4375,3846.734375,3847.0078125,3847.28125,3847.546875,3847.8125,3848.078125,3848.3515625,3848.625,3848.90625,3849.1484375,3849.3984375,3849.6640625,3849.9453125,3850.1953125,3850.46875,3851.5546875,3852.0546875,3852.59375,3853.1171875,3853.5625,3854.0546875,3855.7109375,3857.1640625,3857.609375,3857.984375,3858.3203125,3858.4765625,3858.6328125,3858.78125,3858.921875,3859.0625,3859.203125,3859.34375,3859.4765625,3859.609375,3859.734375,3859.875,3860.015625,3860.15625,3860.2890625,3860.4296875,3860.5625,3860.6953125,3860.828125,3860.9609375,3861.09375,3861.2265625,3861.359375,3861.4921875,3861.6328125,3861.765625,3861.90625,3862.015625,3862.1328125,3862.25,3862.3671875,3862.609375,3862.859375,3863.078125,3863.3203125,3863.5546875,3864.1015625,3864.3671875,3864.625,3864.859375,3864.9765625,3865.09375,3865.2109375,3865.3203125,3865.4296875,3865.53125,3865.640625,3865.7421875,3865.84375,3865.9453125,3866.046875,3866.1484375,3866.25,3866.3515625,3866.453125,3866.546875,3866.6484375,3866.7421875,3866.8359375,3866.9296875,3867.03125,3867.125,3867.21875,3867.3125,3867.40625,3867.5078125,3867.609375,3867.7109375,3867.8125,3867.9140625,3868.015625,3868.1171875,3868.21875,3868.328125,3868.4296875,3868.5390625,3868.6484375,3868.7578125,3868.8671875,3868.9765625,3869.1640625,3869.3515625,3869.546875,3869.7578125,3869.9453125,3870.1484375,3870.84375,3871.1015625,3871.359375,3871.59375,3871.71875,3871.84375,3871.9609375,3872.078125,3872.1953125,3872.3046875,3872.421875,3872.53125,3872.6484375,3872.7578125,3872.875,3872.984375,3873.1015625,3873.2109375,3873.3203125,3873.4296875,3873.5390625,3873.6484375,3873.7578125,3873.8671875,3873.9765625,3874.0859375,3874.1953125,3874.3125,3874.3984375,3874.4921875,3874.578125,3874.671875,3874.765625,3874.859375,3874.953125,3875.046875,3875.140625,3875.2421875,3875.3359375,3875.4375,3875.5390625,3875.640625,3875.8515625,3876.0234375,3876.203125,3876.390625,3876.59375,3876.7734375,3876.96875,3877.65625,3877.9296875,3878.21875,3878.4765625,3878.7578125,3879.0234375,3879.28125,3879.4140625,3879.5390625,3879.7890625,3880.0390625,3880.2890625,3880.5390625,3880.796875,3881.0625,3881.3359375,3881.6171875,3881.7890625,3881.9609375,3882.3359375,3882.75,3883.25,3884.640625,3886.1171875,3886.703125,3887.078125,3887.421875,3887.7578125,3888.078125,3888.453125,3888.8203125,3889.1953125,3889.5859375,3889.953125,3890.3515625,3891.96875,3892.359375,3892.7265625,3893.15625,3893.578125,3894.0078125,3894.46875,3895.28125,3896.421875,3897.3359375,3897.6796875,3897.984375,3898.2421875,3898.4765625,3898.703125,3898.9140625,3899.1171875,3899.3203125,3899.5078125,3899.6953125,3899.9921875,3900.140625,3900.28125,3900.421875,3900.5625,3900.703125,3900.84375,3900.984375,3901.1171875,3901.2578125,3901.390625,3901.5234375,3901.6640625,3901.796875,3901.9375,3902.1953125,3902.4609375,3902.734375,3903.015625,3903.2734375,3903.5625,3903.84375,3904.546875,3904.9375,3905.1484375,3905.34375,3905.53125,3905.7109375,3905.9296875,3906.140625,3906.34375,3906.546875,3906.75,3906.9453125,3907.140625,3907.3359375,3907.515625,3907.6953125,3907.875,3908.0625,3908.25,3908.4375,3908.625,3908.8203125,3909.0,3909.1875,3909.3828125,3909.5859375,3909.7734375,3909.984375,3910.7578125,3911.0703125,3911.3984375,3911.5546875,3911.703125,3911.8828125,3912.0546875,3912.21875,3912.3828125,3912.546875,3912.703125,3912.859375,3913.015625,3913.1875,3913.359375,3913.53125,3913.7109375,3913.890625,3914.0703125,3914.25,3914.4375,3914.625,3914.8203125,3915.0234375,3915.234375,3915.4375,3915.6640625,3916.515625,3916.8828125,3917.078125,3917.265625,3917.4453125,3917.6171875,3917.828125,3918.03125,3918.234375,3918.4296875,3918.625,3918.8203125,3919.0078125,3919.203125,3919.359375,3919.515625,3919.671875,3919.828125,3919.9921875,3920.15625,3920.3203125,3920.4921875,3920.6484375,3920.8125,3920.984375,3921.171875,3921.53125,3922.2421875,3922.546875,3922.859375,3923.1484375,3923.3203125,3923.484375,3923.6484375,3923.8046875,3923.9609375,3924.1171875,3924.2734375,3924.421875,3924.5859375,3924.7578125,3924.9296875,3925.1015625,3925.2734375,3925.453125,3925.6328125,3925.8125,3925.984375,3926.1640625,3926.3515625,3926.5546875,3926.953125,3927.7421875,3928.078125,3928.4375,3928.7578125,3928.9453125,3929.1328125,3929.3125,3929.4921875,3929.671875,3929.84375,3930.0234375,3930.1953125,3930.3671875,3930.546875,3930.71875,3930.8984375,3931.078125,3931.2578125,3931.4453125,3931.640625,3931.96875,3932.3359375,3932.6796875,3933.5078125,3933.9375,3934.15625,3934.359375,3934.5546875,3934.75,3934.953125,3935.1484375,3935.34375,3935.53125,3935.71875,3935.90625,3936.09375,3936.2734375,3936.515625,3936.7578125,3937.0,3937.2421875,3937.484375,3937.734375,3937.984375,3938.234375,3938.5,3938.78125,3939.0703125,3939.375,3939.671875,3939.9921875,3940.3203125,3941.1875,3941.4453125,3941.6796875,3941.953125,3942.203125,3942.4453125,3942.671875,3942.953125,3943.2265625,3943.4921875,3943.75,3943.8828125,3944.0078125,3944.2578125,3944.390625,3944.515625,3944.765625,3944.9375,3945.1171875,3945.296875,3945.4765625,3945.65625,3945.84375,3946.03125,3946.2265625,3946.4140625,3946.6015625,3946.8046875,3947.015625,3947.4296875,3948.234375,3948.5625,3948.9140625,3949.2265625,3949.4140625,3949.59375,3949.765625,3949.9375,3950.109375,3950.2734375,3950.4453125,3950.609375,3950.78125,3950.953125,3951.125,3951.3046875,3951.4765625,3951.65625,3951.8359375,3952.0234375,3952.1796875,3952.34375,3952.6875,3953.015625,3953.8046875,3954.0078125,3954.1953125,3954.390625,3954.578125,3954.7578125,3954.9296875,3955.125,3955.3125,3955.4921875,3955.671875,3955.8515625,3956.0234375,3956.1953125,3956.3671875,3956.5546875,3956.7421875,3956.9296875,3957.125,3957.3203125,3957.515625,3957.71875,3957.921875,3958.09375,3958.2734375,3958.4609375,3958.65625,3958.828125,3959.0234375,3959.65625,3959.890625,3960.125,3960.3359375,3960.5625,3960.7734375,3960.9765625,3961.171875,3961.28125,3961.390625,3961.5,3961.6015625,3961.703125,3961.8046875,3961.90625,3962.0078125,3962.109375,3962.2109375,3962.3125,3962.40625,3962.5078125,3962.609375,3962.703125,3962.8046875,3962.8984375,3963.0,3963.1015625,3963.203125,3963.3046875,3963.40625,3963.5078125,3963.609375,3963.7109375,3963.8125,3963.9140625,3964.0234375,3964.1328125,3964.2421875,3964.3515625,3964.4609375,3964.6484375,3964.84375,3965.0546875,3965.2734375,3965.4765625,3965.6953125,3966.5078125,3966.84375,3967.0234375,3967.1953125,3967.359375,3967.515625,3967.703125,3967.8828125,3968.0625,3968.234375,3968.40625,3968.578125,3968.75,3968.921875,3969.078125,3969.234375,3969.390625,3969.5546875,3969.71875,3969.8828125,3970.0546875,3970.2265625,3970.3828125,3970.546875,3970.71875,3970.90625,3971.265625,3971.984375,3972.28125,3972.6015625,3972.890625,3973.0625,3973.2265625,3973.390625,3973.5546875,3973.7109375,3973.8671875,3974.0234375,3974.1796875,3974.328125,3974.484375,3974.640625,3974.796875,3974.953125,3975.1171875,3975.28125,3975.453125,3975.7421875,3976.0625,3976.3671875,3977.0859375,3977.4609375,3977.65625,3977.8359375,3978.0078125,3978.171875,3978.3515625,3978.5234375,3978.6953125,3978.859375,3979.0234375,3979.1875,3979.3515625,3979.5078125,3979.703125,3979.890625,3980.0859375,3980.28125,3980.4765625,3980.671875,3980.875,3981.078125,3981.2890625,3981.5,3981.7265625,3981.9609375,3982.1875,3982.4375,3983.4140625,3983.828125,3984.0546875,3984.2734375,3984.4765625,3984.6796875,3984.921875,3985.15625,3985.3828125,3985.609375,3985.8359375,3986.0546875,3986.28125,3986.5,3986.71875,3986.9453125,3987.171875,3987.3984375,3987.625,3987.859375,3988.1015625,3988.3515625,3988.5546875,3988.7734375,3989.0,3989.2421875,3989.6875,3990.7578125,3991.0390625,3991.296875,3991.5703125,3991.828125,3992.078125,3992.3125,3992.5625,3992.8125,3993.0546875,3993.2890625,3993.5234375,3993.7578125,3993.9921875,3994.21875,3994.421875,3994.625,3994.828125,3995.0390625,3995.25,3995.4609375,3995.671875,3995.890625,3996.0859375,3996.2890625,3996.5,3996.71875,3996.921875,3997.1484375,3997.9140625,3998.21875,3998.5234375,3998.8046875,3998.96875,3999.125,3999.2734375,3999.421875,3999.5703125,3999.7109375,3999.8515625,3999.9921875,4000.0,4000.0078125,4250.0
0.0,0.0,0.029645,0.029702,0.029743,0.02977,0.029784,0.029785,0.029772,0.029744,0.029703,0.029648,0.029578,0.029495,0.029397,0.029285,0.02916,0.029021,0.028869,0.028693,0.028502,0.028298,0.02808,0.02785,0.027592,0.027322,0.027023,0.026446,0.02576,0.025047,0.023121,0.02255,0.022073,0.021548,0.021074,0.020667,0.020311,0.020112,0.019939,0.01977,0.019628,0.019501,0.01939,0.019296,0.019219,0.019159,0.019119,0.019094,0.019086,0.019096,0.019122,0.019164,0.019227,0.019302,0.019393,0.0195,0.019623,0.019761,0.019915,0.020084,0.020267,0.020465,0.020693,0.02092,0.021177,0.02145,0.021736,0.022035,0.022369,0.02294,0.023567,0.024249,0.025011,0.025718,0.026522,0.029535,0.030748,0.031381,0.03195,0.032505,0.033022,0.033596,0.034149,0.034659,0.035147,0.035614,0.03604,0.036444,0.036827,0.037237,0.037618,0.037972,0.038298,0.038597,0.03888,0.039126,0.039355,0.039558,0.039741,0.039898,0.040029,0.040138,0.040221,0.040279,0.040312,0.040321,0.040304,0.040261,0.040194,0.040098,0.03998,0.039835,0.03967,0.039479,0.039269,0.039025,0.038763,0.038474,0.038157,0.037813,0.037441,0.037089,0.036697,0.0363,0.035863,0.035403,0.034901,0.034376,0.03383,0.033333,0.032799,0.032226,0.031617,0.030441,0.027491,0.026697,0.025996,0.025227,0.024561,0.023952,0.023402,0.02307,0.022773,0.022492,0.022244,0.022013,0.021798,0.0216,0.021419,0.021256,0.021112,0.020986,0.020884,0.020799,0.020726,0.020675,0.020638,0.020618,0.020626,0.020661,0.020728,0.020822,0.020944,0.021099,0.02128,0.021496,0.021736,0.02201,0.022328,0.022653,0.02302,0.024519,0.025134,0.025456,0.025738,0.025991,0.026226,0.026478,0.026692,0.026876,0.027022,0.027138,0.027222,0.027274,0.027293,0.02728,0.027233,0.027151,0.027037,0.026885,0.026701,0.026478,0.026216,0.025979,0.025726,0.025434,0.025102,0.024468,0.022813,0.022364,0.02196,0.021555,0.0212,0.020883,0.020594,0.020342,0.020125,0.019934,0.019763,0.019619,0.019496,0.019394,0.019313,0.019258,0.019216,0.019186,0.019168,0.01916,0.019167,0.01915,0.019159,0.019187,0.019237,0.019311,0.019409,0.019535,0.019689,0.01988,0.020062,0.020275,0.020991,0.021223,0.021428,0.021594,0.021732,0.021841,0.021921,0.021972,0.021995,0.021994,0.02197,0.021921,0.021862,0.021783,0.0214,0.021327,0.02128,0.021258,0.021266,0.021308,0.02138,0.021439,0.021511,0.021596,0.021695,0.021808,0.021928,0.02206,0.022206,0.022365,0.022538,0.022724,0.022936,0.023149,0.023389,0.023628,0.023896,0.024365,0.024867,0.025439,0.026061,0.026624,0.027268,0.029405,0.030144,0.03084,0.031447,0.032041,0.03256,0.033022,0.033428,0.033622,0.033791,0.034096,0.034232,0.034357,0.03447,0.03457,0.034659,0.034736,0.0348,0.034849,0.034887,0.034916,0.034932,0.034938,0.034925,0.034883,0.034819,0.034725,0.034605,0.034461,0.034285,0.034086,0.033865,0.033624,0.033341,0.033026,0.032709,0.032351,0.030946,0.030357,0.030054,0.029778,0.029527,0.029303,0.02905,0.028821,0.028625,0.028461,0.028321,0.028205,0.028113,0.028048,0.028003,0.027995,0.028023,0.02809,0.028194,0.028334,0.028514,0.028735,0.028942,0.029177,0.029443,0.029737,0.030315,0.031785,0.032167,0.032496,0.032814,0.033087,0.033324,0.033534,0.033702,0.033844,0.033954,0.034037,0.034095,0.034126,0.03413,0.034107,0.034058,0.033981,0.033878,0.033745,0.03358,0.03339,0.03317,0.032918,0.032704,0.032458,0.031902,0.031324,0.02965,0.029135,0.028673,0.028192,0.02775,0.027336,0.02695,0.026585,0.026249,0.025933,0.025639,0.025374,0.025141,0.024936,0.024767,0.02465,0.024554,0.024482,0.024433,0.024408,0.024405,0.024425,0.024468,0.024526,0.024599,0.024692,0.024805,0.025047,0.02552,0.025692,0.025847,0.025966,0.02607,0.026129,0.026145,0.026117,0.026084,0.026041,0.025984,0.025914,0.025831,0.025737,0.025626,0.025504,0.025267,0.024984,0.024694,0.023995,0.023671,0.023386,0.023165,0.023067,0.022987,0.02292,0.02287,0.022834,0.022813,0.022805,0.022813,0.022836,0.022876,0.02293,0.023001,0.023089,0.023197,0.02332,0.023458,0.023727,0.024061,0.024404,0.02522,0.025604,0.025782,0.025933,0.026071,0.02619,0.026299,0.026388,0.026459,0.026511,0.026545,0.026563,0.026562,0.026545,0.026501,0.026432,0.026338,0.02622,0.026077,0.025903,0.025705,0.025474,0.025264,0.02504,0.024792,0.024505,0.023955,0.022667,0.022353,0.022077,0.021815,0.02158,0.021373,0.021193,0.021032,0.020898,0.020783,0.020694,0.020624,0.020574,0.020546,0.020539,0.020552,0.020584,0.020633,0.020696,0.020781,0.020878,0.021,0.021131,0.021278,0.021454,0.021635,0.021846,0.022076,0.022323,0.022587,0.022868,0.023144,0.023455,0.023759,0.024098,0.024451,0.024815,0.025217,0.025631,0.026435,0.027355,0.028328,0.030936,0.031702,0.032395,0.033145,0.033814,0.034427,0.035007,0.035337,0.035633,0.035936,0.036206,0.036462,0.036705,0.036933,0.037148,0.037349,0.037534,0.037706,0.037852,0.037996,0.038125,0.038239,0.03834,0.038454,0.038543,0.038608,0.038651,0.038669,0.038664,0.038636,0.038583,0.038519,0.038437,0.038335,0.038208,0.037925,0.037311,0.037062,0.036827,0.036646,0.036561,0.036492,0.03644,0.036405,0.036387,0.036385,0.036401,0.036433,0.036477,0.036534,0.036604,0.036693,0.036795,0.036911,0.037039,0.037187,0.037509,0.037896,0.038333,0.039224,0.039598,0.039973,0.040286,0.040614,0.040758,0.040883,0.040997,0.041099,0.041189,0.041263,0.04133,0.041386,0.041429,0.041459,0.041476,0.041481,0.041473,0.041453,0.041385,0.041274,0.041136,0.040718,0.040608,0.040529,0.040465,0.040438,0.040447,0.040494,0.040578,0.0407,0.040862,0.041068,0.041268,0.041513,0.042328,0.042596,0.042831,0.043023,0.043177,0.043293,0.043376,0.043426,0.043445,0.043437,0.043403,0.043345,0.043262,0.043149,0.04301,0.042846,0.04265,0.042431,0.042172,0.041882,0.041583,0.041247,0.039923,0.039388,0.03911,0.038867,0.038649,0.038455,0.038243,0.038064,0.037914,0.037797,0.037708,0.037649,0.03762,0.037621,0.03765,0.03771,0.037795,0.037911,0.038055,0.038231,0.038433,0.038668,0.038888,0.039123,0.039392,0.039686,0.040269,0.04184,0.042268,0.042644,0.043035,0.043375,0.043665,0.04392,0.044156,0.044258,0.044348,0.044427,0.044494,0.044549,0.044593,0.044626,0.044647,0.044656,0.044655,0.044618,0.044537,0.044435,0.044299,0.04413,0.043931,0.043699,0.043426,0.043118,0.042776,0.042467,0.042124,0.041756,0.041343,0.04055,0.038702,0.038254,0.03786,0.037464,0.037116,0.036807,0.03653,0.036262,0.036037,0.035841,0.035682,0.035554,0.035462,0.035402,0.035376,0.035383,0.035422,0.035493,0.035599,0.035738,0.035914,0.036121,0.036366,0.03659,0.036848,0.037134,0.037447,0.038067,0.039643,0.040052,0.040412,0.040765,0.04108,0.041355,0.041582,0.04179,0.041953,0.042074,0.042151,0.042187,0.042181,0.042133,0.042043,0.041977,0.041899,0.04181,0.041709,0.041598,0.041469,0.041328,0.041177,0.041014,0.040832,0.040444,0.039995,0.039504,0.039202,0.038887,0.038561,0.038209,0.037846,0.037471,0.037071,0.036646,0.03584,0.03494,0.034031,0.031892,0.031327,0.030837,0.030301,0.029817,0.029384,0.02899,0.028754,0.028531,0.028331,0.028144,0.027969,0.027818,0.027679,0.027561,0.027449,0.027357,0.027279,0.027214,0.027164,0.02713,0.027108,0.027102,0.027109,0.027129,0.027164,0.027209,0.02727,0.02734,0.027429,0.027531,0.02764,0.02777,0.027913,0.02807,0.02824,0.028424,0.02862,0.028829,0.02905,0.029299,0.02956,0.029834,0.030119,0.030434,0.031097,0.031778,0.032553,0.033374,0.035558,0.036195,0.036773,0.037391,0.03796,0.038477,0.038925,0.039184,0.03943,0.039662,0.039866,0.040068,0.040244,0.040407,0.040554,0.040688,0.040806,0.04091,0.041,0.041074,0.041133,0.041178,0.041208,0.041225,0.041222,0.041199,0.041154,0.041088,0.041003,0.0409,0.040772,0.040618,0.040447,0.040251,0.04002,0.039785,0.039507,0.038399,0.037947,0.037713,0.037502,0.037323,0.037156,0.036976,0.03682,0.036693,0.036595,0.036521,0.03647,0.036445,0.036445,0.036468,0.036517,0.03659,0.036688,0.036809,0.036959,0.037139,0.037343,0.037528,0.037737,0.037969,0.038224,0.038726,0.039971,0.040295,0.040583,0.040864,0.041115,0.041325,0.041514,0.041684,0.041827,0.041936,0.042016,0.042068,0.042089,0.042082,0.042044,0.041994,0.041922,0.041835,0.041726,0.041599,0.041454,0.041286,0.041093,0.040733,0.040294,0.039849,0.038746,0.038201,0.037942,0.037708,0.03751,0.037328,0.037158,0.037015,0.036894,0.036794,0.036718,0.036667,0.036637,0.036631,0.036649,0.036691,0.036756,0.036849,0.036966,0.037106,0.037275,0.037466,0.037639,0.037835,0.038053,0.038303,0.038788,0.039984,0.0403,0.040571,0.040846,0.041081,0.041287,0.041471,0.041636,0.041769,0.041874,0.04195,0.041998,0.042015,0.042005,0.041966,0.041919,0.041858,0.041782,0.041687,0.041577,0.041453,0.041308,0.041149,0.040978,0.040785,0.040347,0.039842,0.038798,0.038359,0.037923,0.037549,0.037346,0.037165,0.036999,0.036855,0.036725,0.03661,0.036511,0.03643,0.036364,0.03631,0.036271,0.036246,0.036236,0.03624,0.036257,0.036289,0.036372,0.036495,0.036636,0.036994,0.037156,0.037223,0.037274,0.03731,0.037332,0.037341,0.037333,0.037309,0.037268,0.037209,0.037136,0.037046,0.036933,0.036821,0.036695,0.036556,0.036395,0.03622,0.036031,0.03583,0.035607,0.035185,0.034696,0.034209,0.033019,0.032418,0.032122,0.031864,0.031633,0.031428,0.031215,0.031027,0.030873,0.030752,0.030656,0.030589,0.030551,0.030543,0.030555,0.030581,0.030623,0.030679,0.030751,0.030838,0.03094,0.031057,0.03119,0.031338,0.031501,0.031678,0.03187,0.03209,0.032311,0.032561,0.032809,0.033088,0.03338,0.033685,0.034002,0.034352,0.034714,0.03511,0.035863,0.036744,0.03765,0.040157,0.040909,0.041546,0.042253,0.042905,0.0435,0.044019,0.044327,0.044603,0.044865,0.045111,0.045343,0.045558,0.045758,0.04593,0.046097,0.046238,0.046373,0.046482,0.046577,0.046656,0.04672,0.046772,0.046803,0.04682,0.046825,0.046816,0.046794,0.046757,0.04671,0.046646,0.046569,0.046479,0.046377,0.046262,0.046136,0.04599,0.045831,0.045661,0.04535,0.044999,0.044609,0.044152,0.043733,0.043239,0.041297,0.040473,0.040038,0.039647,0.039283,0.038947,0.038563,0.038213,0.037884,0.037588,0.037303,0.03704,0.036798,0.03657,0.036369,0.036186,0.036015,0.035851,0.035699,0.035559,0.035421,0.035285,0.034971,0.034298,0.034094,0.033976,0.033887,0.033824,0.033786,0.033772,0.033798,0.033863,0.033968,0.034116,0.034303,0.034537,0.034814,0.035078,0.035376,0.035708,0.036092,0.036447,0.036847,0.038323,0.038893,0.039454,0.03993,0.040185,0.040418,0.040635,0.040831,0.041012,0.041183,0.041334,0.041475,0.041642,0.04179,0.041917,0.042029,0.042108,0.042182,0.042403,0.042502,0.042623,0.042762,0.042892,0.043045,0.043681,0.043797,0.04389,0.043982,0.044036,0.044057,0.044042,0.044013,0.043968,0.043906,0.04383,0.043738,0.043628,0.0435,0.043361,0.043206,0.043026,0.042828,0.042613,0.04238,0.042129,0.041863,0.041568,0.041061,0.040487,0.03986,0.03915,0.038507,0.037778,0.035258,0.034319,0.033428,0.032639,0.03224,0.031869,0.031526,0.031197,0.030883,0.030596,0.030324,0.030078,0.029837,0.029621,0.029421,0.029235,0.029066,0.028912,0.028774,0.028651,0.028544,0.028453,0.028378,0.028315,0.02827,0.028239,0.028223,0.028222,0.028242,0.028285,0.028351,0.02844,0.028551,0.028691,0.028853,0.029043,0.02926,0.029515,0.030777,0.031095,0.031388,0.03166,0.031935,0.032905,0.033129,0.033347,0.033643,0.033954,0.03428,0.034636,0.034952,0.035287,0.035649,0.036041,0.036448,0.036898,0.037377,0.0379,0.038365,0.038849,0.039387,0.03996,0.041071,0.043699,0.044365,0.044955,0.045574,0.046109,0.046594,0.047029,0.047272,0.0475,0.047714,0.047901,0.048073,0.048231,0.048373,0.048492,0.048604,0.048694,0.048774,0.048834,0.048881,0.048911,0.048926,0.048927,0.048901,0.048847,0.04876,0.048644,0.048499,0.04832,0.048114,0.047873,0.047641,0.047391,0.047115,0.0468,0.046175,0.044941,0.044434,0.043934,0.04351,0.043065,0.042864,0.042674,0.042497,0.04234,0.042195,0.042061,0.041839,0.041653,0.041504,0.041389,0.041317,0.041264,0.04123,0.041167,0.041115,0.04103,0.040914,0.04083,0.04073,0.040618,0.040488,0.040342,0.040184,0.04001,0.039817,0.039585,0.039318,0.03904,0.038727,0.038391,0.038032,0.037636,0.037217,0.036835,0.036439,0.036012,0.035552,0.034647,0.032464,0.031891,0.031393,0.030873,0.030395,0.029977,0.029583,0.029172,0.028813,0.028503,0.02823,0.027996,0.027809,0.027655,0.027546,0.027479,0.027444,0.027444,0.027477,0.027544,0.027647,0.027782,0.027948,0.028134,0.028352,0.028604,0.028888,0.029179,0.029508,0.030809,0.031338,0.031606,0.031849,0.032068,0.032261,0.032472,0.032659,0.032812,0.032935,0.033033,0.033106,0.033152,0.033171,0.033165,0.033133,0.033075,0.032991,0.032883,0.032745,0.032584,0.032391,0.032214,0.032024,0.0318,0.031553,0.031065,0.02985,0.029535,0.029267,0.028996,0.028765,0.028565,0.028389,0.028232,0.028109,0.028015,0.027952,0.02792,0.027919,0.027947,0.028005,0.028074,0.028169,0.028284,0.028419,0.028574,0.028756,0.028957,0.029186,0.029609,0.030122,0.03064,0.031949,0.032292,0.032584,0.032898,0.033171,0.033413,0.033625,0.033832,0.034012,0.034157,0.034274,0.034361,0.034416,0.034443,0.034441,0.034403,0.034324,0.034206,0.034048,0.033853,0.033613,0.033326,0.033002,0.0327,0.032376,0.032018,0.031613,0.030824,0.029349,0.0288,0.028253,0.027789,0.02731,0.026892,0.026523,0.026202,0.02591,0.025661,0.02555,0.025456,0.025302,0.02519,0.02515,0.025119,0.025092,0.025095,0.02511,0.025152,0.025218,0.025311,0.025426,0.025569,0.025739,0.02593,0.026156,0.026569,0.027069,0.027598,0.029225,0.029725,0.030166,0.030635,0.031064,0.03145,0.031787,0.032107,0.032379,0.032599,0.03269,0.03277,0.032836,0.03289,0.032932,0.032961,0.032978,0.032982,0.032973,0.032952,0.032881,0.032828,0.032764,0.032688,0.032604,0.032504,0.032398,0.032279,0.03215,0.032008,0.031854,0.031689,0.031512,0.031323,0.031111,0.030898,0.030661,0.030412,0.030151,0.029879,0.029581,0.028951,0.028317,0.027583,0.026843,0.02492,0.024383,0.023913,0.023376,0.022914,0.022494,0.02213,0.021907,0.021709,0.021523,0.021349,0.021189,0.021051,0.020925,0.020812,0.020712,0.020625,0.020552,0.020493,0.020447,0.020418,0.0204,0.020397,0.020408,0.020436,0.020481,0.020546,0.020623,0.020717,0.020827,0.020961,0.021102,0.021269,0.021451,0.02165,0.021864,0.022106,0.022364,0.022636,0.023104,0.023622,0.024188,0.02484,0.025436,0.026109,0.028551,0.029557,0.030532,0.031407,0.031863,0.032304,0.032713,0.033107,0.033487,0.03385,0.034199,0.034532,0.034837,0.035129,0.035407,0.035673,0.035937,0.036188,0.036436,0.036672,0.036905,0.037125,0.037341,0.037545,0.037738,0.037926,0.038103,0.038268,0.038447,0.038604,0.038745,0.038865,0.038964,0.039042,0.039103,0.039143,0.039163,0.039164,0.039146,0.039109,0.039051,0.038976,0.038876,0.03876,0.038641,0.038506,0.038355,0.038182,0.038,0.037794,0.037574,0.037329,0.036866,0.036332,0.035781,0.034448,0.034101,0.03379,0.03347,0.033181,0.032933,0.032708,0.032476,0.032288,0.032135,0.032026,0.031954,0.031923,0.03193,0.031975,0.032036,0.032119,0.032224,0.03235,0.032497,0.032673,0.03287,0.033097,0.033345,0.03361,0.033905,0.034229,0.034553,0.034931,0.036354,0.036938,0.037532,0.037779,0.038014,0.038282,0.038518,0.038734,0.038919,0.039083,0.039219,0.03934,0.039434,0.039506,0.03956,0.039591,0.0396,0.039587,0.039551,0.039493,0.039412,0.039329,0.039229,0.039117,0.038983,0.038714,0.038045,0.037879,0.037738,0.037605,0.037496,0.03741,0.037347,0.037304,0.037285,0.03729,0.037321,0.037378,0.037462,0.037573,0.037704,0.037843,0.038012,0.038202,0.038414,0.038646,0.038911,0.039197,0.039502,0.039774,0.040075,0.040745,0.041431,0.043061,0.043485,0.04386,0.044255,0.044597,0.044904,0.045175,0.04545,0.045696,0.045902,0.046077,0.04622,0.046324,0.046397,0.046437,0.046446,0.046441,0.046422,0.046393,0.046353,0.046296,0.046225,0.04614,0.046051,0.045941,0.045818,0.045682,0.045533,0.045371,0.045197,0.044996,0.044798,0.044571,0.044101,0.043568,0.042951,0.042345,0.041638,0.04091,0.038948,0.038376,0.037868,0.037308,0.03682,0.03638,0.03597,0.035732,0.035524,0.035328,0.035144,0.034973,0.034815,0.034671,0.034552,0.034436,0.034342,0.034261,0.034193,0.034134,0.034093,0.034066,0.034053,0.034052,0.034064,0.03409,0.034129,0.034177,0.034242,0.03432,0.034411,0.034516,0.034633,0.034763,0.034905,0.035059,0.035225,0.035402,0.035608,0.035808,0.036038,0.036532,0.03709,0.037713,0.03837,0.039109,0.03987,0.04199,0.042608,0.043158,0.043763,0.044314,0.044811,0.045254,0.045511,0.045736,0.045966,0.046165,0.04635,0.046522,0.046679,0.04681,0.046939,0.047044,0.047144,0.047221,0.047291,0.04734,0.047379,0.047401,0.047409,0.047405,0.047391,0.047362,0.047276,0.047217,0.04714,0.047059,0.046957,0.04673,0.046461,0.046136,0.045771,0.045349,0.04487,0.044312,0.043745,0.043105,0.042421,0.040513,0.039933,0.03944,0.038898,0.038404,0.03796,0.037564,0.037335,0.037119,0.036915,0.036739,0.036575,0.036424,0.036285,0.03616,0.036047,0.035948,0.035862,0.035796,0.035737,0.035691,0.03566,0.035643,0.035641,0.035673,0.035739,0.035838,0.035975,0.036146,0.036349,0.036593,0.036868,0.037185,0.037529,0.03793,0.038336,0.038814,0.040687,0.041462,0.041866,0.042217,0.042548,0.042843,0.043167,0.043456,0.043698,0.043895,0.044056,0.044182,0.04427,0.044322,0.044336,0.044313,0.044255,0.044156,0.04402,0.043849,0.043636,0.043379,0.043125,0.04285,0.04254,0.042183,0.041839,0.041452,0.039952,0.039329,0.03871,0.038445,0.038192,0.037914,0.037655,0.037414,0.037203,0.037012,0.036839,0.036686,0.036552,0.036458,0.036371,0.036297,0.036237,0.036188,0.036149,0.036123,0.036106,0.036103,0.03613,0.03618,0.036344,0.03638,0.036399,0.036399,0.036375,0.036327,0.036254,0.036157,0.036033,0.03588,0.035699,0.035521,0.035318,0.034602,0.034355,0.034126,0.033944,0.033779,0.033658,0.033578,0.033539,0.033536,0.033548,0.033576,0.033621,0.033678,0.033754,0.033846,0.033956,0.034076,0.034215,0.034366,0.034543,0.034917,0.035676,0.035987,0.036284,0.036529,0.036656,0.036764,0.03686,0.036941,0.037004,0.037054,0.037089,0.037109,0.037114,0.037104,0.037079,0.037037,0.03698,0.036908,0.036816,0.036711,0.036499,0.036227,0.035945,0.035255,0.034931,0.034782,0.034659,0.034549,0.03446,0.034381,0.034325,0.034289,0.034276,0.034284,0.034314,0.034367,0.034442,0.03454,0.034668,0.034813,0.034989,0.035189,0.035424,0.035682,0.035963,0.036222,0.036509,0.03681,0.037155,0.037808,0.039403,0.039824,0.040183,0.040555,0.040874,0.041158,0.041416,0.041666,0.04188,0.042048,0.042173,0.042261,0.042311,0.042322,0.042293,0.042257,0.042211,0.042153,0.042077,0.041994,0.041891,0.041783,0.041653,0.04151,0.041354,0.041185,0.041004,0.04081,0.040589,0.040372,0.040126,0.039697,0.03924,0.038736,0.038164,0.037639,0.037054,0.035041,0.034284,0.033572,0.032933,0.032307,0.031742,0.031486,0.03124,0.031007,0.030801,0.030592,0.030409,0.030226,0.030068,0.029911,0.029778,0.029658,0.029551,0.029456,0.029373,0.029304,0.029243,0.029199,0.029168,0.029149,0.029142,0.029154,0.029191,0.029251,0.029338,0.029449,0.029581,0.029741,0.02993,0.0301,0.030281,0.030728,0.031186,0.032361,0.032675,0.032943,0.033218,0.033454,0.033664,0.033854,0.034018,0.034162,0.034286,0.034385,0.034465,0.034526,0.034568,0.03459,0.034594,0.034581,0.034553,0.034507,0.034445,0.034368,0.034272,0.034158,0.033928,0.033639,0.033309,0.032581,0.032259,0.031942,0.031668,0.031384,0.031137,0.030928,0.030749,0.030639,0.030538,0.030448,0.030361,0.03027,0.030187,0.030122,0.030077,0.030057,0.03005,0.030056,0.030076,0.03011,0.030159,0.030222,0.030301,0.030423,0.030574,0.030752,0.030962,0.031204,0.03147,0.031767,0.032105,0.032412,0.032739,0.033112,0.033517,0.034298,0.036068,0.03648,0.036847,0.037184,0.037487,0.037757,0.037994,0.038207,0.038387,0.038542,0.03867,0.038766,0.038835,0.038877,0.038891,0.038886,0.038868,0.038838,0.038799,0.03875,0.038684,0.038607,0.038517,0.038415,0.038301,0.038175,0.038038,0.03789,0.037718,0.037353,0.037009,0.036638,0.036225,0.035751,0.035334,0.034844,0.033214,0.03264,0.032102,0.031626,0.031178,0.030778,0.03043,0.030131,0.029871,0.029652,0.029484,0.029358,0.029312,0.029277,0.029243,0.029243,0.029254,0.029308,0.029364,0.029431,0.029512,0.029617,0.029728,0.029864,0.030017,0.030186,0.030371,0.030572,0.030788,0.031019,0.031265,0.031544,0.031818,0.032127,0.032665,0.033263,0.03392,0.034636,0.035292,0.036052,0.038595,0.039569,0.040486,0.041283,0.041705,0.042089,0.04246,0.042816,0.043135,0.04344,0.04373,0.044006,0.044283,0.044524,0.044749,0.044957,0.045147,0.045318,0.045472,0.045608,0.045717,0.045816,0.045897,0.04596,0.046004,0.046029,0.046037,0.046027,0.045978,0.045892,0.045762,0.045594,0.04538,0.045128,0.04483,0.044499,0.044184,0.04385,0.043481,0.04306,0.042214,0.040483,0.039754,0.039015,0.038367,0.03801,0.037683,0.03737,0.037086,0.036802,0.036546,0.036292,0.036052,0.035724,0.035416,0.035127,0.034841,0.034621,0.034387,0.033602,0.033258,0.03287,0.032459,0.032025,0.031527,0.03104,0.029893,0.02936,0.029094,0.028865,0.028664,0.028498,0.028387,0.028294,0.028213,0.028144,0.028088,0.028048,0.02802,0.028006,0.028005,0.028017,0.028042,0.02808,0.028132,0.028197,0.028274,0.028371,0.028567,0.02881,0.029101,0.029449,0.029794,0.030187,0.030596,0.031639,0.032187,0.032468,0.03271,0.032924,0.033112,0.033313,0.033485,0.03362,0.03372,0.03379,0.033829,0.033836,0.03381,0.033751,0.033658,0.033532,0.033366,0.033165,0.032932,0.032654,0.032346,0.032066,0.031753,0.031405,0.031025,0.030276,0.028495,0.028061,0.027678,0.027298,0.026971,0.026683,0.026419,0.026194,0.025996,0.025827,0.025696,0.025594,0.025527,0.025487,0.025479,0.025494,0.025527,0.025579,0.025645,0.025734,0.025833,0.025949,0.026092,0.026241,0.02642,0.026618,0.026833,0.027067,0.027317,0.027585,0.027869,0.028169,0.028508,0.028863,0.029234,0.02962,0.030048,0.030491,0.030948,0.031417,0.031897,0.032979,0.034126,0.036393,0.037324,0.038269,0.039126,0.040069,0.040495,0.040909,0.041285,0.041649,0.042001,0.04234,0.042734,0.043087,0.043442,0.043756,0.044068,0.044342,0.044595,0.044828,0.04504,0.045231,0.045402,0.045552,0.045682,0.045792,0.045882,0.045956,0.046019,0.046049,0.046042,0.045998,0.04592,0.045803,0.045655,0.045462,0.045292,0.045087,0.044857,0.044601,0.04409,0.043056,0.042622,0.042196,0.041835,0.041457,0.041132,0.040843,0.040591,0.040416,0.040257,0.04011,0.03998,0.039883,0.039784,0.039498,0.039385,0.039255,0.039116,0.038948,0.038756,0.038539,0.038299,0.037973,0.037605,0.037185,0.036716,0.036234,0.035677,0.035111,0.033595,0.033157,0.032769,0.032354,0.031985,0.031652,0.031365,0.0312,0.031046,0.030904,0.030781,0.030668,0.030568,0.030479,0.030402,0.030338,0.030288,0.030247,0.030218,0.030201,0.030195,0.030202,0.030221,0.030255,0.030301,0.03036,0.030436,0.030523,0.030627,0.030744,0.030877,0.031148,0.031483,0.031849,0.032908,0.033222,0.03349,0.033771,0.034015,0.034214,0.03438,0.034509,0.034607,0.034675,0.034713,0.034724,0.034716,0.034635,0.034617,0.034624,0.034659,0.034736,0.03479,0.034855,0.034931,0.035016,0.035113,0.035222,0.035343,0.035482,0.035633,0.035798,0.035975,0.036172,0.036381,0.036611,0.037021,0.03751,0.037999,0.039206,0.039823,0.040127,0.040396,0.040643,0.040874,0.041111,0.041326,0.041511,0.041673,0.041808,0.041925,0.042019,0.04209,0.042148,0.042175,0.042173,0.04214,0.042092,0.042022,0.041718,0.041606,0.041522,0.04148,0.041476,0.041508,0.041566,0.04173,0.041763,0.041782,0.041787,0.041773,0.04174,0.041686,0.041576,0.041505,0.041422,0.041224,0.040976,0.040725,0.040424,0.040118,0.039398,0.039055,0.038894,0.038752,0.038631,0.038529,0.038428,0.038355,0.03831,0.03829,0.038298,0.038333,0.038396,0.038484,0.038569,0.038662,0.038778,0.038901,0.039049,0.039203,0.039371,0.039554,0.039752,0.03998,0.040209,0.040469,0.040726,0.041017,0.041323,0.041643,0.042209,0.042835,0.043522,0.044269,0.04496,0.045725,0.048252,0.04914,0.049977,0.050729,0.051443,0.051783,0.052088,0.052382,0.052643,0.052912,0.05315,0.053393,0.053605,0.053804,0.053989,0.054161,0.054318,0.054461,0.05459,0.054703,0.054793,0.054877,0.05494,0.054993,0.055028,0.055051,0.055058,0.055052,0.055032,0.054998,0.054947,0.054885,0.054811,0.054724,0.054615,0.054501,0.054364,0.054225,0.05406,0.053882,0.053691,0.053487,0.053253,0.052826,0.052365,0.051826,0.051231,0.050659,0.04999,0.047548,0.046589,0.046088,0.045627,0.045207,0.044805,0.044383,0.043987,0.043622,0.043305,0.043018,0.042776,0.042552,0.042372,0.042268,0.042186,0.042116,0.042057,0.04201,0.041975,0.041951,0.041939,0.04194,0.041952,0.041975,0.042013,0.042058,0.04212,0.042194,0.04228,0.042475,0.042708,0.042987,0.043325,0.043665,0.044056,0.044479,0.045615,0.045939,0.046223,0.046534,0.046798,0.047029,0.047239,0.04746,0.047635,0.04777,0.047861,0.047912,0.047923,0.047892,0.047822,0.047714,0.047557,0.047357,0.047115,0.046832,0.046493,0.046114,0.045678,0.045289,0.044877,0.044421,0.043898,0.04343,0.042901,0.041149,0.040513,0.039918,0.039392,0.038869,0.038419,0.03802,0.037654,0.037322,0.037043,0.036802,0.0366,0.036447,0.036332,0.036258,0.036225,0.036226,0.036246,0.036285,0.036343,0.03642,0.036516,0.036631,0.036764,0.036916,0.037087,0.037276,0.0375,0.037725,0.037988,0.038248,0.038547,0.03884,0.039146,0.039467,0.039801,0.040148,0.040537,0.040938,0.041384,0.042209,0.043168,0.044119,0.04672,0.047488,0.048137,0.048866,0.049534,0.05014,0.050686,0.051014,0.051302,0.051578,0.051841,0.052091,0.052326,0.052547,0.052736,0.052928,0.05309,0.053253,0.053387,0.053518,0.053623,0.053715,0.053792,0.053866,0.053919,0.05395,0.053964,0.053959,0.053933,0.053887,0.053821,0.053735,0.05363,0.053505,0.053361,0.053198,0.053002,0.052803,0.052568,0.052334,0.052085,0.051821,0.051519,0.051201,0.050869,0.050524,0.050139,0.04939,0.048546,0.047674,0.045275,0.044567,0.043968,0.043277,0.042675,0.042133,0.041629,0.041337,0.041083,0.040843,0.040618,0.040409,0.040233,0.040056,0.039909,0.039766,0.03965,0.039542,0.039458,0.039385,0.039335,0.0393,0.039282,0.039279,0.039292,0.039321,0.039365,0.039425,0.0395,0.03959,0.039706,0.039827,0.039975,0.040125,0.040304,0.040499,0.040708,0.040932,0.04119,0.041615,0.042096,0.042633,0.043252,0.043816,0.044453,0.046612,0.047395,0.048154,0.048826,0.049172,0.049481,0.049779,0.050043,0.050294,0.050534,0.05076,0.050973,0.051172,0.051356,0.051525,0.051666,0.051805,0.051918,0.052017,0.052101,0.052178,0.052233,0.052273,0.052299,0.05231,0.052306,0.052288,0.052251,0.052158,0.052023,0.051846,0.051617,0.051344,0.051031,0.05066,0.05025,0.049804,0.049326,0.048793,0.048207,0.047624,0.04694,0.04429,0.04319,0.042608,0.042096,0.041606,0.041161,0.040676,0.040225,0.03981,0.039452,0.039131,0.038848,0.038606,0.038412,0.038249,0.038126,0.038043,0.037998,0.037996,0.038033,0.038109,0.038227,0.038373,0.038558,0.038783,0.039046,0.039322,0.039653,0.040997,0.041287,0.041542,0.041816,0.042048,0.04225,0.04243,0.042613,0.042753,0.042856,0.042919,0.042944,0.042931,0.042879,0.042788,0.042664,0.042505,0.042312,0.042074,0.041801,0.041494,0.041141,0.040757,0.040379,0.039962,0.039504,0.039007,0.038535,0.037988,0.035857,0.03497,0.034498,0.034077,0.033669,0.033292,0.032859,0.032463,0.032087,0.031748,0.03143,0.031132,0.030856,0.030601,0.030336,0.030098,0.029886,0.029692,0.029524,0.029375,0.029245,0.029138,0.029052,0.028981,0.028924,0.028881,0.028852,0.028832,0.02882,0.028833,0.028871,0.028903,0.028946,0.029,0.029065,0.02915,0.029249,0.029364,0.029494,0.029643,0.029807,0.02999,0.030194,0.0304,0.030624,0.030866,0.031125,0.031402,0.031707,0.03203,0.032369,0.033012,0.033757,0.034501,0.036406,0.036931,0.037376,0.037866,0.038301,0.038697,0.039053,0.039436,0.039777,0.040064,0.0403,0.040495,0.040578,0.040651,0.040763,0.040832,0.040861,0.040859,0.040846,0.040786,0.040681,0.040564,0.040411,0.039847,0.039653,0.039492,0.039373,0.039294,0.039251,0.039241,0.039264,0.039292,0.039333,0.039387,0.039452,0.039528,0.03962,0.039842,0.040066,0.040342,0.040623,0.041338,0.041681,0.041841,0.041983,0.042107,0.042211,0.042312,0.042392,0.042448,0.042481,0.042493,0.042482,0.042449,0.042392,0.042304,0.042189,0.042045,0.041867,0.041669,0.041437,0.041167,0.040872,0.040602,0.040303,0.039976,0.039621,0.038922,0.037171,0.036704,0.036298,0.035889,0.035522,0.0352,0.034931,0.034792,0.034665,0.034551,0.034449,0.03436,0.034289,0.034227,0.034181,0.034148,0.034128,0.034121,0.034126,0.034145,0.034178,0.034223,0.034282,0.034348,0.034426,0.034516,0.034624,0.034736,0.034869,0.035004,0.03516,0.035495,0.035886,0.036334,0.036839,0.037278,0.037777,0.038319,0.038922,0.039463,0.040077,0.042186,0.042991,0.043776,0.044474,0.045175,0.0458,0.046365,0.046623,0.04687,0.047118,0.047339,0.04756,0.047755,0.047947,0.048114,0.048268,0.048408,0.048533,0.048645,0.048743,0.048826,0.048896,0.048951,0.048993,0.049022,0.049037,0.049019,0.048967,0.048882,0.048761,0.048609,0.048421,0.04819,0.04798,0.047746,0.047485,0.047191,0.04662,0.04517,0.044789,0.044465,0.044142,0.04386,0.043619,0.043402,0.043223,0.04307,0.042947,0.042849,0.042778,0.042733,0.042716,0.042725,0.042761,0.042824,0.042914,0.043029,0.043174,0.043345,0.043546,0.043772,0.044002,0.044268,0.044562,0.044882,0.04556,0.046924,0.047477,0.048021,0.048477,0.048722,0.04895,0.049152,0.049329,0.049487,0.049621,0.049737,0.049833,0.049925,0.049986,0.050017,0.05002,0.049995,0.04994,0.049857,0.049744,0.049614,0.049462,0.049279,0.049063,0.048852,0.048599,0.047646,0.047273,0.04708,0.046912,0.046768,0.046636,0.046498,0.046381,0.046289,0.04622,0.046173,0.046149,0.046147,0.046166,0.04621,0.046278,0.046369,0.046489,0.046628,0.046795,0.046992,0.047212,0.047417,0.047636,0.047886,0.04816,0.048692,0.049982,0.050299,0.050583,0.050861,0.05111,0.051321,0.051504,0.051676,0.051819,0.051928,0.052005,0.052052,0.052068,0.052052,0.052006,0.051959,0.051898,0.051823,0.051734,0.051632,0.051516,0.051386,0.051234,0.051076,0.050895,0.050711,0.050503,0.05028,0.050045,0.049797,0.049521,0.049049,0.04853,0.047963,0.047332,0.046757,0.046106,0.043839,0.042977,0.042141,0.041417,0.041032,0.040678,0.040336,0.040024,0.039725,0.039454,0.039182,0.038938,0.038694,0.038467,0.038255,0.038059,0.03788,0.037716,0.037569,0.037439,0.037325,0.037227,0.037145,0.037078,0.037027,0.036989,0.036968,0.036962,0.036972,0.037002,0.037051,0.037119,0.037207,0.037317,0.037448,0.0376,0.037881,0.038232,0.038601,0.039699,0.04004,0.040337,0.040653,0.040934,0.041191,0.041419,0.041639,0.041832,0.041999,0.042143,0.042263,0.042354,0.042419,0.042455,0.042465,0.042447,0.042401,0.042329,0.042229,0.042101,0.041943,0.041756,0.04158,0.04138,0.04115,0.040896,0.040392,0.039247,0.038992,0.03877,0.038565,0.038395,0.038249,0.038131,0.038029,0.037954,0.037905,0.037884,0.03789,0.037923,0.037984,0.038068,0.038202,0.038367,0.038574,0.038816,0.039094,0.039416,0.039783,0.040185,0.040541,0.040943,0.041378,0.041846,0.042764,0.044941,0.045486,0.045956,0.046419,0.046844,0.047217,0.047551,0.047855,0.048127,0.048358,0.048548,0.048705,0.048824,0.048911,0.048961,0.048975,0.048975,0.048962,0.048936,0.048899,0.048845,0.048778,0.048697,0.048609,0.048502,0.048382,0.048249,0.048103,0.047936,0.047766,0.047573,0.047213,0.046794,0.046326,0.045813,0.045305,0.044729,0.042595,0.041757,0.041322,0.040919,0.040561,0.040234,0.039862,0.039529,0.039236,0.03897,0.038735,0.038536,0.038367,0.038228,0.038121,0.038042,0.03799,0.037964,0.037965,0.037993,0.038048,0.038128,0.038223,0.038336,0.03847,0.03863,0.038975,0.039695,0.039982,0.040255,0.040471,0.040579,0.040669,0.040744,0.040801,0.040843,0.040869,0.040879,0.040874,0.040854,0.040818,0.040768,0.040701,0.040618,0.040522,0.040407,0.040278,0.040026,0.039721,0.039409,0.038646,0.038297,0.037995,0.03776,0.037662,0.03758,0.03751,0.037455,0.037413,0.037382,0.037365,0.037361,0.037382,0.03744,0.037535,0.037666,0.037834,0.038045,0.038292,0.038575,0.03889,0.039259,0.039673,0.040128,0.040608,0.041167,0.041758,0.043464,0.043988,0.044453,0.04497,0.045435,0.045848,0.046235,0.046665,0.047043,0.047378,0.047669,0.047918,0.04813,0.048301,0.048434,0.048502,0.048553,0.048587,0.048605,0.048608,0.048594,0.048565,0.048518,0.048457,0.048378,0.048283,0.048173,0.048048,0.047912,0.047756,0.047589,0.047426,0.047257,0.047076,0.046877,0.046672,0.046448,0.046213,0.045957,0.045489,0.044962,0.044432,0.043192,0.04259,0.042301,0.042035,0.041803,0.041594,0.041362,0.041164,0.041002,0.040873,0.040774,0.040708,0.040671,0.040666,0.040682,0.040717,0.04077,0.040841,0.040929,0.041039,0.041166,0.041316,0.041467,0.041631,0.041823,0.042034,0.042474,0.043371,0.04373,0.044088,0.044392,0.044554,0.044698,0.044829,0.044943,0.045045,0.045134,0.04521,0.045274,0.045322,0.04536,0.045386,0.045399,0.0454,0.045388,0.045364,0.045327,0.045241,0.045119,0.044985,0.044641,0.044487,0.044369,0.044302,0.044286,0.044283,0.044294,0.044319,0.044359,0.04441,0.044479,0.044558,0.044646,0.044747,0.044859,0.044983,0.045119,0.045274,0.045618,0.045959,0.046358,0.046767,0.047742,0.04823,0.048471,0.048678,0.048862,0.049024,0.049194,0.049342,0.049461,0.049554,0.049625,0.049672,0.049695,0.049695,0.049679,0.049651,0.049611,0.049561,0.049495,0.049423,0.049332,0.049229,0.049113,0.048984,0.048843,0.04869,0.048525,0.048336,0.048148,0.047935,0.047571,0.047163,0.04671,0.046197,0.045738,0.045208,0.043411,0.042754,0.042138,0.041603,0.041081,0.040612,0.040212,0.03985,0.039529,0.039262,0.039037,0.038862,0.038727,0.038631,0.038579,0.038567,0.038581,0.038613,0.038661,0.038729,0.038814,0.038914,0.039036,0.039173,0.039459,0.039819,0.04021,0.041364,0.041704,0.041984,0.042277,0.042524,0.042723,0.042876,0.042992,0.043066,0.043101,0.043096,0.043062,0.043,0.042923,0.04272,0.042635,0.042604,0.042586,0.042581,0.042587,0.042612,0.042655,0.042714,0.042793,0.042893,0.043007,0.043142,0.043297,0.043503,0.043737,0.043999,0.044303,0.044622,0.044983,0.045372,0.045805,0.046186,0.046603,0.047057,0.047548,0.048499,0.050807,0.051422,0.051974,0.052542,0.05304,0.053486,0.053881,0.054095,0.054296,0.054484,0.054645,0.054794,0.054931,0.055054,0.055164,0.05526,0.055342,0.05541,0.055464,0.055503,0.055528,0.055538,0.055536,0.055506,0.055442,0.055345,0.055216,0.055056,0.054856,0.054625,0.054351,0.054047,0.0537,0.05331,0.05286,0.052404,0.051892,0.049806,0.049344,0.04893,0.048478,0.04808,0.04772,0.047382,0.047015,0.046685,0.046405,0.046173,0.045972,0.045818,0.045703,0.045628,0.045591,0.045592,0.045631,0.045706,0.04582,0.04597,0.046168,0.0464,0.046611,0.046852,0.047122,0.047431,0.048037,0.049182,0.049648,0.050096,0.050485,0.050881,0.051223,0.051531,0.051795,0.052018,0.052214,0.052376,0.05251,0.052611,0.052686,0.052732,0.052754,0.05275,0.052725,0.052676,0.052603,0.052492,0.052375,0.052263,0.052148,0.052042,0.051929,0.051801,0.051661,0.051506,0.05133,0.051137,0.05093,0.050717,0.050494,0.050253,0.049981,0.049701,0.04939,0.049059,0.048696,0.048374,0.04804,0.047292,0.046543,0.044792,0.043957,0.043552,0.043194,0.042869,0.042577,0.042268,0.041999,0.041757,0.041554,0.04138,0.041242,0.041129,0.04105,0.040998,0.040981,0.040999,0.041055,0.041148,0.041275,0.041443,0.041644,0.041838,0.042052,0.042305,0.042588,0.043145,0.044526,0.044863,0.045158,0.045443,0.045682,0.045886,0.046061,0.046201,0.04631,0.046388,0.04643,0.04644,0.046418,0.046362,0.046277,0.046148,0.045975,0.045772,0.045522,0.045235,0.044912,0.044541,0.044118,0.043697,0.043232,0.042722,0.042167,0.041614,0.04098,0.038467,0.037414,0.036841,0.036327,0.03585,0.03541,0.0349,0.034436,0.034,0.033595,0.03322,0.032875,0.03256,0.032274,0.032053,0.031843,0.031645,0.031468,0.031303,0.03115,0.031005,0.030872,0.030642,0.030143,0.029851,0.029515,0.028783,0.02863,0.028504,0.028372,0.02828,0.028225,0.028207,0.028226,0.028285,0.028381,0.028517,0.028694,0.028916,0.029177,0.029484,0.029769,0.030097,0.030459,0.030864,0.031239,0.031674,0.033398,0.034175,0.034978,0.035728,0.036326,0.036961,0.039012,0.040848,0.041388,0.041811,0.042155,0.042299,0.042432,0.042547,0.042645,0.042731,0.042803,0.042862,0.042904,0.042932,0.042945,0.042944,0.042925,0.042887,0.042834,0.042759,0.04267,0.042563,0.042437,0.042293,0.04213,0.041948,0.041748,0.041529,0.041277,0.041022,0.040732,0.040493,0.040226,0.039946,0.039654,0.039018,0.038317,0.037675,0.036938,0.036207,0.034483,0.033662,0.032893,0.032228,0.031911,0.031606,0.031314,0.031054,0.030807,0.03059,0.030371,0.030181,0.030005,0.029844,0.029697,0.029566,0.029452,0.029353,0.029272,0.029212,0.029165,0.029137,0.029124,0.029127,0.029148,0.029184,0.029236,0.029304,0.029396,0.029497,0.029625,0.029772,0.029937,0.030121,0.030322,0.030541,0.030778,0.031052,0.031324,0.031634,0.031963,0.032309,0.032672,0.033051,0.033735,0.034459,0.035251,0.036142,0.03696,0.037868,0.04104,0.042201,0.043332,0.044322,0.044832,0.045327,0.045776,0.046211,0.04663,0.047005,0.04739,0.047733,0.048081,0.048389,0.048698,0.048968,0.049237,0.049468,0.049679,0.049871,0.050043,0.050196,0.050329,0.050442,0.050535,0.050609,0.050663,0.0507,0.050713,0.050715,0.050704,0.05068,0.050642,0.050593,0.050531,0.050456,0.050371,0.050265,0.050156,0.050026,0.049733,0.049383,0.049069,0.048715,0.048322,0.047873,0.047461,0.047,0.04534,0.04469,0.044025,0.043461,0.042882,0.042377,0.041929,0.041715,0.041525,0.041177,0.040873,0.040612,0.040394,0.040211,0.040065,0.039956,0.039883,0.039856,0.03984,0.039842,0.039888,0.039983,0.040315,0.040639,0.040783,0.040894,0.041014,0.04115,0.0413,0.041502,0.04173,0.041991,0.042293,0.042599,0.042953,0.044473,0.044828,0.045148,0.045503,0.04583,0.046142,0.046455,0.046965,0.047638,0.048154,0.048336,0.048487,0.048604,0.048699,0.048779,0.048841,0.048888,0.048919,0.048934,0.048934,0.048899,0.048864,0.04882,0.048765,0.048699,0.04862,0.048529,0.048425,0.048315,0.048187,0.048053,0.047909,0.047742,0.047574,0.047383,0.047,0.046565,0.046076,0.045535,0.04501,0.044396,0.043779,0.042216,0.041375,0.040941,0.040557,0.040207,0.039891,0.039536,0.039226,0.038962,0.038734,0.038543,0.038396,0.038287,0.038215,0.038183,0.038184,0.038216,0.038284,0.038384,0.038517,0.03868,0.038881,0.03909,0.039332,0.039607,0.039913,0.040212,0.040562,0.041895,0.042417,0.042932,0.04316,0.043364,0.043593,0.043791,0.043961,0.04411,0.044237,0.044336,0.044414,0.044469,0.044505,0.044513,0.044494,0.044445,0.044368,0.044262,0.04413,0.043965,0.043774,0.04355,0.043293,0.043004,0.042707,0.04236,0.040993,0.040426,0.040142,0.039885,0.039655,0.039451,0.039227,0.03904,0.038882,0.038761,0.03867,0.03861,0.038582,0.038584,0.038609,0.038652,0.038715,0.038797,0.038902,0.039025,0.039166,0.039331,0.039496,0.039681,0.039888,0.040127,0.040612,0.041614,0.042033,0.042441,0.042789,0.042981,0.04315,0.043307,0.043443,0.043565,0.043674,0.043768,0.043844,0.043913,0.043967,0.044004,0.044023,0.044026,0.044012,0.043981,0.043934,0.043875,0.043801,0.043711,0.043602,0.043358,0.04283,0.042616,0.042412,0.042261,0.042189,0.042131,0.042089,0.042061,0.042049,0.042051,0.042069,0.0421,0.042147,0.04221,0.042286,0.042379,0.042487,0.042608,0.042748,0.042908,0.043204,0.043567,0.04393,0.044826,0.045268,0.045479,0.045662,0.045826,0.045977,0.046117,0.046235,0.046336,0.046414,0.046475,0.046517,0.04654,0.046543,0.046518,0.046459,0.046365,0.046238,0.046077,0.045876,0.045642,0.045375,0.045059,0.044689,0.044276,0.043809,0.043327,0.042785,0.042226,0.040676,0.04023,0.039837,0.039395,0.039012,0.038664,0.038361,0.03802,0.037728,0.037487,0.037295,0.037213,0.037147,0.037047,0.037011,0.036989,0.036977,0.036995,0.037035,0.037098,0.037182,0.037287,0.037419,0.037572,0.037751,0.037942,0.03815,0.038392,0.038659,0.039219,0.040363,0.040818,0.041276,0.041646,0.041848,0.042025,0.042177,0.042312,0.042429,0.042523,0.042603,0.042659,0.042699,0.042718,0.042716,0.042693,0.042651,0.042587,0.042503,0.042395,0.042292,0.042171,0.041882,0.041574,0.040794,0.040605,0.040442,0.040288,0.040157,0.040052,0.039971,0.039905,0.039871,0.039868,0.039895,0.039953,0.040041,0.040159,0.040309,0.040511,0.040751,0.041029,0.04136,0.041732,0.042142,0.042608,0.043111,0.043564,0.044061,0.044602,0.045187,0.045717,0.046332,0.048365,0.049109,0.049835,0.050466,0.051113,0.051681,0.05219,0.052658,0.052891,0.05311,0.053315,0.053492,0.053668,0.053817,0.053952,0.054072,0.054178,0.054269,0.054345,0.054405,0.05445,0.05448,0.054494,0.054493,0.054479,0.054449,0.054404,0.054343,0.054274,0.054184,0.05408,0.053961,0.053828,0.053681,0.053521,0.053334,0.053147,0.052932,0.052703,0.052462,0.05202,0.051526,0.050957,0.050334,0.049756,0.04909,0.046569,0.045538,0.045003,0.044506,0.044047,0.043625,0.043141,0.042702,0.042289,0.041919,0.041574,0.041256,0.040965,0.0407,0.040483,0.040288,0.040113,0.039953,0.039814,0.039696,0.039594,0.039511,0.039452,0.039405,0.039369,0.039345,0.039329,0.039348,0.039345,0.039315,0.039257,0.039205,0.039142,0.039064,0.038976,0.038868,0.03875,0.038617,0.038469,0.038314,0.038137,0.037945,0.037738,0.037518,0.037272,0.037013,0.036728,0.036222,0.035644,0.035058,0.033669,0.032974,0.032344,0.032066,0.031814,0.031562,0.031336,0.031124,0.030937,0.030765,0.030608,0.030466,0.030346,0.030194,0.030079,0.029992,0.029938,0.029916,0.029927,0.02997,0.030044,0.030142,0.03027,0.030432,0.030624,0.030828,0.031071,0.03206,0.032461,0.032658,0.032832,0.032977,0.033105,0.033231,0.033324,0.033385,0.033416,0.033416,0.033384,0.033323,0.033231,0.033108,0.032949,0.032759,0.032537,0.032287,0.031998,0.03167,0.031303,0.030985,0.030624,0.030234,0.029801,0.028972,0.026927,0.026407,0.025946,0.025478,0.025063,0.024687,0.024362,0.024048,0.02377,0.023539,0.023352,0.023203,0.023094,0.023027,0.023,0.023011,0.023056,0.023134,0.023251,0.023401,0.023585,0.023808,0.024063,0.024306,0.024568,0.024871,0.025203,0.025857,0.02741,0.027798,0.028132,0.028457,0.028736,0.02898,0.029197,0.029384,0.029533,0.029649,0.029728,0.029774,0.029786,0.029762,0.029706,0.029608,0.02947,0.029293,0.029078,0.028816,0.028515,0.028163,0.027776,0.027419,0.02704,0.026607,0.026135,0.025703,0.025222,0.023006,0.022457,0.021965,0.021497,0.021074,0.020696,0.020364,0.020064,0.0198,0.019584,0.019404,0.019263,0.019166,0.019107,0.019086,0.019097,0.01913,0.019183,0.019257,0.019352,0.019468,0.019604,0.019772,0.01995,0.020161,0.020393,0.020646,0.02092,0.021213,0.021543,0.021894,0.02218,0.022498,0.023168,0.023904,0.024754,0.025533,0.026414,0.029589,0.030881,0.031537,0.032128,0.032704,0.03324,0.033829,0.034373,0.034895,0.035394,0.035849,0.036281,0.03669,0.037076,0.037454,0.037805,0.038132,0.038433,0.03871,0.038972,0.0392,0.039412,0.039601,0.039772,0.039919,0.040042,0.040141,0.040221,0.040278,0.040311,0.040321,0.040305,0.040263,0.040197,0.040102,0.039985,0.039841,0.039676,0.039486,0.039269,0.039025,0.038763,0.038474,0.038157,0.037813,0.037441,0.037089,0.036697,0.0363,0.035863,0.035403,0.034901,0.034376,0.03383,0.033333,0.032799,0.032226,0.031617,0.030441,0.027491,0.026697,0.025996,0.025227,0.024561,0.023952,0.023402,0.02307,0.022773,0.022492,0.022244,0.022013,0.021798,0.0216,0.021419,0.021256,0.021112,0.020986,0.020884,0.020799,0.020726,0.020675,0.020638,0.020618,0.020626,0.020661,0.020728,0.020822,0.020944,0.021099,0.02128,0.021496,0.021736,0.02201,0.022328,0.022653,0.02302,0.024519,0.025134,0.025456,0.025738,0.025991,0.026226,0.026478,0.026692,0.026876,0.027022,0.027138,0.027222,0.027274,0.027293,0.02728,0.027233,0.027151,0.027037,0.026885,0.026701,0.026478,0.026216,0.025979,0.025726,0.025434,0.025102,0.024468,0.022813,0.022352,0.02196,0.021555,0.0212,0.020883,0.020594,0.020342,0.020125,0.019934,0.019763,0.019619,0.019496,0.019394,0.019313,0.019258,0.019216,0.019186,0.019168,0.01916,0.019167,0.01915,0.019159,0.019187,0.019237,0.019311,0.019409,0.019535,0.019689,0.01988,0.020062,0.020275,0.020991,0.021223,0.021428,0.021594,0.021732,0.021841,0.021921,0.021972,0.021995,0.021994,0.02197,0.021921,0.021862,0.021783,0.0214,0.021327,0.02128,0.021258,0.021266,0.021308,0.02138,0.021439,0.021511,0.021596,0.021695,0.021808,0.021928,0.02206,0.022206,0.022365,0.022538,0.022724,0.022936,0.023149,0.023389,0.023628,0.023896,0.024365,0.024867,0.025439,0.026061,0.026624,0.027268,0.029405,0.030144,0.03084,0.031447,0.032041,0.03256,0.033022,0.033428,0.033622,0.033791,0.034096,0.034232,0.034357,0.03447,0.03457,0.034659,0.034736,0.0348,0.034849,0.034887,0.034916,0.034932,0.034938,0.034925,0.034883,0.034819,0.034725,0.034605,0.034461,0.034285,0.034086,0.033865,0.033624,0.033341,0.033026,0.032709,0.032351,0.030946,0.030357,0.030054,0.029778,0.029527,0.029303,0.02905,0.028821,0.028625,0.028461,0.028321,0.028205,0.028113,0.028048,0.028003,0.027995,0.028023,0.02809,0.028194,0.028334,0.028514,0.028735,0.028942,0.029177,0.029443,0.029737,0.030315,0.031785,0.032167,0.032496,0.032814,0.033087,0.033324,0.033534,0.033702,0.033844,0.033954,0.034037,0.034095,0.034126,0.03413,0.034107,0.034058,0.033981,0.033878,0.033745,0.03358,0.03339,0.03317,0.032918,0.032704,0.032458,0.031902,0.031324,0.02965,0.029135,0.028673,0.028192,0.02775,0.027336,0.02695,0.026585,0.026249,0.025933,0.025639,0.025374,0.025141,0.024936,0.024767,0.02465,0.024554,0.024482,0.024433,0.024408,0.024406,0.024425,0.024468,0.024526,0.024599,0.024692,0.024805,0.025051,0.02552,0.025692,0.025847,0.025966,0.02607,0.026129,0.026145,0.026117,0.026084,0.026041,0.025984,0.025914,0.025831,0.025737,0.025626,0.025504,0.025267,0.024984,0.024694,0.024002,0.023671,0.023386,0.023165,0.023067,0.022987,0.02292,0.02287,0.022834,0.022813,0.022805,0.022813,0.022836,0.022876,0.02293,0.023001,0.023089,0.023197,0.02332,0.023458,0.023727,0.024061,0.024404,0.02522,0.025604,0.025782,0.025933,0.026071,0.02619,0.026299,0.026388,0.026459,0.026511,0.026545,0.026563,0.026562,0.026545,0.026501,0.026432,0.026338,0.02622,0.026077,0.025903,0.025705,0.025474,0.025264,0.02504,0.024792,0.024505,0.023955,0.022667,0.022353,0.022077,0.021815,0.02158,0.021373,0.021193,0.021032,0.020898,0.020783,0.020694,0.020624,0.020574,0.020546,0.020539,0.020552,0.020584,0.020633,0.020696,0.020781,0.020878,0.020991,0.021131,0.021278,0.021454,0.021635,0.021846,0.022076,0.022323,0.022587,0.022868,0.023144,0.023455,0.023759,0.024098,0.024451,0.024815,0.025217,0.025631,0.026435,0.027355,0.028328,0.030936,0.031702,0.032395,0.033145,0.033814,0.034427,0.035007,0.035337,0.035633,0.035936,0.036206,0.036462,0.036705,0.036933,0.037148,0.037349,0.037534,0.037694,0.037852,0.037996,0.038125,0.038239,0.03834,0.038454,0.038543,0.038608,0.038651,0.038669,0.038664,0.038636,0.038583,0.038519,0.038437,0.038335,0.038208,0.037925,0.037311,0.037062,0.036827,0.036646,0.036561,0.036492,0.03644,0.036405,0.036387,0.036385,0.036401,0.036433,0.036477,0.036534,0.036604,0.036693,0.036795,0.036911,0.037039,0.037187,0.037509,0.037896,0.038333,0.039224,0.039598,0.039973,0.040286,0.040614,0.040758,0.040883,0.040997,0.041099,0.041189,0.041263,0.04133,0.041386,0.041429,0.041459,0.041476,0.041481,0.041473,0.041453,0.041385,0.041274,0.041136,0.040718,0.040608,0.040529,0.040465,0.040438,0.040447,0.040494,0.040578,0.0407,0.040862,0.041068,0.041268,0.041513,0.042328,0.042596,0.042831,0.043023,0.043177,0.043293,0.043376,0.043426,0.043445,0.043437,0.043403,0.043345,0.043262,0.043149,0.04301,0.042846,0.04265,0.042431,0.042172,0.041882,0.041583,0.041247,0.039923,0.039388,0.03911,0.038867,0.038649,0.038455,0.038243,0.038064,0.037914,0.037797,0.037708,0.037649,0.03762,0.037621,0.03765,0.03771,0.037795,0.037911,0.038055,0.038231,0.038433,0.038668,0.038888,0.039123,0.039392,0.039686,0.040269,0.04184,0.042268,0.042644,0.043035,0.043375,0.043665,0.04392,0.044156,0.044258,0.044348,0.044427,0.044494,0.044549,0.044593,0.044626,0.044647,0.044656,0.044655,0.044618,0.044537,0.044435,0.044299,0.04413,0.043931,0.043699,0.043426,0.043118,0.042776,0.042467,0.042124,0.041756,0.041343,0.04055,0.038702,0.038254,0.03786,0.037464,0.037116,0.036807,0.03653,0.036262,0.036037,0.035841,0.035682,0.035554,0.035462,0.035402,0.035376,0.035383,0.035422,0.035493,0.035599,0.035738,0.035914,0.036121,0.036366,0.03659,0.036848,0.037134,0.037447,0.038067,0.039643,0.040052,0.040412,0.040765,0.04108,0.041355,0.041582,0.04179,0.041953,0.042074,0.042151,0.042187,0.042181,0.042135,0.042046,0.04198,0.041903,0.041815,0.041715,0.041603,0.041475,0.041335,0.041184,0.041022,0.040841,0.040454,0.040005,0.039515,0.039214,0.0389,0.038574,0.038223,0.03786,0.037486,0.037086,0.036661,0.035856,0.03494,0.034031,0.031892,0.031327,0.030837,0.030301,0.029817,0.029384,0.02899,0.028754,0.028531,0.028331,0.028144,0.027969,0.027818,0.027679,0.027561,0.027449,0.027357,0.027279,0.027214,0.027164,0.027128,0.027108,0.027102,0.02711,0.027131,0.027167,0.027212,0.027275,0.027346,0.027435,0.027539,0.027648,0.027779,0.027923,0.028081,0.028252,0.028437,0.028634,0.028843,0.029065,0.029315,0.02956,0.029834,0.030119,0.030434,0.031097,0.031778,0.032553,0.033374,0.035558,0.036195,0.036773,0.037391,0.03796,0.038459,0.038925,0.039184,0.03943,0.039662,0.039866,0.040068,0.040244,0.040407,0.040554,0.040688,0.040806,0.04091,0.041,0.041074,0.041133,0.041178,0.041208,0.041225,0.041222,0.041199,0.041154,0.041088,0.041003,0.0409,0.040772,0.040618,0.040447,0.040251,0.04002,0.039785,0.039507,0.038399,0.037947,0.037713,0.037502,0.037323,0.037156,0.036976,0.03682,0.036693,0.036595,0.036521,0.03647,0.036445,0.036445,0.036468,0.036517,0.03659,0.036688,0.036809,0.036959,0.037139,0.037343,0.037528,0.037737,0.037969,0.038224,0.038726,0.039971,0.040295,0.040583,0.040864,0.041115,0.041325,0.041514,0.041684,0.041827,0.041936,0.042016,0.042068,0.042089,0.042082,0.042044,0.041994,0.041922,0.041835,0.041726,0.041599,0.041454,0.041286,0.041093,0.040733,0.040294,0.039849,0.038746,0.038201,0.037942,0.037708,0.03751,0.037328,0.037158,0.037015,0.036894,0.036794,0.036718,0.036667,0.036637,0.036631,0.036649,0.036691,0.036756,0.036849,0.036966,0.037106,0.037275,0.037466,0.037639,0.037835,0.038053,0.038303,0.038788,0.039984,0.0403,0.040571,0.040846,0.041081,0.041287,0.041471,0.041636,0.041769,0.041874,0.04195,0.041998,0.042015,0.042005,0.041966,0.041919,0.041858,0.041782,0.041687,0.041577,0.041453,0.041308,0.041149,0.040978,0.040785,0.040347,0.039842,0.038798,0.038359,0.037923,0.037549,0.037346,0.037165,0.036999,0.036855,0.036725,0.03661,0.036511,0.03643,0.036364,0.03631,0.036271,0.036246,0.036236,0.03624,0.036257,0.036289,0.036372,0.036495,0.036636,0.036994,0.037156,0.037223,0.037274,0.03731,0.037332,0.037341,0.037333,0.037309,0.037268,0.037209,0.037136,0.037041,0.036933,0.036821,0.036695,0.036556,0.036395,0.03622,0.036031,0.03583,0.035607,0.035196,0.034708,0.034209,0.033007,0.032418,0.032122,0.031864,0.031633,0.031428,0.031215,0.031027,0.030873,0.030752,0.030656,0.030589,0.030551,0.030543,0.030555,0.030581,0.030623,0.030679,0.030751,0.030838,0.03094,0.031057,0.03119,0.031338,0.031501,0.031678,0.03187,0.03209,0.032311,0.032561,0.032809,0.033088,0.03338,0.033685,0.034002,0.034352,0.034714,0.03511,0.035863,0.036744,0.03765,0.040157,0.040909,0.041546,0.042253,0.042905,0.04348,0.044019,0.044327,0.044603,0.044865,0.045111,0.045343,0.045558,0.045758,0.04593,0.046097,0.046238,0.046373,0.046482,0.046577,0.046656,0.04672,0.046772,0.046803,0.04682,0.046825,0.046816,0.046794,0.046757,0.04671,0.046646,0.046569,0.046479,0.046377,0.046262,0.046136,0.04599,0.045831,0.045661,0.04535,0.044999,0.044609,0.044152,0.043733,0.043239,0.041297,0.040473,0.040038,0.039647,0.039283,0.038947,0.038563,0.038213,0.037884,0.037588,0.037303,0.03704,0.036798,0.03657,0.036369,0.036186,0.036015,0.035851,0.035699,0.035559,0.035421,0.035285,0.034971,0.034298,0.034094,0.033976,0.033887,0.033824,0.033786,0.033772,0.033798,0.033863,0.033968,0.034116,0.034303,0.034537,0.034814,0.035078,0.035376,0.035708,0.036092,0.036447,0.036847,0.038323,0.038893,0.039454,0.03993,0.040185,0.040418,0.040635,0.040831,0.041012,0.041183,0.041334,0.041475,0.041642,0.04179,0.041917,0.042029,0.042108,0.042182,0.042403,0.042502,0.042623,0.042762,0.042892,0.043045,0.043681,0.043797,0.04389,0.043982,0.044036,0.044057,0.044042,0.044013,0.043968,0.043906,0.04383,0.043738,0.043628,0.0435,0.043361,0.043198,0.043026,0.042828,0.042613,0.04238,0.042129,0.041863,0.041568,0.041061,0.040487,0.03986,0.03915,0.038507,0.037778,0.035258,0.034319,0.033428,0.032639,0.03224,0.031869,0.031526,0.031197,0.030883,0.030596,0.030324,0.030078,0.029837,0.029621,0.029421,0.029235,0.029066,0.028912,0.028774,0.028651,0.028544,0.028453,0.028378,0.028315,0.02827,0.028239,0.028223,0.028222,0.028242,0.028285,0.028351,0.02844,0.028551,0.028691,0.028853,0.029043,0.02926,0.029515,0.030777,0.031095,0.031388,0.03166,0.031935,0.032905,0.033129,0.033347,0.033643,0.033954,0.03428,0.034636,0.034952,0.035287,0.035649,0.036041,0.036448,0.036898,0.037377,0.0379,0.038365,0.038849,0.039387,0.03996,0.041071,0.043699,0.044365,0.044955,0.045574,0.046109,0.046594,0.047029,0.047272,0.0475,0.047702,0.04789,0.048064,0.048222,0.048365,0.048485,0.048598,0.048689,0.048769,0.04883,0.048877,0.048908,0.048925,0.048927,0.048905,0.04885,0.048764,0.048649,0.048505,0.048328,0.048114,0.047873,0.047641,0.047391,0.047115,0.0468,0.046175,0.044941,0.044434,0.043934,0.04351,0.043065,0.042864,0.042674,0.042497,0.04234,0.042195,0.042061,0.041839,0.041653,0.041504,0.041389,0.041317,0.041264,0.041167,0.041115,0.04103,0.040914,0.04083,0.04073,0.040618,0.040488,0.040342,0.040184,0.04001,0.039817,0.039574,0.039318,0.03904,0.038727,0.038391,0.038032,0.037636,0.037217,0.036835,0.036439,0.036012,0.035552,0.034647,0.032464,0.031891,0.031393,0.030873,0.030395,0.029977,0.029583,0.029172,0.028813,0.028503,0.02823,0.027996,0.027809,0.027655,0.027546,0.027479,0.027444,0.027444,0.027477,0.027544,0.027647,0.027782,0.027948,0.028134,0.028352,0.028604,0.028888,0.029179,0.029508,0.030809,0.031338,0.031606,0.031849,0.032068,0.032261,0.032472,0.032659,0.032812,0.032935,0.033033,0.033106,0.033152,0.033171,0.033165,0.033133,0.033075,0.032991,0.032883,0.032745,0.032584,0.032391,0.032214,0.032024,0.0318,0.031553,0.031065,0.02985,0.029535,0.029267,0.028996,0.028765,0.028565,0.028389,0.028232,0.028109,0.028015,0.027952,0.02792,0.027919,0.027947,0.028005,0.028074,0.028169,0.028284,0.028419,0.028574,0.028756,0.028957,0.029186,0.029609,0.030122,0.03064,0.031949,0.032292,0.032584,0.032898,0.033171,0.033413,0.033625,0.033832,0.034012,0.034157,0.034274,0.034361,0.034416,0.034443,0.034441,0.034403,0.034324,0.034206,0.034048,0.033853,0.033613,0.033326,0.033002,0.0327,0.032376,0.032018,0.031613,0.030824,0.029349,0.0288,0.028253,0.027789,0.02731,0.026892,0.026523,0.026202,0.02591,0.025661,0.02555,0.025456,0.025302,0.02519,0.02515,0.025119,0.025092,0.025095,0.02511,0.025152,0.025218,0.025311,0.025426,0.025569,0.025739,0.02593,0.026156,0.026569,0.027069,0.027598,0.029225,0.029725,0.030166,0.030635,0.031064,0.03145,0.031787,0.032107,0.032379,0.032599,0.03269,0.03277,0.032836,0.03289,0.032932,0.032961,0.032978,0.032982,0.032973,0.032952,0.032881,0.032828,0.032764,0.032688,0.032604,0.032504,0.032398,0.032279,0.03215,0.032008,0.031854,0.031689,0.031512,0.031323,0.031111,0.030898,0.030661,0.030412,0.030151,0.029879,0.029581,0.028951,0.028317,0.027583,0.026843,0.02492,0.024383,0.023913,0.023376,0.022914,0.022494,0.02213,0.021907,0.021709,0.021523,0.021349,0.021189,0.021051,0.020925,0.020812,0.020712,0.020625,0.020552,0.020496,0.02045,0.02042,0.020401,0.020397,0.020407,0.020434,0.020477,0.020541,0.020618,0.020711,0.02082,0.020952,0.021093,0.021258,0.02144,0.021638,0.021851,0.022092,0.022349,0.022621,0.023087,0.023604,0.024169,0.02482,0.025416,0.026088,0.028592,0.029618,0.030629,0.031088,0.031536,0.032023,0.032476,0.032912,0.033315,0.033716,0.034084,0.034436,0.034785,0.035116,0.035431,0.03574,0.036032,0.036319,0.036589,0.036852,0.0371,0.037341,0.037575,0.037793,0.038003,0.038198,0.038373,0.038533,0.038677,0.038794,0.038897,0.038982,0.03905,0.039103,0.039139,0.039161,0.039166,0.039155,0.03913,0.039089,0.039032,0.038958,0.038868,0.03876,0.038641,0.038519,0.038377,0.038229,0.038059,0.037877,0.037681,0.037463,0.037233,0.036797,0.036283,0.035768,0.034474,0.034126,0.033813,0.033492,0.033202,0.032953,0.032734,0.032499,0.0323,0.032145,0.032032,0.031958,0.031923,0.031929,0.031973,0.032032,0.032114,0.032218,0.03235,0.032497,0.032673,0.03287,0.033097,0.033345,0.03361,0.033905,0.034229,0.034553,0.034931,0.036354,0.036938,0.037519,0.037779,0.038014,0.038282,0.038518,0.038734,0.038919,0.039083,0.039219,0.03934,0.039434,0.039506,0.03956,0.039591,0.0396,0.039587,0.039551,0.039493,0.039412,0.039329,0.039229,0.039117,0.038983,0.038714,0.038045,0.037879,0.037738,0.037605,0.037496,0.03741,0.037347,0.037304,0.037285,0.03729,0.037319,0.037375,0.037453,0.037561,0.03769,0.037827,0.037993,0.038181,0.03839,0.03862,0.038884,0.039168,0.039471,0.039742,0.040041,0.04037,0.040727,0.041412,0.043098,0.043539,0.04393,0.044338,0.044691,0.045006,0.045296,0.045595,0.045843,0.046044,0.046207,0.046329,0.046406,0.046442,0.046439,0.046418,0.046383,0.046335,0.046274,0.046198,0.046109,0.046007,0.045881,0.045751,0.045609,0.045453,0.045271,0.045075,0.044865,0.044642,0.044407,0.043982,0.043526,0.042997,0.042416,0.041885,0.041289,0.039302,0.038574,0.037892,0.037308,0.036734,0.03622,0.035768,0.035375,0.035189,0.035028,0.034879,0.034741,0.034616,0.034502,0.0344,0.034311,0.034235,0.034171,0.034121,0.034087,0.034063,0.034052,0.034053,0.034066,0.034093,0.034133,0.034187,0.034262,0.034344,0.034448,0.034557,0.03469,0.034826,0.034987,0.035163,0.035353,0.035555,0.035771,0.035999,0.036259,0.036706,0.037183,0.037713,0.038318,0.038869,0.039487,0.04158,0.042341,0.043054,0.043689,0.044314,0.044877,0.045355,0.045791,0.046165,0.046335,0.046494,0.046764,0.046887,0.046988,0.047087,0.047166,0.047291,0.04734,0.047374,0.047396,0.047407,0.047398,0.047345,0.047248,0.047109,0.046928,0.046694,0.046419,0.046105,0.045736,0.04531,0.044828,0.04429,0.043722,0.043081,0.042397,0.040513,0.039933,0.03944,0.038898,0.038404,0.03796,0.037564,0.037335,0.037119,0.036915,0.036739,0.036575,0.036424,0.036285,0.03616,0.036047,0.035948,0.035862,0.035796,0.035741,0.035694,0.035662,0.035643,0.035641,0.035673,0.035739,0.035838,0.035975,0.036146,0.036349,0.036593,0.036868,0.037185,0.037529,0.03793,0.038336,0.038814,0.040687,0.041462,0.041866,0.042217,0.042548,0.042843,0.043167,0.043445,0.043688,0.043895,0.044056,0.044182,0.04427,0.044322,0.044336,0.044313,0.044255,0.044156,0.04402,0.043849,0.043636,0.043379,0.043125,0.04285,0.04254,0.042183,0.041839,0.041452,0.039952,0.039329,0.03871,0.038445,0.038192,0.037914,0.037655,0.037414,0.037203,0.037012,0.036839,0.036686,0.036552,0.036458,0.036371,0.036297,0.036237,0.036188,0.036149,0.036123,0.036106,0.036103,0.03613,0.03618,0.036344,0.03638,0.036399,0.036399,0.036375,0.036327,0.036254,0.036157,0.036033,0.03588,0.035699,0.035521,0.035318,0.034602,0.034355,0.034126,0.033944,0.033779,0.033658,0.033578,0.033539,0.033536,0.033548,0.033576,0.033621,0.033678,0.033754,0.033846,0.033956,0.034076,0.034215,0.034366,0.034543,0.034917,0.035676,0.035987,0.036284,0.036529,0.036656,0.03677,0.036864,0.036941,0.037004,0.037054,0.037089,0.037109,0.037114,0.037104,0.037079,0.037037,0.03698,0.036908,0.036816,0.036711,0.036499,0.036227,0.035945,0.035255,0.034931,0.034782,0.034659,0.034549,0.03446,0.034381,0.034325,0.034289,0.034276,0.034284,0.034314,0.034367,0.034437,0.034534,0.034661,0.034813,0.034989,0.035189,0.035424,0.035682,0.035963,0.036222,0.036509,0.03681,0.037155,0.037808,0.039419,0.03984,0.040199,0.040583,0.040914,0.041207,0.04146,0.041714,0.04192,0.042086,0.042205,0.042284,0.04232,0.042315,0.04227,0.042228,0.042174,0.042108,0.042023,0.041932,0.041829,0.041715,0.041578,0.04144,0.041278,0.041117,0.040931,0.040733,0.040523,0.040303,0.040054,0.039639,0.039179,0.038671,0.038119,0.037616,0.03703,0.035041,0.034307,0.033594,0.032954,0.032327,0.03178,0.031292,0.031056,0.030848,0.030636,0.030437,0.030251,0.030091,0.029933,0.029798,0.029676,0.029566,0.029469,0.029385,0.029313,0.02925,0.029205,0.029172,0.029151,0.029142,0.029152,0.029186,0.029243,0.029328,0.029437,0.029574,0.029733,0.029921,0.03009,0.030281,0.030728,0.031186,0.032361,0.032675,0.032943,0.033218,0.033454,0.033664,0.033854,0.034018,0.034162,0.034286,0.034385,0.034465,0.034526,0.034568,0.03459,0.034594,0.034581,0.034553,0.034507,0.034445,0.034368,0.034272,0.034158,0.033928,0.033639,0.033309,0.032581,0.032259,0.031942,0.031668,0.031384,0.031137,0.030928,0.030749,0.030639,0.030538,0.030448,0.030361,0.03027,0.030187,0.030122,0.030077,0.030057,0.03005,0.030056,0.030076,0.03011,0.030159,0.030222,0.030301,0.030423,0.030574,0.030752,0.030962,0.031204,0.03147,0.031767,0.032105,0.032412,0.032739,0.033112,0.033517,0.034298,0.036068,0.03648,0.036847,0.037184,0.037487,0.037757,0.037994,0.038207,0.038387,0.038542,0.03867,0.038766,0.038835,0.038877,0.038891,0.038886,0.038868,0.038838,0.038799,0.038745,0.038684,0.038607,0.038517,0.038415,0.038301,0.038175,0.038038,0.03789,0.037718,0.037353,0.037009,0.036638,0.036225,0.035751,0.035334,0.034844,0.033214,0.03264,0.032102,0.031626,0.031178,0.030778,0.03043,0.030131,0.029871,0.029652,0.029484,0.029358,0.029312,0.029277,0.029243,0.029242,0.029254,0.029308,0.029359,0.029431,0.029512,0.029617,0.029728,0.029864,0.030017,0.030186,0.030371,0.030572,0.030788,0.031019,0.031265,0.031544,0.031818,0.032127,0.032665,0.033263,0.03392,0.034636,0.035292,0.036052,0.038595,0.039569,0.040486,0.041283,0.041705,0.042089,0.04246,0.042816,0.043135,0.04344,0.04373,0.044006,0.044283,0.044524,0.044765,0.044971,0.045159,0.04533,0.045482,0.045617,0.045732,0.045829,0.045907,0.045967,0.046008,0.046031,0.046036,0.046024,0.045972,0.045882,0.045749,0.045577,0.045369,0.045117,0.044817,0.044484,0.044169,0.043833,0.043463,0.043042,0.042196,0.040483,0.039754,0.039015,0.038383,0.038026,0.037698,0.037385,0.0371,0.036816,0.036559,0.036304,0.036063,0.035734,0.035425,0.035135,0.034848,0.034621,0.034387,0.033602,0.033258,0.03287,0.032459,0.032025,0.031527,0.03104,0.029893,0.02936,0.029103,0.028873,0.028671,0.028504,0.028393,0.028299,0.028217,0.028148,0.028091,0.028051,0.028021,0.028006,0.028005,0.028017,0.028042,0.02808,0.028132,0.028197,0.028274,0.028371,0.028567,0.02881,0.029101,0.029449,0.029794,0.030187,0.030596,0.031639,0.032187,0.032468,0.03271,0.032924,0.033112,0.033313,0.033485,0.03362,0.03372,0.03379,0.033829,0.033836,0.03381,0.033751,0.033658,0.033532,0.033366,0.033165,0.032932,0.032654,0.032346,0.032066,0.031753,0.031406,0.031025,0.030276,0.028495,0.028061,0.027678,0.027313,0.026986,0.026696,0.026431,0.026204,0.026005,0.025843,0.025708,0.025604,0.025533,0.025491,0.025478,0.025489,0.025519,0.025567,0.025628,0.025713,0.025809,0.02593,0.02607,0.026229,0.026407,0.026603,0.026817,0.027049,0.027299,0.027565,0.027869,0.028169,0.028508,0.028863,0.029234,0.02962,0.030048,0.030491,0.030948,0.031417,0.031897,0.032979,0.034126,0.036393,0.037324,0.038269,0.039126,0.040069,0.040495,0.040909,0.041285,0.041649,0.042001,0.04234,0.042734,0.043087,0.043442,0.043756,0.044068,0.044342,0.044595,0.044828,0.04504,0.045231,0.045402,0.045552,0.045682,0.045792,0.045882,0.045956,0.046019,0.046049,0.046042,0.045998,0.04592,0.045803,0.045655,0.045462,0.045292,0.045087,0.044857,0.044601,0.04409,0.043056,0.042622,0.042206,0.041835,0.041457,0.041132,0.040843,0.040591,0.040416,0.040257,0.04011,0.03998,0.039883,0.039784,0.039498,0.039385,0.039255,0.039116,0.038948,0.038756,0.038539,0.038299,0.037973,0.037605,0.037185,0.036716,0.036234,0.035677,0.035111,0.033595,0.033157,0.032769,0.032354,0.031985,0.031652,0.031365,0.0312,0.031046,0.030904,0.030781,0.030668,0.030568,0.030479,0.030402,0.030338,0.030285,0.030245,0.030216,0.0302,0.030195,0.030203,0.030222,0.030257,0.030304,0.030364,0.030439,0.030527,0.030627,0.030744,0.030877,0.031148,0.031483,0.031849,0.032908,0.033222,0.03349,0.033777,0.034015,0.034214,0.03438,0.034509,0.034607,0.034675,0.034713,0.034724,0.034716,0.034635,0.034617,0.034624,0.034659,0.034736,0.03479,0.034855,0.034931,0.035016,0.035113,0.035222,0.035343,0.035482,0.035633,0.035798,0.035975,0.036172,0.036381,0.036611,0.037021,0.03751,0.037999,0.039206,0.039823,0.040127,0.040396,0.040643,0.040874,0.041111,0.041326,0.041511,0.041673,0.041808,0.041925,0.042019,0.04209,0.042148,0.042175,0.042173,0.04214,0.042092,0.042022,0.041718,0.041606,0.041522,0.04148,0.041476,0.041508,0.041566,0.04173,0.041763,0.041782,0.041787,0.041773,0.04174,0.041686,0.041576,0.041505,0.041422,0.041224,0.040976,0.040725,0.040424,0.040118,0.039398,0.039055,0.038894,0.038752,0.038631,0.038529,0.038428,0.038355,0.03831,0.03829,0.038298,0.038333,0.038396,0.038484,0.038569,0.038662,0.038778,0.038901,0.039049,0.039203,0.039371,0.039554,0.039752,0.03998,0.040209,0.040469,0.040726,0.041017,0.041323,0.041643,0.042209,0.042835,0.043522,0.044269,0.04496,0.045725,0.048252,0.04914,0.049977,0.050702,0.051418,0.052042,0.0526,0.052872,0.053111,0.053338,0.053553,0.053755,0.053944,0.054119,0.054267,0.054415,0.054538,0.054658,0.054754,0.054837,0.054907,0.054969,0.055011,0.05504,0.055055,0.055057,0.055044,0.055018,0.054974,0.05492,0.054847,0.054765,0.054662,0.054554,0.054423,0.054277,0.054117,0.053943,0.05374,0.053539,0.053308,0.052887,0.052408,0.051872,0.051255,0.050684,0.050016,0.047548,0.046563,0.046063,0.045603,0.045184,0.044805,0.044362,0.043968,0.043605,0.043289,0.043004,0.042763,0.042541,0.042362,0.042268,0.042186,0.042116,0.042057,0.04201,0.041975,0.041951,0.041939,0.04194,0.041952,0.041975,0.042013,0.042058,0.04212,0.042194,0.04228,0.042475,0.042708,0.042987,0.043325,0.043665,0.044056,0.044479,0.045615,0.045939,0.046223,0.046534,0.046798,0.047029,0.047239,0.04746,0.047635,0.04777,0.047861,0.047912,0.047923,0.047892,0.047822,0.047714,0.047557,0.047357,0.047115,0.046832,0.046493,0.046114,0.045678,0.045289,0.044877,0.044421,0.043898,0.04343,0.042901,0.041149,0.040513,0.039918,0.039392,0.038869,0.038419,0.03802,0.037654,0.037322,0.037043,0.036802,0.0366,0.036447,0.036332,0.036258,0.036225,0.036226,0.036246,0.036285,0.036343,0.03642,0.036516,0.036631,0.036764,0.036916,0.037087,0.037276,0.0375,0.037725,0.037988,0.038248,0.038547,0.03884,0.039146,0.039467,0.039801,0.040148,0.040537,0.040938,0.041384,0.042209,0.043168,0.044119,0.04672,0.047488,0.048137,0.048866,0.049534,0.05014,0.050686,0.051014,0.051302,0.051578,0.051841,0.052091,0.052326,0.052547,0.052736,0.052928,0.05309,0.053253,0.053387,0.053518,0.053623,0.053715,0.053792,0.053866,0.053919,0.05395,0.053964,0.053959,0.053933,0.053887,0.053821,0.053735,0.05363,0.053505,0.053361,0.053198,0.053002,0.052803,0.052568,0.052334,0.052085,0.051821,0.051519,0.051201,0.050869,0.050524,0.050139,0.04939,0.048546,0.047674,0.045275,0.044567,0.043968,0.043277,0.042675,0.042133,0.041629,0.041337,0.041083,0.040843,0.040618,0.040409,0.040233,0.040056,0.039909,0.039766,0.03965,0.039542,0.039458,0.039385,0.039335,0.0393,0.039282,0.039279,0.039292,0.039321,0.039365,0.039425,0.0395,0.03959,0.039706,0.039827,0.039975,0.040125,0.040304,0.040499,0.040708,0.040932,0.04119,0.041615,0.042096,0.042633,0.043252,0.043816,0.044453,0.046612,0.047395,0.048154,0.048826,0.049172,0.049481,0.049779,0.050043,0.050294,0.050534,0.05076,0.050973,0.051172,0.051356,0.051525,0.051666,0.051805,0.051918,0.052016,0.052101,0.052178,0.052233,0.052273,0.052299,0.05231,0.052306,0.052288,0.052251,0.052158,0.052023,0.051846,0.051617,0.051344,0.051031,0.05066,0.05025,0.049826,0.049349,0.048818,0.048207,0.047624,0.04694,0.04429,0.04319,0.042608,0.042096,0.041606,0.041161,0.040676,0.040225,0.03981,0.039452,0.039131,0.038848,0.038606,0.038412,0.038249,0.038126,0.038043,0.037998,0.037996,0.038033,0.038109,0.038227,0.038373,0.038559,0.038783,0.039046,0.039322,0.039653,0.040997,0.041287,0.041542,0.041816,0.042048,0.04225,0.04243,0.042613,0.042753,0.042856,0.042919,0.042944,0.042931,0.042879,0.042788,0.042664,0.042505,0.042312,0.042074,0.041801,0.041494,0.041141,0.040757,0.040379,0.039962,0.039504,0.039007,0.038535,0.037988,0.035857,0.03497,0.034498,0.034077,0.033669,0.033292,0.032859,0.032463,0.032087,0.031748,0.03143,0.031132,0.030856,0.030601,0.030336,0.030098,0.029886,0.029692,0.029524,0.029375,0.029245,0.029138,0.029052,0.028981,0.028924,0.028881,0.028852,0.028832,0.02882,0.028833,0.028871,0.028903,0.028946,0.029,0.029065,0.02915,0.029249,0.029364,0.029494,0.029643,0.029807,0.02999,0.030194,0.0304,0.030624,0.030866,0.031125,0.031402,0.031707,0.03203,0.032369,0.033012,0.033757,0.034501,0.036406,0.036931,0.037376,0.037866,0.038301,0.038697,0.039053,0.039436,0.039777,0.040064,0.0403,0.040495,0.040578,0.040651,0.040763,0.040832,0.040861,0.040859,0.040846,0.040786,0.040681,0.040564,0.040411,0.039847,0.039653,0.039492,0.039373,0.039294,0.039251,0.039241,0.039264,0.039292,0.039333,0.039387,0.039452,0.039528,0.03962,0.039842,0.040066,0.040342,0.040623,0.041338,0.041681,0.041841,0.041983,0.042107,0.042211,0.042312,0.042392,0.042448,0.042481,0.042493,0.042482,0.042449,0.042392,0.042304,0.042189,0.042045,0.041867,0.041669,0.041437,0.041167,0.040872,0.040602,0.040303,0.039976,0.039621,0.038922,0.037171,0.036704,0.036298,0.035889,0.035522,0.0352,0.034931,0.034792,0.034665,0.034551,0.034449,0.03436,0.034289,0.034227,0.034181,0.034148,0.034128,0.034121,0.034126,0.034145,0.034178,0.034223,0.034282,0.034348,0.034426,0.034516,0.034624,0.034736,0.034869,0.035004,0.03516,0.035495,0.035886,0.036334,0.036839,0.037278,0.037777,0.038319,0.038922,0.039463,0.040077,0.042186,0.042991,0.043776,0.044474,0.045175,0.0458,0.046365,0.046623,0.04687,0.047118,0.047339,0.04756,0.047755,0.047947,0.048114,0.048268,0.048408,0.048533,0.048645,0.048743,0.048826,0.048896,0.048951,0.048993,0.049022,0.049037,0.049019,0.048967,0.048882,0.048761,0.048609,0.048421,0.04819,0.04798,0.047746,0.047485,0.047191,0.04662,0.04517,0.044789,0.044465,0.044142,0.04386,0.043619,0.043402,0.043223,0.04307,0.042947,0.042849,0.042778,0.042733,0.042716,0.042725,0.042761,0.042824,0.042914,0.043029,0.043174,0.043345,0.043546,0.043772,0.044002,0.044268,0.044562,0.044882,0.04556,0.046924,0.047477,0.048021,0.048477,0.048722,0.04895,0.049152,0.049329,0.049487,0.049621,0.049737,0.049833,0.049923,0.049984,0.050016,0.05002,0.049995,0.04994,0.049857,0.049744,0.049614,0.049462,0.049279,0.049063,0.048852,0.048599,0.047646,0.047273,0.04708,0.046912,0.046768,0.046636,0.046498,0.046381,0.046289,0.04622,0.046173,0.046149,0.046147,0.046166,0.04621,0.046278,0.046369,0.046489,0.046628,0.046795,0.046992,0.047212,0.047417,0.047636,0.047886,0.04816,0.048692,0.049982,0.050299,0.050583,0.050861,0.05111,0.051321,0.051504,0.051676,0.051819,0.051928,0.052005,0.052052,0.052068,0.052052,0.052006,0.051959,0.051898,0.051823,0.051734,0.051632,0.051516,0.051386,0.051234,0.051076,0.050895,0.050711,0.050503,0.05028,0.050045,0.049797,0.049521,0.049049,0.04853,0.047963,0.047332,0.046757,0.046106,0.043839,0.042977,0.042141,0.041417,0.041032,0.040678,0.040336,0.040024,0.039725,0.039454,0.039182,0.038938,0.038694,0.038467,0.038255,0.038059,0.03788,0.037716,0.037569,0.037439,0.037325,0.037227,0.037145,0.037078,0.037027,0.036989,0.036968,0.036962,0.036972,0.037002,0.037051,0.037119,0.037207,0.037317,0.037448,0.0376,0.037881,0.038232,0.038601,0.039699,0.04004,0.040337,0.040653,0.040934,0.041191,0.041419,0.041639,0.041832,0.041999,0.042143,0.042263,0.042354,0.042419,0.042455,0.042465,0.042447,0.042401,0.042329,0.042229,0.042101,0.041943,0.041756,0.04158,0.04138,0.04115,0.040896,0.040392,0.039247,0.038992,0.03877,0.038565,0.038395,0.038249,0.038131,0.038029,0.037954,0.037905,0.037884,0.03789,0.037923,0.037984,0.038068,0.038202,0.038367,0.038574,0.038816,0.039094,0.039416,0.039783,0.040185,0.040541,0.040943,0.041378,0.041846,0.042764,0.044941,0.045486,0.045956,0.046419,0.046844,0.047217,0.047551,0.047855,0.048127,0.048358,0.048548,0.048705,0.048827,0.048911,0.048961,0.048975,0.048975,0.048963,0.048936,0.048899,0.048845,0.048778,0.048697,0.048609,0.048502,0.048382,0.048249,0.048103,0.047936,0.047766,0.047573,0.047213,0.046794,0.046326,0.045813,0.045305,0.044729,0.042595,0.041757,0.041322,0.040919,0.040561,0.040234,0.039862,0.039529,0.039236,0.03897,0.038735,0.038536,0.038367,0.038228,0.038121,0.038042,0.03799,0.037964,0.037965,0.037993,0.038048,0.038128,0.038223,0.038336,0.03847,0.03863,0.038975,0.039695,0.039982,0.040255,0.040471,0.040579,0.040669,0.040744,0.040801,0.040843,0.040869,0.040879,0.040874,0.040854,0.040818,0.040768,0.040701,0.040618,0.040522,0.040407,0.040278,0.040026,0.039721,0.039409,0.038646,0.038297,0.037995,0.03776,0.037662,0.03758,0.03751,0.037455,0.037413,0.037382,0.037365,0.037361,0.037382,0.03744,0.037535,0.037666,0.037834,0.038045,0.038292,0.038575,0.038901,0.039259,0.039673,0.040128,0.040608,0.041167,0.041758,0.043464,0.043988,0.044453,0.04497,0.045435,0.045848,0.046235,0.046665,0.047043,0.047378,0.047669,0.047918,0.04813,0.048301,0.048434,0.048502,0.048553,0.048587,0.048605,0.048608,0.048594,0.048565,0.048518,0.048457,0.048378,0.048283,0.048173,0.048048,0.047912,0.047756,0.047589,0.047426,0.047257,0.047076,0.046877,0.046672,0.046448,0.046213,0.045957,0.045489,0.044962,0.044432,0.043192,0.04259,0.042301,0.042035,0.041803,0.041594,0.041362,0.041164,0.041002,0.040873,0.040774,0.040708,0.040671,0.040666,0.040682,0.040717,0.04077,0.040841,0.040929,0.041039,0.041166,0.041316,0.041467,0.041631,0.041823,0.042034,0.042474,0.043371,0.04373,0.044088,0.044392,0.044554,0.044698,0.044829,0.044943,0.045045,0.045134,0.04521,0.045274,0.045322,0.04536,0.045386,0.045399,0.0454,0.045388,0.045364,0.045327,0.045241,0.045119,0.044985,0.044641,0.044487,0.044369,0.044302,0.044286,0.044283,0.044294,0.044319,0.044359,0.04441,0.044479,0.044558,0.044646,0.044747,0.044859,0.044983,0.045119,0.045274,0.045618,0.045959,0.046358,0.046767,0.047742,0.04823,0.048471,0.048678,0.048862,0.049024,0.049194,0.049342,0.049461,0.049554,0.049625,0.049672,0.049695,0.049695,0.049679,0.049651,0.049611,0.049561,0.049501,0.049423,0.049332,0.049229,0.049113,0.048984,0.048843,0.04869,0.048525,0.048336,0.048148,0.047935,0.047571,0.047163,0.04671,0.046197,0.045738,0.045208,0.043411,0.042754,0.042138,0.041603,0.041081,0.040612,0.040212,0.03985,0.039529,0.039262,0.039037,0.038862,0.038727,0.038631,0.038579,0.038567,0.038581,0.038613,0.038661,0.038729,0.038814,0.038914,0.039036,0.039173,0.039459,0.039819,0.04021,0.041364,0.041704,0.041984,0.042277,0.042524,0.042723,0.042876,0.042992,0.043066,0.043101,0.043096,0.043062,0.043,0.042923,0.04272,0.042635,0.042604,0.042586,0.042581,0.042587,0.042612,0.042655,0.042714,0.042793,0.042893,0.043007,0.043142,0.043297,0.043503,0.043737,0.043999,0.044303,0.044622,0.044983,0.045372,0.045805,0.046186,0.046603,0.047057,0.047548,0.048499,0.050807,0.051422,0.051953,0.052503,0.053002,0.053434,0.053833,0.05405,0.05424,0.054431,0.054597,0.05475,0.05489,0.055017,0.055123,0.055224,0.055306,0.05538,0.055436,0.055484,0.055514,0.055533,0.055539,0.055522,0.055468,0.055378,0.055252,0.055091,0.054887,0.054648,0.054377,0.054061,0.053716,0.053327,0.052877,0.052422,0.051892,0.049806,0.049344,0.04893,0.048478,0.04808,0.04772,0.047382,0.047015,0.046685,0.046405,0.046173,0.045972,0.045818,0.045703,0.045628,0.045591,0.045592,0.045631,0.045706,0.04582,0.045976,0.046168,0.0464,0.046611,0.046852,0.047122,0.047431,0.048037,0.049182,0.049648,0.050096,0.050485,0.050881,0.051223,0.051531,0.051795,0.052018,0.052214,0.052376,0.05251,0.052611,0.052686,0.052732,0.052754,0.05275,0.052725,0.052676,0.052603,0.052492,0.052375,0.052263,0.052148,0.052042,0.051929,0.051801,0.051661,0.051506,0.05133,0.051137,0.05093,0.050717,0.050494,0.050242,0.049981,0.049701,0.04939,0.049059,0.048696,0.048374,0.04804,0.047292,0.046543,0.044792,0.043957,0.043552,0.043194,0.042869,0.042577,0.042268,0.041999,0.041757,0.041554,0.04138,0.041242,0.041129,0.04105,0.040998,0.040981,0.040999,0.041055,0.041148,0.041275,0.041443,0.041644,0.041838,0.042052,0.042305,0.042588,0.043145,0.044526,0.044863,0.045158,0.045443,0.045682,0.045886,0.046061,0.046201,0.04631,0.046388,0.04643,0.04644,0.046418,0.046362,0.046277,0.046148,0.045975,0.045772,0.045522,0.045235,0.044912,0.044541,0.044118,0.043697,0.043232,0.042722,0.042167,0.041614,0.04098,0.038467,0.037414,0.036841,0.036327,0.03585,0.03541,0.0349,0.034436,0.034,0.033595,0.03322,0.032875,0.03256,0.032274,0.032053,0.031843,0.031645,0.031468,0.031303,0.03115,0.03101,0.030876,0.030761,0.030642,0.030143,0.029851,0.029515,0.028783,0.02863,0.028507,0.028375,0.028282,0.028227,0.028207,0.028224,0.02828,0.028378,0.028513,0.028688,0.028909,0.029177,0.029484,0.029769,0.030097,0.030459,0.030864,0.031239,0.031674,0.033398,0.034175,0.034978,0.035728,0.036326,0.036961,0.039012,0.040848,0.041388,0.041811,0.042155,0.042299,0.042432,0.042547,0.042645,0.042731,0.042803,0.042862,0.042904,0.042932,0.042945,0.042944,0.042925,0.042887,0.042834,0.042759,0.04267,0.042563,0.042437,0.042293,0.04213,0.041948,0.041748,0.041529,0.041292,0.041037,0.040748,0.040511,0.040244,0.039965,0.039674,0.039372,0.039039,0.038317,0.037675,0.036938,0.036207,0.034483,0.033662,0.032893,0.032228,0.031911,0.031606,0.031314,0.031054,0.030807,0.03059,0.030371,0.030181,0.030005,0.029844,0.029697,0.029566,0.029452,0.029353,0.029272,0.029212,0.029165,0.029137,0.029124,0.029127,0.029148,0.029184,0.029236,0.029304,0.029388,0.029497,0.029625,0.029772,0.029937,0.030121,0.030322,0.030541,0.030778,0.031052,0.031324,0.031634,0.031963,0.032309,0.032672,0.033051,0.033735,0.034459,0.035251,0.036142,0.03696,0.037868,0.04104,0.042201,0.043332,0.044322,0.044832,0.045327,0.045776,0.046211,0.04663,0.047005,0.04739,0.047733,0.048081,0.048389,0.048698,0.048968,0.049237,0.049468,0.049679,0.049871,0.050043,0.050196,0.050329,0.050442,0.050535,0.050609,0.050663,0.0507,0.050713,0.050715,0.050704,0.05068,0.050643,0.050593,0.05053,0.050456,0.050371,0.050265,0.050156,0.050026,0.049733,0.049383,0.049069,0.048715,0.048322,0.047873,0.047461,0.047,0.04534,0.04469,0.044025,0.043461,0.042882,0.042377,0.041929,0.041715,0.041525,0.041177,0.040873,0.040612,0.040394,0.040211,0.040065,0.039956,0.039883,0.039856,0.03984,0.039842,0.039888,0.039983,0.040315,0.040639,0.040783,0.040894,0.041014,0.04115,0.0413,0.041502,0.04173,0.041991,0.042293,0.042599,0.042953,0.044473,0.044828,0.045148,0.045503,0.04583,0.046142,0.046455,0.046965,0.047638,0.048154,0.048336,0.048487,0.048604,0.048699,0.048779,0.048841,0.048888,0.048919,0.048934,0.048934,0.048899,0.048864,0.04882,0.048765,0.048699,0.04862,0.048529,0.048425,0.048315,0.048187,0.048053,0.047909,0.047742,0.047574,0.047383,0.047,0.046565,0.046076,0.045535,0.04501,0.044396,0.043779,0.042216,0.041375,0.040941,0.040557,0.040207,0.039891,0.039536,0.039226,0.038962,0.038734,0.038543,0.038396,0.038287,0.038215,0.038183,0.038184,0.038216,0.038284,0.038384,0.038517,0.03868,0.038881,0.03909,0.039332,0.039607,0.039913,0.040212,0.040562,0.041895,0.042417,0.042932,0.04316,0.043364,0.043593,0.043791,0.043961,0.04411,0.044237,0.044336,0.044414,0.044469,0.044505,0.044513,0.044494,0.044445,0.044368,0.044262,0.04413,0.043965,0.043774,0.04355,0.043293,0.043004,0.042707,0.04236,0.040993,0.040426,0.040142,0.039885,0.039655,0.039451,0.039227,0.03904,0.038882,0.038761,0.03867,0.03861,0.038582,0.038584,0.038609,0.038652,0.038715,0.038797,0.038902,0.039025,0.039166,0.039331,0.039496,0.039681,0.039888,0.040127,0.040612,0.041614,0.042033,0.042441,0.042789,0.042981,0.04315,0.043307,0.043443,0.043565,0.043674,0.043768,0.043844,0.043913,0.043967,0.044004,0.044023,0.044026,0.044012,0.043981,0.043934,0.043875,0.043801,0.043711,0.043602,0.043358,0.04283,0.042616,0.042412,0.042261,0.042189,0.042131,0.042089,0.042061,0.042049,0.042051,0.042069,0.0421,0.042147,0.04221,0.042286,0.042379,0.042487,0.042608,0.042748,0.042908,0.043204,0.043567,0.04393,0.044826,0.045268,0.045479,0.045662,0.045826,0.045977,0.046117,0.046235,0.046336,0.046414,0.046475,0.046517,0.04654,0.046543,0.046518,0.046459,0.046365,0.046238,0.046077,0.045876,0.045642,0.045375,0.045059,0.044689,0.044276,0.043809,0.043327,0.042785,0.042212,0.040676,0.04023,0.039837,0.039395,0.039012,0.038664,0.038361,0.03802,0.037728,0.037487,0.037295,0.037213,0.037147,0.037047,0.037011,0.036989,0.036977,0.036995,0.037035,0.037098,0.037182,0.037287,0.037419,0.037572,0.037751,0.037942,0.03815,0.038392,0.038659,0.039219,0.040363,0.040818,0.041276,0.041646,0.041848,0.042025,0.042177,0.042312,0.042429,0.042523,0.042603,0.042659,0.042699,0.042718,0.042716,0.042693,0.042651,0.042587,0.042503,0.042395,0.042292,0.042171,0.041882,0.041574,0.040794,0.040605,0.040442,0.040288,0.040157,0.040052,0.039971,0.039905,0.039871,0.039868,0.039895,0.039953,0.040041,0.040159,0.040309,0.040511,0.040751,0.041029,0.04136,0.041732,0.042142,0.042608,0.043111,0.043564,0.044061,0.044602,0.045187,0.045717,0.046332,0.048365,0.049133,0.049859,0.050489,0.051135,0.051721,0.052227,0.052692,0.052939,0.053155,0.053357,0.053544,0.053715,0.05386,0.054,0.054114,0.054222,0.054306,0.054374,0.054428,0.054468,0.05449,0.054495,0.054486,0.054463,0.054427,0.054378,0.05431,0.054234,0.054138,0.054036,0.053912,0.053773,0.053621,0.053456,0.053278,0.053087,0.052868,0.052653,0.052409,0.051963,0.051464,0.050913,0.050312,0.049733,0.049066,0.046569,0.045538,0.045003,0.044528,0.044068,0.043646,0.043161,0.04272,0.042306,0.041935,0.041589,0.04127,0.040978,0.040712,0.040493,0.040297,0.040122,0.03996,0.03982,0.039696,0.039594,0.039511,0.039452,0.039405,0.039369,0.039345,0.039329,0.039348,0.039345,0.039315,0.039257,0.039205,0.039142,0.039064,0.038971,0.038868,0.03875,0.038617,0.038469,0.038314,0.038137,0.037945,0.037738,0.037518,0.037272,0.037013,0.036728,0.036222,0.035644,0.035058,0.033669,0.032974,0.032344,0.032066,0.031814,0.031562,0.031336,0.031124,0.030937,0.030765,0.030608,0.030466,0.030346,0.030194,0.030079,0.029992,0.029938,0.029916,0.029927,0.02997,0.030044,0.030142,0.03027,0.030432,0.030624,0.030828,0.031071,0.03206,0.032461,0.032658,0.032832,0.032977,0.033105,0.033231,0.033324,0.033385,0.033416,0.033416,0.033384,0.033323,0.033231,0.033108,0.032949,0.032759,0.032537,0.032287,0.031998,0.03167,0.031303,0.030985,0.030624,0.030234,0.029801,0.028972,0.026927,0.026407,0.025946,0.025478,0.025063,0.024687,0.024362,0.024048,0.02377,0.023539,0.023352,0.023203,0.023094,0.023027,0.023,0.023011,0.023056,0.023134,0.023251,0.023401,0.023585,0.023808,0.024063,0.024306,0.024568,0.024871,0.025203,0.025857,0.02741,0.027798,0.028132,0.028457,0.028736,0.02898,0.029197,0.029384,0.029533,0.029649,0.029728,0.029774,0.029786,0.029762,0.029706,0.029608,0.02947,0.029293,0.029069,0.028816,0.028515,0.028163,0.027776,0.027419,0.02704,0.026607,0.026135,0.025703,0.025222,0.023006,0.022457,0.021965,0.021497,0.021074,0.020696,0.020364,0.020064,0.0198,0.019584,0.019404,0.019263,0.019166,0.019107,0.019086,0.019097,0.01913,0.019183,0.019257,0.019352,0.019468,0.019604,0.019772,0.01995,0.020161,0.020393,0.020646,0.02092,0.021213,0.021543,0.021894,0.02218,0.022498,0.023168,0.023904,0.024754,0.025533,0.026414,0.029589,0.030881,0.031537,0.032128,0.032704,0.03324,0.033829,0.034373,0.034895,0.035394,0.035849,0.036281,0.03669,0.037076,0.037454,0.037805,0.038132,0.038433,0.03871,0.038972,0.0392,0.039412,0.039601,0.039772,0.039919,0.040042,0.040141,0.040221,0.040278,0.040311,0.040321,0.040305,0.040263,0.040197,0.040102,0.039985,0.039841,0.039676,0.039486,0.039269,0.039025,0.038763,0.038474,0.038157,0.037813,0.037441,0.037089,0.036697,0.0363,0.035863,0.035403,0.034901,0.034376,0.03383,0.033333,0.032799,0.032226,0.031617,0.030441,0.027491,0.026697,0.025996,0.025227,0.024561,0.023952,0.023402,0.02307,0.022773,0.022492,0.022244,0.022013,0.021798,0.0216,0.021419,0.021256,0.021112,0.020986,0.020884,0.020794,0.020726,0.020675,0.020638,0.020618,0.020626,0.020661,0.020728,0.020822,0.020944,0.021099,0.02128,0.021496,0.021736,0.02201,0.022328,0.022653,0.02302,0.024519,0.025134,0.025456,0.025738,0.025991,0.026226,0.026478,0.026692,0.026876,0.027022,0.027138,0.027222,0.027274,0.027293,0.02728,0.027233,0.027151,0.027037,0.026885,0.026701,0.026478,0.026216,0.025979,0.025726,0.025434,0.025102,0.024468,0.022813,0.022364,0.02196,0.021555,0.0212,0.020883,0.020594,0.020342,0.020125,0.019934,0.019763,0.019619,0.019496,0.019394,0.019313,0.019258,0.019216,0.019186,0.019168,0.01916,0.019167,0.01915,0.019159,0.019187,0.019237,0.019311,0.019409,0.019535,0.019689,0.01988,0.020062,0.020275,0.020991,0.021223,0.021428,0.021594,0.021732,0.021841,0.021921,0.021972,0.021995,0.021994,0.02197,0.021921,0.021862,0.021783,0.0214,0.021327,0.02128,0.021258,0.021266,0.021308,0.02138,0.021439,0.021511,0.021596,0.021695,0.021808,0.021928,0.02206,0.022206,0.022365,0.022538,0.022724,0.022936,0.023149,0.023389,0.023628,0.023896,0.024365,0.024867,0.025439,0.026061,0.026624,0.027268,0.029405,0.030144,0.03084,0.031447,0.032041,0.03256,0.033022,0.033428,0.033622,0.033791,0.034096,0.034232,0.034357,0.03447,0.03457,0.034659,0.034736,0.0348,0.034849,0.034887,0.034916,0.034932,0.034938,0.034925,0.034883,0.034819,0.034725,0.034605,0.034461,0.034285,0.034086,0.033865,0.033624,0.033341,0.033026,0.032709,0.032351,0.030946,0.030357,0.030054,0.029778,0.029527,0.029303,0.02905,0.028821,0.028625,0.028461,0.028321,0.028205,0.028113,0.028048,0.028003,0.027995,0.028023,0.02809,0.028194,0.028334,0.028514,0.028735,0.028942,0.029177,0.029443,0.029737,0.030315,0.031785,0.032167,0.032496,0.032814,0.033087,0.033324,0.033534,0.033702,0.033844,0.033954,0.034037,0.034095,0.034126,0.03413,0.034107,0.034055,0.033977,0.033873,0.033739,0.03358,0.03339,0.03317,0.032918,0.032704,0.032458,0.031902,0.031324,0.02965,0.029135,0.028683,0.028202,0.027759,0.027344,0.026958,0.026593,0.026255,0.025939,0.025645,0.025379,0.025141,0.024936,0.024767,0.02465,0.024554,0.024482,0.024433,0.024408,0.024405,0.024425,0.024468,0.024526,0.024599,0.024692,0.024805,0.025047,0.02552,0.025692,0.025847,0.025966,0.02607,0.026129,0.026145,0.026117,0.026084,0.026041,0.025984,0.025914,0.025831,0.025737,0.025626,0.025504,0.025267,0.024984,0.024694,0.024002,0.023671,0.023386,0.023165,0.023067,0.022987,0.02292,0.02287,0.022834,0.022813,0.022805,0.022813,0.022836,0.022876,0.02293,0.023001,0.023089,0.023197,0.02332,0.023458,0.023727,0.024061,0.024404,0.02522,0.025604,0.025782,0.025933,0.026071,0.02619,0.026299,0.026388,0.026459,0.026511,0.026545,0.026563,0.026562,0.026545,0.026501,0.026432,0.026338,0.02622,0.026077,0.025903,0.025705,0.025474,0.025264,0.02504,0.024792,0.024505,0.023955,0.022667,0.022353,0.022077,0.021815,0.02158,0.021373,0.021193,0.021032,0.020898,0.020783,0.020694,0.020624,0.020574,0.020546,0.020539,0.020552,0.020584,0.020633,0.020696,0.020781,0.020878,0.020991,0.021131,0.021278,0.021454,0.021635,0.021846,0.022076,0.022323,0.022587,0.022868,0.023144,0.023455,0.023759,0.024098,0.024451,0.024815,0.025217,0.025631,0.026435,0.027355,0.028328,0.030936,0.031702,0.032395,0.033145,0.033814,0.034427,0.035007,0.035337,0.035633,0.035936,0.036206,0.036462,0.036705,0.036933,0.037148,0.037349,0.037534,0.037706,0.037852,0.037996,0.038125,0.038239,0.03834,0.038454,0.038543,0.038608,0.038651,0.038669,0.038664,0.038636,0.038583,0.038519,0.038437,0.038335,0.038208,0.037925,0.037311,0.037062,0.036827,0.036646,0.036561,0.036492,0.03644,0.036405,0.036387,0.036385,0.036401,0.036433,0.036477,0.036534,0.036604,0.036693,0.036795,0.036911,0.037039,0.037187,0.037509,0.037896,0.038333,0.039224,0.039598,0.039973,0.040286,0.040614,0.040758,0.040883,0.040997,0.041099,0.041189,0.041263,0.04133,0.041386,0.041429,0.041459,0.041476,0.041481,0.041473,0.041453,0.041385,0.041274,0.041136,0.040718,0.040608,0.040529,0.040465,0.040438,0.040447,0.040494,0.040578,0.0407,0.040862,0.041068,0.041268,0.041513,0.042328,0.042596,0.042831,0.043023,0.043177,0.043293,0.043376,0.043426,0.043445,0.043437,0.043403,0.043345,0.043262,0.043149,0.04301,0.042846,0.04265,0.042431,0.042172,0.041882,0.041583,0.041247,0.039923,0.039388,0.03911,0.038867,0.038649,0.038455,0.038243,0.038064,0.037914,0.037797,0.037708,0.037649,0.03762,0.037621,0.03765,0.03771,0.037795,0.037911,0.038055,0.038231,0.038433,0.038668,0.038888,0.039123,0.039392,0.039686,0.040269,0.04184,0.042268,0.042644,0.043035,0.043375,0.043665,0.04392,0.044156,0.044258,0.044348,0.044427,0.044494,0.044549,0.044593,0.044626,0.044647,0.044656,0.044655,0.044618,0.044537,0.044435,0.044299,0.04413,0.043931,0.043699,0.043426,0.043118,0.042776,0.042467,0.042124,0.041756,0.041343,0.04055,0.038702,0.038254,0.03786,0.037464,0.037116,0.036807,0.03653,0.036262,0.036037,0.035841,0.035682,0.035554,0.035462,0.035402,0.035376,0.035383,0.035422,0.035493,0.035599,0.035738,0.035914,0.036121,0.036366,0.03659,0.036848,0.037134,0.037447,0.038067,0.039643,0.040052,0.040412,0.040774,0.04108,0.041355,0.041582,0.04179,0.041953,0.042074,0.042151,0.042187,0.042181,0.042133,0.042043,0.041977,0.041899,0.04181,0.041709,0.041598,0.041469,0.041328,0.041177,0.041014,0.040832,0.040444,0.039995,0.039504,0.039202,0.038887,0.038561,0.038209,0.037846,0.037471,0.037071,0.036646,0.03584,0.03494,0.034031,0.031892,0.031327,0.030837,0.030301,0.029817,0.029384,0.02899,0.028754,0.028531,0.028331,0.028144,0.027969,0.027818,0.027679,0.027561,0.027449,0.027357,0.027279,0.027214,0.027164,0.027128,0.027108,0.027102,0.02711,0.027131,0.027167,0.027212,0.02727,0.027346,0.027435,0.027539,0.027648,0.027779,0.027923,0.028081,0.028252,0.028437,0.028634,0.028843,0.029065,0.029315,0.02956,0.029834,0.030119,0.030434,0.031097,0.031778,0.032553,0.033374,0.035558,0.036195,0.036773,0.037391,0.03796,0.038459,0.038925,0.039184,0.03943,0.039662,0.039866,0.040068,0.040244,0.040407,0.040554,0.040688,0.040806,0.04091,0.041,0.041074,0.041133,0.041178,0.041208,0.041225,0.041222,0.041199,0.041154,0.041088,0.041003,0.0409,0.040772,0.040618,0.040447,0.040251,0.04002,0.039785,0.039507,0.038399,0.037947,0.037713,0.037502,0.037323,0.037156,0.036976,0.03682,0.036693,0.036595,0.036521,0.03647,0.036445,0.036445,0.036468,0.036517,0.03659,0.036688,0.036809,0.036959,0.037139,0.037343,0.037528,0.037737,0.037969,0.038224,0.038726,0.039971,0.040295,0.040583,0.040864,0.041115,0.041325,0.041514,0.041684,0.041827,0.041936,0.042016,0.042068,0.042089,0.042082,0.042044,0.041994,0.041922,0.041835,0.041726,0.041599,0.041454,0.041286,0.041093,0.040733,0.040294,0.039849,0.038746,0.038201,0.037942,0.037708,0.03751,0.037328,0.037158,0.037015,0.036894,0.036794,0.036718,0.036667,0.036637,0.036631,0.036649,0.036691,0.036756,0.036849,0.036966,0.037106,0.037275,0.037466,0.037639,0.037835,0.038053,0.038303,0.038788,0.039984,0.0403,0.040571,0.040846,0.041081,0.041287,0.041471,0.041636,0.041769,0.041874,0.04195,0.041998,0.042015,0.042005,0.041966,0.041919,0.041858,0.041782,0.041687,0.041577,0.041453,0.041308,0.041149,0.040978,0.040785,0.040347,0.039842,0.038798,0.038359,0.037923,0.037549,0.037346,0.037165,0.036999,0.036855,0.036725,0.03661,0.036511,0.03643,0.036364,0.03631,0.036271,0.036246,0.036236,0.03624,0.036257,0.036289,0.036372,0.036495,0.036636,0.036994,0.037156,0.037223,0.037274,0.03731,0.037332,0.037341,0.037333,0.037309,0.037268,0.037209,0.037136,0.037041,0.036933,0.036821,0.036695,0.036556,0.036395,0.03622,0.036031,0.03583,0.035607,0.035196,0.034708,0.034209,0.033007,0.032418,0.032122,0.031864,0.031633,0.031428,0.031215,0.031027,0.030873,0.030752,0.030656,0.030589,0.030551,0.030543,0.030555,0.030581,0.030623,0.030679,0.030751,0.030838,0.03094,0.031057,0.03119,0.031338,0.031501,0.031678,0.03187,0.03209,0.032311,0.032561,0.032809,0.033088,0.03338,0.033685,0.034002,0.034352,0.034714,0.03511,0.035863,0.036744,0.03765,0.040157,0.040885,0.041546,0.042253,0.042905,0.0435,0.044019,0.044327,0.044603,0.044865,0.045111,0.045343,0.045558,0.045758,0.04593,0.046097,0.046238,0.046373,0.046482,0.046577,0.046656,0.04672,0.046772,0.046803,0.04682,0.046825,0.046816,0.046794,0.046757,0.04671,0.046646,0.046569,0.046479,0.046377,0.046262,0.046136,0.04599,0.045831,0.045661,0.04535,0.044999,0.044609,0.044152,0.043733,0.043239,0.041297,0.040473,0.040038,0.039647,0.039283,0.038947,0.038563,0.038213,0.037884,0.037588,0.037303,0.03704,0.036798,0.03657,0.036369,0.036186,0.036015,0.035851,0.035699,0.035559,0.035421,0.035285,0.034971,0.034298,0.034094,0.033976,0.033887,0.033824,0.033786,0.033772,0.033798,0.033863,0.033968,0.034116,0.034303,0.034537,0.034814,0.035078,0.035376,0.035708,0.036092,0.036447,0.036847,0.038312,0.038883,0.039445,0.03993,0.040185,0.040418,0.040635,0.040831,0.041012,0.041183,0.041334,0.041475,0.041642,0.04179,0.041917,0.042029,0.042108,0.042182,0.042403,0.042502,0.042623,0.042762,0.042892,0.043045,0.043681,0.043797,0.04389,0.043982,0.044036,0.044057,0.044042,0.044013,0.043968,0.043906,0.04383,0.043738,0.043628,0.0435,0.043361,0.043206,0.043026,0.042828,0.042613,0.04238,0.042129,0.041863,0.041568,0.041061,0.040487,0.03986,0.03915,0.038507,0.037778,0.035258,0.034319,0.033428,0.032639,0.03224,0.031869,0.031526,0.031197,0.030883,0.030596,0.030324,0.030078,0.029837,0.029621,0.029421,0.029235,0.029066,0.028912,0.028774,0.028651,0.028544,0.028453,0.028378,0.028315,0.02827,0.028239,0.028223,0.028222,0.028242,0.028285,0.028351,0.02844,0.028551,0.028691,0.028853,0.029043,0.02926,0.029515,0.030777,0.031095,0.031388,0.03166,0.031935,0.032905,0.033129,0.033347,0.033643,0.033954,0.034288,0.034645,0.034962,0.035297,0.035661,0.036054,0.036462,0.036913,0.037392,0.037916,0.038382,0.038867,0.039405,0.039979,0.041071,0.043679,0.044346,0.044937,0.045539,0.046076,0.046564,0.046987,0.047233,0.047451,0.047656,0.047847,0.048024,0.048177,0.048325,0.048449,0.04856,0.048656,0.048738,0.048805,0.048858,0.048896,0.04892,0.048928,0.048915,0.048869,0.048792,0.04868,0.048538,0.048365,0.048157,0.047912,0.047682,0.047424,0.047138,0.046825,0.046188,0.044928,0.044434,0.043934,0.043499,0.043054,0.042854,0.042665,0.042488,0.042332,0.042187,0.042054,0.041833,0.041649,0.041501,0.041386,0.041317,0.041264,0.041167,0.041115,0.04103,0.040914,0.04083,0.04073,0.040618,0.040488,0.040349,0.040193,0.040019,0.039827,0.039585,0.03933,0.03904,0.038727,0.038391,0.038032,0.037636,0.037217,0.036835,0.036439,0.036012,0.035532,0.034647,0.032464,0.031891,0.031393,0.030873,0.030395,0.029977,0.029583,0.029172,0.028813,0.028503,0.02823,0.027996,0.027809,0.027655,0.027546,0.027479,0.027444,0.027444,0.027477,0.027544,0.027647,0.027782,0.027948,0.028134,0.028352,0.028604,0.028888,0.029179,0.029508,0.030809,0.031338,0.031606,0.031849,0.032068,0.032261,0.032472,0.032659,0.032812,0.032935,0.033033,0.033106,0.033152,0.033171,0.033165,0.033133,0.033075,0.032991,0.032883,0.032745,0.032584,0.032391,0.032214,0.032024,0.0318,0.031553,0.031065,0.02985,0.029535,0.029267,0.028996,0.028765,0.028565,0.028389,0.028232,0.028109,0.028015,0.027952,0.02792,0.027919,0.027947,0.028005,0.028074,0.028169,0.028284,0.028419,0.028574,0.028756,0.028957,0.029186,0.029609,0.030122,0.03064,0.031949,0.032292,0.032584,0.032898,0.033171,0.033413,0.033625,0.033832,0.034012,0.034157,0.034274,0.034361,0.034416,0.034443,0.034441,0.034403,0.034324,0.034206,0.034048,0.033853,0.033613,0.033326,0.033002,0.0327,0.032376,0.032018,0.031613,0.030824,0.029349,0.0288,0.028253,0.027789,0.02731,0.026892,0.026523,0.026202,0.02591,0.025661,0.02555,0.025456,0.025302,0.02519,0.02515,0.025119,0.025092,0.025095,0.02511,0.025152,0.025218,0.025311,0.025426,0.025569,0.025739,0.02593,0.026156,0.026569,0.027069,0.027598,0.029225,0.029725,0.030166,0.030635,0.031064,0.03145,0.031787,0.032107,0.032379,0.032599,0.03269,0.03277,0.032836,0.03289,0.032932,0.032961,0.032978,0.032982,0.032973,0.032952,0.03292,0.032878,0.032825,0.03276,0.032683,0.032594,0.032493,0.032385,0.032259,0.032127,0.031975,0.031819,0.031651,0.03146,0.031268,0.031053,0.030837,0.030597,0.030358,0.030095,0.02982,0.02952,0.028886,0.028265,0.027547,0.026825,0.024956,0.024419,0.023965,0.023459,0.022992,0.022582,0.022212,0.021794,0.021445,0.021287,0.021141,0.021007,0.020893,0.020784,0.020693,0.020614,0.020548,0.020493,0.02045,0.02042,0.020402,0.020397,0.020411,0.020441,0.020491,0.020554,0.02064,0.020743,0.020865,0.021003,0.021159,0.021331,0.021531,0.021749,0.021983,0.022233,0.022514,0.022988,0.023516,0.024095,0.024761,0.025355,0.026047,0.028613,0.029638,0.030178,0.030668,0.031145,0.031591,0.032076,0.032527,0.032961,0.033378,0.033776,0.034156,0.034518,0.034863,0.03519,0.035501,0.035795,0.036085,0.036358,0.036626,0.036879,0.037125,0.037364,0.037589,0.037807,0.03801,0.038204,0.038378,0.038537,0.038677,0.038794,0.038897,0.038982,0.03905,0.039103,0.039139,0.039161,0.039166,0.039155,0.03913,0.039089,0.039032,0.038958,0.038868,0.03876,0.038641,0.038519,0.038377,0.038229,0.038059,0.037877,0.037681,0.037463,0.037233,0.036797,0.036283,0.035768,0.034474,0.034126,0.033813,0.033492,0.033202,0.032953,0.032734,0.032499,0.0323,0.032145,0.032032,0.031958,0.031923,0.031929,0.031973,0.032032,0.032114,0.032218,0.03235,0.032497,0.032673,0.03287,0.033097,0.033345,0.03361,0.033905,0.034229,0.034553,0.034931,0.036354,0.036938,0.037519,0.037779,0.038014,0.038282,0.038518,0.038734,0.038919,0.039083,0.039219,0.03934,0.039434,0.039506,0.03956,0.039591,0.0396,0.039587,0.039551,0.039493,0.039412,0.039329,0.039229,0.039117,0.038983,0.038714,0.038045,0.037879,0.037738,0.037605,0.037496,0.03741,0.037347,0.037304,0.037285,0.03729,0.037319,0.037375,0.037453,0.037561,0.03769,0.037827,0.037993,0.038181,0.03839,0.03862,0.038884,0.039168,0.039471,0.039742,0.040041,0.04037,0.040727,0.041412,0.043098,0.043539,0.04393,0.044338,0.044691,0.045006,0.045296,0.045595,0.045843,0.046044,0.046207,0.046329,0.046406,0.046442,0.046439,0.046418,0.046383,0.046335,0.046274,0.046198,0.046109,0.046007,0.045881,0.045751,0.045609,0.045453,0.045271,0.045075,0.044865,0.044642,0.044407,0.043982,0.043526,0.042997,0.042416,0.041885,0.041289,0.039302,0.038574,0.037892,0.037308,0.036734,0.03622,0.035768,0.035375,0.035189,0.035028,0.034879,0.034741,0.034616,0.034502,0.0344,0.034311,0.034235,0.034171,0.034121,0.034087,0.034063,0.034052,0.034053,0.034066,0.034093,0.034133,0.034187,0.034262,0.034344,0.034448,0.034557,0.03469,0.034826,0.034987,0.035163,0.035353,0.035555,0.035771,0.035999,0.036259,0.036706,0.037183,0.037713,0.038318,0.038869,0.039487,0.04158,0.042341,0.043054,0.043689,0.044314,0.044877,0.045355,0.045791,0.046165,0.046335,0.046494,0.046641,0.046776,0.046898,0.046998,0.047096,0.047173,0.047246,0.047301,0.047348,0.047379,0.047399,0.047409,0.047393,0.047333,0.047236,0.047092,0.046907,0.046682,0.046405,0.046089,0.045718,0.045291,0.044828,0.04429,0.043722,0.043081,0.042397,0.040513,0.039933,0.03944,0.038898,0.038404,0.03796,0.037564,0.037335,0.037119,0.036915,0.036739,0.036575,0.036424,0.036285,0.03616,0.036047,0.035948,0.035862,0.035796,0.035737,0.035694,0.035662,0.035643,0.035641,0.035673,0.035739,0.035838,0.035975,0.036146,0.036349,0.036593,0.036868,0.037185,0.037529,0.03793,0.038336,0.038814,0.040687,0.041462,0.041866,0.042217,0.042548,0.042843,0.043167,0.043456,0.043698,0.043895,0.044063,0.044186,0.044273,0.044323,0.044336,0.044312,0.044251,0.044151,0.044013,0.043841,0.043626,0.043379,0.043125,0.04285,0.04254,0.042183,0.041839,0.041452,0.039952,0.039329,0.03871,0.038445,0.038192,0.037914,0.037655,0.037414,0.037203,0.037012,0.036839,0.036686,0.036552,0.036458,0.036371,0.036297,0.036237,0.036188,0.036149,0.036123,0.036106,0.036103,0.03613,0.03618,0.036344,0.03638,0.036399,0.036399,0.036375,0.036327,0.036254,0.036157,0.036033,0.03588,0.035699,0.035521,0.035318,0.034602,0.034355,0.034126,0.033944,0.033779,0.033658,0.033578,0.033539,0.033536,0.033548,0.033576,0.033621,0.033678,0.033754,0.033846,0.033956,0.034076,0.034215,0.034366,0.034543,0.034917,0.035676,0.035987,0.036284,0.036529,0.036656,0.03677,0.036864,0.036941,0.037004,0.037054,0.037089,0.037109,0.037114,0.037104,0.037079,0.037037,0.03698,0.036908,0.036816,0.036711,0.036499,0.036227,0.035945,0.035255,0.034931,0.034782,0.034659,0.034549,0.03446,0.034381,0.034324,0.034289,0.034276,0.034284,0.034314,0.034367,0.034437,0.034534,0.034661,0.034813,0.034989,0.035189,0.035424,0.035682,0.035963,0.036222,0.036509,0.03681,0.037155,0.037808,0.039419,0.03984,0.040199,0.040583,0.040914,0.041207,0.04146,0.041714,0.04192,0.042086,0.042205,0.042284,0.04232,0.042315,0.04227,0.042228,0.042174,0.042108,0.042023,0.041932,0.041829,0.041715,0.041578,0.04144,0.041278,0.041117,0.040931,0.040733,0.040523,0.040303,0.040054,0.039639,0.039179,0.038671,0.038119,0.037616,0.03703,0.035041,0.034307,0.033594,0.032954,0.032327,0.03178,0.031292,0.031056,0.030848,0.030636,0.030437,0.030251,0.030091,0.029933,0.029798,0.029676,0.029566,0.029469,0.029385,0.029313,0.02925,0.029205,0.029172,0.029151,0.029142,0.029152,0.029186,0.029243,0.029328,0.029437,0.029574,0.029733,0.029921,0.03009,0.030281,0.030728,0.031186,0.032361,0.032675,0.032943,0.033218,0.033454,0.033664,0.033854,0.034018,0.034162,0.034286,0.034385,0.034465,0.034526,0.034568,0.03459,0.034594,0.034581,0.034553,0.034507,0.034445,0.034368,0.034272,0.034158,0.033928,0.033639,0.033309,0.032581,0.032259,0.031942,0.031668,0.031384,0.031137,0.030928,0.030749,0.030639,0.030538,0.030448,0.030361,0.03027,0.030187,0.030122,0.030077,0.030057,0.03005,0.030056,0.030076,0.03011,0.030159,0.030222,0.030301,0.030423,0.030574,0.030752,0.030962,0.031204,0.03147,0.031767,0.032105,0.032412,0.032739,0.033112,0.033517,0.034298,0.036068,0.03648,0.036847,0.037184,0.037487,0.037757,0.037994,0.038207,0.038387,0.038542,0.03867,0.038766,0.038835,0.038877,0.038891,0.038886,0.038868,0.038838,0.038799,0.03875,0.038684,0.038607,0.038517,0.038415,0.038301,0.038175,0.038038,0.03789,0.037718,0.037353,0.037009,0.036638,0.036225,0.035751,0.035334,0.034844,0.033214,0.03264,0.032102,0.031626,0.031178,0.030778,0.03043,0.030131,0.029871,0.029652,0.029484,0.029358,0.029312,0.029277,0.029243,0.029242,0.029254,0.029308,0.029364,0.029431,0.029512,0.029617,0.029728,0.029864,0.030017,0.030186,0.030371,0.030572,0.030788,0.031019,0.031265,0.031544,0.031818,0.032127,0.032665,0.033263,0.03392,0.034636,0.035292,0.036052,0.038595,0.039569,0.040486,0.041283,0.041705,0.042089,0.04246,0.042816,0.043135,0.04344,0.04373,0.044006,0.044283,0.044524,0.044765,0.044971,0.045159,0.04533,0.045482,0.045617,0.045732,0.045829,0.045907,0.045967,0.046008,0.046031,0.046036,0.046024,0.045972,0.045882,0.045749,0.045577,0.045369,0.045117,0.044817,0.044484,0.044169,0.043833,0.043463,0.043042,0.042196,0.040483,0.039754,0.039015,0.038383,0.038026,0.037698,0.037385,0.0371,0.036829,0.036559,0.036304,0.036063,0.035735,0.035425,0.035135,0.034848,0.034621,0.034387,0.033602,0.033258,0.03287,0.032459,0.032025,0.031527,0.03104,0.029893,0.02936,0.029094,0.028865,0.028664,0.028498,0.028387,0.028294,0.028213,0.028144,0.028088,0.028048,0.02802,0.028006,0.028005,0.028017,0.028042,0.02808,0.028132,0.028197,0.028274,0.028371,0.028567,0.02881,0.029101,0.029449,0.029794,0.030187,0.030596,0.031639,0.032187,0.032468,0.03271,0.032924,0.033112,0.033313,0.033485,0.03362,0.03372,0.03379,0.033829,0.033836,0.03381,0.033751,0.033658,0.033532,0.033366,0.033165,0.032932,0.032654,0.032346,0.032066,0.031753,0.031405,0.031025,0.030276,0.028495,0.028061,0.027678,0.027298,0.026971,0.026683,0.026419,0.026194,0.025996,0.025827,0.025696,0.025594,0.025524,0.025485,0.025479,0.025496,0.02553,0.025584,0.025651,0.025734,0.025841,0.025958,0.026103,0.026253,0.026434,0.026633,0.026849,0.027084,0.027336,0.027605,0.02789,0.028191,0.028531,0.028863,0.029234,0.02962,0.030048,0.030491,0.030948,0.031417,0.031897,0.032979,0.034127,0.036393,0.037324,0.038269,0.039126,0.040069,0.040495,0.040909,0.041285,0.041649,0.042001,0.04234,0.042734,0.043087,0.043442,0.043756,0.044068,0.044342,0.044595,0.044828,0.04504,0.045231,0.045402,0.045552,0.045682,0.045792,0.045882,0.045956,0.046019,0.046049,0.046042,0.045998,0.04592,0.045803,0.045655,0.045462,0.045283,0.045087,0.044857,0.044601,0.04409,0.043056,0.042622,0.042206,0.041835,0.041457,0.041132,0.040843,0.040591,0.040416,0.040257,0.04011,0.03998,0.039883,0.039784,0.039501,0.039385,0.039255,0.039116,0.038948,0.038756,0.038539,0.038299,0.037973,0.037605,0.037185,0.036716,0.036234,0.035677,0.035111,0.033595,0.033157,0.032769,0.032354,0.031985,0.031652,0.031365,0.0312,0.031046,0.030904,0.030781,0.030668,0.030568,0.030479,0.030402,0.030338,0.030285,0.030245,0.030216,0.0302,0.030195,0.030203,0.030222,0.030257,0.030304,0.030364,0.030439,0.030527,0.030627,0.030744,0.030877,0.031148,0.031483,0.031849,0.032908,0.033222,0.03349,0.033777,0.034015,0.034214,0.03438,0.034509,0.034607,0.034675,0.034713,0.034724,0.034716,0.034635,0.034617,0.034624,0.034659,0.034736,0.03479,0.034855,0.034931,0.035016,0.035113,0.035222,0.035343,0.035482,0.035633,0.035798,0.035975,0.036172,0.036381,0.036611,0.037021,0.03751,0.037999,0.039206,0.039823,0.040127,0.040396,0.040643,0.040874,0.041111,0.041326,0.041511,0.041673,0.041808,0.041925,0.042019,0.04209,0.042148,0.042175,0.042173,0.04214,0.042092,0.042022,0.041718,0.041606,0.041522,0.04148,0.041476,0.041508,0.041566,0.04173,0.041763,0.041782,0.041787,0.041773,0.04174,0.041686,0.041576,0.041505,0.041422,0.041224,0.040976,0.040725,0.040424,0.040118,0.039398,0.039055,0.038894,0.038752,0.038631,0.038529,0.038428,0.038355,0.03831,0.03829,0.038298,0.038333,0.038396,0.038484,0.038569,0.038662,0.038778,0.038901,0.039049,0.039203,0.039371,0.039554,0.039752,0.03998,0.040209,0.040469,0.040726,0.041017,0.041323,0.041643,0.042209,0.042835,0.043522,0.044269,0.04496,0.045725,0.048252,0.04914,0.049977,0.050729,0.051443,0.051783,0.052088,0.052382,0.052643,0.052912,0.05315,0.053393,0.053605,0.053804,0.053989,0.054161,0.054318,0.054461,0.05458,0.054694,0.054786,0.054871,0.054935,0.054989,0.055026,0.05505,0.055058,0.055053,0.055034,0.055002,0.054951,0.054892,0.054811,0.054724,0.054615,0.054501,0.054364,0.054212,0.054046,0.053867,0.053674,0.05347,0.053253,0.052826,0.052365,0.051826,0.051231,0.050659,0.04999,0.047548,0.046589,0.046088,0.045627,0.045207,0.044805,0.044383,0.043987,0.043622,0.043305,0.043018,0.042776,0.042552,0.042372,0.042268,0.042186,0.042116,0.042057,0.04201,0.041975,0.041951,0.041939,0.04194,0.041952,0.041975,0.042013,0.042058,0.04212,0.042194,0.04228,0.042475,0.042708,0.042987,0.043325,0.043665,0.044056,0.044479,0.045615,0.045939,0.046223,0.046534,0.046798,0.047029,0.047239,0.04746,0.047635,0.04777,0.047861,0.047912,0.047923,0.047892,0.047822,0.047714,0.047557,0.047357,0.047115,0.046832,0.046493,0.046114,0.045678,0.045289,0.044877,0.044421,0.043898,0.04343,0.042901,0.041149,0.040513,0.039918,0.039392,0.038869,0.038419,0.03802,0.037654,0.037322,0.037043,0.036802,0.0366,0.036447,0.036332,0.036258,0.036225,0.036226,0.036246,0.036285,0.036343,0.03642,0.036516,0.036631,0.036764,0.036916,0.037087,0.037276,0.0375,0.037725,0.037988,0.038248,0.038547,0.03884,0.039146,0.039467,0.039801,0.040148,0.040537,0.040938,0.041384,0.042209,0.043168,0.044119,0.04672,0.047488,0.048137,0.048866,0.049534,0.05014,0.050686,0.051014,0.051302,0.051578,0.051841,0.052091,0.052326,0.052547,0.052736,0.052928,0.05309,0.053253,0.053387,0.053518,0.053623,0.053715,0.053792,0.053866,0.053919,0.05395,0.053964,0.053959,0.053933,0.053887,0.053821,0.053735,0.05363,0.053505,0.053361,0.053198,0.053002,0.052803,0.052568,0.052334,0.052085,0.051821,0.051519,0.051201,0.050869,0.050524,0.050139,0.04939,0.048546,0.047674,0.045275,0.044567,0.043968,0.043277,0.042675,0.042133,0.041629,0.041337,0.041083,0.040843,0.040618,0.040409,0.040233,0.040056,0.039909,0.039766,0.03965,0.039542,0.039458,0.039385,0.039335,0.0393,0.039282,0.039279,0.039292,0.039321,0.039365,0.039425,0.0395,0.03959,0.039706,0.039827,0.039975,0.040125,0.040304,0.040499,0.040708,0.040932,0.04119,0.041615,0.042096,0.042633,0.043252,0.043816,0.044453,0.046612,0.047395,0.048154,0.048826,0.049172,0.049481,0.049779,0.050043,0.050294,0.050534,0.05076,0.050973,0.051172,0.051356,0.051525,0.051666,0.051805,0.051918,0.052016,0.052101,0.052178,0.052233,0.052273,0.052299,0.05231,0.052306,0.052288,0.052251,0.052158,0.052023,0.051846,0.051617,0.051344,0.051031,0.05066,0.05025,0.049826,0.049349,0.048818,0.048207,0.047624,0.04694,0.04429,0.04319,0.042608,0.042096,0.041606,0.041161,0.040676,0.040225,0.03981,0.039452,0.039131,0.038848,0.038606,0.038412,0.038249,0.038126,0.038043,0.037998,0.037996,0.038033,0.038109,0.038227,0.038373,0.038559,0.038783,0.039046,0.039322,0.039653,0.040997,0.041287,0.041542,0.041816,0.042048,0.04225,0.04243,0.042613,0.042753,0.042856,0.042919,0.042944,0.042931,0.042879,0.042788,0.042664,0.042505,0.042312,0.042074,0.041801,0.041494,0.041141,0.040757,0.040379,0.039962,0.039504,0.039007,0.038535,0.037988,0.035857,0.03497,0.034498,0.034077,0.033669,0.033292,0.032859,0.032463,0.032087,0.031748,0.03143,0.031132,0.030856,0.030601,0.030336,0.030098,0.029886,0.029692,0.029524,0.029375,0.029245,0.029138,0.029052,0.028981,0.028924,0.028881,0.028852,0.028832,0.02882,0.028833,0.028871,0.028903,0.028946,0.029,0.029065,0.02915,0.029249,0.029364,0.029494,0.029643,0.029807,0.02999,0.030194,0.0304,0.030624,0.030866,0.031125,0.031402,0.031707,0.03203,0.032369,0.033012,0.033757,0.034501,0.036406,0.036931,0.037376,0.037866,0.038301,0.038697,0.039053,0.039436,0.039777,0.040064,0.0403,0.040495,0.040578,0.040651,0.040763,0.040832,0.040861,0.040859,0.040846,0.040786,0.040681,0.040564,0.040411,0.039847,0.039653,0.039492,0.039373,0.039294,0.039251,0.039241,0.039264,0.039292,0.039333,0.039387,0.039452,0.039528,0.03962,0.039842,0.040066,0.040342,0.040623,0.041338,0.041681,0.041841,0.041983,0.042107,0.042211,0.042312,0.042392,0.042448,0.042481,0.042493,0.042482,0.042449,0.042392,0.042304,0.042189,0.042045,0.041867,0.041669,0.041437,0.041167,0.040872,0.040602,0.040303,0.039976,0.039621,0.038922,0.037171,0.036704,0.036298,0.035889,0.035522,0.0352,0.034931,0.034792,0.034665,0.034551,0.034449,0.03436,0.034289,0.034227,0.034181,0.034148,0.034128,0.034121,0.034126,0.034145,0.034178,0.034223,0.034282,0.034348,0.034426,0.034516,0.034624,0.034736,0.034869,0.035004,0.03516,0.035495,0.035886,0.036334,0.036839,0.037278,0.037777,0.038319,0.038922,0.039463,0.040077,0.042186,0.042991,0.043776,0.044474,0.045175,0.0458,0.046365,0.046623,0.04687,0.047118,0.047339,0.04756,0.047755,0.047947,0.048114,0.048268,0.048408,0.048533,0.048645,0.048743,0.048826,0.048896,0.048951,0.048993,0.049022,0.049037,0.049019,0.048967,0.048882,0.048761,0.048609,0.048421,0.04819,0.04798,0.047746,0.047485,0.047191,0.04662,0.04517,0.044789,0.044465,0.044142,0.04386,0.043619,0.043402,0.043223,0.04307,0.042947,0.042849,0.042778,0.042733,0.042716,0.042725,0.042761,0.042824,0.042914,0.043029,0.043174,0.043345,0.043546,0.043772,0.044002,0.044268,0.044562,0.044882,0.04556,0.046924,0.047477,0.048021,0.048477,0.048722,0.04895,0.049152,0.049329,0.049487,0.049621,0.049737,0.049833,0.049925,0.049986,0.050017,0.05002,0.049995,0.04994,0.049857,0.049744,0.049614,0.049462,0.049279,0.049063,0.048852,0.048599,0.047646,0.047273,0.046918,0.046774,0.046641,0.046503,0.046385,0.046292,0.04622,0.046173,0.046149,0.046147,0.046166,0.04621,0.046278,0.046369,0.046489,0.046628,0.046795,0.046992,0.047212,0.047417,0.047636,0.047886,0.04816,0.048692,0.049982,0.050299,0.050583,0.050861,0.05111,0.051321,0.051504,0.051676,0.051819,0.051928,0.052005,0.052052,0.052068,0.052052,0.052006,0.051959,0.051898,0.051823,0.051734,0.051632,0.051516,0.051386,0.051234,0.051076,0.050895,0.050711,0.050503,0.05028,0.050045,0.049797,0.049521,0.049049,0.04853,0.047963,0.047332,0.046757,0.046106,0.043839,0.042977,0.042141,0.041417,0.041032,0.040678,0.040336,0.040024,0.039725,0.039454,0.039182,0.038938,0.038694,0.038467,0.038255,0.038059,0.03788,0.037716,0.037569,0.037439,0.037325,0.037227,0.037145,0.037078,0.037027,0.036989,0.036968,0.036962,0.036972,0.037002,0.037051,0.037119,0.037207,0.037317,0.037448,0.0376,0.037881,0.038232,0.038601,0.039699,0.04004,0.040337,0.040653,0.040934,0.041191,0.041419,0.041639,0.041832,0.041999,0.042143,0.042263,0.042354,0.042419,0.042455,0.042465,0.042447,0.042401,0.042329,0.042229,0.042101,0.041943,0.041756,0.04158,0.04138,0.04115,0.040896,0.040392,0.039247,0.038992,0.03877,0.038565,0.038395,0.038249,0.038131,0.038029,0.037954,0.037905,0.037884,0.03789,0.037922,0.037981,0.038068,0.038202,0.038367,0.038574,0.038816,0.039094,0.039416,0.039783,0.040185,0.040541,0.040943,0.041378,0.041846,0.042764,0.044941,0.045486,0.045956,0.046419,0.046844,0.047217,0.047551,0.047855,0.048127,0.048358,0.048548,0.048705,0.048827,0.048911,0.048961,0.048975,0.048975,0.048962,0.048936,0.048899,0.048845,0.048778,0.048697,0.048609,0.048502,0.048382,0.048249,0.048103,0.047936,0.047766,0.047573,0.047213,0.046794,0.046326,0.045813,0.045305,0.044729,0.042595,0.041757,0.041322,0.040934,0.040575,0.040234,0.039862,0.039529,0.039236,0.03897,0.038735,0.038536,0.038367,0.038228,0.038121,0.038042,0.03799,0.037964,0.037965,0.037993,0.038048,0.038128,0.038223,0.038336,0.03847,0.03863,0.038975,0.039695,0.039982,0.040255,0.040471,0.040579,0.040669,0.040744,0.040801,0.040843,0.040869,0.040879,0.040874,0.040854,0.040818,0.040768,0.040701,0.040618,0.040522,0.040407,0.040278,0.040026,0.039721,0.039409,0.038646,0.038297,0.037995,0.03776,0.037662,0.03758,0.03751,0.037455,0.037413,0.037382,0.037365,0.037361,0.037382,0.03744,0.037535,0.037666,0.037834,0.038045,0.038292,0.038575,0.038901,0.039259,0.039673,0.040128,0.040608,0.041167,0.041758,0.043464,0.043988,0.044453,0.04497,0.045435,0.045848,0.046235,0.046665,0.047043,0.047378,0.047669,0.047918,0.04813,0.048301,0.048434,0.048502,0.048553,0.048587,0.048605,0.048608,0.048594,0.048565,0.048518,0.048457,0.048378,0.048283,0.048173,0.048048,0.047912,0.047756,0.047589,0.047426,0.047257,0.047076,0.046877,0.046672,0.046448,0.046213,0.045957,0.045489,0.044962,0.044432,0.043192,0.04259,0.042301,0.042035,0.041803,0.041594,0.041362,0.041164,0.041002,0.040873,0.040774,0.040708,0.040671,0.040666,0.040682,0.040717,0.04077,0.040841,0.040929,0.041039,0.041166,0.041316,0.041467,0.041631,0.041823,0.042034,0.042474,0.043371,0.04373,0.044088,0.044392,0.044554,0.044698,0.044829,0.044943,0.045045,0.045134,0.04521,0.045274,0.045322,0.04536,0.045386,0.045399,0.0454,0.045388,0.045364,0.045327,0.045241,0.045119,0.044985,0.044641,0.044487,0.044369,0.044302,0.044286,0.044283,0.044294,0.044319,0.044359,0.04441,0.044479,0.044558,0.044646,0.044747,0.044859,0.044983,0.045119,0.045274,0.045618,0.045959,0.046358,0.046767,0.047742,0.04823,0.048471,0.048678,0.048862,0.049024,0.049194,0.049342,0.049461,0.049554,0.049625,0.049672,0.049695,0.049695,0.049679,0.049651,0.049611,0.049561,0.049501,0.049423,0.049332,0.049229,0.049113,0.048984,0.048843,0.04869,0.048525,0.048336,0.048148,0.047935,0.047571,0.047163,0.04671,0.046197,0.045738,0.045208,0.043411,0.042754,0.042138,0.041603,0.041081,0.040612,0.040212,0.03985,0.039529,0.039262,0.039037,0.038862,0.038727,0.038631,0.038579,0.038567,0.038581,0.038613,0.038661,0.038729,0.038814,0.038914,0.039036,0.039173,0.039459,0.039819,0.04021,0.041364,0.041704,0.041984,0.042277,0.042524,0.042723,0.042876,0.042992,0.043066,0.043101,0.043096,0.043062,0.043,0.042923,0.04272,0.042635,0.042604,0.042586,0.042581,0.042587,0.042612,0.042655,0.042714,0.042793,0.042893,0.043007,0.043142,0.043297,0.043503,0.043737,0.043999,0.044303,0.044622,0.044983,0.045372,0.045805,0.046186,0.046603,0.047057,0.047548,0.048499,0.050807,0.051422,0.051974,0.052542,0.05304,0.053486,0.053881,0.054095,0.054296,0.054484,0.054645,0.054794,0.054931,0.055054,0.055164,0.05526,0.055342,0.05541,0.055464,0.055501,0.055527,0.055538,0.055536,0.055506,0.055442,0.055345,0.055216,0.055056,0.054856,0.054625,0.054351,0.054047,0.0537,0.05331,0.05286,0.052404,0.051892,0.049806,0.049344,0.04893,0.048478,0.04808,0.04772,0.047382,0.047015,0.046685,0.046405,0.046173,0.045972,0.045818,0.045703,0.045628,0.045592,0.045592,0.045629,0.045706,0.04582,0.045976,0.046168,0.0464,0.046611,0.046852,0.047122,0.047431,0.048037,0.049182,0.049648,0.050096,0.050485,0.050881,0.051223,0.051531,0.051795,0.052018,0.052214,0.052376,0.05251,0.052611,0.052686,0.052732,0.052754,0.05275,0.052725,0.052676,0.052603,0.052492,0.052375,0.052263,0.052148,0.052042,0.051929,0.051801,0.051661,0.051506,0.05133,0.051137,0.05093,0.050717,0.050494,0.050242,0.049981,0.049701,0.04939,0.049059,0.048696,0.048374,0.04804,0.047292,0.046543,0.044792,0.043957,0.043552,0.043194,0.042869,0.042577,0.042268,0.041999,0.041757,0.041554,0.04138,0.041242,0.041129,0.04105,0.040998,0.040981,0.040999,0.041055,0.041148,0.041275,0.041443,0.041644,0.041838,0.042052,0.042305,0.042588,0.043145,0.044526,0.044863,0.045158,0.045443,0.045682,0.045886,0.046061,0.046201,0.04631,0.046388,0.04643,0.04644,0.046418,0.046362,0.046277,0.046148,0.045975,0.045772,0.045522,0.045235,0.044912,0.044541,0.044118,0.043697,0.043232,0.042722,0.042167,0.041614,0.04098,0.038467,0.037393,0.03682,0.036306,0.03583,0.035391,0.034882,0.034402,0.033969,0.033566,0.033193,0.03285,0.032538,0.032254,0.032025,0.031818,0.031623,0.031448,0.031285,0.031129,0.030986,0.030856,0.030635,0.030143,0.029851,0.029515,0.028778,0.028622,0.028493,0.028359,0.028268,0.028218,0.028208,0.028237,0.028303,0.028405,0.028545,0.028722,0.028943,0.0292,0.029502,0.029788,0.030108,0.03047,0.030876,0.031251,0.031674,0.033398,0.034175,0.034978,0.035717,0.036316,0.036951,0.039012,0.040848,0.041388,0.041811,0.042155,0.042299,0.042432,0.042547,0.042645,0.042731,0.042803,0.042862,0.042904,0.042932,0.042945,0.042944,0.042925,0.042887,0.042834,0.042759,0.04267,0.042563,0.042437,0.042293,0.04213,0.041948,0.041748,0.041529,0.041277,0.041022,0.040732,0.040493,0.040226,0.039946,0.039654,0.039018,0.038317,0.037675,0.036938,0.036207,0.034483,0.033662,0.032893,0.032228,0.031911,0.031606,0.031314,0.031054,0.030807,0.03059,0.030371,0.030181,0.030005,0.029844,0.029697,0.029566,0.029452,0.029353,0.029272,0.029212,0.029165,0.029137,0.029124,0.029127,0.029148,0.029184,0.029236,0.029304,0.029388,0.029497,0.029625,0.029772,0.029937,0.030121,0.030322,0.030541,0.030778,0.031052,0.031324,0.031634,0.031963,0.032309,0.032672,0.033051,0.033735,0.034459,0.035251,0.036142,0.03696,0.037868,0.04104,0.042201,0.043332,0.044322,0.044832,0.045327,0.045776,0.046211,0.04663,0.047005,0.04739,0.047733,0.048082,0.048389,0.048698,0.048968,0.049237,0.049468,0.049679,0.049871,0.050043,0.050196,0.050329,0.050442,0.050535,0.050609,0.050663,0.0507,0.050713,0.050715,0.050704,0.05068,0.050643,0.050593,0.05053,0.050456,0.050371,0.050265,0.050156,0.050026,0.049885,0.049733,0.049383,0.049069,0.048715,0.048322,0.047873,0.047461,0.047,0.04534,0.04469,0.044025,0.043461,0.042882,0.042377,0.041929,0.041715,0.041525,0.041177,0.040873,0.040612,0.040394,0.040211,0.040065,0.039956,0.039883,0.039856,0.03984,0.039842,0.039888,0.039983,0.040315,0.040639,0.040783,0.040894,0.041014,0.04115,0.0413,0.041502,0.04173,0.041991,0.042293,0.042599,0.042953,0.044473,0.044828,0.045148,0.045503,0.04583,0.046142,0.046455,0.046965,0.047638,0.048154,0.048336,0.048487,0.048604,0.048699,0.048779,0.048841,0.048888,0.048919,0.048934,0.048934,0.048899,0.048864,0.04882,0.048765,0.048699,0.04862,0.048529,0.048425,0.048315,0.048187,0.048053,0.047909,0.047742,0.047574,0.047383,0.047,0.046565,0.046076,0.045535,0.04501,0.044396,0.043779,0.042216,0.041375,0.040941,0.040557,0.040207,0.039891,0.039536,0.039226,0.038962,0.038734,0.038543,0.038396,0.038287,0.038215,0.038183,0.038184,0.038216,0.038284,0.038384,0.038517,0.03868,0.038881,0.03909,0.039332,0.039607,0.039913,0.040212,0.040562,0.041895,0.042417,0.042932,0.04316,0.043364,0.043593,0.043791,0.043961,0.04411,0.044237,0.044336,0.044414,0.044469,0.044505,0.044513,0.044494,0.044445,0.044368,0.044262,0.04413,0.043965,0.043774,0.04355,0.043293,0.043004,0.042707,0.04236,0.040993,0.040426,0.040142,0.039885,0.039655,0.039451,0.039227,0.03904,0.038882,0.038761,0.03867,0.03861,0.038582,0.038584,0.038609,0.038652,0.038715,0.038797,0.038902,0.039025,0.039166,0.039331,0.039496,0.039681,0.039888,0.040127,0.040612,0.041614,0.042033,0.042441,0.042789,0.042981,0.04315,0.043307,0.043443,0.043565,0.043674,0.043768,0.043844,0.043913,0.043967,0.044004,0.044023,0.044026,0.044012,0.043981,0.043934,0.043875,0.043801,0.043711,0.043602,0.043358,0.04283,0.042616,0.042412,0.042261,0.042189,0.042131,0.042089,0.042061,0.042049,0.042051,0.042069,0.0421,0.042147,0.04221,0.042286,0.042379,0.042487,0.042608,0.042748,0.042908,0.043204,0.043567,0.04393,0.044826,0.045268,0.045479,0.045662,0.045826,0.045977,0.046117,0.046235,0.046336,0.046414,0.046475,0.046517,0.04654,0.046543,0.046518,0.046459,0.046365,0.046238,0.046077,0.045876,0.045642,0.045375,0.045059,0.044689,0.044276,0.043809,0.043327,0.042785,0.042212,0.040676,0.04023,0.039837,0.039395,0.039012,0.038664,0.038361,0.03802,0.037728,0.037487,0.037295,0.037213,0.037147,0.037047,0.037011,0.036989,0.036977,0.036995,0.037035,0.037098,0.037182,0.037287,0.037419,0.037572,0.037751,0.037942,0.03815,0.038392,0.038659,0.039219,0.040363,0.040818,0.041276,0.041646,0.041848,0.042025,0.042177,0.042312,0.042429,0.042523,0.042603,0.042659,0.042699,0.042718,0.042716,0.042693,0.042651,0.042587,0.042503,0.042395,0.042292,0.042171,0.041882,0.041574,0.040794,0.040605,0.040442,0.040288,0.040157,0.040052,0.039971,0.039905,0.039871,0.039868,0.039895,0.039953,0.040041,0.040159,0.040309,0.040511,0.040751,0.041029,0.04136,0.041732,0.042142,0.042608,0.043111,0.043564,0.044061,0.044602,0.045187,0.045717,0.046332,0.048365,0.049109,0.049835,0.050466,0.051113,0.051681,0.05219,0.05264,0.052875,0.053095,0.053301,0.053479,0.053644,0.053795,0.053932,0.054054,0.054162,0.054256,0.054334,0.054392,0.054441,0.054474,0.054491,0.054495,0.054484,0.054458,0.054416,0.054359,0.054286,0.054199,0.054097,0.05398,0.053849,0.053705,0.053547,0.053362,0.053162,0.052948,0.05272,0.05248,0.052039,0.051546,0.050978,0.050357,0.049756,0.04909,0.046545,0.045514,0.04498,0.044484,0.044025,0.043604,0.043121,0.042683,0.042271,0.041902,0.041559,0.041242,0.040952,0.040689,0.040473,0.040278,0.040105,0.039946,0.039808,0.039691,0.03959,0.039508,0.03945,0.039403,0.039368,0.039344,0.039329,0.039348,0.039345,0.039317,0.039259,0.039208,0.039145,0.039068,0.038976,0.038874,0.038756,0.038624,0.038477,0.038323,0.038146,0.037954,0.037749,0.037529,0.037284,0.037026,0.036741,0.036236,0.035644,0.035058,0.033654,0.032945,0.03259,0.032277,0.031989,0.031728,0.031458,0.031218,0.030995,0.0308,0.030624,0.030466,0.030328,0.030215,0.030099,0.030014,0.029954,0.029922,0.029917,0.029939,0.029989,0.030064,0.030168,0.030295,0.030455,0.030643,0.030843,0.031078,0.03206,0.032454,0.032651,0.032826,0.032972,0.0331,0.033228,0.033322,0.033384,0.033416,0.033416,0.033386,0.033323,0.033231,0.033108,0.032949,0.032759,0.032537,0.032287,0.031998,0.03167,0.031303,0.030985,0.030624,0.030234,0.029801,0.028972,0.026927,0.026407,0.025946,0.025478,0.025063,0.024687,0.024362,0.024048,0.02377,0.023539,0.023352,0.023203,0.023094,0.023027,0.023,0.02301,0.023052,0.023124,0.023232,0.023372,0.023543,0.023743,0.023981,0.024216,0.024482,0.024779,0.025106,0.025425,0.025792,0.027075,0.027575,0.02805,0.028457,0.028676,0.028871,0.029041,0.029197,0.029337,0.029453,0.029554,0.029637,0.0129,0.0,0.0
