0.0078125,1000.0,1000.03125,1000.078125,1000.1484375,1000.25,1000.40625,1000.6015625,1001.015625,1001.375,1001.7265625,1002.0703125,1002.3984375,1002.6875,1002.9765625,1003.265625,1003.546875,1003.828125,1004.1171875,1004.40625,1004.6953125,1005.0234375,1005.359375,1005.7109375,1006.078125,1006.453125,1006.859375,1007.296875,1008.203125,1008.6015625,1009.0234375,1009.40625,1009.859375,1010.2890625,1010.7109375,1011.1328125,1011.5390625,1011.953125,1012.3828125,1012.84375,1013.234375,1013.671875,1015.1484375,1015.7265625,1016.3046875,1016.8359375,1017.109375,1017.3828125,1017.6484375,1017.90625,1018.1640625,1018.4140625,1018.6640625,1018.90625,1019.1484375,1019.390625,1019.625,1019.859375,1020.09375,1020.3203125,1020.546875,1020.765625,1020.984375,1021.203125,1021.421875,1021.6328125,1021.8515625,1022.0625,1022.2734375,1022.484375,1022.7578125,1023.03125,1023.3046875,1023.5859375,1023.8671875,1024.1484375,1024.4375,1024.734375,1024.984375,1025.25,1025.5234375,1025.8203125,1026.3828125,1027.4453125,1027.875,1028.328125,1028.7421875,1028.984375,1029.21875,1029.4453125,1029.671875,1029.8984375,1030.125,1030.34375,1030.5703125,1030.9140625,1031.265625,1031.6328125,1032.015625,1032.3828125,1032.7890625,1033.203125,1034.421875,1034.8125,1035.1640625,1035.578125,1035.9765625,1036.3671875,1036.7578125,1037.109375,1037.4609375,1037.828125,1038.2109375,1038.5859375,1039.0,1040.9453125,1041.453125,1041.9375,1042.5078125,1043.078125,1043.6640625,1044.2734375,1045.0390625,1045.8046875,1046.53125,1047.2109375,1047.84375,1048.453125,1049.0546875,1049.65625,1050.25,1050.8984375,1051.5,1053.0546875,1053.953125,1054.7890625,1056.3828125,1057.0234375,1057.421875,1057.796875,1058.1484375,1058.4921875,1058.7578125,1059.015625,1059.2734375,1059.5234375,1059.7734375,1060.03125,1060.2890625,1060.546875,1060.796875,1061.046875,1061.3125,1061.5859375,1062.125,1063.1484375,1063.5703125,1064.015625,1064.4140625,1064.6484375,1064.8828125,1065.109375,1065.328125,1065.546875,1065.765625,1065.984375,1066.203125,1066.578125,1066.9609375,1067.359375,1067.7734375,1068.140625,1068.546875,1068.953125,1070.0546875,1070.3984375,1070.7109375,1071.0703125,1071.4140625,1071.75,1072.0859375,1072.40625,1072.734375,1073.0703125,1073.421875,1074.0703125,1075.6484375,1076.09375,1076.5,1076.9453125,1077.375,1077.796875,1078.21875,1078.5390625,1078.8671875,1079.1953125,1079.5234375,1079.8671875,1080.21875,1080.578125,1080.9609375,1081.6484375,1082.4296875,1083.2265625,1085.40625,1086.0625,1086.6484375,1087.3125,1087.9375,1088.546875,1089.1484375,1089.78125,1090.453125,1091.140625,1092.5,1093.0859375,1093.7109375,1094.296875,1094.90625,1095.5390625,1096.125,1097.4609375,1098.125,1098.4765625,1098.8046875,1099.125,1099.4453125,1099.796875,1100.15625,1100.5234375,1100.8984375,1101.578125,1103.0703125,1103.4375,1103.7734375,1104.1015625,1104.4140625,1104.71875,1105.0234375,1105.328125,1105.6328125,1105.9453125,1106.2734375,1106.875,1107.9140625,1108.296875,1108.6796875,1109.03125,1109.4296875,1109.8046875,1109.9921875,1110.171875,1110.3515625,1110.5234375,1110.7890625,1111.0546875,1111.3203125,1111.5859375,1111.8515625,1112.125,1112.3984375,1112.6796875,1112.9140625,1113.15625,1113.4140625,1113.6875,1114.203125,1115.1953125,1115.6015625,1116.03125,1116.4296875,1116.8828125,1117.3203125,1117.7578125,1118.1953125,1118.5,1118.8125,1119.140625,1119.484375,1120.109375,1121.7421875,1122.234375,1122.703125,1123.1796875,1123.6875,1125.53125,1126.3046875,1126.7421875,1127.1640625,1127.578125,1127.9921875,1128.5703125,1129.1953125,1129.78125,1131.3046875,1131.765625,1132.1953125,1132.6796875,1133.1875,1134.875,1135.5234375,1135.8828125,1136.2265625,1136.5546875,1136.8671875,1137.3515625,1137.828125,1138.3046875,1138.7890625,1139.2578125,1139.765625,1140.2890625,1141.7109375,1142.15625,1142.5546875,1143.0234375,1143.4765625,1143.921875,1144.359375,1144.7890625,1145.234375,1145.6953125,1146.1796875,1146.59375,1147.046875,1148.5625,1149.125,1149.671875,1150.1796875,1150.6796875,1151.15625,1151.6171875,1152.078125,1152.3984375,1152.7109375,1153.0234375,1153.34375,1153.6640625,1153.984375,1154.3125,1154.6484375,1154.9609375,1155.28125,1155.609375,1155.9609375,1156.640625,1157.90625,1158.4140625,1158.9453125,1159.421875,1159.7109375,1159.984375,1160.25,1160.515625,1160.7734375,1161.03125,1161.2890625,1161.5390625,1161.796875,1162.0546875,1162.3125,1162.578125,1162.84375,1163.1171875,1163.390625,1163.6796875,1164.1640625,1164.703125,1165.21875,1166.4921875,1167.1875,1167.546875,1167.8828125,1168.203125,1168.515625,1168.859375,1169.1953125,1169.5234375,1169.8515625,1170.171875,1170.4921875,1170.8125,1171.125,1171.4375,1171.75,1172.0625,1172.375,1172.6875,1173.0078125,1173.3359375,1173.6640625,1173.9375,1174.2265625,1174.5234375,1174.84375,1175.421875,1176.71875,1177.34375,1177.65625,1177.9453125,1178.21875,1178.484375,1178.78125,1179.0625,1179.3359375,1179.609375,1179.8828125,1180.1484375,1180.4140625,1180.6796875,1180.90625,1181.1328125,1181.359375,1181.59375,1181.828125,1182.0703125,1182.3125,1182.5625,1183.0,1183.484375,1183.9609375,1185.25,1185.640625,1186.0,1186.40625,1186.796875,1187.1796875,1187.5625,1187.8984375,1188.2421875,1188.59375,1188.9609375,1189.3046875,1189.6796875,1191.09375,1191.7109375,1192.046875,1192.375,1192.6875,1193.0,1193.3125,1193.625,1193.9453125,1194.28125,1194.8984375,1196.328125,1196.7109375,1197.0546875,1197.4296875,1197.78125,1198.125,1198.46875,1198.8125,1199.1640625,1199.5234375,1199.890625,1200.25,1200.6484375,1202.1796875,1202.53125,1202.8515625,1203.2265625,1203.578125,1203.921875,1204.265625,1204.6171875,1204.96875,1205.328125,1205.7109375,1206.0390625,1206.40625,1207.6484375,1208.1328125,1208.6328125,1209.0859375,1209.34375,1209.6015625,1209.8515625,1210.1015625,1210.3515625,1210.6015625,1210.8515625,1211.109375,1211.6171875,1212.171875,1212.734375,1213.8984375,1214.421875,1214.984375,1215.515625,1216.0546875,1216.6171875,1217.1484375,1218.375,1219.0,1219.328125,1219.640625,1219.9375,1220.234375,1220.6015625,1220.96875,1221.3359375,1221.71875,1222.0546875,1222.421875,1223.6171875,1224.0546875,1224.5,1224.8984375,1225.140625,1225.3671875,1225.5859375,1225.8046875,1226.015625,1226.2265625,1226.4375,1226.640625,1226.90625,1227.1640625,1227.421875,1227.6796875,1227.9375,1228.203125,1228.46875,1228.7421875,1229.0078125,1229.2890625,1229.578125,1229.8828125,1230.1796875,1230.5,1231.71875,1232.2421875,1232.53125,1232.796875,1233.0546875,1233.296875,1233.59375,1233.890625,1234.1796875,1234.4609375,1234.7421875,1235.0234375,1235.296875,1235.578125,1235.84375,1236.109375,1236.3828125,1236.6640625,1236.9453125,1237.2421875,1237.546875,1237.859375,1238.1640625,1238.4921875,1238.8359375,1239.21875,1239.875,1241.9609375,1242.6875,1243.3984375,1244.046875,1244.671875,1245.2578125,1245.796875,1246.375,1246.90625,1247.4140625,1247.890625,1248.3515625,1248.796875,1249.234375,1249.671875,1249.9921875,1250.3203125,1250.640625,1250.96875,1251.3046875,1251.640625,1251.9921875,1252.3515625,1252.875,1253.453125,1254.0546875,1255.453125,1256.1328125,1256.8828125,1257.625,1258.609375,1259.890625,1261.8125,1262.8671875,1263.390625,1263.859375,1264.296875,1264.7109375,1265.1015625,1265.484375,1265.8515625,1266.2109375,1266.6171875,1267.015625,1267.4140625,1267.8125,1268.2109375,1268.609375,1269.015625,1269.4375,1269.78125,1270.1328125,1270.5,1270.8984375,1271.6328125,1272.9609375,1273.484375,1274.0234375,1274.515625,1275.046875,1275.5625,1276.0625,1276.5546875,1276.8203125,1277.078125,1277.3359375,1277.6015625,1277.859375,1278.125,1278.390625,1278.6640625,1278.9375,1279.21875,1279.5078125,1279.796875,1280.3984375,1281.03125,1281.4296875,1281.8359375,1282.25,1282.671875,1283.09375,1283.5,1283.8984375,1284.28125,1284.640625,1284.984375,1285.3203125,1285.640625,1285.953125,1286.265625,1286.5625,1286.859375,1287.140625,1287.421875,1287.703125,1287.9765625,1288.25,1288.53125,1288.8125,1289.1015625,1289.6171875,1290.1796875,1290.7265625,1292.0859375,1292.4765625,1292.828125,1293.2265625,1293.609375,1293.96875,1294.3203125,1294.5390625,1294.75,1294.96875,1295.1796875,1295.390625,1295.6015625,1295.8125,1296.03125,1296.2421875,1296.4609375,1296.6796875,1296.90625,1297.1328125,1297.3671875,1297.609375,1297.859375,1298.1875,1298.546875,1298.9375,1299.375,1300.0546875,1301.1328125,1301.84375,1302.375,1303.0625,1303.3671875,1303.65625,1303.9375,1304.203125,1304.46875,1304.7265625,1304.9609375,1305.1953125,1305.4296875,1305.65625,1305.890625,1306.125,1306.3671875,1306.609375,1307.03125,1307.484375,1307.921875,1308.9765625,1309.53125,1309.8203125,1310.09375,1310.359375,1310.609375,1310.90625,1311.1953125,1311.484375,1311.765625,1312.046875,1312.3359375,1312.6328125,1312.9296875,1313.1796875,1313.4453125,1313.71875,1314.0,1314.5859375,1315.828125,1316.390625,1316.703125,1317.0,1317.2890625,1317.578125,1317.8671875,1318.1640625,1318.46875,1318.7890625,1319.375,1320.75,1321.125,1321.46875,1321.8515625,1322.21875,1322.5703125,1322.921875,1323.296875,1323.6796875,1324.0703125,1324.484375,1324.8359375,1325.2265625,1326.4765625,1326.9375,1327.3828125,1327.7890625,1328.2109375,1328.6171875,1329.0234375,1329.421875,1329.8125,1330.203125,1330.609375,1331.0390625,1331.40625,1331.8203125,1333.203125,1333.7421875,1334.2890625,1334.796875,1335.0625,1335.328125,1335.59375,1335.8515625,1336.109375,1336.3671875,1336.625,1336.890625,1337.1640625,1337.4453125,1337.734375,1338.0234375,1338.3203125,1338.625,1338.9375,1339.265625,1339.828125,1340.453125,1341.0546875,1342.4296875,1343.09375,1343.71875,1344.28125,1344.5625,1344.8359375,1345.1015625,1345.359375,1345.609375,1345.859375,1346.109375,1346.3515625,1346.6328125,1346.90625,1347.1796875,1347.453125,1347.7265625,1348.0078125,1348.2890625,1348.578125,1349.0625,1349.59375,1350.09375,1351.25,1351.8203125,1352.1015625,1352.3671875,1352.625,1352.8671875,1353.1171875,1353.359375,1353.59375,1353.828125,1354.0625,1354.2890625,1354.5234375,1354.75,1355.078125,1355.40625,1355.7421875,1356.078125,1356.421875,1356.7734375,1357.140625,1357.515625,1357.8515625,1358.203125,1358.578125,1358.984375,1359.7890625,1361.5859375,1362.4140625,1362.8515625,1363.265625,1363.6484375,1364.015625,1364.4296875,1364.8203125,1365.1953125,1365.5546875,1365.90625,1366.25,1366.5859375,1366.921875,1367.15625,1367.390625,1367.6171875,1367.8515625,1368.0859375,1368.3203125,1368.5546875,1368.796875,1369.0390625,1369.2890625,1369.8125,1370.359375,1371.4296875,1371.875,1372.3515625,1372.78125,1373.0390625,1373.2890625,1373.5390625,1373.78125,1374.0234375,1374.2734375,1374.515625,1374.765625,1375.015625,1375.265625,1375.53125,1375.8046875,1376.390625,1377.6171875,1378.171875,1378.765625,1379.046875,1379.328125,1379.6171875,1379.90625,1380.203125,1380.5078125,1381.0625,1382.3515625,1382.6875,1382.9921875,1383.328125,1383.640625,1383.9453125,1384.25,1384.5859375,1384.9296875,1385.28125,1385.640625,1385.953125,1386.296875,1387.40625,1387.8046875,1388.1953125,1388.5546875,1388.7578125,1388.953125,1389.140625,1389.328125,1389.515625,1389.6953125,1389.875,1390.0546875,1390.25,1390.4453125,1390.640625,1390.84375,1391.0390625,1391.2421875,1391.453125,1391.6640625,1392.0234375,1392.4140625,1392.7890625,1393.671875,1394.1171875,1394.3359375,1394.546875,1394.75,1394.9453125,1395.140625,1395.328125,1395.515625,1395.703125,1395.890625,1396.0703125,1396.25,1396.4375,1396.7578125,1397.0859375,1397.4296875,1397.7890625,1398.09375,1398.4375,1399.546875,1399.953125,1400.359375,1400.7265625,1400.9140625,1401.1015625,1401.28125,1401.4609375,1401.640625,1401.8203125,1402.0,1402.171875,1402.4765625,1402.7890625,1403.109375,1403.4453125,1403.78125,1404.15625,1404.5390625,1405.6484375,1406.0,1406.3203125,1406.6953125,1407.0546875,1407.40625,1407.7578125,1408.1015625,1408.4453125,1408.8046875,1409.1875,1409.5078125,1409.8671875,1411.078125,1411.546875,1412.0234375,1412.4609375,1412.6953125,1412.9296875,1413.15625,1413.3828125,1413.609375,1413.84375,1414.078125,1414.3125,1414.578125,1414.859375,1415.15625,1415.46875,1416.0546875,1417.3046875,1417.890625,1418.53125,1419.171875,1419.828125,1421.5,1422.34375,1423.203125,1424.921875,1425.328125,1425.6953125,1426.171875,1426.625,1427.0703125,1427.5078125,1427.796875,1428.09375,1428.3984375,1428.71875,1429.34375,1430.546875,1431.0625,1431.6171875,1432.1328125,1432.6796875,1433.25,1433.78125,1435.0234375,1435.6640625,1436.015625,1436.34375,1436.65625,1436.96875,1437.3515625,1437.734375,1438.125,1438.53125,1438.875,1439.2578125,1440.484375,1440.9296875,1441.3671875,1441.765625,1441.984375,1442.203125,1442.4140625,1442.625,1442.8359375,1443.0390625,1443.2421875,1443.4453125,1443.6171875,1443.796875,1443.9765625,1444.15625,1444.3359375,1444.5234375,1444.8984375,1445.28125,1445.6953125,1446.140625,1447.03125,1447.421875,1447.8359375,1448.21875,1448.6640625,1448.8828125,1449.09375,1449.3125,1449.5234375,1449.734375,1449.953125,1450.2734375,1450.609375,1450.9609375,1451.328125,1451.6640625,1452.0390625,1453.5859375,1454.3125,1454.71875,1455.1171875,1455.515625,1455.9140625,1456.625,1457.4296875,1458.1640625,1460.7109375,1461.6015625,1462.375,1463.0625,1463.6640625,1464.2109375,1464.7109375,1465.0390625,1465.359375,1465.6640625,1465.96875,1466.265625,1466.5625,1466.859375,1467.15625,1467.4296875,1467.703125,1467.984375,1468.28125,1468.84375,1470.21875,1470.609375,1470.96875,1471.375,1471.765625,1472.140625,1472.5078125,1472.703125,1472.890625,1473.0859375,1473.28125,1473.4765625,1473.6796875,1473.8828125,1474.09375,1474.4453125,1474.8359375,1475.203125,1476.078125,1476.5234375,1476.953125,1477.15625,1477.3515625,1477.5625,1477.765625,1477.96875,1478.1640625,1478.359375,1478.5546875,1478.75,1478.9453125,1479.140625,1479.34375,1479.5390625,1479.7421875,1479.9453125,1480.15625,1480.3671875,1480.5859375,1480.96875,1481.3828125,1481.7890625,1482.8203125,1483.125,1483.3984375,1483.7109375,1484.0,1484.28125,1484.5546875,1484.8671875,1485.1796875,1485.4921875,1485.796875,1486.109375,1486.421875,1486.734375,1487.0625,1487.421875,1487.8046875,1488.2109375,1488.640625,1489.109375,1489.6328125,1490.234375,1490.9140625,1491.5625,1492.1796875,1492.75,1493.3046875,1493.7734375,1494.2578125,1496.0859375,1496.4765625,1496.8359375,1497.2421875,1497.625,1497.9921875,1498.3515625,1498.5703125,1498.7890625,1499.0,1499.21875,1499.4375,1499.65625,1499.8828125,1500.109375,1500.5234375,1500.96875,1501.40625,1502.546875,1502.890625,1503.1953125,1503.5546875,1503.890625,1504.21875,1504.5390625,1504.8671875,1505.1953125,1505.5390625,1505.890625,1506.1953125,1506.53125,1507.59375,1507.96875,1508.3359375,1508.671875,1509.03125,1509.3671875,1509.6953125,1510.0078125,1510.2734375,1510.53125,1510.796875,1511.0546875,1511.3125,1511.578125,1511.84375,1512.109375,1512.3828125,1512.6640625,1512.953125,1513.265625,1513.5703125,1513.90625,1515.265625,1515.5859375,1515.875,1516.2109375,1516.5234375,1516.828125,1517.1328125,1517.4921875,1517.8515625,1518.2109375,1518.5703125,1518.9375,1519.3046875,1519.6875,1520.0859375,1520.4140625,1520.75,1521.109375,1521.4921875,1521.8984375,1522.3359375,1522.8046875,1523.2890625,1523.765625,1524.234375,1524.6796875,1525.1015625,1525.5,1525.8828125,1526.2578125,1526.625,1527.15625,1527.6875,1528.2265625,1528.78125,1529.2578125,1529.7734375,1531.453125,1532.0625,1532.6640625,1533.21875,1533.515625,1533.8125,1534.1015625,1534.390625,1534.6796875,1534.9609375,1535.2421875,1535.53125,1535.796875,1536.0625,1536.609375,1537.1875,1537.8125,1538.609375,1540.890625,1543.203125,1544.046875,1544.78125,1545.125,1545.4609375,1545.7890625,1546.109375,1546.4296875,1546.7578125,1547.0859375,1547.4140625,1547.7578125,1548.109375,1548.84375,1550.328125,1550.984375,1551.6953125,1552.359375,1552.7578125,1553.15625,1553.5625,1553.984375,1554.421875,1554.8984375,1556.0078125,1557.40625,1557.984375,1558.484375,1558.9375,1559.3515625,1559.7421875,1560.125,1560.5,1560.875,1561.2421875,1561.625,1561.96875,1562.3359375,1563.5,1563.921875,1564.34375,1564.7265625,1564.9609375,1565.1796875,1565.390625,1565.6015625,1565.8046875,1566.0078125,1566.2109375,1566.40625,1566.6484375,1566.890625,1567.125,1567.3671875,1567.609375,1567.8515625,1568.1015625,1568.3515625,1568.5625,1568.78125,1569.015625,1569.2578125,1569.7109375,1570.7890625,1571.078125,1571.3359375,1571.6171875,1571.8828125,1572.140625,1572.3828125,1572.65625,1572.921875,1573.1875,1573.4453125,1573.703125,1573.9609375,1574.21875,1574.484375,1574.7578125,1575.03125,1575.3203125,1575.625,1575.90625,1576.2109375,1577.4140625,1577.6953125,1577.9453125,1578.234375,1578.515625,1578.7890625,1579.0625,1579.328125,1579.6015625,1579.8828125,1580.1796875,1580.7109375,1581.953125,1582.28125,1582.578125,1582.8984375,1583.2109375,1583.5078125,1583.8046875,1584.125,1584.453125,1584.78125,1585.125,1585.421875,1585.75,1586.796875,1587.1796875,1587.5625,1587.7421875,1587.9140625,1588.109375,1588.296875,1588.484375,1588.6640625,1588.84375,1589.015625,1589.1953125,1589.3671875,1589.5625,1589.7578125,1589.953125,1590.1484375,1590.34375,1590.546875,1590.7578125,1590.96875,1591.1640625,1591.3671875,1591.578125,1591.796875,1592.2265625,1593.0546875,1593.3984375,1593.7578125,1594.0859375,1594.2734375,1594.4609375,1594.640625,1594.8203125,1594.9921875,1595.1640625,1595.3359375,1595.5078125,1595.6875,1595.859375,1596.0390625,1596.21875,1596.3984375,1596.5859375,1596.7734375,1596.9609375,1597.140625,1597.3203125,1597.5078125,1597.7109375,1598.109375,1598.8984375,1599.2265625,1599.5703125,1599.890625,1600.078125,1600.2578125,1600.4375,1600.609375,1600.78125,1600.953125,1601.125,1601.296875,1601.46875,1601.640625,1601.8125,1601.984375,1602.1640625,1602.34375,1602.53125,1602.71875,1603.0390625,1603.3984375,1603.7421875,1604.578125,1605.0234375,1605.25,1605.4609375,1605.6640625,1605.8671875,1606.0859375,1606.296875,1606.5078125,1606.71875,1606.9296875,1607.1328125,1607.3359375,1607.5390625,1607.84375,1608.1484375,1608.4609375,1608.796875,1609.109375,1609.453125,1609.8046875,1610.8203125,1611.140625,1611.4296875,1611.765625,1612.09375,1612.4140625,1612.7265625,1613.0390625,1613.3515625,1613.671875,1614.015625,1614.3125,1614.6328125,1615.7265625,1616.140625,1616.5625,1616.9453125,1617.359375,1617.765625,1618.1640625,1618.5625,1618.9140625,1619.2734375,1619.6484375,1620.0390625,1620.375,1620.75,1622.109375,1622.6796875,1623.2734375,1623.8359375,1624.140625,1624.4453125,1624.75,1625.0546875,1625.3671875,1625.6796875,1626.0,1626.3203125,1626.9140625,1627.5078125,1628.078125,1628.6328125,1628.8984375,1629.15625,1629.4140625,1629.6640625,1629.90625,1630.1484375,1630.390625,1630.625,1630.9375,1631.2421875,1631.546875,1631.8515625,1632.15625,1632.46875,1632.78125,1633.1015625,1633.3671875,1633.640625,1633.921875,1634.2265625,1634.7890625,1636.2421875,1636.671875,1637.0625,1637.4921875,1637.9140625,1638.328125,1638.75,1639.0546875,1639.375,1639.703125,1640.046875,1640.6796875,1642.3515625,1642.8671875,1643.3515625,1643.8046875,1644.2890625,1645.7265625,1646.203125,1646.671875,1647.1015625,1647.453125,1647.796875,1648.125,1648.453125,1648.7734375,1649.0859375,1649.3984375,1649.71875,1650.0234375,1650.328125,1650.6484375,1650.984375,1651.296875,1651.640625,1652.859375,1653.359375,1653.8828125,1654.3515625,1654.6328125,1654.90625,1655.171875,1655.4375,1655.6953125,1655.953125,1656.2109375,1656.4609375,1656.6953125,1656.9375,1657.171875,1657.4140625,1657.65625,1657.90625,1658.1640625,1658.421875,1658.6796875,1658.9453125,1659.2265625,1659.5234375,1660.125,1661.3359375,1661.8515625,1662.40625,1662.90625,1663.203125,1663.4921875,1663.7734375,1664.0546875,1664.3359375,1664.609375,1664.8828125,1665.15625,1665.375,1665.59375,1666.03125,1666.484375,1666.9609375,1667.421875,1667.9296875,1668.453125,1669.953125,1670.4296875,1670.859375,1671.359375,1671.84375,1672.3125,1672.78125,1673.203125,1673.6328125,1674.0703125,1674.53125,1674.96875,1675.453125,1677.2578125,1677.65625,1678.0234375,1678.4453125,1678.84375,1679.234375,1679.609375,1680.0625,1680.5078125,1680.9609375,1681.4296875,1681.8828125,1682.3671875,1682.859375,1684.1640625,1684.5625,1684.921875,1685.3359375,1685.734375,1686.1171875,1686.5,1686.890625,1687.2890625,1687.6953125,1688.1171875,1688.484375,1688.8828125,1690.1171875,1690.5234375,1690.90625,1691.25,1691.59375,1691.9140625,1692.2265625,1692.5234375,1692.84375,1693.1640625,1693.4765625,1693.7890625,1694.09375,1694.3984375,1694.7109375,1695.0234375,1695.3203125,1695.625,1695.9453125,1696.28125,1696.609375,1696.9765625,1697.3515625,1698.4609375,1698.8125,1699.1328125,1699.5078125,1699.8671875,1700.2109375,1700.5546875,1700.96875,1701.375,1701.78125,1702.1953125,1702.6171875,1703.046875,1703.484375,1703.9453125,1704.4140625,1704.9140625,1705.4375,1706.0078125,1706.5546875,1707.1640625,1709.5,1710.4921875,1711.0234375,1711.5234375,1712.0078125,1712.4765625,1712.96875,1713.453125,1713.953125,1714.4609375,1714.90625,1715.390625,1716.9140625,1717.4453125,1717.9765625,1718.4609375,1719.0,1719.2578125,1719.515625,1719.765625,1720.015625,1720.2578125,1720.5,1720.8046875,1721.1015625,1721.3984375,1721.703125,1722.0078125,1722.3125,1722.625,1722.9453125,1723.2109375,1723.484375,1724.078125,1724.640625,1725.9375,1726.578125,1726.890625,1727.1875,1727.4765625,1727.75,1728.03125,1728.3125,1728.5859375,1728.859375,1729.125,1729.390625,1729.65625,1729.9140625,1730.1328125,1730.3515625,1730.5703125,1730.796875,1731.0234375,1731.2578125,1731.5,1731.7421875,1732.171875,1732.6484375,1733.125,1734.4609375,1734.8828125,1735.265625,1735.703125,1736.1328125,1736.5546875,1736.9765625,1737.3046875,1737.640625,1737.984375,1738.3515625,1739.03125,1740.296875,1740.8203125,1741.3671875,1741.890625,1742.4609375,1743.0546875,1743.625,1745.03125,1745.4375,1745.796875,1746.2265625,1746.6328125,1747.0234375,1747.3984375,1747.7421875,1748.0859375,1748.421875,1748.765625,1749.109375,1749.4609375,1749.8203125,1750.1875,1750.484375,1750.796875,1751.125,1751.4765625,1752.1171875,1753.8046875,1754.296875,1754.7421875,1755.2109375,1755.6640625,1756.1015625,1756.5234375,1756.90625,1757.28125,1757.6484375,1758.015625,1758.3671875,1758.71875,1759.0625,1759.40625,1759.6875,1759.96875,1760.25,1760.53125,1760.8125,1761.1015625,1761.390625,1761.6875,1762.1875,1762.7265625,1763.234375,1764.4375,1765.0390625,1765.6171875,1765.890625,1766.15625,1766.40625,1766.65625,1766.90625,1767.15625,1767.40625,1767.65625,1768.171875,1768.6875,1769.2578125,1769.8046875,1771.28125,1771.75,1772.1875,1772.640625,1773.1171875,1774.6796875,1775.265625,1775.890625,1776.1875,1776.46875,1776.8515625,1777.2265625,1777.609375,1778.0,1778.34375,1778.71875,1779.9140625,1780.3359375,1780.765625,1781.1484375,1781.375,1781.59375,1781.8046875,1782.0078125,1782.2109375,1782.4140625,1782.609375,1782.8046875,1783.0078125,1783.203125,1783.3984375,1783.6015625,1783.8046875,1784.0078125,1784.21875,1784.4296875,1784.8359375,1785.2734375,1785.71875,1786.625,1787.015625,1787.4296875,1787.8046875,1788.2421875,1788.671875,1789.1015625,1789.53125,1789.96875,1790.421875,1790.9140625,1791.4765625,1791.984375,1793.359375,1794.765625,1795.2890625,1795.6484375,1795.96875,1796.2734375,1796.5546875,1796.90625,1797.2421875,1797.5625,1797.8828125,1798.1953125,1798.5078125,1798.8203125,1799.140625,1799.4296875,1799.71875,1800.015625,1800.3359375,1800.625,1800.9453125,1802.0625,1802.5078125,1802.96875,1803.390625,1803.6328125,1803.875,1804.109375,1804.3359375,1804.5625,1804.78125,1805.0078125,1805.2265625,1805.421875,1805.6171875,1805.8125,1806.0078125,1806.203125,1806.40625,1806.6171875,1806.828125,1807.234375,1807.6796875,1808.140625,1809.109375,1809.5390625,1810.0,1810.421875,1810.671875,1810.921875,1811.171875,1811.4140625,1811.65625,1811.90625,1812.15625,1812.40625,1812.90625,1813.4375,1814.015625,1814.671875,1815.328125,1816.1328125,1819.578125,1820.2421875,1820.8046875,1821.1171875,1821.4140625,1821.6953125,1821.9609375,1822.21875,1822.4609375,1822.703125,1822.9375,1823.2421875,1823.5390625,1823.8359375,1824.125,1824.4140625,1824.703125,1824.9921875,1825.2890625,1825.53125,1825.7734375,1826.03125,1826.3046875,1826.8046875,1827.7109375,1828.0703125,1828.4375,1828.7734375,1829.140625,1829.5,1829.8515625,1830.2109375,1830.5078125,1830.8125,1831.1328125,1831.46875,1831.7578125,1832.078125,1833.1484375,1833.5546875,1833.9609375,1834.3359375,1834.734375,1835.125,1835.5078125,1835.8828125,1836.234375,1836.59375,1836.96875,1837.359375,1837.703125,1838.078125,1839.484375,1840.09375,1840.421875,1840.734375,1841.0390625,1841.34375,1841.6875,1842.03125,1842.375,1842.734375,1843.109375,1843.4921875,1843.890625,1844.296875,1844.703125,1845.1171875,1845.5234375,1845.9140625,1846.2890625,1846.6484375,1846.9921875,1847.328125,1847.6484375,1847.953125,1848.25,1848.546875,1848.8359375,1849.125,1849.4140625,1849.6953125,1849.9296875,1850.1640625,1850.3984375,1850.6328125,1850.8671875,1851.109375,1851.59375,1852.09375,1852.6171875,1853.171875,1853.75,1854.3515625,1854.9765625,1855.625,1856.2890625,1856.8671875,1857.46875,1859.1796875,1859.671875,1860.1484375,1860.578125,1860.84375,1861.09375,1861.3359375,1861.578125,1861.8046875,1862.03125,1862.25,1862.46875,1862.7265625,1862.984375,1863.2421875,1863.4921875,1863.7421875,1864.0,1864.2578125,1864.5234375,1864.7421875,1864.96875,1865.2109375,1865.4609375,1865.9140625,1866.9765625,1867.25,1867.5,1867.7578125,1868.0078125,1868.2421875,1868.46875,1868.703125,1868.9296875,1869.15625,1869.375,1869.59375,1869.8125,1870.03125,1870.25,1870.4609375,1870.671875,1870.8828125,1871.1015625,1871.3203125,1871.546875,1871.78125,1872.015625,1872.2109375,1872.421875,1872.8671875,1873.296875,1874.3828125,1874.6953125,1874.9765625,1875.28125,1875.578125,1875.859375,1876.1328125,1876.4296875,1876.7265625,1877.015625,1877.3046875,1877.59375,1877.890625,1878.1875,1878.484375,1878.671875,1878.8671875,1879.0703125,1879.2734375,1879.703125,1880.1640625,1880.5390625,1880.96875,1882.8203125,1883.3125,1883.78125,1884.3203125,1884.859375,1885.40625,1885.953125,1886.515625,1887.0703125,1887.6015625,1888.1171875,1888.609375,1889.09375,1889.5625,1890.0234375,1890.453125,1890.890625,1891.328125,1891.78125,1892.234375,1892.7109375,1893.2109375,1893.734375,1894.6640625,1895.7109375,1897.0234375,1899.0390625,1899.6875,1900.390625,1900.703125,1901.0,1901.2890625,1901.5703125,1901.84375,1902.1015625,1902.359375,1902.609375,1902.8515625,1903.09375,1903.328125,1903.5625,1903.796875,1904.0234375,1904.25,1904.484375,1904.71875,1904.9609375,1905.203125,1905.4453125,1905.6953125,1905.9609375,1906.5,1907.5625,1908.015625,1908.4921875,1908.9296875,1909.1875,1909.4453125,1909.6953125,1909.9453125,1910.1875,1910.4375,1910.6875,1910.9375,1911.1953125,1911.453125,1911.7265625,1912.0078125,1912.3125,1912.640625,1914.0390625,1914.6796875,1915.03125,1915.3671875,1915.6953125,1916.0234375,1916.3515625,1916.6875,1917.03125,1917.390625,1917.703125,1918.046875,1919.21875,1919.671875,1920.140625,1920.5703125,1921.0546875,1921.5234375,1921.9921875,1922.4609375,1922.734375,1923.015625,1923.3046875,1923.609375,1924.234375,1925.5546875,1926.15625,1926.8046875,1927.421875,1928.03125,1928.6796875,1929.28125,1930.6953125,1931.421875,1931.7890625,1932.140625,1932.484375,1932.8203125,1933.171875,1933.53125,1933.8984375,1934.2734375,1934.984375,1936.703125,1937.1875,1937.625,1938.1328125,1938.609375,1939.0703125,1939.5234375,1939.8046875,1940.0859375,1940.359375,1940.640625,1940.921875,1941.2109375,1941.5,1941.796875,1942.296875,1942.8515625,1943.3671875,1944.609375,1945.25,1945.5703125,1945.875,1946.171875,1946.4609375,1946.765625,1947.0625,1947.359375,1947.6484375,1947.9453125,1948.2421875,1948.546875,1948.859375,1949.3125,1949.796875,1950.3203125,1951.4296875,1951.921875,1952.453125,1952.9453125,1953.25,1953.546875,1953.8515625,1954.1640625,1954.7578125,1956.1953125,1956.6015625,1956.96875,1957.40625,1957.6171875,1957.8203125,1958.0234375,1958.21875,1958.4140625,1958.6015625,1958.84375,1959.078125,1959.3125,1959.5546875,1959.796875,1960.0390625,1960.2890625,1960.5390625,1960.96875,1961.4453125,1961.8984375,1962.9921875,1963.2890625,1963.5625,1963.859375,1964.1328125,1964.3984375,1964.6484375,1964.9375,1965.21875,1965.4921875,1965.765625,1966.0390625,1966.3046875,1966.5703125,1966.84375,1967.109375,1967.375,1967.6484375,1967.9296875,1968.21875,1968.515625,1968.828125,1969.171875,1969.484375,1969.8359375,1971.4453125,1971.84375,1972.2265625,1972.6640625,1973.125,1974.59375,1975.1328125,1975.6796875,1976.1875,1976.78125,1977.3984375,1978.0,1979.4765625,1979.90625,1980.2890625,1980.75,1981.1796875,1981.6015625,1982.0078125,1982.25,1982.4921875,1982.734375,1982.984375,1983.234375,1983.484375,1983.7421875,1984.0078125,1984.484375,1985.0078125,1985.53125,1986.9609375,1987.3984375,1987.796875,1988.2578125,1988.703125,1989.1328125,1989.5625,1989.984375,1990.4140625,1990.8515625,1991.3125,1991.7109375,1992.1484375,1993.5390625,1994.03125,1994.5078125,1994.9453125,1995.40625,1995.84375,1996.265625,1996.6875,1997.109375,1997.5390625,1997.96875,1998.4140625,1998.8515625,1999.3203125,1999.8046875,2001.0859375,2001.4765625,2001.828125,2002.2421875,2002.6328125,2003.0078125,2003.3828125,2003.78125,2004.1796875,2004.5859375,2005.015625,2005.390625,2005.796875,2006.1875,2007.1484375,2007.6640625,2007.9375,2008.1875,2008.4296875,2008.6640625,2008.9375,2009.203125,2009.46875,2009.7265625,2009.984375,2010.234375,2010.4921875,2010.7421875,2011.015625,2011.296875,2011.578125,2011.859375,2012.1484375,2012.4453125,2012.75,2013.0625,2013.3203125,2013.59375,2013.8828125,2014.1875,2014.765625,2016.34375,2016.828125,2017.265625,2017.75,2018.2109375,2018.6484375,2019.078125,2019.5234375,2019.7421875,2019.9609375,2020.171875,2020.3828125,2020.5859375,2020.7890625,2020.9921875,2021.1875,2021.390625,2021.5859375,2021.78125,2021.96875,2022.1640625,2022.3515625,2022.625,2022.890625,2023.1640625,2023.4375,2023.7109375,2023.9921875,2024.2734375,2024.5625,2024.8203125,2025.0859375,2025.3671875,2025.6640625,2026.234375,2027.3203125,2027.7734375,2028.2421875,2028.671875,2028.921875,2029.171875,2029.4140625,2029.65625,2029.890625,2030.125,2030.359375,2030.6015625,2030.953125,2031.3125,2031.6875,2032.078125,2032.4453125,2032.8515625,2033.265625,2034.453125,2034.8359375,2035.1796875,2035.578125,2035.96875,2036.3515625,2036.734375,2037.078125,2037.4296875,2037.7890625,2038.171875,2038.546875,2038.9609375,2040.921875,2041.4375,2041.921875,2042.5,2043.078125,2043.671875,2044.28125,2045.0546875,2045.828125,2046.5625,2047.2578125,2047.8984375,2048.515625,2049.125,2049.7421875,2050.3125,2050.9375,2051.5234375,2053.046875,2053.9453125,2054.7890625,2056.3828125,2057.0234375,2057.421875,2057.796875,2058.1484375,2058.4921875,2058.7578125,2059.015625,2059.2734375,2059.5234375,2059.7734375,2060.03125,2060.2890625,2060.546875,2060.796875,2061.046875,2061.3125,2061.5859375,2062.125,2063.1484375,2063.5703125,2064.015625,2064.4140625,2064.6484375,2064.8828125,2065.109375,2065.328125,2065.546875,2065.765625,2065.984375,2066.203125,2066.578125,2066.9609375,2067.359375,2067.7734375,2068.140625,2068.546875,2068.953125,2070.0546875,2070.3984375,2070.7109375,2071.0703125,2071.4140625,2071.75,2072.0859375,2072.40625,2072.734375,2073.0703125,2073.421875,2074.0703125,2075.6484375,2076.09375,2076.5,2076.953125,2077.3828125,2077.8046875,2078.2265625,2078.546875,2078.8671875,2079.1953125,2079.53125,2079.875,2080.2265625,2080.5859375,2080.96875,2081.65625,2082.4375,2083.234375,2085.40625,2086.0625,2086.6484375,2087.3125,2087.9375,2088.546875,2089.1484375,2089.78125,2090.4453125,2091.1328125,2092.5,2093.0859375,2093.7109375,2094.296875,2094.90625,2095.5390625,2096.125,2097.4609375,2098.125,2098.4765625,2098.8046875,2099.125,2099.4453125,2099.796875,2100.15625,2100.5234375,2100.8984375,2101.578125,2103.0703125,2103.4375,2103.7734375,2104.1015625,2104.4140625,2104.71875,2105.0234375,2105.328125,2105.6328125,2105.9453125,2106.2734375,2106.875,2107.9140625,2108.296875,2108.6796875,2109.03125,2109.4296875,2109.8125,2110.0,2110.1796875,2110.359375,2110.53125,2110.796875,2111.0625,2111.328125,2111.59375,2111.859375,2112.1328125,2112.40625,2112.6875,2112.921875,2113.1640625,2113.421875,2113.6953125,2114.2109375,2115.1875,2115.6015625,2116.03125,2116.4296875,2116.875,2117.3125,2117.75,2118.1875,2118.4921875,2118.8046875,2119.1328125,2119.484375,2120.109375,2121.7421875,2122.234375,2122.7109375,2123.1875,2123.6875,2125.5234375,2126.296875,2126.734375,2127.15625,2127.5703125,2127.984375,2128.5625,2129.1875,2129.7734375,2131.3046875,2131.765625,2132.1953125,2132.6796875,2133.1875,2134.875,2135.5234375,2135.8828125,2136.2265625,2136.5546875,2136.8671875,2137.34375,2137.8203125,2138.296875,2138.78125,2139.25,2139.765625,2140.28125,2141.7109375,2142.15625,2142.5546875,2143.0234375,2143.4765625,2143.921875,2144.359375,2144.7890625,2145.234375,2145.6953125,2146.1796875,2146.59375,2147.046875,2148.5546875,2149.109375,2149.6484375,2150.140625,2150.609375,2151.0625,2151.5,2151.9375,2152.265625,2152.59375,2152.921875,2153.25,2153.578125,2153.9140625,2154.2578125,2154.6015625,2154.9140625,2155.2421875,2155.578125,2155.9375,2156.6328125,2157.90625,2158.4140625,2158.9453125,2159.4296875,2159.71875,2159.9921875,2160.2578125,2160.5234375,2160.78125,2161.0390625,2161.296875,2161.546875,2161.8046875,2162.0625,2162.3203125,2162.578125,2162.84375,2163.1171875,2163.390625,2163.6796875,2164.1640625,2164.703125,2165.2109375,2166.4921875,2167.1796875,2167.5390625,2167.875,2168.1953125,2168.5078125,2168.8515625,2169.1875,2169.515625,2169.8359375,2170.15625,2170.4765625,2170.796875,2171.109375,2171.421875,2171.734375,2172.046875,2172.3671875,2172.6875,2173.0078125,2173.3359375,2173.6640625,2173.9375,2174.2265625,2174.5234375,2174.84375,2175.421875,2176.71875,2177.34375,2177.65625,2177.9453125,2178.21875,2178.484375,2178.78125,2179.0625,2179.3359375,2179.609375,2179.8828125,2180.1484375,2180.4140625,2180.6796875,2180.90625,2181.1328125,2181.359375,2181.59375,2181.828125,2182.0703125,2182.3125,2182.5625,2183.0,2183.484375,2183.9609375,2185.25,2185.640625,2186.0,2186.40625,2186.796875,2187.1796875,2187.5625,2187.8984375,2188.2421875,2188.59375,2188.9609375,2189.3046875,2189.6796875,2191.09375,2191.7109375,2192.046875,2192.375,2192.6875,2193.0,2193.3125,2193.625,2193.9453125,2194.28125,2194.8984375,2196.328125,2196.7109375,2197.0546875,2197.4296875,2197.78125,2198.125,2198.46875,2198.8125,2199.1640625,2199.5234375,2199.890625,2200.25,2200.6484375,2202.1796875,2202.53125,2202.8515625,2203.2265625,2203.578125,2203.921875,2204.265625,2204.6171875,2204.96875,2205.328125,2205.7109375,2206.0390625,2206.40625,2207.6484375,2208.125,2208.625,2209.078125,2209.3359375,2209.59375,2209.84375,2210.09375,2210.34375,2210.59375,2210.84375,2211.1015625,2211.6171875,2212.171875,2212.734375,2213.8984375,2214.421875,2214.984375,2215.515625,2216.0546875,2216.6171875,2217.1484375,2218.375,2219.0,2219.328125,2219.640625,2219.9375,2220.234375,2220.6015625,2220.96875,2221.3359375,2221.71875,2222.0546875,2222.421875,2223.6171875,2224.0546875,2224.5,2224.8984375,2225.140625,2225.3671875,2225.5859375,2225.8046875,2226.015625,2226.2265625,2226.4375,2226.640625,2226.90625,2227.1640625,2227.421875,2227.6796875,2227.9375,2228.203125,2228.46875,2228.7421875,2229.0078125,2229.2890625,2229.578125,2229.8828125,2230.171875,2230.4921875,2231.71875,2232.2421875,2232.53125,2232.796875,2233.0546875,2233.296875,2233.59375,2233.890625,2234.1796875,2234.4609375,2234.7421875,2235.015625,2235.296875,2235.578125,2235.84375,2236.109375,2236.3828125,2236.6640625,2236.9453125,2237.2421875,2237.546875,2237.859375,2238.1640625,2238.484375,2238.828125,2239.2109375,2239.875,2241.9609375,2242.6796875,2243.390625,2244.0390625,2244.6640625,2245.25,2245.7890625,2246.3671875,2246.8984375,2247.40625,2247.8828125,2248.34375,2248.7890625,2249.2265625,2249.6640625,2249.984375,2250.3125,2250.6328125,2250.9609375,2251.296875,2251.6328125,2251.984375,2252.34375,2252.8671875,2253.4453125,2254.046875,2255.453125,2256.1328125,2256.8828125,2257.625,2258.609375,2259.890625,2261.8125,2262.8671875,2263.390625,2263.859375,2264.296875,2264.7109375,2265.1015625,2265.484375,2265.8515625,2266.2109375,2266.6171875,2267.015625,2267.4140625,2267.8125,2268.2109375,2268.609375,2269.015625,2269.4375,2269.78125,2270.1328125,2270.5,2270.8984375,2271.6328125,2272.9609375,2273.484375,2274.0234375,2274.515625,2275.046875,2275.5625,2276.0625,2276.5546875,2276.8203125,2277.078125,2277.3359375,2277.6015625,2277.8671875,2278.1328125,2278.3984375,2278.671875,2278.9453125,2279.2265625,2279.515625,2279.8046875,2280.40625,2281.0390625,2281.4375,2281.84375,2282.2578125,2282.6796875,2283.1015625,2283.5078125,2283.90625,2284.2890625,2284.640625,2284.984375,2285.3203125,2285.640625,2285.953125,2286.265625,2286.5625,2286.859375,2287.140625,2287.421875,2287.703125,2287.9765625,2288.25,2288.53125,2288.8125,2289.1015625,2289.6171875,2290.1796875,2290.7265625,2292.078125,2292.46875,2292.8203125,2293.21875,2293.6015625,2293.96875,2294.3203125,2294.5390625,2294.75,2294.96875,2295.1796875,2295.390625,2295.6015625,2295.8125,2296.03125,2296.2421875,2296.4609375,2296.6796875,2296.90625,2297.1328125,2297.3671875,2297.609375,2297.859375,2298.1875,2298.546875,2298.9296875,2299.3671875,2300.046875,2301.125,2301.84375,2302.375,2303.0625,2303.3671875,2303.65625,2303.9375,2304.203125,2304.46875,2304.7265625,2304.9609375,2305.1953125,2305.4296875,2305.65625,2305.890625,2306.125,2306.3671875,2306.609375,2307.03125,2307.484375,2307.921875,2308.9765625,2309.53125,2309.8203125,2310.09375,2310.359375,2310.609375,2310.90625,2311.1953125,2311.484375,2311.765625,2312.046875,2312.3359375,2312.6328125,2312.9296875,2313.1796875,2313.4375,2313.7109375,2313.9921875,2314.578125,2315.828125,2316.390625,2316.703125,2317.0,2317.2890625,2317.578125,2317.8671875,2318.1640625,2318.46875,2318.7890625,2319.375,2320.75,2321.125,2321.46875,2321.8515625,2322.21875,2322.5703125,2322.921875,2323.296875,2323.6796875,2324.0703125,2324.484375,2324.8359375,2325.2265625,2326.4765625,2326.9296875,2327.375,2327.7890625,2328.2109375,2328.6171875,2329.0234375,2329.421875,2329.8125,2330.203125,2330.609375,2331.0390625,2331.40625,2331.8203125,2333.203125,2333.7421875,2334.2890625,2334.796875,2335.0625,2335.328125,2335.59375,2335.8515625,2336.109375,2336.3671875,2336.625,2336.890625,2337.1640625,2337.4453125,2337.734375,2338.0234375,2338.3203125,2338.625,2338.9375,2339.265625,2339.828125,2340.453125,2341.0546875,2342.4296875,2343.09375,2343.71875,2344.28125,2344.5625,2344.8359375,2345.1015625,2345.359375,2345.609375,2345.859375,2346.109375,2346.3515625,2346.625,2346.8984375,2347.171875,2347.4453125,2347.71875,2348.0,2348.28125,2348.5703125,2349.0546875,2349.5859375,2350.09375,2351.2578125,2351.84375,2352.125,2352.3984375,2352.6640625,2352.9140625,2353.171875,2353.4296875,2353.6796875,2353.9296875,2354.1796875,2354.421875,2354.6640625,2354.90625,2355.2265625,2355.546875,2355.875,2356.2109375,2356.546875,2356.8984375,2357.2578125,2357.640625,2357.9609375,2358.3046875,2358.671875,2359.0625,2359.84375,2361.53125,2362.296875,2363.0859375,2363.7890625,2364.171875,2364.5390625,2364.890625,2365.234375,2365.5625,2365.8828125,2366.1953125,2366.5,2366.7734375,2367.046875,2367.3203125,2367.5859375,2367.8515625,2368.125,2368.3984375,2368.6796875,2368.9375,2369.203125,2369.484375,2369.7734375,2370.34375,2371.4296875,2371.8828125,2372.359375,2372.7890625,2373.046875,2373.296875,2373.546875,2373.7890625,2374.03125,2374.28125,2374.5234375,2374.7734375,2375.0234375,2375.2734375,2375.8046875,2376.390625,2377.6171875,2378.171875,2378.765625,2379.046875,2379.328125,2379.6171875,2379.90625,2380.203125,2380.5078125,2381.0703125,2382.34375,2382.6796875,2382.984375,2383.3203125,2383.6328125,2383.9375,2384.234375,2384.578125,2384.921875,2385.2734375,2385.6328125,2385.953125,2386.296875,2387.40625,2387.8125,2388.21875,2388.5859375,2388.796875,2389.0,2389.203125,2389.3984375,2389.59375,2389.78125,2389.96875,2390.15625,2390.3203125,2390.4921875,2390.6640625,2390.8359375,2391.0078125,2391.1796875,2391.359375,2391.5390625,2391.90625,2392.3046875,2392.7109375,2393.5234375,2393.859375,2394.21875,2394.5390625,2394.734375,2394.921875,2395.1015625,2395.28125,2395.4609375,2395.6328125,2395.8046875,2395.9765625,2396.1484375,2396.328125,2396.5078125,2396.6875,2396.8671875,2397.0546875,2397.2421875,2397.4296875,2397.8046875,2398.2109375,2398.6328125,2399.453125,2399.7890625,2400.1484375,2400.4765625,2400.671875,2400.859375,2401.0390625,2401.21875,2401.3984375,2401.5703125,2401.7421875,2401.9140625,2402.0859375,2402.265625,2402.4453125,2402.625,2402.8046875,2402.9921875,2403.1796875,2403.3671875,2403.7265625,2404.125,2404.53125,2405.65625,2406.015625,2406.3359375,2406.7109375,2407.078125,2407.4296875,2407.78125,2408.125,2408.46875,2408.828125,2409.203125,2409.5234375,2409.8828125,2411.0546875,2411.5,2411.9375,2412.3359375,2412.7421875,2413.1328125,2413.5234375,2413.921875,2414.2578125,2414.6015625,2414.9609375,2415.34375,2415.6640625,2416.015625,2417.2734375,2417.8046875,2418.3515625,2418.890625,2419.296875,2419.734375,2421.5234375,2422.375,2423.109375,2424.7109375,2425.3984375,2426.0234375,2426.3125,2426.59375,2426.875,2427.1484375,2427.421875,2427.6953125,2428.2265625,2428.7890625,2429.3671875,2430.546875,2431.0546875,2431.6015625,2432.1171875,2432.6640625,2433.2421875,2433.78125,2435.03125,2435.375,2435.6796875,2436.03125,2436.359375,2436.6796875,2436.9921875,2437.375,2437.75,2438.140625,2438.5390625,2438.8828125,2439.265625,2440.4765625,2440.9140625,2441.34375,2441.734375,2441.953125,2442.1640625,2442.3671875,2442.5703125,2442.7734375,2442.96875,2443.1640625,2443.359375,2443.5390625,2443.7265625,2443.9140625,2444.1015625,2444.2890625,2444.484375,2444.6796875,2444.875,2445.265625,2445.6875,2446.1328125,2447.0390625,2447.4296875,2447.84375,2448.2265625,2448.671875,2448.890625,2449.1015625,2449.3203125,2449.53125,2449.7421875,2449.9609375,2450.28125,2450.6171875,2450.9609375,2451.328125,2451.6640625,2452.0390625,2453.5859375,2454.3125,2454.71875,2455.109375,2455.5078125,2455.90625,2456.6171875,2457.421875,2458.1640625,2460.7265625,2461.6328125,2462.4140625,2463.1015625,2463.7109375,2464.265625,2464.7734375,2465.09375,2465.3984375,2465.703125,2466.0,2466.296875,2466.5859375,2466.875,2467.171875,2467.4375,2467.7109375,2467.9921875,2468.2890625,2468.8515625,2470.21875,2470.609375,2470.9609375,2471.3671875,2471.7578125,2472.1328125,2472.5,2472.6953125,2472.890625,2473.0859375,2473.28125,2473.4765625,2473.6796875,2473.8828125,2474.09375,2474.4453125,2474.8359375,2475.203125,2476.078125,2476.5234375,2476.9609375,2477.1640625,2477.359375,2477.5703125,2477.7734375,2477.9765625,2478.171875,2478.3671875,2478.5625,2478.7578125,2478.953125,2479.1484375,2479.34375,2479.5390625,2479.7421875,2479.9453125,2480.15625,2480.3671875,2480.5859375,2480.96875,2481.3828125,2481.7890625,2482.8203125,2483.125,2483.3984375,2483.703125,2483.9921875,2484.265625,2484.5390625,2484.8515625,2485.15625,2485.4609375,2485.765625,2486.0703125,2486.3828125,2486.6953125,2487.015625,2487.375,2487.7578125,2488.1640625,2488.59375,2489.0625,2489.5859375,2490.1875,2490.859375,2491.515625,2492.140625,2492.71875,2493.28125,2493.7578125,2494.25,2496.09375,2496.484375,2496.84375,2497.25,2497.6328125,2498.0,2498.359375,2498.578125,2498.796875,2499.0078125,2499.2265625,2499.4453125,2499.6640625,2500.109375,2500.5234375,2500.96875,2501.40625,2502.546875,2502.890625,2503.1953125,2503.546875,2503.8828125,2504.2109375,2504.53125,2504.859375,2505.1953125,2505.53125,2505.8828125,2506.1875,2506.5234375,2507.59375,2507.96875,2508.3359375,2508.671875,2509.03125,2509.3671875,2509.6953125,2510.0078125,2510.3046875,2510.6015625,2510.8984375,2511.1953125,2511.4921875,2511.796875,2512.1015625,2512.421875,2512.6796875,2512.9453125,2513.2265625,2513.5234375,2514.0703125,2515.0625,2515.453125,2515.8515625,2516.2109375,2516.59375,2516.96875,2517.328125,2517.6875,2518.0390625,2518.390625,2518.7421875,2519.1015625,2519.46875,2519.8515625,2520.25,2520.6640625,2520.96875,2521.2890625,2521.625,2521.984375,2522.3671875,2522.7734375,2523.6171875,2524.3984375,2524.765625,2525.125,2525.4609375,2525.7890625,2526.109375,2526.421875,2526.96875,2527.5078125,2528.046875,2528.6015625,2529.109375,2529.6640625,2530.203125,2531.59375,2532.0078125,2532.3828125,2532.8125,2533.21875,2533.6171875,2534.0,2534.46875,2534.9296875,2535.3984375,2535.875,2536.359375,2536.859375,2537.3984375,2537.984375,2538.8046875,2541.0234375,2543.125,2543.890625,2544.421875,2544.90625,2545.3671875,2545.8203125,2546.296875,2546.765625,2547.2421875,2547.734375,2548.1796875,2548.6640625,2550.4296875,2551.1796875,2551.59375,2551.984375,2552.3671875,2552.75,2553.1875,2553.640625,2554.1171875,2554.6171875,2555.171875,2555.8046875,2556.5625,2557.328125,2558.2890625,2559.0703125,2559.4296875,2559.765625,2560.09375,2560.421875,2560.75,2561.078125,2561.40625,2561.75,2562.390625,2563.4765625,2563.875,2564.28125,2564.6484375,2564.875,2565.0859375,2565.2890625,2565.4921875,2565.6875,2565.8828125,2566.078125,2566.265625,2566.5234375,2566.7734375,2567.0234375,2567.2734375,2567.5234375,2567.78125,2568.0390625,2568.3046875,2568.5234375,2568.75,2568.9921875,2569.2421875,2569.703125,2570.78125,2571.0625,2571.3125,2571.578125,2571.828125,2572.0703125,2572.296875,2572.53125,2572.7578125,2572.984375,2573.203125,2573.421875,2573.640625,2573.859375,2574.078125,2574.2421875,2574.4140625,2574.578125,2574.75,2574.921875,2575.1015625,2575.28125,2575.46875,2575.7890625,2576.1484375,2576.4921875,2577.4375,2577.7265625,2577.984375,2578.28125,2578.5625,2578.84375,2579.1171875,2579.375,2579.640625,2579.9140625,2580.203125,2580.7265625,2581.9375,2582.2578125,2582.5546875,2582.875,2583.1796875,2583.4765625,2583.765625,2584.09375,2584.421875,2584.7578125,2585.109375,2585.4140625,2585.7421875,2586.8046875,2587.1875,2587.5703125,2587.75,2587.921875,2588.1171875,2588.3046875,2588.4921875,2588.671875,2588.8515625,2589.0234375,2589.203125,2589.375,2589.5703125,2589.765625,2589.9609375,2590.15625,2590.3515625,2590.5546875,2590.7578125,2590.96875,2591.1640625,2591.3671875,2591.578125,2591.796875,2592.2265625,2593.0546875,2593.3984375,2593.7578125,2594.078125,2594.265625,2594.453125,2594.6328125,2594.8046875,2594.9765625,2595.1484375,2595.3203125,2595.484375,2595.6640625,2595.84375,2596.0234375,2596.203125,2596.3828125,2596.5703125,2596.7578125,2596.9453125,2597.125,2597.3046875,2597.5,2597.703125,2598.109375,2598.8984375,2599.2265625,2599.5703125,2599.890625,2600.078125,2600.2578125,2600.4375,2600.6171875,2600.796875,2600.96875,2601.140625,2601.3125,2601.484375,2601.65625,2601.828125,2602.0,2602.1796875,2602.359375,2602.546875,2602.734375,2603.0546875,2603.4140625,2603.75,2604.5546875,2604.9609375,2605.3515625,2605.7109375,2605.8828125,2606.0546875,2606.2265625,2606.390625,2606.5546875,2606.7109375,2606.875,2607.03125,2607.21875,2607.4140625,2607.609375,2607.8046875,2608.0,2608.203125,2608.40625,2608.6171875,2608.984375,2609.3828125,2609.7734375,2610.84375,2611.171875,2611.4765625,2611.8203125,2612.1484375,2612.4765625,2612.796875,2613.1015625,2613.40625,2613.71875,2614.0546875,2614.34375,2614.65625,2615.703125,2616.09375,2616.484375,2616.84375,2617.2109375,2617.5703125,2617.921875,2618.2734375,2618.6171875,2618.96875,2619.328125,2619.703125,2620.09375,2620.515625,2620.96875,2622.4296875,2622.921875,2623.375,2623.9140625,2624.4375,2624.96875,2625.5078125,2625.8515625,2626.203125,2626.5546875,2626.90625,2627.2578125,2627.609375,2627.9453125,2628.28125,2628.6015625,2628.9140625,2629.21875,2629.515625,2629.8046875,2630.09375,2630.375,2630.6484375,2630.953125,2631.2578125,2631.5625,2631.8671875,2632.171875,2632.4765625,2632.7890625,2633.109375,2633.375,2633.6484375,2634.234375,2634.796875,2636.234375,2636.6640625,2637.0546875,2637.484375,2637.90625,2638.3203125,2638.7421875,2639.046875,2639.3671875,2639.6953125,2640.046875,2640.6796875,2642.3515625,2642.8671875,2643.3515625,2643.8046875,2644.2890625,2645.7265625,2646.203125,2646.671875,2647.1015625,2647.453125,2647.796875,2648.125,2648.453125,2648.7734375,2649.0859375,2649.3984375,2649.71875,2650.0234375,2650.328125,2650.6484375,2650.984375,2651.296875,2651.640625,2652.859375,2653.359375,2653.8828125,2654.3515625,2654.6328125,2654.90625,2655.171875,2655.4375,2655.6953125,2655.953125,2656.2109375,2656.4609375,2656.6953125,2656.9375,2657.171875,2657.4140625,2657.65625,2657.90625,2658.1640625,2658.421875,2658.6796875,2658.9453125,2659.2265625,2659.5234375,2660.125,2661.328125,2661.8515625,2662.40625,2662.90625,2663.203125,2663.4921875,2663.7734375,2664.0546875,2664.3359375,2664.609375,2664.8828125,2665.15625,2665.375,2665.59375,2666.03125,2666.484375,2666.9609375,2667.421875,2667.9296875,2668.453125,2669.9453125,2670.421875,2670.8515625,2671.3515625,2671.8359375,2672.3125,2672.78125,2673.203125,2673.6328125,2674.0703125,2674.53125,2674.96875,2675.453125,2677.2578125,2677.65625,2678.0234375,2678.4453125,2678.84375,2679.234375,2679.609375,2680.0625,2680.5078125,2680.9609375,2681.4296875,2681.8828125,2682.3671875,2682.859375,2684.15625,2684.5546875,2684.9140625,2685.3359375,2685.734375,2686.1171875,2686.5,2686.890625,2687.2890625,2687.6953125,2688.1171875,2688.484375,2688.8828125,2690.109375,2690.515625,2690.8984375,2691.25,2691.59375,2691.9140625,2692.21875,2692.515625,2692.8359375,2693.15625,2693.46875,2693.78125,2694.0859375,2694.390625,2694.703125,2695.015625,2695.3125,2695.6171875,2695.9375,2696.2734375,2696.6015625,2696.96875,2697.3515625,2698.453125,2698.8125,2699.1328125,2699.5078125,2699.859375,2700.203125,2700.546875,2700.9609375,2701.3671875,2701.7734375,2702.1875,2702.609375,2703.0390625,2703.4765625,2703.9375,2704.40625,2704.90625,2705.4375,2706.0078125,2706.5546875,2707.1640625,2709.5,2710.484375,2711.0234375,2711.5234375,2712.0078125,2712.4765625,2712.96875,2713.453125,2713.953125,2714.4609375,2714.90625,2715.390625,2716.9140625,2717.4453125,2717.9765625,2718.4609375,2719.0,2719.2578125,2719.515625,2719.765625,2720.015625,2720.2578125,2720.5,2720.8046875,2721.1015625,2721.3984375,2721.703125,2722.0078125,2722.3125,2722.625,2722.9453125,2723.2109375,2723.484375,2724.078125,2724.640625,2725.9375,2726.5703125,2726.8828125,2727.1796875,2727.46875,2727.7421875,2728.0234375,2728.3046875,2728.578125,2728.8515625,2729.1171875,2729.3828125,2729.6484375,2729.9140625,2730.1328125,2730.3515625,2730.5703125,2730.796875,2731.0234375,2731.2578125,2731.5,2731.7421875,2732.171875,2732.6484375,2733.125,2734.4609375,2734.8828125,2735.265625,2735.703125,2736.1328125,2736.5546875,2736.9765625,2737.3046875,2737.640625,2737.984375,2738.3515625,2739.0234375,2740.296875,2740.8203125,2741.3671875,2741.890625,2742.4609375,2743.0546875,2743.625,2745.03125,2745.4375,2745.796875,2746.2265625,2746.625,2747.015625,2747.390625,2747.734375,2748.078125,2748.4140625,2748.7578125,2749.1015625,2749.453125,2749.8125,2750.1875,2750.484375,2750.796875,2751.125,2751.4765625,2752.1171875,2753.796875,2754.2890625,2754.734375,2755.203125,2755.65625,2756.09375,2756.515625,2756.8984375,2757.2734375,2757.640625,2758.0078125,2758.359375,2758.7109375,2759.0546875,2759.3984375,2759.640625,2759.8828125,2760.125,2760.3671875,2760.609375,2760.859375,2761.109375,2761.359375,2761.625,2761.8984375,2762.4765625,2763.0859375,2764.28125,2764.7890625,2765.328125,2765.828125,2766.125,2766.4140625,2766.703125,2766.9921875,2767.28125,2767.5703125,2767.8671875,2768.1640625,2768.6875,2769.2578125,2769.8046875,2771.28125,2771.75,2772.1875,2772.640625,2773.1171875,2774.6796875,2775.265625,2775.890625,2776.1875,2776.46875,2776.8515625,2777.2265625,2777.609375,2778.0,2778.34375,2778.71875,2779.90625,2780.3359375,2780.765625,2781.1484375,2781.375,2781.59375,2781.8046875,2782.0078125,2782.2109375,2782.4140625,2782.609375,2782.8046875,2783.0078125,2783.203125,2783.3984375,2783.6015625,2783.8046875,2784.0078125,2784.21875,2784.4296875,2784.828125,2785.265625,2785.71875,2786.625,2787.015625,2787.4296875,2787.8046875,2788.2421875,2788.671875,2789.1015625,2789.53125,2789.96875,2790.421875,2790.9140625,2791.4765625,2791.984375,2793.359375,2794.7734375,2795.2890625,2795.640625,2795.9609375,2796.265625,2796.546875,2796.8984375,2797.234375,2797.5546875,2797.875,2798.1953125,2798.5078125,2798.8203125,2799.140625,2799.4296875,2799.71875,2800.015625,2800.3359375,2800.625,2800.9453125,2802.0546875,2802.5,2802.9609375,2803.3828125,2803.625,2803.8671875,2804.1015625,2804.328125,2804.5546875,2804.7734375,2805.0,2805.21875,2805.4140625,2805.609375,2805.8046875,2806.0,2806.1953125,2806.3984375,2806.609375,2806.8203125,2807.2265625,2807.671875,2808.140625,2809.109375,2809.5390625,2810.0,2810.421875,2810.671875,2810.921875,2811.1640625,2811.40625,2811.6484375,2811.8984375,2812.1484375,2812.3984375,2812.8984375,2813.421875,2813.9921875,2814.640625,2815.2734375,2816.0546875,2819.515625,2820.1953125,2820.7578125,2821.0703125,2821.3671875,2821.6484375,2821.9140625,2822.171875,2822.4140625,2822.65625,2822.890625,2823.1953125,2823.5,2823.796875,2824.0859375,2824.375,2824.6640625,2824.953125,2825.25,2825.4921875,2825.734375,2825.9921875,2826.265625,2826.765625,2827.6796875,2828.0390625,2828.40625,2828.75,2829.125,2829.484375,2829.8359375,2830.1953125,2830.5,2830.8046875,2831.1171875,2831.453125,2831.7421875,2832.0703125,2833.140625,2833.546875,2833.9609375,2834.3359375,2834.734375,2835.125,2835.5078125,2835.890625,2836.2421875,2836.6015625,2836.9765625,2837.3671875,2837.7109375,2838.0859375,2839.5,2840.1171875,2840.453125,2840.7734375,2841.09375,2841.40625,2841.7578125,2842.1171875,2842.4765625,2842.8515625,2843.2421875,2843.640625,2844.0546875,2844.484375,2844.921875,2845.3515625,2845.7734375,2846.1796875,2846.5625,2846.9296875,2847.28125,2847.625,2847.953125,2848.2734375,2848.5859375,2848.8984375,2849.203125,2849.5078125,2849.8125,2850.109375,2850.546875,2850.9921875,2851.4453125,2851.90625,2852.390625,2852.890625,2853.4140625,2853.96875,2854.546875,2855.1484375,2855.765625,2856.390625,2856.9375,2857.5078125,2859.1640625,2859.6484375,2860.125,2860.5546875,2860.8203125,2861.0703125,2861.3203125,2861.5546875,2861.7890625,2862.015625,2862.234375,2862.453125,2862.7109375,2862.96875,2863.2265625,2863.4765625,2863.734375,2863.9921875,2864.25,2864.515625,2864.734375,2864.9609375,2865.203125,2865.453125,2865.9140625,2866.984375,2867.2578125,2867.5078125,2867.765625,2868.015625,2868.25,2868.4765625,2868.7109375,2868.9375,2869.1640625,2869.390625,2869.609375,2869.828125,2870.046875,2870.265625,2870.4765625,2870.6875,2870.8984375,2871.1171875,2871.3359375,2871.5546875,2871.7890625,2872.0234375,2872.21875,2872.4296875,2872.875,2873.3046875,2874.3828125,2874.6875,2874.96875,2875.2734375,2875.5703125,2875.8515625,2876.125,2876.421875,2876.71875,2877.0078125,2877.296875,2877.5859375,2877.8828125,2878.1796875,2878.484375,2878.671875,2878.8671875,2879.0703125,2879.2734375,2879.703125,2880.1640625,2880.5390625,2880.9609375,2882.8203125,2883.3125,2883.78125,2884.3203125,2884.859375,2885.40625,2885.953125,2886.515625,2887.0703125,2887.6015625,2888.1171875,2888.609375,2889.09375,2889.5625,2890.0234375,2890.453125,2890.890625,2891.328125,2891.7734375,2892.2265625,2892.703125,2893.203125,2893.7265625,2894.65625,2895.7109375,2897.0234375,2899.0390625,2899.6796875,2900.3828125,2900.6953125,2900.9921875,2901.2890625,2901.5703125,2901.84375,2902.1015625,2902.359375,2902.609375,2902.8515625,2903.09375,2903.328125,2903.5625,2903.796875,2904.0234375,2904.25,2904.484375,2904.71875,2904.9609375,2905.203125,2905.4453125,2905.703125,2905.96875,2906.5078125,2907.5625,2908.0078125,2908.484375,2908.921875,2909.1796875,2909.4375,2909.6875,2909.9375,2910.1796875,2910.4296875,2910.6796875,2910.9296875,2911.1875,2911.453125,2911.7265625,2912.0078125,2912.3125,2912.640625,2914.0390625,2914.6796875,2915.03125,2915.3671875,2915.6953125,2916.0234375,2916.3515625,2916.6875,2917.03125,2917.390625,2917.703125,2918.046875,2919.21875,2919.671875,2920.140625,2920.5703125,2921.0546875,2921.5234375,2921.9921875,2922.4609375,2922.734375,2923.015625,2923.3046875,2923.609375,2924.234375,2925.5546875,2926.15625,2926.8046875,2927.421875,2928.03125,2928.6796875,2929.28125,2930.6953125,2931.421875,2931.7890625,2932.140625,2932.484375,2932.8203125,2933.171875,2933.53125,2933.8984375,2934.2734375,2934.984375,2936.703125,2937.1875,2937.625,2938.1328125,2938.609375,2939.0703125,2939.5234375,2939.8046875,2940.0859375,2940.359375,2940.640625,2940.921875,2941.2109375,2941.5,2941.796875,2942.296875,2942.8515625,2943.3671875,2944.609375,2945.25,2945.5703125,2945.875,2946.171875,2946.4609375,2946.765625,2947.0625,2947.359375,2947.6484375,2947.9453125,2948.2421875,2948.546875,2948.859375,2949.3125,2949.796875,2950.3203125,2951.4296875,2951.921875,2952.4453125,2952.9375,2953.2421875,2953.5390625,2953.84375,2954.15625,2954.7578125,2956.1953125,2956.609375,2956.9765625,2957.4140625,2957.625,2957.828125,2958.03125,2958.2265625,2958.421875,2958.609375,2958.8515625,2959.0859375,2959.3203125,2959.5546875,2959.796875,2960.0390625,2960.2890625,2960.5390625,2960.96875,2961.4453125,2961.8984375,2962.9921875,2963.2890625,2963.5546875,2963.84375,2964.1171875,2964.375,2964.625,2964.90625,2965.1796875,2965.453125,2965.71875,2965.984375,2966.2421875,2966.5,2966.765625,2967.0390625,2967.3125,2967.59375,2967.8828125,2968.1796875,2968.484375,2968.8046875,2969.1484375,2969.4609375,2969.8203125,2971.0,2971.453125,2971.84375,2972.2265625,2972.6640625,2973.125,2974.59375,2975.1328125,2975.671875,2976.1796875,2976.78125,2977.3984375,2978.0,2979.4765625,2979.90625,2980.2890625,2980.75,2981.1796875,2981.6015625,2982.015625,2982.2578125,2982.5,2982.7421875,2982.9921875,2983.2421875,2983.4921875,2983.75,2984.0078125,2984.484375,2985.0078125,2985.53125,2986.953125,2987.3984375,2987.796875,2988.2578125,2988.703125,2989.1328125,2989.5625,2989.984375,2990.4140625,2990.8515625,2991.3125,2991.7109375,2992.1484375,2993.5390625,2994.03125,2994.5078125,2994.9453125,2995.3984375,2995.8359375,2996.2578125,2996.6796875,2997.1015625,2997.53125,2997.9609375,2998.40625,2998.84375,2999.3203125,2999.8046875,3001.0859375,3001.4765625,3001.828125,3002.2421875,3002.6328125,3003.0078125,3003.3828125,3003.78125,3004.1796875,3004.5859375,3005.015625,3005.390625,3005.796875,3006.1875,3007.1484375,3007.6640625,3007.9375,3008.1875,3008.4296875,3008.6640625,3008.9375,3009.203125,3009.46875,3009.7265625,3009.984375,3010.234375,3010.4921875,3010.7421875,3011.015625,3011.296875,3011.578125,3011.859375,3012.1484375,3012.4453125,3012.75,3013.0625,3013.3203125,3013.59375,3013.8828125,3014.1875,3014.765625,3016.34375,3016.828125,3017.265625,3017.75,3018.2109375,3018.6484375,3019.078125,3019.5234375,3019.7421875,3019.9609375,3020.171875,3020.3828125,3020.5859375,3020.7890625,3020.9921875,3021.1875,3021.390625,3021.5859375,3021.78125,3021.9765625,3022.171875,3022.359375,3022.6328125,3022.8984375,3023.171875,3023.4453125,3023.71875,3024.0,3024.28125,3024.5703125,3024.828125,3025.09375,3025.3671875,3025.6640625,3026.234375,3027.3203125,3027.765625,3028.234375,3028.6640625,3028.9140625,3029.15625,3029.3984375,3029.6328125,3029.8671875,3030.1015625,3030.3359375,3030.5703125,3030.9296875,3031.2890625,3031.6640625,3032.0546875,3032.4296875,3032.8359375,3033.2578125,3034.46875,3034.8515625,3035.203125,3035.609375,3036.0078125,3036.3984375,3036.7890625,3037.1328125,3037.484375,3037.84375,3038.2265625,3038.6015625,3039.0078125,3040.859375,3041.3359375,3041.7890625,3042.3203125,3042.84375,3043.3828125,3043.9375,3044.6484375,3045.375,3046.0859375,3046.765625,3047.3828125,3047.9765625,3048.5546875,3049.1171875,3049.4921875,3049.8671875,3050.2578125,3050.671875,3051.3984375,3053.1484375,3054.09375,3054.8515625,3056.3359375,3056.9453125,3057.3671875,3057.75,3058.109375,3058.4609375,3058.7265625,3058.9921875,3059.25,3059.5078125,3059.7578125,3060.015625,3060.2734375,3060.5390625,3060.7890625,3061.0390625,3061.3046875,3061.578125,3062.125,3063.1484375,3063.5703125,3064.015625,3064.4140625,3064.6484375,3064.8828125,3065.109375,3065.328125,3065.546875,3065.765625,3065.984375,3066.203125,3066.578125,3066.9609375,3067.359375,3067.7734375,3068.140625,3068.546875,3068.953125,3070.0546875,3070.3984375,3070.7109375,3071.0703125,3071.4140625,3071.75,3072.0859375,3072.40625,3072.734375,3073.0703125,3073.421875,3074.0703125,3075.6484375,3076.09375,3076.5,3076.953125,3077.3828125,3077.8046875,3078.2265625,3078.546875,3078.8671875,3079.1953125,3079.53125,3079.875,3080.2265625,3080.5859375,3080.96875,3081.65625,3082.4375,3083.234375,3085.40625,3086.0625,3086.6484375,3087.3125,3087.9375,3088.546875,3089.1484375,3089.78125,3090.4453125,3091.1328125,3092.5,3093.0859375,3093.7109375,3094.296875,3094.90625,3095.5390625,3096.125,3097.4609375,3098.125,3098.4765625,3098.8046875,3099.125,3099.4453125,3099.796875,3100.15625,3100.5234375,3100.8984375,3101.578125,3103.0703125,3103.4296875,3103.765625,3104.09375,3104.4140625,3104.71875,3105.0234375,3105.328125,3105.6328125,3105.9453125,3106.2734375,3106.875,3107.9140625,3108.296875,3108.6796875,3109.03125,3109.4296875,3109.8046875,3109.9921875,3110.171875,3110.3515625,3110.5234375,3110.7890625,3111.0546875,3111.3203125,3111.5859375,3111.8515625,3112.125,3112.3984375,3112.6796875,3112.9140625,3113.15625,3113.4140625,3113.6875,3114.203125,3115.1953125,3115.6015625,3116.03125,3116.4296875,3116.875,3117.3125,3117.75,3118.1875,3118.4921875,3118.8046875,3119.1328125,3119.484375,3120.109375,3121.7421875,3122.234375,3122.7109375,3123.1875,3123.6875,3125.5234375,3126.3046875,3126.7421875,3127.1640625,3127.578125,3127.9921875,3128.5703125,3129.1953125,3129.78125,3131.296875,3131.7578125,3132.1875,3132.671875,3133.1796875,3134.875,3135.5234375,3135.8828125,3136.2265625,3136.5546875,3136.8671875,3137.3515625,3137.828125,3138.3046875,3138.7890625,3139.2578125,3139.7734375,3140.2890625,3141.703125,3142.1484375,3142.546875,3143.015625,3143.46875,3143.9140625,3144.3515625,3144.78125,3145.2265625,3145.6875,3146.171875,3146.5859375,3147.046875,3148.5546875,3149.125,3149.6796875,3150.1875,3150.6875,3151.171875,3151.640625,3152.1015625,3152.4140625,3152.7265625,3153.0390625,3153.359375,3153.6796875,3154.0,3154.328125,3154.65625,3154.9609375,3155.28125,3155.609375,3155.9609375,3156.640625,3157.90625,3158.4140625,3158.9453125,3159.421875,3159.7109375,3159.984375,3160.25,3160.515625,3160.7734375,3161.03125,3161.2890625,3161.5390625,3161.796875,3162.0546875,3162.3125,3162.578125,3162.84375,3163.1171875,3163.390625,3163.6796875,3164.1640625,3164.703125,3165.2109375,3166.4921875,3167.1796875,3167.5390625,3167.875,3168.203125,3168.515625,3168.859375,3169.1953125,3169.5234375,3169.8515625,3170.171875,3170.4921875,3170.8125,3171.125,3171.4375,3171.75,3172.0625,3172.375,3172.6875,3173.0078125,3173.3359375,3173.6640625,3173.9375,3174.2265625,3174.5234375,3174.84375,3175.421875,3176.71875,3177.34375,3177.65625,3177.9453125,3178.21875,3178.484375,3178.78125,3179.0625,3179.3359375,3179.609375,3179.8828125,3180.1484375,3180.4140625,3180.6796875,3180.90625,3181.1328125,3181.359375,3181.59375,3181.828125,3182.0703125,3182.3125,3182.5625,3183.0,3183.484375,3183.9609375,3185.25,3185.640625,3186.0,3186.40625,3186.796875,3187.1796875,3187.5625,3187.8984375,3188.2421875,3188.59375,3188.9609375,3189.3046875,3189.6796875,3191.09375,3191.7109375,3192.046875,3192.375,3192.6875,3193.0,3193.3125,3193.625,3193.9453125,3194.28125,3194.8984375,3196.3203125,3196.703125,3197.046875,3197.421875,3197.7734375,3198.1171875,3198.4609375,3198.8046875,3199.15625,3199.515625,3199.890625,3200.25,3200.6484375,3202.1796875,3202.53125,3202.8515625,3203.2265625,3203.578125,3203.921875,3204.265625,3204.6171875,3204.96875,3205.328125,3205.7109375,3206.0390625,3206.40625,3207.6484375,3208.125,3208.625,3209.078125,3209.3359375,3209.59375,3209.84375,3210.09375,3210.34375,3210.59375,3210.84375,3211.1015625,3211.6171875,3212.171875,3212.734375,3213.8984375,3214.421875,3214.984375,3215.515625,3216.0546875,3216.6171875,3217.1484375,3218.375,3219.0,3219.328125,3219.640625,3219.9375,3220.234375,3220.6015625,3220.96875,3221.3359375,3221.71875,3222.0546875,3222.421875,3223.6171875,3224.0546875,3224.5,3224.8984375,3225.140625,3225.3671875,3225.5859375,3225.8046875,3226.015625,3226.2265625,3226.4375,3226.640625,3226.90625,3227.1640625,3227.421875,3227.6796875,3227.9375,3228.203125,3228.46875,3228.7421875,3229.0078125,3229.2890625,3229.578125,3229.8828125,3230.171875,3230.4921875,3231.71875,3232.2421875,3232.53125,3232.796875,3233.0546875,3233.296875,3233.59375,3233.890625,3234.1796875,3234.4609375,3234.7421875,3235.015625,3235.296875,3235.578125,3235.84375,3236.109375,3236.3828125,3236.6640625,3236.9453125,3237.2421875,3237.546875,3237.859375,3238.1640625,3238.484375,3238.828125,3239.2109375,3239.875,3241.953125,3242.671875,3243.3828125,3244.0390625,3244.6640625,3245.25,3245.7890625,3246.3671875,3246.8984375,3247.40625,3247.8828125,3248.34375,3248.7890625,3249.2265625,3249.6640625,3249.984375,3250.3125,3250.6328125,3250.9609375,3251.296875,3251.6328125,3251.984375,3252.34375,3252.8671875,3253.4453125,3254.046875,3255.4453125,3256.125,3256.875,3257.625,3258.609375,3259.890625,3261.8125,3262.8671875,3263.390625,3263.859375,3264.296875,3264.7109375,3265.1015625,3265.484375,3265.8515625,3266.2109375,3266.6171875,3267.015625,3267.4140625,3267.8125,3268.2109375,3268.609375,3269.015625,3269.4375,3269.78125,3270.1328125,3270.5,3270.8984375,3271.6328125,3272.9609375,3273.484375,3274.0234375,3274.515625,3275.046875,3275.5625,3276.0625,3276.5546875,3276.8203125,3277.078125,3277.3359375,3277.6015625,3277.8671875,3278.1328125,3278.3984375,3278.671875,3278.9453125,3279.2265625,3279.515625,3279.8046875,3280.40625,3281.0390625,3281.4375,3281.84375,3282.2578125,3282.6796875,3283.1015625,3283.5078125,3283.90625,3284.2890625,3284.640625,3284.984375,3285.3203125,3285.640625,3285.953125,3286.265625,3286.5625,3286.859375,3287.140625,3287.421875,3287.703125,3287.9765625,3288.25,3288.53125,3288.8125,3289.1015625,3289.6171875,3290.1796875,3290.7265625,3292.078125,3292.46875,3292.8203125,3293.21875,3293.6015625,3293.9609375,3294.3125,3294.53125,3294.7421875,3294.9609375,3295.171875,3295.3828125,3295.59375,3295.8046875,3296.0234375,3296.2421875,3296.4609375,3296.6796875,3296.90625,3297.1328125,3297.3671875,3297.609375,3297.859375,3298.1875,3298.546875,3298.9296875,3299.3671875,3300.046875,3301.1328125,3301.84375,3302.375,3303.0625,3303.3671875,3303.65625,3303.9375,3304.203125,3304.46875,3304.7265625,3304.9609375,3305.1953125,3305.4296875,3305.65625,3305.890625,3306.125,3306.3671875,3306.609375,3307.03125,3307.484375,3307.921875,3308.9765625,3309.53125,3309.8203125,3310.09375,3310.359375,3310.609375,3310.90625,3311.1953125,3311.484375,3311.765625,3312.046875,3312.3359375,3312.6328125,3312.9296875,3313.1796875,3313.4375,3313.7109375,3313.9921875,3314.578125,3315.828125,3316.390625,3316.703125,3317.0,3317.2890625,3317.578125,3317.8671875,3318.1640625,3318.46875,3318.7890625,3319.375,3320.75,3321.125,3321.46875,3321.8515625,3322.21875,3322.5703125,3322.921875,3323.296875,3323.6796875,3324.0703125,3324.484375,3324.8359375,3325.2265625,3326.4765625,3326.9296875,3327.375,3327.7890625,3328.2109375,3328.6171875,3329.0234375,3329.421875,3329.8125,3330.203125,3330.609375,3331.0390625,3331.40625,3331.8203125,3333.203125,3333.7421875,3334.2890625,3334.7890625,3335.0546875,3335.3203125,3335.5859375,3335.84375,3336.1015625,3336.3671875,3336.625,3336.890625,3337.1640625,3337.4453125,3337.734375,3338.0234375,3338.3203125,3338.625,3338.9375,3339.265625,3339.828125,3340.453125,3341.0546875,3342.4296875,3343.09375,3343.71875,3344.28125,3344.5625,3344.8359375,3345.1015625,3345.359375,3345.609375,3345.859375,3346.109375,3346.3515625,3346.625,3346.8984375,3347.171875,3347.4453125,3347.71875,3348.0,3348.28125,3348.5703125,3349.0546875,3349.5859375,3350.09375,3351.2578125,3351.84375,3352.125,3352.3984375,3352.6640625,3352.9140625,3353.171875,3353.4296875,3353.6796875,3353.9296875,3354.1796875,3354.421875,3354.6640625,3354.90625,3355.2265625,3355.546875,3355.875,3356.2109375,3356.546875,3356.8984375,3357.2578125,3357.640625,3357.9609375,3358.3046875,3358.671875,3359.0625,3359.84375,3361.53125,3362.296875,3363.0859375,3363.7890625,3364.171875,3364.5390625,3364.890625,3365.234375,3365.5625,3365.8828125,3366.1953125,3366.5,3366.7734375,3367.046875,3367.3203125,3367.5859375,3367.8515625,3368.125,3368.3984375,3368.6796875,3368.9375,3369.203125,3369.484375,3369.7734375,3370.34375,3371.4296875,3371.8828125,3372.359375,3372.7890625,3373.046875,3373.296875,3373.546875,3373.7890625,3374.03125,3374.28125,3374.5234375,3374.7734375,3375.0234375,3375.2734375,3375.8046875,3376.390625,3377.6171875,3378.171875,3378.765625,3379.046875,3379.328125,3379.6171875,3379.90625,3380.203125,3380.5078125,3381.0703125,3382.34375,3382.6796875,3382.984375,3383.3203125,3383.6328125,3383.9375,3384.234375,3384.578125,3384.921875,3385.2734375,3385.6328125,3385.953125,3386.296875,3387.40625,3387.8125,3388.21875,3388.5859375,3388.796875,3389.0,3389.203125,3389.3984375,3389.59375,3389.78125,3389.96875,3390.15625,3390.3203125,3390.4921875,3390.6640625,3390.8359375,3391.0078125,3391.1796875,3391.359375,3391.5390625,3391.90625,3392.3046875,3392.7109375,3393.5234375,3393.859375,3394.21875,3394.5390625,3394.734375,3394.921875,3395.1015625,3395.28125,3395.4609375,3395.6328125,3395.8046875,3395.9765625,3396.1484375,3396.328125,3396.5078125,3396.6875,3396.8671875,3397.0546875,3397.2421875,3397.4296875,3397.8046875,3398.2109375,3398.6328125,3399.453125,3399.7890625,3400.1484375,3400.4765625,3400.671875,3400.859375,3401.0390625,3401.21875,3401.3984375,3401.5703125,3401.7421875,3401.9140625,3402.0859375,3402.265625,3402.4453125,3402.625,3402.8046875,3402.9921875,3403.1796875,3403.3671875,3403.7265625,3404.125,3404.53125,3405.65625,3406.015625,3406.3359375,3406.7109375,3407.078125,3407.4296875,3407.78125,3408.125,3408.46875,3408.828125,3409.203125,3409.5234375,3409.8828125,3411.0546875,3411.5,3411.9375,3412.3359375,3412.7421875,3413.1328125,3413.5234375,3413.921875,3414.2578125,3414.6015625,3414.9609375,3415.34375,3415.6640625,3416.015625,3417.2734375,3417.8046875,3418.3515625,3418.890625,3419.296875,3419.734375,3421.5234375,3422.375,3423.109375,3424.7109375,3425.3984375,3426.0234375,3426.3125,3426.59375,3426.875,3427.1484375,3427.421875,3427.6953125,3428.2265625,3428.7890625,3429.3671875,3430.5390625,3431.0546875,3431.6015625,3432.1171875,3432.6640625,3433.2421875,3433.78125,3435.03125,3435.375,3435.6796875,3436.03125,3436.359375,3436.6796875,3436.9921875,3437.375,3437.75,3438.140625,3438.5390625,3438.8828125,3439.265625,3440.4765625,3440.9140625,3441.34375,3441.734375,3441.953125,3442.1640625,3442.3671875,3442.5703125,3442.7734375,3442.96875,3443.1640625,3443.359375,3443.5390625,3443.7265625,3443.90625,3444.09375,3444.28125,3444.4765625,3444.671875,3444.8671875,3445.2578125,3445.6875,3446.1328125,3447.0390625,3447.4296875,3447.84375,3448.2265625,3448.671875,3448.890625,3449.1015625,3449.3203125,3449.53125,3449.7421875,3449.9609375,3450.28125,3450.6171875,3450.9609375,3451.328125,3451.6640625,3452.0390625,3453.5859375,3454.3125,3454.71875,3455.109375,3455.5078125,3455.90625,3456.6171875,3457.421875,3458.1640625,3460.7265625,3461.6328125,3462.4140625,3463.1015625,3463.7109375,3464.265625,3464.7734375,3465.09375,3465.3984375,3465.703125,3466.0,3466.296875,3466.5859375,3466.875,3467.171875,3467.4375,3467.7109375,3467.9921875,3468.2890625,3468.8515625,3470.21875,3470.609375,3470.9609375,3471.3671875,3471.7578125,3472.1328125,3472.5,3472.6953125,3472.890625,3473.0859375,3473.28125,3473.4765625,3473.6796875,3473.8828125,3474.09375,3474.4453125,3474.8359375,3475.203125,3476.078125,3476.5234375,3476.9609375,3477.1640625,3477.359375,3477.5703125,3477.7734375,3477.9765625,3478.171875,3478.3671875,3478.5625,3478.7578125,3478.953125,3479.1484375,3479.34375,3479.5390625,3479.7421875,3479.9453125,3480.15625,3480.3671875,3480.5859375,3480.96875,3481.3828125,3481.7890625,3482.8203125,3483.125,3483.3984375,3483.703125,3483.9921875,3484.265625,3484.5390625,3484.8515625,3485.15625,3485.4609375,3485.765625,3486.0703125,3486.3828125,3486.6953125,3487.015625,3487.375,3487.7578125,3488.1640625,3488.59375,3489.0625,3489.5859375,3490.1875,3490.859375,3491.515625,3492.140625,3492.71875,3493.28125,3493.7578125,3494.25,3496.09375,3496.484375,3496.84375,3497.25,3497.6328125,3498.0,3498.359375,3498.578125,3498.796875,3499.0078125,3499.2265625,3499.4453125,3499.6640625,3500.109375,3500.5234375,3500.96875,3501.40625,3502.546875,3502.890625,3503.1953125,3503.546875,3503.8828125,3504.2109375,3504.53125,3504.859375,3505.1953125,3505.53125,3505.8828125,3506.1875,3506.5234375,3507.59375,3507.96875,3508.3359375,3508.671875,3509.03125,3509.3671875,3509.6953125,3510.0078125,3510.3046875,3510.6015625,3510.8984375,3511.1953125,3511.4921875,3511.796875,3512.1015625,3512.421875,3512.6796875,3512.9453125,3513.2265625,3513.5234375,3514.0703125,3515.0625,3515.453125,3515.8515625,3516.2109375,3516.59375,3516.96875,3517.328125,3517.6875,3518.0390625,3518.390625,3518.7421875,3519.1015625,3519.46875,3519.8515625,3520.25,3520.6640625,3520.96875,3521.2890625,3521.625,3521.984375,3522.3671875,3522.7734375,3523.6171875,3524.3984375,3524.765625,3525.125,3525.4609375,3525.7890625,3526.109375,3526.421875,3526.96875,3527.5078125,3528.046875,3528.6015625,3529.109375,3529.6640625,3530.203125,3531.59375,3532.0078125,3532.3828125,3532.8125,3533.21875,3533.6171875,3534.0,3534.46875,3534.9296875,3535.3984375,3535.875,3536.359375,3536.859375,3537.3984375,3537.984375,3538.8046875,3541.0234375,3543.125,3543.890625,3544.421875,3544.90625,3545.3671875,3545.8203125,3546.296875,3546.765625,3547.2421875,3547.734375,3548.1796875,3548.6640625,3550.4296875,3551.1796875,3551.59375,3551.984375,3552.3671875,3552.75,3553.1875,3553.640625,3554.1171875,3554.6171875,3555.171875,3555.8046875,3556.5625,3557.328125,3558.2890625,3559.0703125,3559.4296875,3559.765625,3560.09375,3560.421875,3560.75,3561.078125,3561.40625,3561.75,3562.390625,3563.4765625,3563.875,3564.28125,3564.6484375,3564.875,3565.0859375,3565.2890625,3565.4921875,3565.6875,3565.8828125,3566.078125,3566.265625,3566.5234375,3566.7734375,3567.0234375,3567.2734375,3567.5234375,3567.78125,3568.0390625,3568.3046875,3568.5234375,3568.75,3568.9921875,3569.2421875,3569.703125,3570.78125,3571.0625,3571.3125,3571.578125,3571.828125,3572.0703125,3572.296875,3572.53125,3572.7578125,3572.984375,3573.203125,3573.421875,3573.640625,3573.859375,3574.078125,3574.2421875,3574.4140625,3574.578125,3574.75,3574.921875,3575.1015625,3575.28125,3575.46875,3575.7890625,3576.1484375,3576.4921875,3577.4296875,3577.71875,3577.9765625,3578.2734375,3578.5546875,3578.8359375,3579.109375,3579.3671875,3579.6328125,3579.90625,3580.1953125,3580.71875,3581.9375,3582.2578125,3582.5546875,3582.875,3583.1796875,3583.4765625,3583.765625,3584.09375,3584.421875,3584.7578125,3585.109375,3585.4140625,3585.7421875,3586.8046875,3587.1875,3587.5703125,3587.75,3587.921875,3588.1171875,3588.3046875,3588.4921875,3588.671875,3588.8515625,3589.0234375,3589.203125,3589.375,3589.5703125,3589.765625,3589.9609375,3590.15625,3590.3515625,3590.5546875,3590.765625,3590.9765625,3591.171875,3591.3671875,3591.578125,3591.796875,3592.2265625,3593.0546875,3593.390625,3593.75,3594.0703125,3594.2578125,3594.4453125,3594.625,3594.796875,3594.96875,3595.140625,3595.3125,3595.4765625,3595.65625,3595.8359375,3596.015625,3596.1953125,3596.375,3596.5625,3596.75,3596.9453125,3597.125,3597.3046875,3597.5,3597.703125,3598.109375,3598.8984375,3599.2265625,3599.5703125,3599.890625,3600.078125,3600.2578125,3600.4375,3600.6171875,3600.796875,3600.96875,3601.140625,3601.3125,3601.484375,3601.65625,3601.828125,3602.0,3602.1796875,3602.359375,3602.546875,3602.734375,3603.0546875,3603.4140625,3603.75,3604.5546875,3604.9609375,3605.3515625,3605.7109375,3605.8828125,3606.0546875,3606.2265625,3606.390625,3606.5546875,3606.7109375,3606.875,3607.03125,3607.21875,3607.4140625,3607.609375,3607.8046875,3608.0,3608.203125,3608.40625,3608.6171875,3608.984375,3609.3828125,3609.7734375,3610.84375,3611.171875,3611.4765625,3611.8203125,3612.1484375,3612.4765625,3612.796875,3613.1015625,3613.40625,3613.71875,3614.0546875,3614.34375,3614.65625,3615.703125,3616.09375,3616.484375,3616.84375,3617.2109375,3617.5703125,3617.921875,3618.2734375,3618.6171875,3618.96875,3619.328125,3619.703125,3620.09375,3620.515625,3620.96875,3622.4296875,3622.921875,3623.375,3623.9140625,3624.4375,3624.96875,3625.5078125,3625.8515625,3626.203125,3626.5546875,3626.90625,3627.2578125,3627.609375,3627.9453125,3628.28125,3628.6015625,3628.9140625,3629.21875,3629.515625,3629.8046875,3630.09375,3630.375,3630.6484375,3630.953125,3631.2578125,3631.5625,3631.8671875,3632.171875,3632.4765625,3632.7890625,3633.109375,3633.375,3633.6484375,3634.234375,3634.796875,3636.234375,3636.6640625,3637.0546875,3637.484375,3637.90625,3638.3203125,3638.7421875,3639.046875,3639.3671875,3639.6953125,3640.046875,3640.6796875,3642.3515625,3642.8671875,3643.3515625,3643.8046875,3644.2890625,3645.7265625,3646.203125,3646.671875,3647.1015625,3647.453125,3647.796875,3648.125,3648.453125,3648.7734375,3649.0859375,3649.3984375,3649.71875,3650.0234375,3650.328125,3650.6484375,3650.984375,3651.296875,3651.640625,3652.859375,3653.3515625,3653.875,3654.34375,3654.625,3654.8984375,3655.1640625,3655.4296875,3655.6875,3655.9453125,3656.203125,3656.4609375,3656.6953125,3656.9375,3657.171875,3657.4140625,3657.65625,3657.90625,3658.1640625,3658.421875,3658.6796875,3658.9453125,3659.21875,3659.515625,3660.1171875,3661.3359375,3661.8515625,3662.40625,3662.90625,3663.203125,3663.4921875,3663.7734375,3664.0546875,3664.3359375,3664.609375,3664.8828125,3665.15625,3665.375,3665.59375,3666.03125,3666.484375,3666.9609375,3667.421875,3667.9296875,3668.453125,3669.9453125,3670.421875,3670.8515625,3671.3515625,3671.8359375,3672.3125,3672.78125,3673.203125,3673.625,3674.0625,3674.5234375,3674.9609375,3675.4453125,3675.9375,3677.2578125,3677.65625,3678.0234375,3678.4453125,3678.84375,3679.234375,3679.609375,3680.0625,3680.5078125,3680.9609375,3681.4296875,3681.8828125,3682.3671875,3682.859375,3684.15625,3684.5546875,3684.9140625,3685.3359375,3685.734375,3686.1171875,3686.5,3686.890625,3687.2890625,3687.6953125,3688.1171875,3688.484375,3688.8828125,3690.109375,3690.515625,3690.8984375,3691.25,3691.59375,3691.9140625,3692.21875,3692.515625,3692.8359375,3693.15625,3693.46875,3693.78125,3694.0859375,3694.390625,3694.703125,3695.015625,3695.3125,3695.6171875,3695.9375,3696.2734375,3696.6015625,3696.96875,3697.34375,3698.453125,3698.8125,3699.1328125,3699.5078125,3699.859375,3700.203125,3700.546875,3700.9609375,3701.3671875,3701.7734375,3702.1875,3702.609375,3703.0390625,3703.4765625,3703.9375,3704.40625,3704.90625,3705.4375,3706.0078125,3706.5546875,3707.1640625,3709.5,3710.484375,3711.0234375,3711.5234375,3712.0078125,3712.4765625,3712.96875,3713.453125,3713.953125,3714.4609375,3714.90625,3715.390625,3716.9140625,3717.4453125,3717.9765625,3718.4609375,3719.0,3719.2578125,3719.515625,3719.765625,3720.015625,3720.2578125,3720.5,3720.8046875,3721.1015625,3721.3984375,3721.703125,3722.0078125,3722.3125,3722.625,3722.9453125,3723.2109375,3723.484375,3724.078125,3724.640625,3725.9375,3726.5703125,3726.8828125,3727.1796875,3727.46875,3727.7421875,3728.0234375,3728.3046875,3728.578125,3728.8515625,3729.1171875,3729.3828125,3729.6484375,3729.9140625,3730.1328125,3730.3515625,3730.5703125,3730.796875,3731.0234375,3731.2578125,3731.5,3731.7421875,3732.171875,3732.6484375,3733.125,3734.4609375,3734.8828125,3735.265625,3735.703125,3736.1328125,3736.5546875,3736.9765625,3737.3046875,3737.640625,3737.984375,3738.3515625,3739.0234375,3740.296875,3740.8203125,3741.3671875,3741.890625,3742.4609375,3743.0546875,3743.625,3745.03125,3745.4375,3745.796875,3746.2265625,3746.625,3747.015625,3747.390625,3747.734375,3748.078125,3748.4140625,3748.7578125,3749.1015625,3749.453125,3749.8125,3750.1875,3750.484375,3750.796875,3751.125,3751.4765625,3752.1171875,3753.796875,3754.2890625,3754.734375,3755.203125,3755.65625,3756.09375,3756.515625,3756.8984375,3757.2734375,3757.640625,3758.0078125,3758.359375,3758.7109375,3759.0546875,3759.3984375,3759.640625,3759.8828125,3760.125,3760.3671875,3760.609375,3760.859375,3761.109375,3761.359375,3761.625,3761.8984375,3762.4765625,3763.0859375,3764.28125,3764.7890625,3765.328125,3765.828125,3766.125,3766.4140625,3766.703125,3766.9921875,3767.28125,3767.5703125,3767.8671875,3768.1640625,3768.6875,3769.2578125,3769.796875,3771.28125,3771.75,3772.1875,3772.640625,3773.1171875,3774.6796875,3775.265625,3775.890625,3776.1875,3776.46875,3776.8515625,3777.2265625,3777.609375,3778.0,3778.34375,3778.71875,3779.90625,3780.3359375,3780.765625,3781.1484375,3781.375,3781.59375,3781.8046875,3782.0078125,3782.2109375,3782.4140625,3782.609375,3782.8046875,3783.0078125,3783.203125,3783.3984375,3783.6015625,3783.8046875,3784.0078125,3784.21875,3784.4296875,3784.828125,3785.265625,3785.71875,3786.625,3787.015625,3787.4296875,3787.8046875,3788.2421875,3788.671875,3789.1015625,3789.53125,3789.96875,3790.421875,3790.9140625,3791.4765625,3791.984375,3793.359375,3794.7734375,3795.2890625,3795.640625,3795.9609375,3796.265625,3796.546875,3796.8984375,3797.234375,3797.5546875,3797.875,3798.1953125,3798.5078125,3798.8203125,3799.140625,3799.4296875,3799.71875,3800.015625,3800.3359375,3800.625,3800.9453125,3802.0625,3802.5078125,3802.96875,3803.390625,3803.6328125,3803.875,3804.109375,3804.3359375,3804.5625,3804.78125,3805.0078125,3805.2265625,3805.421875,3805.6171875,3805.8125,3806.0078125,3806.203125,3806.40625,3806.6171875,3806.828125,3807.234375,3807.671875,3808.140625,3809.1015625,3809.53125,3809.9921875,3810.4140625,3810.6640625,3810.9140625,3811.15625,3811.3984375,3811.640625,3811.890625,3812.140625,3812.390625,3812.890625,3813.4140625,3813.984375,3814.625,3815.2578125,3816.03125,3818.796875,3819.5078125,3820.1953125,3820.7734375,3821.09375,3821.3984375,3821.6796875,3821.953125,3822.21875,3822.46875,3822.7109375,3822.953125,3823.25,3823.546875,3823.8359375,3824.1171875,3824.3984375,3824.6875,3824.9765625,3825.265625,3825.5078125,3825.75,3826.0078125,3826.2734375,3826.765625,3827.671875,3828.03125,3828.3984375,3828.734375,3829.1015625,3829.4609375,3829.8125,3830.171875,3830.4765625,3830.78125,3831.1015625,3831.4453125,3831.7421875,3832.0625,3833.140625,3833.5546875,3833.96875,3834.34375,3834.75,3835.140625,3835.5234375,3835.90625,3836.25,3836.609375,3836.984375,3837.375,3837.71875,3838.09375,3839.5,3840.1171875,3840.453125,3840.7734375,3841.0859375,3841.3984375,3841.75,3842.109375,3842.46875,3842.84375,3843.234375,3843.6328125,3844.046875,3844.4765625,3844.9140625,3845.3515625,3845.78125,3846.1875,3846.578125,3846.9453125,3847.3046875,3847.6484375,3847.984375,3848.3046875,3848.6171875,3848.9296875,3849.234375,3849.5390625,3849.84375,3850.1484375,3850.5859375,3851.0234375,3851.4765625,3851.9375,3852.4140625,3852.9140625,3853.4375,3853.984375,3854.5625,3855.15625,3855.7734375,3856.3984375,3856.9453125,3857.515625,3859.15625,3859.6484375,3860.125,3860.5546875,3860.8203125,3861.0703125,3861.3203125,3861.5546875,3861.7890625,3862.015625,3862.234375,3862.453125,3862.7109375,3862.96875,3863.2265625,3863.4765625,3863.734375,3863.9921875,3864.25,3864.515625,3864.734375,3864.9609375,3865.203125,3865.453125,3865.9140625,3866.9765625,3867.2578125,3867.5078125,3867.765625,3868.015625,3868.25,3868.4765625,3868.7109375,3868.9375,3869.1640625,3869.390625,3869.609375,3869.828125,3870.046875,3870.265625,3870.4765625,3870.6875,3870.8984375,3871.1171875,3871.3359375,3871.5546875,3871.7890625,3872.0234375,3872.21875,3872.4296875,3872.875,3873.3046875,3874.3828125,3874.6875,3874.96875,3875.2734375,3875.5703125,3875.8515625,3876.125,3876.421875,3876.71875,3877.0078125,3877.296875,3877.5859375,3877.8828125,3878.1796875,3878.484375,3878.671875,3878.8671875,3879.0703125,3879.2734375,3879.703125,3880.1640625,3880.5390625,3880.9609375,3882.8203125,3883.3125,3883.78125,3884.3203125,3884.859375,3885.40625,3885.953125,3886.515625,3887.0703125,3887.6015625,3888.1171875,3888.609375,3889.09375,3889.5625,3890.0234375,3890.453125,3890.890625,3891.328125,3891.7734375,3892.2265625,3892.703125,3893.203125,3893.7265625,3894.65625,3895.7109375,3897.0234375,3899.0390625,3899.6796875,3900.3828125,3900.6953125,3900.9921875,3901.2890625,3901.5703125,3901.84375,3902.1015625,3902.359375,3902.609375,3902.8515625,3903.09375,3903.328125,3903.5625,3903.796875,3904.0234375,3904.25,3904.484375,3904.71875,3904.9609375,3905.203125,3905.4453125,3905.6953125,3905.9609375,3906.5,3907.5625,3908.015625,3908.4921875,3908.921875,3909.1796875,3909.4375,3909.6875,3909.9375,3910.1796875,3910.4296875,3910.6796875,3910.9296875,3911.1875,3911.453125,3911.7265625,3912.0078125,3912.3125,3912.640625,3914.0390625,3914.6796875,3915.03125,3915.3671875,3915.6953125,3916.0234375,3916.3515625,3916.6875,3917.03125,3917.390625,3917.703125,3918.046875,3919.21875,3919.671875,3920.140625,3920.5703125,3921.0546875,3921.5234375,3921.9921875,3922.4609375,3922.734375,3923.015625,3923.3046875,3923.609375,3924.234375,3925.5546875,3926.15625,3926.8046875,3927.421875,3928.03125,3928.6796875,3929.28125,3930.6953125,3931.421875,3931.7890625,3932.140625,3932.484375,3932.8203125,3933.171875,3933.53125,3933.8984375,3934.2734375,3934.984375,3936.703125,3937.1875,3937.625,3938.1328125,3938.609375,3939.0703125,3939.5234375,3939.8046875,3940.0859375,3940.359375,3940.640625,3940.921875,3941.2109375,3941.5,3941.796875,3942.296875,3942.8515625,3943.3671875,3944.609375,3945.25,3945.5703125,3945.875,3946.171875,3946.4609375,3946.7578125,3947.0546875,3947.3515625,3947.640625,3947.9375,3948.234375,3948.5390625,3948.8515625,3949.3046875,3949.7890625,3950.3203125,3951.4296875,3951.921875,3952.453125,3952.953125,3953.25,3953.546875,3953.8515625,3954.1640625,3954.765625,3956.1875,3956.59375,3956.953125,3957.3828125,3957.7890625,3957.984375,3958.1796875,3958.3671875,3958.5546875,3958.796875,3959.0390625,3959.2734375,3959.515625,3959.7578125,3960.0,3960.25,3960.5,3960.71875,3960.9375,3961.421875,3961.8828125,3963.0234375,3963.3359375,3963.625,3963.9453125,3964.2421875,3964.53125,3964.8046875,3965.1328125,3965.4453125,3965.7578125,3965.9140625,3966.0703125,3966.2265625,3966.375,3966.53125,3966.6875,3966.9921875,3967.3046875,3967.4921875,3967.6875,3967.8828125,3968.078125,3968.28125,3968.4921875,3968.7109375,3968.9375,3969.2734375,3969.6484375,3970.0390625,3971.3515625,3971.8125,3972.2578125,3972.6875,3973.1484375,3974.9765625,3975.3671875,3975.7265625,3976.1015625,3976.46875,3976.8359375,3977.2109375,3977.9140625,3979.5546875,3980.015625,3980.4375,3980.921875,3981.390625,3981.84375,3982.0703125,3982.296875,3982.734375,3983.171875,3983.625,3984.1015625,3984.546875,3985.0390625,3985.5390625,3986.953125,3987.390625,3987.7890625,3988.25,3988.6953125,3989.125,3989.5546875,3989.984375,3990.4140625,3990.859375,3991.3203125,3991.71875,3992.15625,3993.53125,3994.0078125,3994.46875,3994.8828125,3995.296875,3995.6953125,3996.0859375,3996.4609375,3996.8671875,3997.265625,3997.6640625,3998.078125,3998.4921875,3998.9375,3999.4140625,3999.9921875,4000.0,4000.015625,4000.0390625,4000.0859375,4000.1640625,4000.265625,4000.4296875,4000.625,4001.0546875,4001.4375,4001.8125,4002.1875,4002.5703125,4002.9140625,4003.265625,4003.6171875,4003.9765625,4004.34375,4004.7109375,4005.0859375,4005.46875,4005.859375,4006.25,4006.6484375,4007.0625,4007.484375,4007.9140625,4008.3515625,4008.796875,4009.25,4009.71875,4010.1953125,4010.6875,4011.1875,4011.6953125,4012.2109375,4012.7421875,4013.1796875,4013.6171875,4014.0625,4014.515625,4014.9765625,4015.453125,4015.9296875,4016.421875,4016.921875,4017.4296875,4017.9453125,4018.46875,4019.546875,4020.6640625,4021.828125,4023.03125,4024.28125,4025.5859375,4026.9453125,4028.3671875,4029.8515625,4031.3984375,4032.6640625,4033.9765625,4035.3359375,4036.7578125,4038.234375,4039.78125,4041.3984375,4043.1015625,4044.875,4046.7421875,4050.8125,4055.4296875,4060.796875,4066.875,4074.53125,4117.1328125,4151.984375,4192.1796875,4250.0
-72.482,-72.482,-72.436,-72.384,-72.317,-72.226,-72.092,-71.93,-71.596,-71.317,-71.055,-70.81,-70.587,-70.4,-70.223,-70.056,-69.903,-69.759,-69.621,-69.494,-69.376,-69.253,-69.138,-69.03,-68.928,-68.833,-68.739,-68.645,-68.459,-68.374,-68.28,-68.188,-68.07,-67.947,-67.814,-67.669,-67.519,-67.356,-67.176,-66.973,-66.794,-66.589,-65.877,-65.603,-65.336,-65.102,-64.985,-64.872,-64.766,-64.666,-64.57,-64.48,-64.394,-64.314,-64.238,-64.166,-64.101,-64.039,-63.982,-63.93,-63.883,-63.841,-63.804,-63.77,-63.742,-63.718,-63.698,-63.683,-63.673,-63.667,-63.666,-63.673,-63.687,-63.709,-63.74,-63.777,-63.823,-63.878,-63.93,-63.989,-64.055,-64.132,-64.286,-64.593,-64.714,-64.836,-64.938,-64.993,-65.044,-65.089,-65.13,-65.168,-65.202,-65.231,-65.257,-65.29,-65.315,-65.332,-65.342,-65.346,-65.343,-65.336,-65.308,-65.303,-65.303,-65.307,-65.318,-65.336,-65.36,-65.387,-65.42,-65.459,-65.505,-65.553,-65.611,-65.898,-65.97,-66.035,-66.107,-66.174,-66.238,-66.299,-66.369,-66.432,-66.485,-66.527,-66.558,-66.581,-66.595,-66.6,-66.598,-66.587,-66.573,-66.529,-66.511,-66.503,-66.497,-66.489,-66.478,-66.463,-66.442,-66.416,-66.392,-66.364,-66.332,-66.296,-66.257,-66.212,-66.163,-66.109,-66.054,-65.995,-65.929,-65.858,-65.71,-65.417,-65.299,-65.18,-65.081,-65.027,-64.976,-64.93,-64.89,-64.852,-64.818,-64.788,-64.761,-64.724,-64.696,-64.678,-64.669,-64.668,-64.674,-64.683,-64.714,-64.721,-64.725,-64.725,-64.721,-64.712,-64.698,-64.68,-64.657,-64.63,-64.597,-64.528,-64.346,-64.3,-64.262,-64.228,-64.203,-64.186,-64.178,-64.177,-64.181,-64.19,-64.204,-64.223,-64.247,-64.276,-64.311,-64.384,-64.478,-64.581,-64.874,-64.957,-65.027,-65.098,-65.157,-65.205,-65.244,-65.274,-65.297,-65.313,-65.333,-65.344,-65.362,-65.385,-65.417,-65.458,-65.502,-65.609,-65.656,-65.677,-65.694,-65.706,-65.715,-65.721,-65.722,-65.719,-65.711,-65.687,-65.62,-65.607,-65.599,-65.595,-65.595,-65.599,-65.607,-65.62,-65.638,-65.66,-65.687,-65.747,-65.863,-65.904,-65.941,-65.969,-65.992,-66.003,-66.005,-66.004,-65.999,-65.993,-65.977,-65.954,-65.925,-65.888,-65.845,-65.793,-65.735,-65.669,-65.609,-65.543,-65.469,-65.387,-65.224,-64.898,-64.767,-64.634,-64.517,-64.393,-64.284,-64.186,-64.098,-64.044,-63.992,-63.942,-63.894,-63.815,-63.623,-63.559,-63.495,-63.425,-63.345,-63.038,-62.916,-62.853,-62.797,-62.748,-62.703,-62.649,-62.6,-62.56,-62.464,-62.432,-62.399,-62.359,-62.312,-62.143,-62.083,-62.053,-62.029,-62.01,-61.996,-61.982,-61.98,-61.989,-62.01,-62.039,-62.079,-62.127,-62.268,-62.307,-62.336,-62.364,-62.382,-62.389,-62.388,-62.377,-62.357,-62.326,-62.286,-62.246,-62.197,-62.02,-61.957,-61.902,-61.857,-61.822,-61.797,-61.781,-61.774,-61.775,-61.781,-61.79,-61.805,-61.824,-61.848,-61.876,-61.91,-61.945,-61.985,-62.029,-62.079,-62.183,-62.387,-62.467,-62.546,-62.61,-62.645,-62.676,-62.702,-62.726,-62.746,-62.762,-62.775,-62.785,-62.792,-62.796,-62.796,-62.793,-62.786,-62.776,-62.764,-62.747,-62.713,-62.667,-62.619,-62.494,-62.432,-62.403,-62.38,-62.362,-62.347,-62.336,-62.329,-62.327,-62.331,-62.339,-62.353,-62.372,-62.395,-62.424,-62.458,-62.497,-62.541,-62.59,-62.646,-62.708,-62.774,-62.834,-62.899,-62.97,-63.049,-63.198,-63.542,-63.701,-63.775,-63.839,-63.897,-63.948,-64.0,-64.043,-64.079,-64.109,-64.132,-64.149,-64.159,-64.162,-64.16,-64.153,-64.141,-64.124,-64.103,-64.076,-64.045,-64.008,-63.935,-63.843,-63.744,-63.466,-63.387,-63.319,-63.249,-63.19,-63.14,-63.099,-63.071,-63.048,-63.031,-63.02,-63.014,-63.013,-63.022,-63.02,-63.014,-63.005,-62.993,-62.977,-62.957,-62.933,-62.904,-62.871,-62.801,-62.628,-62.586,-62.552,-62.519,-62.494,-62.476,-62.463,-62.457,-62.457,-62.463,-62.475,-62.492,-62.516,-62.627,-62.65,-62.668,-62.685,-62.696,-62.702,-62.703,-62.698,-62.687,-62.671,-62.648,-62.625,-62.596,-62.487,-62.447,-62.411,-62.386,-62.376,-62.368,-62.363,-62.362,-62.363,-62.367,-62.374,-62.384,-62.412,-62.452,-62.5,-62.608,-62.655,-62.7,-62.736,-62.766,-62.791,-62.81,-62.848,-62.873,-62.889,-62.908,-62.928,-62.952,-62.986,-63.025,-63.069,-63.121,-63.169,-63.226,-63.422,-63.491,-63.556,-63.607,-63.634,-63.656,-63.674,-63.689,-63.7,-63.707,-63.711,-63.71,-63.705,-63.693,-63.675,-63.651,-63.621,-63.584,-63.541,-63.491,-63.437,-63.374,-63.304,-63.226,-63.146,-63.056,-62.701,-62.553,-62.475,-62.407,-62.344,-62.289,-62.226,-62.169,-62.119,-62.077,-62.042,-62.012,-61.99,-61.973,-61.963,-61.958,-61.959,-61.965,-61.976,-61.993,-62.016,-62.045,-62.076,-62.114,-62.157,-62.209,-62.303,-62.612,-62.715,-62.812,-62.897,-62.976,-63.047,-63.108,-63.169,-63.22,-63.262,-63.294,-63.319,-63.336,-63.345,-63.346,-63.342,-63.334,-63.321,-63.304,-63.282,-63.256,-63.224,-63.188,-63.129,-63.058,-62.979,-62.788,-62.697,-62.602,-62.512,-62.401,-62.263,-62.061,-61.956,-61.909,-61.871,-61.841,-61.818,-61.801,-61.792,-61.788,-61.792,-61.804,-61.825,-61.856,-61.896,-61.945,-62.004,-62.074,-62.155,-62.228,-62.309,-62.398,-62.499,-62.697,-63.07,-63.214,-63.357,-63.482,-63.608,-63.72,-63.818,-63.904,-63.946,-63.984,-64.019,-64.051,-64.08,-64.107,-64.13,-64.151,-64.169,-64.185,-64.199,-64.209,-64.222,-64.226,-64.223,-64.217,-64.207,-64.194,-64.177,-64.158,-64.136,-64.111,-64.084,-64.055,-64.023,-63.988,-63.951,-63.91,-63.866,-63.819,-63.77,-63.717,-63.66,-63.601,-63.538,-63.469,-63.396,-63.318,-63.169,-62.995,-62.818,-62.368,-62.243,-62.135,-62.018,-61.913,-61.822,-61.741,-61.695,-61.654,-61.615,-61.581,-61.55,-61.522,-61.498,-61.476,-61.458,-61.443,-61.432,-61.423,-61.417,-61.415,-61.415,-61.418,-61.427,-61.44,-61.459,-61.484,-61.528,-61.601,-61.651,-61.691,-61.75,-61.781,-61.813,-61.847,-61.883,-61.922,-61.964,-62.005,-62.049,-62.097,-62.146,-62.2,-62.257,-62.32,-62.385,-62.506,-62.645,-62.783,-63.125,-63.297,-63.383,-63.46,-63.531,-63.594,-63.664,-63.725,-63.781,-63.828,-63.87,-63.907,-63.938,-63.963,-63.979,-63.993,-64.003,-64.01,-64.015,-64.01,-64.012,-64.017,-64.024,-64.035,-64.048,-64.065,-64.085,-64.109,-64.138,-64.197,-64.346,-64.383,-64.413,-64.441,-64.462,-64.476,-64.483,-64.483,-64.475,-64.459,-64.434,-64.408,-64.374,-64.252,-64.21,-64.175,-64.15,-64.132,-64.124,-64.125,-64.137,-64.157,-64.187,-64.227,-64.277,-64.326,-64.386,-64.602,-64.682,-64.756,-64.816,-64.843,-64.868,-64.888,-64.906,-64.92,-64.931,-64.939,-64.944,-64.945,-64.944,-64.939,-64.93,-64.919,-64.904,-64.885,-64.863,-64.819,-64.763,-64.704,-64.565,-64.502,-64.45,-64.411,-64.396,-64.384,-64.376,-64.371,-64.369,-64.37,-64.375,-64.383,-64.397,-64.414,-64.437,-64.464,-64.496,-64.533,-64.574,-64.621,-64.709,-64.817,-64.925,-65.184,-65.305,-65.361,-65.41,-65.455,-65.493,-65.529,-65.559,-65.585,-65.606,-65.623,-65.636,-65.644,-65.648,-65.646,-65.636,-65.616,-65.588,-65.551,-65.504,-65.447,-65.382,-65.317,-65.245,-65.163,-65.069,-64.873,-64.421,-64.217,-64.112,-64.016,-63.93,-63.851,-63.767,-63.692,-63.626,-63.567,-63.516,-63.472,-63.435,-63.404,-63.386,-63.372,-63.361,-63.353,-63.349,-63.347,-63.349,-63.354,-63.362,-63.373,-63.405,-63.447,-63.54,-63.577,-63.61,-63.633,-63.642,-63.648,-63.651,-63.651,-63.647,-63.639,-63.628,-63.614,-63.596,-63.575,-63.55,-63.521,-63.452,-63.292,-63.224,-63.16,-63.134,-63.11,-63.09,-63.072,-63.057,-63.045,-63.029,-63.002,-62.991,-62.979,-62.961,-62.939,-62.913,-62.882,-62.841,-62.792,-62.735,-62.67,-62.608,-62.536,-62.29,-62.204,-62.126,-62.062,-62.029,-62.001,-61.977,-61.956,-61.939,-61.926,-61.916,-61.909,-61.906,-61.907,-61.913,-61.922,-61.936,-61.954,-61.978,-62.005,-62.059,-62.128,-62.2,-62.378,-62.461,-62.498,-62.531,-62.56,-62.584,-62.604,-62.62,-62.633,-62.641,-62.646,-62.647,-62.644,-62.637,-62.617,-62.585,-62.54,-62.482,-62.426,-62.357,-62.114,-62.029,-61.951,-61.891,-61.864,-61.841,-61.821,-61.805,-61.792,-61.782,-61.776,-61.773,-61.777,-61.79,-61.813,-61.848,-61.891,-61.948,-62.012,-62.207,-62.264,-62.31,-62.355,-62.39,-62.414,-62.427,-62.43,-62.424,-62.408,-62.382,-62.354,-62.317,-62.176,-62.126,-62.082,-62.052,-62.041,-62.033,-62.028,-62.027,-62.03,-62.036,-62.045,-62.058,-62.077,-62.1,-62.129,-62.164,-62.236,-62.402,-62.476,-62.551,-62.617,-62.678,-62.82,-62.898,-62.986,-63.173,-63.214,-63.248,-63.287,-63.317,-63.338,-63.351,-63.356,-63.358,-63.356,-63.351,-63.334,-63.29,-63.274,-63.263,-63.26,-63.265,-63.279,-63.299,-63.353,-63.373,-63.378,-63.378,-63.373,-63.362,-63.342,-63.313,-63.274,-63.226,-63.178,-63.12,-62.918,-62.848,-62.786,-62.739,-62.718,-62.7,-62.687,-62.677,-62.671,-62.67,-62.672,-62.678,-62.686,-62.698,-62.713,-62.73,-62.751,-62.775,-62.832,-62.901,-62.984,-63.081,-63.283,-63.37,-63.456,-63.53,-63.606,-63.639,-63.668,-63.695,-63.718,-63.739,-63.757,-63.778,-63.793,-63.803,-63.808,-63.808,-63.803,-63.77,-63.761,-63.761,-63.765,-63.774,-63.786,-63.817,-63.864,-63.914,-64.096,-64.154,-64.201,-64.237,-64.263,-64.28,-64.287,-64.287,-64.283,-64.275,-64.263,-64.246,-64.226,-64.2,-64.17,-64.139,-64.104,-64.065,-64.021,-63.929,-63.692,-63.63,-63.578,-63.528,-63.489,-63.463,-63.448,-63.444,-63.443,-63.446,-63.452,-63.461,-63.473,-63.488,-63.507,-63.544,-63.593,-63.644,-63.77,-63.83,-63.878,-63.897,-63.913,-63.926,-63.935,-63.94,-63.941,-63.938,-63.932,-63.921,-63.906,-63.886,-63.862,-63.834,-63.802,-63.765,-63.722,-63.676,-63.623,-63.524,-63.407,-63.285,-62.969,-62.878,-62.801,-62.717,-62.645,-62.58,-62.524,-62.467,-62.419,-62.38,-62.351,-62.33,-62.318,-62.315,-62.319,-62.334,-62.358,-62.393,-62.439,-62.497,-62.568,-62.656,-62.761,-62.866,-62.97,-63.07,-63.173,-63.264,-63.361,-63.74,-63.817,-63.884,-63.954,-64.014,-64.064,-64.105,-64.127,-64.145,-64.16,-64.172,-64.182,-64.188,-64.192,-64.193,-64.188,-64.175,-64.156,-64.1,-64.086,-64.078,-64.073,-64.074,-64.081,-64.095,-64.115,-64.143,-64.178,-64.221,-64.263,-64.313,-64.484,-64.542,-64.594,-64.635,-64.671,-64.695,-64.709,-64.712,-64.707,-64.694,-64.673,-64.645,-64.609,-64.565,-64.512,-64.453,-64.384,-64.307,-64.221,-64.121,-64.018,-63.9,-63.402,-63.288,-63.187,-63.076,-62.977,-62.886,-62.801,-62.71,-62.628,-62.555,-62.492,-62.436,-62.39,-62.351,-62.319,-62.299,-62.283,-62.271,-62.262,-62.258,-62.257,-62.261,-62.268,-62.278,-62.292,-62.309,-62.329,-62.351,-62.377,-62.406,-62.439,-62.496,-62.562,-62.64,-62.73,-62.815,-62.913,-63.25,-63.368,-63.477,-63.568,-63.612,-63.653,-63.689,-63.722,-63.75,-63.775,-63.796,-63.814,-63.827,-63.838,-63.851,-63.855,-63.848,-63.829,-63.754,-63.692,-63.664,-63.63,-63.61,-63.587,-63.562,-63.534,-63.503,-63.468,-63.43,-63.388,-63.342,-63.291,-63.177,-62.932,-62.828,-62.723,-62.636,-62.588,-62.545,-62.504,-62.466,-62.43,-62.395,-62.322,-62.241,-62.211,-62.188,-62.17,-62.158,-62.15,-62.147,-62.148,-62.154,-62.164,-62.179,-62.196,-62.217,-62.295,-62.321,-62.342,-62.354,-62.358,-62.358,-62.355,-62.349,-62.339,-62.325,-62.308,-62.288,-62.257,-62.221,-62.18,-62.131,-62.077,-62.018,-61.95,-61.877,-61.812,-61.741,-61.661,-61.575,-61.408,-61.0,-60.894,-60.803,-60.708,-60.624,-60.548,-60.482,-60.416,-60.359,-60.311,-60.273,-60.244,-60.223,-60.21,-60.206,-60.211,-60.224,-60.246,-60.277,-60.312,-60.355,-60.545,-60.587,-60.621,-60.657,-60.687,-60.712,-60.731,-60.745,-60.754,-60.758,-60.758,-60.748,-60.709,-60.704,-60.704,-60.71,-60.724,-60.746,-60.775,-60.817,-60.87,-60.933,-61.01,-61.083,-61.17,-61.466,-61.57,-61.666,-61.707,-61.744,-61.781,-61.813,-61.841,-61.863,-61.881,-61.894,-61.902,-61.906,-61.905,-61.898,-61.886,-61.867,-61.843,-61.813,-61.776,-61.733,-61.689,-61.639,-61.583,-61.521,-61.392,-61.129,-61.023,-60.918,-60.831,-60.785,-60.743,-60.706,-60.674,-60.646,-60.623,-60.603,-60.588,-60.576,-60.569,-60.567,-60.569,-60.576,-60.587,-60.603,-60.623,-60.646,-60.672,-60.703,-60.739,-60.817,-60.984,-61.05,-61.114,-61.166,-61.193,-61.215,-61.233,-61.248,-61.259,-61.267,-61.271,-61.271,-61.268,-61.261,-61.251,-61.238,-61.22,-61.2,-61.174,-61.146,-61.092,-61.023,-60.951,-60.772,-60.683,-60.641,-60.606,-60.575,-60.548,-60.523,-60.504,-60.49,-60.481,-60.478,-60.479,-60.487,-60.499,-60.527,-60.565,-60.615,-60.679,-60.747,-60.829,-60.917,-61.181,-61.26,-61.328,-61.4,-61.464,-61.518,-61.565,-61.604,-61.636,-61.662,-61.684,-61.699,-61.71,-61.739,-61.752,-61.772,-61.796,-61.832,-61.878,-61.934,-62.0,-62.068,-62.145,-62.234,-62.334,-62.425,-62.53,-62.926,-63.088,-63.249,-63.391,-63.464,-63.534,-63.6,-63.664,-63.726,-63.785,-63.842,-63.896,-63.988,-64.07,-64.138,-64.194,-64.216,-64.235,-64.252,-64.264,-64.274,-64.28,-64.284,-64.284,-64.279,-64.268,-64.253,-64.231,-64.204,-64.171,-64.132,-64.087,-64.046,-64.0,-63.95,-63.893,-63.781,-63.483,-63.399,-63.326,-63.252,-63.186,-63.127,-63.074,-63.04,-63.007,-62.977,-62.948,-62.901,-62.787,-62.747,-62.706,-62.664,-62.616,-62.461,-62.411,-62.367,-62.332,-62.309,-62.291,-62.28,-62.274,-62.274,-62.281,-62.293,-62.311,-62.334,-62.362,-62.396,-62.437,-62.478,-62.527,-62.713,-62.786,-62.854,-62.904,-62.928,-62.947,-62.961,-62.97,-62.973,-62.971,-62.964,-62.952,-62.937,-62.916,-62.892,-62.862,-62.828,-62.789,-62.744,-62.695,-62.643,-62.585,-62.519,-62.447,-62.293,-61.97,-61.835,-61.698,-61.584,-61.522,-61.465,-61.414,-61.368,-61.326,-61.29,-61.259,-61.232,-61.214,-61.198,-61.176,-61.164,-61.163,-61.17,-61.187,-61.211,-61.287,-61.306,-61.318,-61.325,-61.322,-61.311,-61.29,-61.263,-61.227,-61.184,-61.131,-61.075,-61.007,-60.736,-60.678,-60.627,-60.574,-60.528,-60.488,-60.456,-60.424,-60.401,-60.386,-60.379,-60.379,-60.385,-60.396,-60.431,-60.439,-60.443,-60.442,-60.436,-60.423,-60.405,-60.38,-60.347,-60.306,-60.257,-60.21,-60.155,-59.971,-59.913,-59.861,-59.82,-59.784,-59.757,-59.736,-59.724,-59.719,-59.723,-59.736,-59.758,-59.79,-59.831,-59.882,-59.943,-60.01,-60.086,-60.174,-60.274,-60.377,-60.499,-60.628,-61.014,-61.133,-61.237,-61.354,-61.46,-61.555,-61.642,-61.738,-61.821,-61.894,-61.958,-62.013,-62.058,-62.095,-62.123,-62.143,-62.156,-62.16,-62.158,-62.149,-62.135,-62.059,-62.034,-62.025,-62.022,-62.024,-62.031,-62.044,-62.063,-62.088,-62.12,-62.152,-62.191,-62.324,-62.369,-62.408,-62.438,-62.461,-62.468,-62.473,-62.474,-62.472,-62.467,-62.459,-62.445,-62.426,-62.402,-62.372,-62.337,-62.298,-62.253,-62.201,-62.156,-62.105,-61.988,-61.869,-61.585,-61.452,-61.392,-61.339,-61.29,-61.249,-61.21,-61.177,-61.15,-61.128,-61.111,-61.101,-61.095,-61.096,-61.1,-61.108,-61.119,-61.135,-61.154,-61.177,-61.205,-61.237,-61.3,-61.378,-61.464,-61.712,-61.786,-61.848,-61.913,-61.969,-62.017,-62.056,-62.082,-62.104,-62.122,-62.137,-62.156,-62.18,-62.192,-62.21,-62.233,-62.265,-62.307,-62.353,-62.474,-62.505,-62.529,-62.553,-62.569,-62.576,-62.577,-62.57,-62.557,-62.537,-62.511,-62.477,-62.437,-62.389,-62.333,-62.285,-62.23,-62.169,-62.1,-61.97,-61.615,-61.515,-61.429,-61.342,-61.264,-61.194,-61.132,-61.081,-61.036,-60.997,-60.964,-60.938,-60.918,-60.903,-60.895,-60.892,-60.893,-60.899,-60.908,-60.922,-60.94,-60.961,-60.988,-61.04,-61.105,-61.172,-61.339,-61.416,-61.482,-61.508,-61.531,-61.55,-61.566,-61.579,-61.589,-61.596,-61.6,-61.6,-61.59,-61.57,-61.544,-61.465,-61.444,-61.428,-61.414,-61.403,-61.38,-61.368,-61.347,-61.332,-61.316,-61.288,-61.256,-61.217,-61.171,-61.127,-61.075,-60.896,-60.836,-60.78,-60.737,-60.715,-60.697,-60.683,-60.672,-60.665,-60.661,-60.66,-60.663,-60.67,-60.679,-60.693,-60.71,-60.731,-60.755,-60.784,-60.816,-60.886,-60.972,-61.066,-61.268,-61.353,-61.438,-61.509,-61.583,-61.645,-61.696,-61.736,-61.765,-61.786,-61.8,-61.806,-61.806,-61.801,-61.803,-61.801,-61.796,-61.789,-61.779,-61.766,-61.744,-61.715,-61.681,-61.639,-61.591,-61.535,-61.471,-61.398,-61.326,-61.248,-61.162,-61.064,-60.971,-60.865,-60.483,-60.335,-60.188,-60.064,-59.997,-59.936,-59.88,-59.831,-59.786,-59.748,-59.712,-59.683,-59.661,-59.642,-59.627,-59.616,-59.608,-59.603,-59.602,-59.604,-59.616,-59.641,-59.675,-59.756,-59.79,-59.819,-59.839,-59.847,-59.851,-59.852,-59.85,-59.845,-59.836,-59.824,-59.809,-59.77,-59.717,-59.649,-59.563,-59.47,-59.35,-58.822,-58.726,-58.652,-58.614,-58.582,-58.556,-58.534,-58.518,-58.506,-58.499,-58.497,-58.501,-58.513,-58.535,-58.565,-58.604,-58.652,-58.71,-58.778,-58.84,-58.907,-58.984,-59.071,-59.24,-59.561,-59.685,-59.808,-59.913,-60.02,-60.116,-60.199,-60.275,-60.33,-60.38,-60.425,-60.467,-60.498,-60.53,-60.623,-60.661,-60.704,-60.751,-60.809,-60.875,-60.95,-61.034,-61.121,-61.219,-61.329,-61.452,-61.565,-61.694,-62.19,-62.4,-62.509,-62.61,-62.706,-62.799,-62.9,-62.997,-63.09,-63.183,-63.277,-63.368,-63.46,-63.551,-63.638,-63.724,-63.804,-63.879,-63.947,-64.01,-64.066,-64.117,-64.162,-64.201,-64.235,-64.265,-64.29,-64.312,-64.328,-64.341,-64.347,-64.351,-64.352,-64.351,-64.346,-64.338,-64.314,-64.278,-64.23,-64.168,-64.094,-64.007,-63.908,-63.798,-63.677,-63.565,-63.443,-63.081,-62.979,-62.885,-62.808,-62.764,-62.726,-62.693,-62.663,-62.64,-62.621,-62.606,-62.596,-62.589,-62.589,-62.595,-62.608,-62.626,-62.652,-62.684,-62.722,-62.759,-62.8,-62.849,-62.902,-63.006,-63.26,-63.323,-63.376,-63.428,-63.473,-63.51,-63.541,-63.567,-63.587,-63.6,-63.607,-63.607,-63.601,-63.589,-63.57,-63.546,-63.516,-63.48,-63.436,-63.388,-63.331,-63.267,-63.198,-63.136,-63.067,-62.91,-62.75,-62.337,-62.222,-62.122,-62.018,-61.924,-61.84,-61.766,-61.692,-61.627,-61.572,-61.525,-61.487,-61.456,-61.433,-61.419,-61.413,-61.411,-61.411,-61.415,-61.431,-61.459,-61.489,-61.528,-61.718,-61.765,-61.807,-61.851,-61.89,-61.925,-61.956,-61.983,-62.004,-62.02,-62.031,-62.035,-62.035,-62.029,-62.017,-62.001,-61.98,-61.953,-61.921,-61.883,-61.839,-61.788,-61.73,-61.618,-61.483,-61.302,-61.012,-60.922,-60.83,-60.793,-60.76,-60.731,-60.707,-60.687,-60.671,-60.66,-60.653,-60.65,-60.651,-60.656,-60.665,-60.678,-60.695,-60.716,-60.742,-60.771,-60.806,-60.845,-60.887,-60.934,-60.987,-61.104,-61.348,-61.448,-61.547,-61.628,-61.67,-61.709,-61.742,-61.771,-61.794,-61.814,-61.83,-61.841,-61.848,-61.852,-61.851,-61.847,-61.838,-61.825,-61.755,-61.73,-61.722,-61.719,-61.721,-61.727,-61.74,-61.757,-61.78,-61.81,-61.839,-61.874,-62.003,-62.051,-62.094,-62.128,-62.157,-62.174,-62.18,-62.176,-62.169,-62.159,-62.145,-62.127,-62.084,-61.979,-61.935,-61.896,-61.867,-61.849,-61.839,-61.836,-61.837,-61.831,-61.824,-61.814,-61.801,-61.785,-61.764,-61.74,-61.711,-61.679,-61.61,-61.429,-61.383,-61.348,-61.314,-61.293,-61.282,-61.282,-61.288,-61.298,-61.313,-61.332,-61.356,-61.385,-61.418,-61.457,-61.53,-61.622,-61.715,-61.946,-62.057,-62.109,-62.154,-62.194,-62.229,-62.261,-62.288,-62.31,-62.326,-62.338,-62.345,-62.347,-62.345,-62.334,-62.314,-62.285,-62.216,-62.188,-62.163,-62.147,-62.141,-62.138,-62.137,-62.14,-62.152,-62.192,-62.199,-62.199,-62.19,-62.181,-62.171,-62.157,-62.14,-62.121,-62.1,-62.067,-62.032,-61.991,-61.944,-61.892,-61.835,-61.771,-61.703,-61.577,-61.425,-61.272,-60.894,-60.795,-60.706,-60.615,-60.535,-60.464,-60.401,-60.337,-60.282,-60.237,-60.2,-60.172,-60.154,-60.144,-60.142,-60.15,-60.165,-60.189,-60.222,-60.264,-60.314,-60.374,-60.447,-60.518,-60.602,-61.002,-61.097,-61.185,-61.282,-61.379,-61.679,-61.791,-61.911,-62.028,-62.174,-62.336,-62.501,-62.916,-63.032,-63.131,-63.243,-63.34,-63.425,-63.499,-63.538,-63.575,-63.607,-63.638,-63.665,-63.689,-63.71,-63.729,-63.756,-63.777,-63.791,-63.822,-63.836,-63.853,-63.878,-63.91,-63.948,-63.994,-64.046,-64.108,-64.178,-64.259,-64.334,-64.421,-64.712,-64.812,-64.904,-64.981,-65.055,-65.116,-65.164,-65.203,-65.23,-65.247,-65.254,-65.25,-65.237,-65.214,-65.184,-65.097,-65.075,-65.06,-65.049,-65.046,-65.053,-65.068,-65.095,-65.132,-65.181,-65.243,-65.305,-65.379,-65.454,-65.645,-65.741,-65.788,-65.828,-65.863,-65.893,-65.923,-65.947,-65.964,-65.975,-65.979,-65.977,-65.969,-65.954,-65.931,-65.9,-65.861,-65.815,-65.761,-65.698,-65.627,-65.547,-65.477,-65.399,-65.313,-65.219,-65.033,-64.514,-64.361,-64.227,-64.086,-63.961,-63.85,-63.751,-63.658,-63.617,-63.579,-63.546,-63.515,-63.489,-63.465,-63.445,-63.429,-63.415,-63.405,-63.399,-63.396,-63.396,-63.399,-63.41,-63.427,-63.452,-63.484,-63.522,-63.569,-63.622,-63.684,-63.744,-63.811,-63.887,-63.971,-64.144,-64.487,-64.627,-64.765,-64.881,-64.944,-65.003,-65.056,-65.105,-65.147,-65.186,-65.22,-65.251,-65.288,-65.317,-65.338,-65.351,-65.357,-65.357,-65.352,-65.334,-65.331,-65.333,-65.339,-65.351,-65.37,-65.395,-65.422,-65.456,-65.494,-65.541,-65.59,-65.648,-65.94,-66.014,-66.08,-66.153,-66.222,-66.286,-66.347,-66.418,-66.482,-66.535,-66.577,-66.608,-66.63,-66.643,-66.647,-66.644,-66.633,-66.618,-66.575,-66.556,-66.547,-66.541,-66.532,-66.521,-66.505,-66.484,-66.458,-66.433,-66.405,-66.373,-66.337,-66.298,-66.253,-66.203,-66.15,-66.094,-66.035,-65.969,-65.897,-65.749,-65.455,-65.337,-65.218,-65.119,-65.064,-65.013,-64.967,-64.926,-64.888,-64.854,-64.824,-64.797,-64.759,-64.731,-64.713,-64.703,-64.702,-64.707,-64.716,-64.747,-64.753,-64.756,-64.756,-64.752,-64.742,-64.728,-64.71,-64.687,-64.66,-64.627,-64.557,-64.373,-64.327,-64.29,-64.255,-64.229,-64.213,-64.204,-64.203,-64.207,-64.216,-64.229,-64.248,-64.272,-64.301,-64.336,-64.409,-64.502,-64.605,-64.896,-64.979,-65.048,-65.119,-65.178,-65.226,-65.264,-65.295,-65.317,-65.332,-65.352,-65.364,-65.381,-65.404,-65.436,-65.477,-65.52,-65.627,-65.674,-65.695,-65.711,-65.724,-65.733,-65.739,-65.74,-65.736,-65.728,-65.704,-65.637,-65.624,-65.616,-65.611,-65.611,-65.615,-65.624,-65.637,-65.654,-65.676,-65.703,-65.763,-65.879,-65.92,-65.956,-65.984,-66.007,-66.019,-66.02,-66.019,-66.015,-66.008,-65.992,-65.969,-65.939,-65.902,-65.859,-65.807,-65.748,-65.682,-65.622,-65.556,-65.482,-65.399,-65.236,-64.916,-64.782,-64.649,-64.532,-64.41,-64.301,-64.202,-64.115,-64.059,-64.008,-63.958,-63.909,-63.83,-63.637,-63.573,-63.508,-63.438,-63.359,-63.053,-62.931,-62.868,-62.812,-62.762,-62.717,-62.663,-62.613,-62.574,-62.477,-62.445,-62.412,-62.371,-62.325,-62.155,-62.095,-62.066,-62.041,-62.022,-62.008,-61.994,-61.992,-62.001,-62.021,-62.05,-62.09,-62.138,-62.279,-62.318,-62.347,-62.375,-62.392,-62.4,-62.398,-62.387,-62.367,-62.336,-62.296,-62.256,-62.207,-62.031,-61.968,-61.914,-61.87,-61.836,-61.81,-61.794,-61.785,-61.784,-61.788,-61.796,-61.81,-61.828,-61.852,-61.881,-61.915,-61.949,-61.989,-62.033,-62.084,-62.19,-62.396,-62.476,-62.554,-62.619,-62.654,-62.685,-62.711,-62.735,-62.754,-62.771,-62.784,-62.793,-62.8,-62.803,-62.803,-62.8,-62.794,-62.784,-62.771,-62.755,-62.72,-62.675,-62.627,-62.501,-62.44,-62.412,-62.388,-62.37,-62.355,-62.343,-62.337,-62.335,-62.338,-62.346,-62.359,-62.378,-62.401,-62.43,-62.463,-62.502,-62.547,-62.598,-62.653,-62.715,-62.782,-62.841,-62.907,-62.977,-63.056,-63.206,-63.549,-63.707,-63.782,-63.846,-63.903,-63.955,-64.006,-64.05,-64.086,-64.116,-64.139,-64.155,-64.165,-64.169,-64.166,-64.159,-64.148,-64.131,-64.109,-64.083,-64.051,-64.015,-63.942,-63.849,-63.75,-63.473,-63.394,-63.326,-63.256,-63.197,-63.147,-63.107,-63.078,-63.055,-63.038,-63.027,-63.022,-63.02,-63.029,-63.027,-63.022,-63.013,-63.0,-62.984,-62.964,-62.94,-62.912,-62.878,-62.809,-62.636,-62.593,-62.559,-62.527,-62.502,-62.483,-62.471,-62.464,-62.464,-62.47,-62.483,-62.5,-62.524,-62.634,-62.657,-62.676,-62.693,-62.704,-62.71,-62.71,-62.705,-62.694,-62.678,-62.656,-62.632,-62.603,-62.494,-62.455,-62.419,-62.394,-62.383,-62.375,-62.371,-62.369,-62.37,-62.374,-62.381,-62.391,-62.419,-62.459,-62.507,-62.616,-62.662,-62.707,-62.743,-62.773,-62.798,-62.817,-62.855,-62.88,-62.896,-62.914,-62.935,-62.959,-62.992,-63.032,-63.076,-63.127,-63.176,-63.233,-63.428,-63.497,-63.562,-63.613,-63.641,-63.663,-63.681,-63.696,-63.706,-63.714,-63.717,-63.717,-63.711,-63.699,-63.681,-63.657,-63.627,-63.59,-63.547,-63.497,-63.443,-63.38,-63.311,-63.233,-63.154,-63.065,-62.708,-62.56,-62.482,-62.414,-62.351,-62.296,-62.233,-62.176,-62.126,-62.084,-62.049,-62.02,-61.997,-61.98,-61.97,-61.965,-61.966,-61.972,-61.984,-62.001,-62.024,-62.052,-62.084,-62.121,-62.164,-62.215,-62.31,-62.619,-62.721,-62.818,-62.903,-62.982,-63.053,-63.114,-63.175,-63.226,-63.268,-63.3,-63.325,-63.342,-63.351,-63.353,-63.349,-63.34,-63.328,-63.31,-63.288,-63.262,-63.231,-63.195,-63.137,-63.065,-62.986,-62.794,-62.704,-62.608,-62.519,-62.407,-62.269,-62.068,-61.963,-61.916,-61.879,-61.848,-61.825,-61.809,-61.799,-61.796,-61.799,-61.811,-61.832,-61.863,-61.903,-61.953,-62.012,-62.081,-62.163,-62.235,-62.316,-62.404,-62.506,-62.704,-63.076,-63.22,-63.364,-63.488,-63.614,-63.726,-63.824,-63.91,-63.952,-63.99,-64.025,-64.057,-64.087,-64.113,-64.137,-64.158,-64.176,-64.191,-64.205,-64.215,-64.228,-64.232,-64.229,-64.222,-64.213,-64.199,-64.183,-64.163,-64.141,-64.116,-64.09,-64.061,-64.029,-63.994,-63.957,-63.916,-63.872,-63.825,-63.776,-63.723,-63.666,-63.607,-63.544,-63.475,-63.403,-63.324,-63.175,-63.001,-62.824,-62.377,-62.252,-62.144,-62.027,-61.922,-61.829,-61.749,-61.703,-61.662,-61.622,-61.588,-61.557,-61.529,-61.505,-61.483,-61.466,-61.451,-61.439,-61.431,-61.425,-61.423,-61.423,-61.426,-61.435,-61.448,-61.467,-61.492,-61.535,-61.608,-61.659,-61.699,-61.758,-61.789,-61.82,-61.855,-61.89,-61.929,-61.971,-62.012,-62.056,-62.104,-62.153,-62.207,-62.264,-62.327,-62.392,-62.513,-62.651,-62.79,-63.131,-63.304,-63.389,-63.467,-63.538,-63.601,-63.67,-63.731,-63.787,-63.834,-63.876,-63.912,-63.944,-63.969,-63.985,-63.998,-64.009,-64.015,-64.021,-64.016,-64.018,-64.023,-64.03,-64.04,-64.054,-64.07,-64.091,-64.115,-64.143,-64.202,-64.352,-64.389,-64.419,-64.447,-64.468,-64.481,-64.488,-64.489,-64.481,-64.465,-64.44,-64.414,-64.38,-64.258,-64.217,-64.182,-64.156,-64.138,-64.13,-64.131,-64.143,-64.163,-64.193,-64.233,-64.283,-64.332,-64.392,-64.608,-64.688,-64.763,-64.822,-64.849,-64.874,-64.895,-64.912,-64.926,-64.937,-64.945,-64.95,-64.951,-64.95,-64.945,-64.937,-64.925,-64.91,-64.892,-64.869,-64.825,-64.769,-64.711,-64.571,-64.508,-64.456,-64.418,-64.403,-64.391,-64.382,-64.377,-64.375,-64.377,-64.381,-64.389,-64.403,-64.42,-64.443,-64.47,-64.501,-64.538,-64.579,-64.626,-64.714,-64.822,-64.932,-65.192,-65.316,-65.372,-65.422,-65.468,-65.506,-65.542,-65.574,-65.599,-65.621,-65.637,-65.647,-65.654,-65.655,-65.649,-65.635,-65.612,-65.581,-65.541,-65.492,-65.434,-65.365,-65.302,-65.229,-65.148,-65.057,-64.866,-64.441,-64.252,-64.064,-63.906,-63.826,-63.752,-63.686,-63.626,-63.573,-63.526,-63.485,-63.451,-63.424,-63.401,-63.383,-63.37,-63.36,-63.355,-63.355,-63.358,-63.365,-63.376,-63.391,-63.409,-63.453,-63.547,-63.584,-63.617,-63.64,-63.649,-63.655,-63.658,-63.657,-63.653,-63.645,-63.635,-63.62,-63.602,-63.581,-63.528,-63.458,-63.299,-63.23,-63.166,-63.14,-63.117,-63.096,-63.079,-63.064,-63.052,-63.035,-63.009,-62.998,-62.986,-62.968,-62.947,-62.921,-62.89,-62.849,-62.8,-62.743,-62.678,-62.615,-62.543,-62.297,-62.209,-62.129,-62.063,-62.03,-62.002,-61.977,-61.956,-61.94,-61.927,-61.919,-61.914,-61.913,-61.915,-61.92,-61.929,-61.941,-61.955,-61.974,-61.995,-62.047,-62.115,-62.192,-62.355,-62.421,-62.486,-62.537,-62.564,-62.588,-62.607,-62.623,-62.636,-62.645,-62.651,-62.653,-62.653,-62.648,-62.64,-62.629,-62.614,-62.595,-62.572,-62.546,-62.486,-62.409,-62.321,-62.141,-62.069,-61.997,-61.937,-61.906,-61.878,-61.855,-61.834,-61.817,-61.803,-61.792,-61.785,-61.781,-61.78,-61.782,-61.788,-61.797,-61.81,-61.826,-61.846,-61.89,-61.95,-62.018,-62.215,-62.272,-62.318,-62.363,-62.398,-62.421,-62.434,-62.436,-62.429,-62.413,-62.387,-62.358,-62.321,-62.185,-62.136,-62.095,-62.066,-62.045,-62.035,-62.034,-62.045,-62.061,-62.085,-62.116,-62.155,-62.193,-62.237,-62.403,-62.471,-62.536,-62.595,-62.635,-62.676,-62.828,-62.906,-62.981,-63.156,-63.227,-63.281,-63.302,-63.32,-63.335,-63.346,-63.355,-63.36,-63.362,-63.355,-63.339,-63.296,-63.28,-63.268,-63.265,-63.27,-63.284,-63.304,-63.358,-63.37,-63.378,-63.383,-63.383,-63.377,-63.367,-63.346,-63.317,-63.278,-63.23,-63.183,-63.125,-62.925,-62.856,-62.795,-62.748,-62.726,-62.709,-62.695,-62.685,-62.678,-62.675,-62.676,-62.681,-62.688,-62.699,-62.713,-62.73,-62.751,-62.776,-62.803,-62.834,-62.903,-62.988,-63.084,-63.29,-63.377,-63.463,-63.537,-63.613,-63.646,-63.674,-63.701,-63.724,-63.745,-63.763,-63.783,-63.799,-63.809,-63.813,-63.813,-63.809,-63.776,-63.767,-63.767,-63.771,-63.779,-63.791,-63.822,-63.869,-63.919,-64.102,-64.162,-64.209,-64.245,-64.27,-64.286,-64.293,-64.292,-64.288,-64.279,-64.267,-64.25,-64.229,-64.204,-64.174,-64.143,-64.109,-64.069,-64.025,-63.933,-63.697,-63.635,-63.585,-63.534,-63.496,-63.469,-63.453,-63.45,-63.449,-63.452,-63.457,-63.466,-63.478,-63.494,-63.512,-63.55,-63.599,-63.649,-63.776,-63.835,-63.885,-63.903,-63.919,-63.932,-63.941,-63.946,-63.947,-63.944,-63.937,-63.926,-63.91,-63.891,-63.867,-63.84,-63.807,-63.77,-63.727,-63.681,-63.629,-63.53,-63.412,-63.291,-62.974,-62.884,-62.806,-62.725,-62.652,-62.59,-62.533,-62.476,-62.428,-62.39,-62.36,-62.338,-62.325,-62.321,-62.324,-62.337,-62.361,-62.395,-62.44,-62.496,-62.567,-62.655,-62.758,-62.864,-62.969,-63.07,-63.174,-63.266,-63.365,-63.747,-63.824,-63.891,-63.961,-64.02,-64.07,-64.111,-64.133,-64.151,-64.166,-64.178,-64.187,-64.194,-64.198,-64.193,-64.18,-64.161,-64.105,-64.091,-64.083,-64.078,-64.079,-64.086,-64.099,-64.12,-64.148,-64.182,-64.225,-64.267,-64.317,-64.489,-64.547,-64.599,-64.64,-64.676,-64.7,-64.714,-64.717,-64.711,-64.694,-64.668,-64.631,-64.585,-64.527,-64.46,-64.379,-64.308,-64.228,-64.139,-64.04,-63.846,-63.482,-63.34,-63.201,-63.081,-62.961,-62.852,-62.756,-62.67,-62.594,-62.528,-62.47,-62.42,-62.378,-62.343,-62.314,-62.292,-62.281,-62.272,-62.266,-62.263,-62.263,-62.266,-62.281,-62.304,-62.318,-62.336,-62.355,-62.376,-62.4,-62.426,-62.48,-62.544,-62.619,-62.706,-62.793,-62.897,-63.003,-63.283,-63.363,-63.433,-63.508,-63.573,-63.632,-63.682,-63.735,-63.777,-63.811,-63.836,-63.851,-63.859,-63.858,-63.849,-63.827,-63.754,-63.699,-63.675,-63.653,-63.628,-63.599,-63.565,-63.522,-63.472,-63.415,-63.35,-63.285,-63.21,-62.921,-62.803,-62.743,-62.689,-62.64,-62.594,-62.547,-62.502,-62.46,-62.421,-62.381,-62.34,-62.294,-62.25,-62.202,-62.172,-62.162,-62.155,-62.152,-62.153,-62.157,-62.164,-62.175,-62.19,-62.226,-62.299,-62.324,-62.345,-62.358,-62.363,-62.364,-62.362,-62.358,-62.35,-62.339,-62.325,-62.308,-62.279,-62.244,-62.203,-62.156,-62.103,-62.041,-61.973,-61.897,-61.83,-61.756,-61.674,-61.586,-61.416,-61.008,-60.905,-60.817,-60.727,-60.646,-60.574,-60.511,-60.451,-60.4,-60.354,-60.315,-60.283,-60.257,-60.237,-60.223,-60.217,-60.214,-60.214,-60.218,-60.225,-60.236,-60.25,-60.268,-60.305,-60.354,-60.406,-60.556,-60.599,-60.634,-60.67,-60.7,-60.724,-60.742,-60.754,-60.762,-60.766,-60.766,-60.755,-60.717,-60.711,-60.711,-60.717,-60.73,-60.75,-60.778,-60.819,-60.872,-60.935,-61.013,-61.088,-61.174,-61.474,-61.578,-61.674,-61.715,-61.751,-61.789,-61.82,-61.848,-61.87,-61.887,-61.9,-61.908,-61.912,-61.91,-61.903,-61.89,-61.872,-61.848,-61.817,-61.781,-61.738,-61.694,-61.644,-61.588,-61.526,-61.397,-61.134,-61.028,-60.923,-60.838,-60.792,-60.75,-60.713,-60.682,-60.654,-60.63,-60.61,-60.595,-60.583,-60.575,-60.573,-60.574,-60.58,-60.592,-60.607,-60.627,-60.65,-60.676,-60.707,-60.744,-60.823,-60.99,-61.056,-61.12,-61.172,-61.198,-61.22,-61.239,-61.254,-61.265,-61.273,-61.276,-61.277,-61.273,-61.266,-61.256,-61.242,-61.224,-61.203,-61.178,-61.149,-61.094,-61.025,-60.955,-60.782,-60.7,-60.629,-60.574,-60.551,-60.532,-60.515,-60.503,-60.493,-60.487,-60.484,-60.484,-60.488,-60.497,-60.51,-60.528,-60.551,-60.579,-60.612,-60.65,-60.725,-60.817,-60.915,-61.193,-61.274,-61.344,-61.417,-61.479,-61.534,-61.579,-61.616,-61.646,-61.671,-61.691,-61.705,-61.716,-61.743,-61.755,-61.772,-61.794,-61.823,-61.859,-61.903,-61.955,-62.015,-62.084,-62.162,-62.252,-62.353,-62.468,-62.597,-63.022,-63.159,-63.279,-63.414,-63.536,-63.65,-63.756,-63.819,-63.88,-63.937,-63.991,-64.04,-64.086,-64.127,-64.163,-64.195,-64.221,-64.243,-64.261,-64.274,-64.283,-64.287,-64.287,-64.282,-64.272,-64.255,-64.234,-64.206,-64.174,-64.135,-64.09,-64.048,-64.003,-63.895,-63.784,-63.488,-63.404,-63.332,-63.258,-63.191,-63.133,-63.079,-63.045,-63.012,-62.982,-62.952,-62.905,-62.791,-62.752,-62.711,-62.669,-62.62,-62.465,-62.416,-62.372,-62.337,-62.313,-62.296,-62.284,-62.279,-62.279,-62.285,-62.297,-62.316,-62.338,-62.366,-62.4,-62.441,-62.483,-62.532,-62.718,-62.791,-62.858,-62.909,-62.933,-62.952,-62.966,-62.974,-62.978,-62.976,-62.969,-62.957,-62.941,-62.921,-62.896,-62.867,-62.833,-62.794,-62.749,-62.7,-62.647,-62.589,-62.524,-62.452,-62.298,-61.976,-61.84,-61.703,-61.589,-61.526,-61.47,-61.419,-61.373,-61.331,-61.295,-61.264,-61.237,-61.219,-61.203,-61.181,-61.169,-61.168,-61.176,-61.192,-61.216,-61.292,-61.311,-61.323,-61.33,-61.328,-61.316,-61.295,-61.268,-61.233,-61.189,-61.137,-61.08,-61.013,-60.741,-60.683,-60.633,-60.579,-60.534,-60.494,-60.462,-60.43,-60.407,-60.392,-60.385,-60.385,-60.391,-60.402,-60.438,-60.445,-60.449,-60.448,-60.442,-60.43,-60.412,-60.386,-60.353,-60.313,-60.264,-60.217,-60.161,-59.979,-59.921,-59.87,-59.827,-59.791,-59.764,-59.744,-59.732,-59.727,-59.73,-59.743,-59.766,-59.797,-59.838,-59.889,-59.95,-60.016,-60.092,-60.18,-60.279,-60.383,-60.504,-60.636,-61.019,-61.14,-61.244,-61.361,-61.464,-61.559,-61.646,-61.742,-61.826,-61.899,-61.963,-62.017,-62.063,-62.099,-62.128,-62.148,-62.16,-62.165,-62.162,-62.153,-62.139,-62.063,-62.038,-62.029,-62.026,-62.028,-62.035,-62.048,-62.067,-62.092,-62.124,-62.156,-62.195,-62.328,-62.373,-62.412,-62.441,-62.465,-62.472,-62.476,-62.478,-62.476,-62.471,-62.463,-62.448,-62.429,-62.405,-62.376,-62.341,-62.302,-62.256,-62.205,-62.159,-62.109,-61.992,-61.873,-61.589,-61.458,-61.398,-61.344,-61.296,-61.254,-61.216,-61.182,-61.155,-61.133,-61.116,-61.105,-61.1,-61.1,-61.104,-61.112,-61.124,-61.139,-61.158,-61.182,-61.21,-61.241,-61.304,-61.383,-61.469,-61.717,-61.79,-61.853,-61.918,-61.974,-62.021,-62.061,-62.086,-62.108,-62.126,-62.141,-62.16,-62.184,-62.196,-62.214,-62.237,-62.269,-62.311,-62.357,-62.477,-62.509,-62.533,-62.557,-62.572,-62.58,-62.58,-62.574,-62.561,-62.542,-62.515,-62.482,-62.441,-62.394,-62.337,-62.288,-62.234,-62.173,-62.104,-61.974,-61.62,-61.521,-61.434,-61.348,-61.27,-61.199,-61.137,-61.086,-61.041,-61.003,-60.97,-60.943,-60.923,-60.908,-60.9,-60.897,-60.897,-60.901,-60.907,-60.917,-60.929,-60.945,-60.964,-60.987,-61.013,-61.078,-61.157,-61.323,-61.39,-61.455,-61.507,-61.533,-61.555,-61.573,-61.587,-61.597,-61.603,-61.606,-61.605,-61.595,-61.574,-61.548,-61.47,-61.448,-61.432,-61.418,-61.407,-61.385,-61.373,-61.351,-61.337,-61.32,-61.293,-61.26,-61.221,-61.175,-61.131,-61.079,-60.902,-60.841,-60.785,-60.741,-60.72,-60.702,-60.687,-60.677,-60.669,-60.665,-60.665,-60.668,-60.674,-60.684,-60.698,-60.715,-60.736,-60.76,-60.789,-60.821,-60.889,-60.975,-61.071,-61.273,-61.358,-61.443,-61.514,-61.588,-61.649,-61.7,-61.74,-61.77,-61.791,-61.804,-61.81,-61.81,-61.805,-61.806,-61.805,-61.8,-61.794,-61.783,-61.77,-61.748,-61.72,-61.686,-61.644,-61.595,-61.539,-61.475,-61.402,-61.33,-61.251,-61.166,-61.068,-60.975,-60.869,-60.49,-60.342,-60.195,-60.071,-60.004,-59.942,-59.887,-59.838,-59.793,-59.754,-59.719,-59.69,-59.667,-59.649,-59.634,-59.622,-59.614,-59.609,-59.608,-59.61,-59.623,-59.647,-59.682,-59.764,-59.797,-59.827,-59.847,-59.855,-59.859,-59.86,-59.858,-59.853,-59.844,-59.832,-59.817,-59.778,-59.727,-59.661,-59.576,-59.486,-59.371,-58.843,-58.746,-58.672,-58.635,-58.603,-58.577,-58.555,-58.539,-58.527,-58.52,-58.518,-58.522,-58.535,-58.556,-58.586,-58.625,-58.673,-58.73,-58.798,-58.86,-58.927,-59.004,-59.09,-59.259,-59.582,-59.706,-59.828,-59.936,-60.045,-60.14,-60.223,-60.298,-60.354,-60.403,-60.447,-60.488,-60.519,-60.55,-60.641,-60.678,-60.721,-60.766,-60.823,-60.889,-60.964,-61.049,-61.135,-61.233,-61.342,-61.465,-61.578,-61.705,-62.202,-62.414,-62.526,-62.629,-62.729,-62.823,-62.925,-63.025,-63.121,-63.217,-63.313,-63.407,-63.501,-63.595,-63.687,-63.774,-63.856,-63.931,-63.998,-64.059,-64.113,-64.162,-64.204,-64.24,-64.272,-64.298,-64.319,-64.336,-64.347,-64.354,-64.354,-64.345,-64.326,-64.296,-64.255,-64.204,-64.141,-64.066,-63.98,-63.883,-63.776,-63.66,-63.554,-63.438,-63.087,-62.987,-62.893,-62.815,-62.771,-62.732,-62.698,-62.669,-62.645,-62.625,-62.61,-62.6,-62.593,-62.592,-62.598,-62.61,-62.629,-62.654,-62.686,-62.725,-62.761,-62.802,-62.85,-62.904,-63.009,-63.266,-63.328,-63.381,-63.432,-63.477,-63.514,-63.545,-63.571,-63.591,-63.604,-63.61,-63.61,-63.604,-63.591,-63.572,-63.547,-63.516,-63.48,-63.436,-63.387,-63.332,-63.268,-63.199,-63.137,-63.067,-62.911,-62.751,-62.34,-62.228,-62.128,-62.024,-61.93,-61.846,-61.771,-61.698,-61.632,-61.577,-61.53,-61.491,-61.46,-61.437,-61.422,-61.417,-61.415,-61.415,-61.419,-61.435,-61.463,-61.493,-61.531,-61.722,-61.769,-61.811,-61.855,-61.894,-61.929,-61.96,-61.987,-62.008,-62.024,-62.034,-62.039,-62.038,-62.032,-62.021,-62.005,-61.984,-61.957,-61.925,-61.888,-61.843,-61.792,-61.734,-61.623,-61.486,-61.306,-61.016,-60.927,-60.835,-60.798,-60.765,-60.736,-60.711,-60.691,-60.676,-60.664,-60.657,-60.654,-60.655,-60.66,-60.669,-60.683,-60.7,-60.72,-60.746,-60.776,-60.81,-60.849,-60.891,-60.94,-60.993,-61.11,-61.352,-61.451,-61.549,-61.631,-61.673,-61.712,-61.745,-61.774,-61.797,-61.817,-61.833,-61.845,-61.852,-61.855,-61.855,-61.85,-61.842,-61.829,-61.759,-61.734,-61.725,-61.722,-61.724,-61.731,-61.743,-61.761,-61.784,-61.813,-61.842,-61.877,-62.006,-62.054,-62.098,-62.131,-62.16,-62.177,-62.184,-62.179,-62.172,-62.162,-62.148,-62.13,-62.087,-61.983,-61.939,-61.899,-61.871,-61.852,-61.842,-61.839,-61.84,-61.834,-61.827,-61.817,-61.804,-61.788,-61.768,-61.743,-61.715,-61.682,-61.613,-61.432,-61.387,-61.351,-61.318,-61.296,-61.285,-61.286,-61.292,-61.302,-61.316,-61.336,-61.36,-61.388,-61.422,-61.46,-61.534,-61.626,-61.718,-61.949,-62.061,-62.112,-62.157,-62.197,-62.232,-62.265,-62.291,-62.313,-62.329,-62.341,-62.348,-62.35,-62.348,-62.337,-62.317,-62.289,-62.219,-62.191,-62.166,-62.15,-62.144,-62.141,-62.14,-62.143,-62.155,-62.196,-62.202,-62.202,-62.193,-62.184,-62.173,-62.159,-62.143,-62.123,-62.102,-62.069,-62.033,-61.992,-61.947,-61.895,-61.838,-61.775,-61.707,-61.58,-61.428,-61.275,-60.898,-60.798,-60.712,-60.623,-60.543,-60.473,-60.411,-60.347,-60.293,-60.247,-60.21,-60.181,-60.161,-60.15,-60.146,-60.152,-60.165,-60.188,-60.221,-60.262,-60.313,-60.374,-60.447,-60.518,-60.603,-60.898,-61.009,-61.102,-61.189,-61.286,-61.384,-61.683,-61.795,-61.913,-62.03,-62.178,-62.339,-62.504,-62.919,-63.035,-63.134,-63.246,-63.343,-63.428,-63.503,-63.542,-63.578,-63.611,-63.642,-63.669,-63.692,-63.714,-63.732,-63.759,-63.779,-63.794,-63.825,-63.839,-63.855,-63.881,-63.912,-63.95,-63.996,-64.049,-64.11,-64.18,-64.262,-64.337,-64.424,-64.714,-64.814,-64.906,-64.984,-65.057,-65.117,-65.166,-65.205,-65.232,-65.25,-65.256,-65.253,-65.239,-65.217,-65.187,-65.1,-65.078,-65.062,-65.051,-65.049,-65.055,-65.071,-65.098,-65.135,-65.184,-65.246,-65.308,-65.382,-65.457,-65.648,-65.744,-65.791,-65.831,-65.866,-65.896,-65.926,-65.949,-65.967,-65.977,-65.982,-65.98,-65.971,-65.957,-65.934,-65.903,-65.864,-65.818,-65.764,-65.701,-65.63,-65.55,-65.48,-65.402,-65.316,-65.221,-65.036,-64.517,-64.363,-64.23,-64.089,-63.963,-63.853,-63.754,-63.661,-63.62,-63.582,-63.548,-63.518,-63.491,-63.468,-63.448,-63.432,-63.418,-63.408,-63.402,-63.398,-63.399,-63.402,-63.413,-63.431,-63.456,-63.488,-63.526,-63.573,-63.627,-63.689,-63.749,-63.816,-63.89,-63.974,-64.147,-64.49,-64.628,-64.765,-64.882,-64.945,-65.002,-65.055,-65.103,-65.146,-65.185,-65.22,-65.25,-65.289,-65.318,-65.34,-65.353,-65.359,-65.359,-65.355,-65.336,-65.334,-65.335,-65.342,-65.356,-65.375,-65.401,-65.43,-65.464,-65.503,-65.55,-65.6,-65.657,-65.934,-66.002,-66.065,-66.134,-66.197,-66.258,-66.316,-66.384,-66.448,-66.504,-66.55,-66.586,-66.614,-66.634,-66.645,-66.649,-66.65,-66.647,-66.641,-66.624,-66.575,-66.556,-66.549,-66.544,-66.536,-66.525,-66.51,-66.49,-66.463,-66.439,-66.411,-66.379,-66.342,-66.303,-66.258,-66.209,-66.154,-66.098,-66.039,-65.973,-65.902,-65.751,-65.458,-65.34,-65.221,-65.121,-65.067,-65.016,-64.97,-64.929,-64.891,-64.857,-64.826,-64.8,-64.762,-64.734,-64.716,-64.706,-64.705,-64.71,-64.719,-64.749,-64.756,-64.759,-64.759,-64.754,-64.745,-64.731,-64.713,-64.69,-64.662,-64.629,-64.56,-64.376,-64.33,-64.292,-64.257,-64.232,-64.215,-64.207,-64.206,-64.21,-64.218,-64.232,-64.251,-64.275,-64.304,-64.339,-64.411,-64.505,-64.608,-64.899,-64.982,-65.051,-65.122,-65.18,-65.229,-65.267,-65.297,-65.319,-65.334,-65.355,-65.366,-65.383,-65.406,-65.438,-65.479,-65.523,-65.629,-65.676,-65.697,-65.714,-65.726,-65.735,-65.741,-65.742,-65.739,-65.73,-65.707,-65.639,-65.627,-65.618,-65.614,-65.614,-65.618,-65.626,-65.639,-65.656,-65.678,-65.706,-65.765,-65.882,-65.922,-65.959,-65.987,-66.01,-66.021,-66.023,-66.021,-66.017,-66.011,-65.995,-65.972,-65.942,-65.906,-65.862,-65.811,-65.753,-65.686,-65.626,-65.56,-65.486,-65.404,-65.241,-64.916,-64.785,-64.651,-64.534,-64.412,-64.303,-64.205,-64.117,-64.062,-64.01,-63.96,-63.911,-63.832,-63.639,-63.576,-63.51,-63.44,-63.362,-63.056,-62.932,-62.869,-62.813,-62.764,-62.719,-62.665,-62.616,-62.576,-62.48,-62.448,-62.415,-62.374,-62.328,-62.158,-62.098,-62.068,-62.044,-62.025,-62.01,-61.997,-61.995,-62.004,-62.024,-62.053,-62.094,-62.141,-62.281,-62.32,-62.349,-62.377,-62.394,-62.402,-62.401,-62.39,-62.37,-62.34,-62.299,-62.259,-62.21,-62.033,-61.969,-61.913,-61.869,-61.834,-61.808,-61.793,-61.786,-61.788,-61.793,-61.803,-61.818,-61.837,-61.861,-61.89,-61.923,-61.957,-61.997,-62.04,-62.09,-62.194,-62.399,-62.478,-62.557,-62.621,-62.656,-62.686,-62.713,-62.736,-62.756,-62.772,-62.786,-62.795,-62.802,-62.806,-62.806,-62.803,-62.796,-62.786,-62.774,-62.757,-62.723,-62.677,-62.629,-62.503,-62.442,-62.414,-62.391,-62.372,-62.357,-62.345,-62.339,-62.337,-62.341,-62.349,-62.363,-62.381,-62.405,-62.434,-62.468,-62.507,-62.551,-62.6,-62.655,-62.717,-62.784,-62.843,-62.909,-62.98,-63.059,-63.208,-63.552,-63.71,-63.784,-63.848,-63.906,-63.957,-64.009,-64.052,-64.088,-64.118,-64.141,-64.157,-64.167,-64.171,-64.168,-64.161,-64.15,-64.133,-64.112,-64.085,-64.053,-64.017,-63.944,-63.851,-63.753,-63.475,-63.396,-63.328,-63.258,-63.199,-63.15,-63.109,-63.08,-63.057,-63.041,-63.029,-63.024,-63.022,-63.031,-63.029,-63.024,-63.015,-63.003,-62.986,-62.966,-62.942,-62.914,-62.88,-62.811,-62.639,-62.596,-62.562,-62.53,-62.505,-62.486,-62.473,-62.467,-62.466,-62.472,-62.485,-62.502,-62.526,-62.637,-62.66,-62.678,-62.695,-62.706,-62.712,-62.712,-62.707,-62.697,-62.68,-62.658,-62.635,-62.605,-62.496,-62.457,-62.421,-62.396,-62.386,-62.378,-62.373,-62.371,-62.372,-62.376,-62.383,-62.393,-62.421,-62.461,-62.509,-62.618,-62.664,-62.709,-62.745,-62.775,-62.8,-62.819,-62.857,-62.882,-62.898,-62.917,-62.937,-62.961,-62.995,-63.034,-63.078,-63.129,-63.178,-63.235,-63.43,-63.499,-63.564,-63.615,-63.643,-63.665,-63.683,-63.698,-63.708,-63.716,-63.719,-63.719,-63.713,-63.701,-63.683,-63.659,-63.629,-63.592,-63.549,-63.499,-63.445,-63.382,-63.313,-63.234,-63.156,-63.067,-62.71,-62.562,-62.484,-62.416,-62.353,-62.298,-62.235,-62.178,-62.128,-62.086,-62.051,-62.022,-61.999,-61.982,-61.972,-61.968,-61.968,-61.974,-61.986,-62.003,-62.026,-62.054,-62.086,-62.123,-62.166,-62.218,-62.313,-62.62,-62.722,-62.819,-62.905,-62.984,-63.055,-63.116,-63.177,-63.228,-63.27,-63.302,-63.327,-63.344,-63.353,-63.355,-63.351,-63.342,-63.329,-63.312,-63.29,-63.264,-63.233,-63.197,-63.139,-63.067,-62.988,-62.797,-62.707,-62.611,-62.521,-62.409,-62.271,-62.07,-61.965,-61.918,-61.881,-61.85,-61.827,-61.811,-61.801,-61.798,-61.801,-61.814,-61.835,-61.865,-61.905,-61.955,-62.014,-62.083,-62.165,-62.238,-62.318,-62.407,-62.508,-62.706,-63.078,-63.222,-63.366,-63.49,-63.616,-63.728,-63.826,-63.912,-63.954,-63.992,-64.026,-64.059,-64.089,-64.115,-64.138,-64.159,-64.178,-64.193,-64.206,-64.217,-64.23,-64.233,-64.23,-64.224,-64.214,-64.201,-64.184,-64.165,-64.143,-64.118,-64.092,-64.062,-64.03,-63.996,-63.959,-63.917,-63.874,-63.827,-63.778,-63.725,-63.668,-63.609,-63.546,-63.477,-63.404,-63.326,-63.177,-63.003,-62.826,-62.379,-62.254,-62.146,-62.029,-61.924,-61.833,-61.752,-61.706,-61.665,-61.626,-61.591,-61.56,-61.532,-61.508,-61.486,-61.468,-61.453,-61.442,-61.433,-61.427,-61.425,-61.425,-61.429,-61.437,-61.451,-61.469,-61.494,-61.537,-61.611,-61.661,-61.701,-61.76,-61.791,-61.823,-61.857,-61.892,-61.932,-61.973,-62.014,-62.059,-62.106,-62.155,-62.209,-62.267,-62.329,-62.395,-62.515,-62.653,-62.792,-63.133,-63.306,-63.391,-63.468,-63.539,-63.602,-63.672,-63.733,-63.788,-63.836,-63.878,-63.914,-63.945,-63.97,-63.987,-64.0,-64.01,-64.017,-64.022,-64.017,-64.02,-64.024,-64.032,-64.042,-64.055,-64.072,-64.092,-64.117,-64.145,-64.204,-64.353,-64.39,-64.42,-64.449,-64.469,-64.483,-64.49,-64.49,-64.482,-64.466,-64.442,-64.415,-64.382,-64.26,-64.219,-64.183,-64.157,-64.14,-64.131,-64.133,-64.145,-64.165,-64.195,-64.234,-64.285,-64.334,-64.394,-64.609,-64.69,-64.764,-64.823,-64.85,-64.875,-64.896,-64.913,-64.927,-64.938,-64.946,-64.951,-64.953,-64.951,-64.946,-64.938,-64.927,-64.912,-64.893,-64.871,-64.827,-64.771,-64.712,-64.573,-64.51,-64.458,-64.419,-64.404,-64.392,-64.384,-64.379,-64.377,-64.378,-64.383,-64.391,-64.404,-64.422,-64.444,-64.471,-64.503,-64.54,-64.581,-64.628,-64.716,-64.823,-64.933,-65.194,-65.318,-65.373,-65.424,-65.469,-65.508,-65.544,-65.575,-65.601,-65.622,-65.638,-65.649,-65.655,-65.656,-65.651,-65.637,-65.614,-65.582,-65.543,-65.494,-65.436,-65.366,-65.303,-65.231,-65.149,-65.058,-64.868,-64.443,-64.253,-64.066,-63.908,-63.827,-63.754,-63.688,-63.627,-63.575,-63.528,-63.487,-63.452,-63.425,-63.403,-63.385,-63.371,-63.362,-63.357,-63.356,-63.36,-63.367,-63.378,-63.393,-63.411,-63.454,-63.549,-63.586,-63.619,-63.641,-63.651,-63.657,-63.66,-63.659,-63.655,-63.647,-63.636,-63.622,-63.604,-63.583,-63.53,-63.46,-63.3,-63.232,-63.168,-63.142,-63.119,-63.098,-63.08,-63.065,-63.053,-63.037,-63.01,-63.0,-62.988,-62.97,-62.948,-62.922,-62.892,-62.851,-62.802,-62.745,-62.68,-62.616,-62.544,-62.298,-62.211,-62.13,-62.065,-62.032,-62.003,-61.978,-61.958,-61.941,-61.929,-61.921,-61.916,-61.915,-61.917,-61.922,-61.931,-61.943,-61.957,-61.976,-61.997,-62.049,-62.117,-62.194,-62.357,-62.423,-62.487,-62.539,-62.566,-62.589,-62.609,-62.625,-62.638,-62.647,-62.653,-62.655,-62.654,-62.65,-62.642,-62.631,-62.616,-62.597,-62.574,-62.548,-62.488,-62.411,-62.323,-62.142,-62.071,-61.999,-61.939,-61.907,-61.88,-61.856,-61.836,-61.818,-61.805,-61.794,-61.787,-61.783,-61.782,-61.784,-61.79,-61.799,-61.812,-61.828,-61.848,-61.892,-61.951,-62.019,-62.217,-62.274,-62.32,-62.365,-62.4,-62.423,-62.435,-62.438,-62.431,-62.415,-62.388,-62.36,-62.323,-62.187,-62.138,-62.097,-62.067,-62.047,-62.036,-62.036,-62.046,-62.063,-62.086,-62.118,-62.157,-62.194,-62.238,-62.405,-62.473,-62.538,-62.596,-62.637,-62.677,-62.83,-62.908,-62.983,-63.158,-63.228,-63.283,-63.304,-63.322,-63.336,-63.348,-63.356,-63.362,-63.364,-63.356,-63.34,-63.297,-63.281,-63.27,-63.266,-63.271,-63.285,-63.305,-63.36,-63.372,-63.38,-63.385,-63.384,-63.379,-63.368,-63.347,-63.318,-63.279,-63.231,-63.184,-63.126,-62.926,-62.857,-62.797,-62.75,-62.728,-62.71,-62.696,-62.686,-62.68,-62.677,-62.678,-62.682,-62.689,-62.7,-62.714,-62.731,-62.752,-62.776,-62.804,-62.834,-62.903,-62.989,-63.086,-63.292,-63.378,-63.465,-63.538,-63.614,-63.647,-63.676,-63.703,-63.726,-63.746,-63.764,-63.785,-63.8,-63.81,-63.815,-63.814,-63.81,-63.777,-63.768,-63.768,-63.772,-63.78,-63.792,-63.824,-63.871,-63.921,-64.103,-64.163,-64.21,-64.246,-64.272,-64.287,-64.294,-64.293,-64.289,-64.28,-64.268,-64.251,-64.23,-64.205,-64.175,-64.145,-64.11,-64.071,-64.026,-63.934,-63.698,-63.636,-63.586,-63.536,-63.497,-63.47,-63.455,-63.451,-63.45,-63.453,-63.459,-63.467,-63.48,-63.495,-63.514,-63.551,-63.6,-63.651,-63.777,-63.837,-63.886,-63.905,-63.92,-63.933,-63.942,-63.947,-63.948,-63.945,-63.938,-63.927,-63.912,-63.892,-63.869,-63.841,-63.808,-63.771,-63.729,-63.682,-63.63,-63.531,-63.414,-63.292,-62.976,-62.885,-62.808,-62.726,-62.654,-62.591,-62.534,-62.477,-62.43,-62.391,-62.361,-62.34,-62.327,-62.322,-62.326,-62.339,-62.362,-62.397,-62.441,-62.498,-62.569,-62.656,-62.76,-62.865,-62.97,-63.072,-63.176,-63.268,-63.366,-63.748,-63.825,-63.892,-63.962,-64.022,-64.071,-64.113,-64.134,-64.152,-64.167,-64.179,-64.189,-64.195,-64.2,-64.195,-64.181,-64.162,-64.106,-64.093,-64.084,-64.079,-64.08,-64.087,-64.101,-64.121,-64.149,-64.184,-64.226,-64.268,-64.318,-64.49,-64.548,-64.6,-64.641,-64.677,-64.702,-64.715,-64.719,-64.712,-64.696,-64.669,-64.633,-64.586,-64.528,-64.461,-64.38,-64.309,-64.23,-64.14,-64.041,-63.847,-63.483,-63.341,-63.202,-63.082,-62.962,-62.853,-62.757,-62.671,-62.595,-62.529,-62.472,-62.422,-62.38,-62.344,-62.316,-62.294,-62.282,-62.274,-62.268,-62.265,-62.265,-62.268,-62.282,-62.305,-62.32,-62.337,-62.356,-62.377,-62.401,-62.428,-62.482,-62.546,-62.62,-62.707,-62.795,-62.898,-63.004,-63.284,-63.364,-63.434,-63.509,-63.575,-63.633,-63.683,-63.736,-63.779,-63.812,-63.837,-63.853,-63.86,-63.859,-63.851,-63.829,-63.756,-63.7,-63.676,-63.654,-63.629,-63.6,-63.566,-63.523,-63.474,-63.417,-63.351,-63.286,-63.212,-62.922,-62.805,-62.744,-62.69,-62.641,-62.596,-62.548,-62.504,-62.462,-62.422,-62.382,-62.341,-62.295,-62.252,-62.203,-62.173,-62.163,-62.157,-62.154,-62.154,-62.158,-62.165,-62.176,-62.191,-62.228,-62.301,-62.325,-62.346,-62.359,-62.364,-62.365,-62.364,-62.359,-62.351,-62.341,-62.326,-62.309,-62.28,-62.246,-62.205,-62.157,-62.104,-62.042,-61.974,-61.898,-61.831,-61.758,-61.676,-61.587,-61.418,-61.01,-60.907,-60.818,-60.728,-60.648,-60.575,-60.513,-60.453,-60.401,-60.355,-60.317,-60.285,-60.259,-60.239,-60.225,-60.219,-60.216,-60.216,-60.22,-60.227,-60.238,-60.252,-60.27,-60.307,-60.356,-60.408,-60.557,-60.6,-60.635,-60.671,-60.701,-60.725,-60.743,-60.756,-60.764,-60.768,-60.768,-60.758,-60.718,-60.713,-60.713,-60.719,-60.732,-60.752,-60.78,-60.821,-60.873,-60.937,-61.015,-61.089,-61.176,-61.476,-61.58,-61.676,-61.716,-61.753,-61.79,-61.822,-61.849,-61.871,-61.889,-61.901,-61.91,-61.913,-61.912,-61.905,-61.892,-61.873,-61.849,-61.819,-61.781,-61.738,-61.694,-61.645,-61.589,-61.528,-61.398,-61.136,-61.032,-60.927,-60.841,-60.795,-60.753,-60.716,-60.685,-60.657,-60.633,-60.613,-60.597,-60.585,-60.577,-60.574,-60.576,-60.582,-60.593,-60.608,-60.629,-60.651,-60.677,-60.709,-60.745,-60.825,-60.991,-61.058,-61.122,-61.174,-61.2,-61.222,-61.241,-61.256,-61.267,-61.274,-61.278,-61.278,-61.275,-61.268,-61.257,-61.244,-61.226,-61.205,-61.179,-61.151,-61.096,-61.026,-60.957,-60.784,-60.702,-60.631,-60.575,-60.553,-60.533,-60.517,-60.504,-60.495,-60.489,-60.485,-60.485,-60.489,-60.498,-60.512,-60.53,-60.553,-60.581,-60.613,-60.651,-60.727,-60.819,-60.917,-61.195,-61.275,-61.346,-61.418,-61.481,-61.535,-61.581,-61.618,-61.648,-61.672,-61.693,-61.706,-61.718,-61.744,-61.757,-61.774,-61.795,-61.824,-61.861,-61.904,-61.957,-62.016,-62.085,-62.164,-62.253,-62.354,-62.469,-62.598,-63.023,-63.16,-63.28,-63.415,-63.537,-63.651,-63.758,-63.821,-63.881,-63.938,-63.992,-64.041,-64.087,-64.128,-64.164,-64.196,-64.222,-64.244,-64.262,-64.275,-64.284,-64.288,-64.288,-64.283,-64.273,-64.256,-64.235,-64.207,-64.175,-64.136,-64.091,-64.049,-64.004,-63.896,-63.785,-63.489,-63.405,-63.333,-63.259,-63.192,-63.134,-63.08,-63.046,-63.013,-62.983,-62.953,-62.906,-62.792,-62.753,-62.712,-62.67,-62.621,-62.466,-62.417,-62.373,-62.338,-62.315,-62.297,-62.286,-62.28,-62.28,-62.286,-62.299,-62.317,-62.34,-62.367,-62.402,-62.442,-62.484,-62.533,-62.719,-62.791,-62.859,-62.909,-62.934,-62.953,-62.966,-62.975,-62.979,-62.977,-62.97,-62.958,-62.942,-62.922,-62.897,-62.868,-62.834,-62.795,-62.75,-62.701,-62.648,-62.59,-62.527,-62.455,-62.301,-61.975,-61.841,-61.704,-61.59,-61.528,-61.471,-61.42,-61.374,-61.332,-61.296,-61.265,-61.238,-61.22,-61.205,-61.183,-61.171,-61.169,-61.177,-61.194,-61.217,-61.294,-61.313,-61.325,-61.332,-61.329,-61.317,-61.296,-61.269,-61.235,-61.192,-61.139,-61.083,-61.015,-60.943,-60.742,-60.685,-60.635,-60.581,-60.535,-60.496,-60.463,-60.432,-60.409,-60.394,-60.387,-60.387,-60.393,-60.404,-60.439,-60.447,-60.451,-60.45,-60.444,-60.432,-60.413,-60.388,-60.355,-60.314,-60.266,-60.218,-60.163,-59.981,-59.923,-59.871,-59.829,-59.793,-59.766,-59.746,-59.734,-59.729,-59.732,-59.745,-59.768,-59.799,-59.84,-59.891,-59.952,-60.019,-60.095,-60.182,-60.282,-60.385,-60.507,-60.635,-61.021,-61.142,-61.246,-61.363,-61.466,-61.561,-61.648,-61.744,-61.827,-61.9,-61.964,-62.019,-62.064,-62.1,-62.129,-62.149,-62.161,-62.166,-62.163,-62.155,-62.14,-62.064,-62.039,-62.03,-62.027,-62.029,-62.036,-62.049,-62.068,-62.093,-62.125,-62.157,-62.196,-62.329,-62.374,-62.413,-62.442,-62.466,-62.473,-62.477,-62.479,-62.477,-62.472,-62.464,-62.449,-62.43,-62.406,-62.377,-62.342,-62.303,-62.257,-62.206,-62.16,-62.11,-61.993,-61.874,-61.59,-61.459,-61.399,-61.345,-61.297,-61.255,-61.217,-61.183,-61.156,-61.134,-61.117,-61.107,-61.101,-61.101,-61.105,-61.113,-61.125,-61.14,-61.16,-61.183,-61.211,-61.242,-61.305,-61.384,-61.47,-61.718,-61.791,-61.854,-61.919,-61.975,-62.022,-62.062,-62.087,-62.109,-62.127,-62.142,-62.161,-62.185,-62.197,-62.215,-62.238,-62.27,-62.312,-62.358,-62.478,-62.51,-62.534,-62.558,-62.573,-62.581,-62.581,-62.575,-62.562,-62.543,-62.516,-62.483,-62.442,-62.394,-62.338,-62.289,-62.235,-62.174,-62.105,-61.974,-61.621,-61.522,-61.435,-61.349,-61.271,-61.2,-61.138,-61.087,-61.042,-61.004,-60.971,-60.944,-60.924,-60.909,-60.901,-60.898,-60.899,-60.902,-60.909,-60.918,-60.931,-60.946,-60.965,-60.988,-61.015,-61.08,-61.158,-61.324,-61.391,-61.456,-61.508,-61.534,-61.556,-61.574,-61.588,-61.598,-61.604,-61.607,-61.606,-61.596,-61.575,-61.549,-61.471,-61.45,-61.433,-61.419,-61.408,-61.386,-61.374,-61.352,-61.338,-61.321,-61.294,-61.261,-61.222,-61.177,-61.132,-61.08,-60.903,-60.842,-60.786,-60.743,-60.721,-60.703,-60.689,-60.678,-60.671,-60.667,-60.666,-60.669,-60.676,-60.686,-60.699,-60.716,-60.737,-60.761,-60.79,-60.822,-60.891,-60.976,-61.073,-61.275,-61.359,-61.444,-61.515,-61.589,-61.651,-61.701,-61.741,-61.771,-61.792,-61.805,-61.811,-61.811,-61.806,-61.807,-61.806,-61.801,-61.795,-61.784,-61.771,-61.749,-61.721,-61.687,-61.645,-61.596,-61.54,-61.476,-61.403,-61.331,-61.252,-61.167,-61.069,-60.976,-60.87,-60.489,-60.34,-60.194,-60.07,-60.004,-59.942,-59.886,-59.837,-59.793,-59.754,-59.719,-59.69,-59.668,-59.649,-59.635,-59.623,-59.615,-59.611,-59.61,-59.612,-59.625,-59.649,-59.684,-59.765,-59.799,-59.829,-59.849,-59.856,-59.861,-59.862,-59.86,-59.855,-59.847,-59.835,-59.82,-59.781,-59.73,-59.664,-59.58,-59.491,-59.377,-58.955,-58.848,-58.75,-58.674,-58.637,-58.604,-58.579,-58.557,-58.541,-58.531,-58.525,-58.524,-58.529,-58.544,-58.566,-58.596,-58.635,-58.685,-58.743,-58.81,-58.872,-58.94,-59.017,-59.101,-59.268,-59.588,-59.712,-59.834,-59.94,-60.047,-60.142,-60.226,-60.301,-60.357,-60.406,-60.451,-60.493,-60.525,-60.555,-60.646,-60.683,-60.726,-60.772,-60.83,-60.896,-60.971,-61.056,-61.141,-61.238,-61.348,-61.47,-61.583,-61.71,-62.204,-62.416,-62.527,-62.63,-62.728,-62.822,-62.924,-63.024,-63.12,-63.216,-63.312,-63.407,-63.501,-63.594,-63.687,-63.775,-63.858,-63.933,-64.002,-64.062,-64.117,-64.166,-64.208,-64.245,-64.275,-64.301,-64.322,-64.338,-64.349,-64.355,-64.355,-64.345,-64.325,-64.294,-64.254,-64.202,-64.139,-64.064,-63.978,-63.882,-63.775,-63.66,-63.553,-63.437,-63.09,-62.988,-62.894,-62.816,-62.771,-62.733,-62.699,-62.67,-62.645,-62.626,-62.611,-62.6,-62.593,-62.593,-62.599,-62.611,-62.63,-62.655,-62.687,-62.725,-62.762,-62.803,-62.851,-62.904,-63.01,-63.264,-63.328,-63.382,-63.433,-63.478,-63.515,-63.546,-63.572,-63.591,-63.605,-63.611,-63.611,-63.605,-63.592,-63.573,-63.548,-63.517,-63.481,-63.437,-63.388,-63.333,-63.269,-63.199,-63.138,-63.068,-62.911,-62.751,-62.341,-62.228,-62.129,-62.025,-61.93,-61.847,-61.772,-61.698,-61.633,-61.578,-61.531,-61.492,-61.461,-61.438,-61.423,-61.418,-61.416,-61.416,-61.42,-61.436,-61.464,-61.494,-61.532,-61.723,-61.77,-61.812,-61.856,-61.895,-61.93,-61.961,-61.988,-62.009,-62.025,-62.035,-62.04,-62.039,-62.033,-62.022,-62.006,-61.984,-61.958,-61.926,-61.889,-61.844,-61.793,-61.735,-61.624,-61.487,-61.307,-61.017,-60.928,-60.836,-60.799,-60.766,-60.737,-60.712,-60.692,-60.677,-60.665,-60.658,-60.655,-60.656,-60.661,-60.67,-60.684,-60.701,-60.721,-60.747,-60.777,-60.812,-60.85,-60.892,-60.94,-60.993,-61.11,-61.353,-61.454,-61.552,-61.632,-61.674,-61.713,-61.746,-61.775,-61.798,-61.818,-61.834,-61.845,-61.853,-61.856,-61.856,-61.851,-61.843,-61.83,-61.759,-61.734,-61.726,-61.723,-61.725,-61.732,-61.744,-61.762,-61.785,-61.814,-61.843,-61.878,-62.007,-62.055,-62.099,-62.132,-62.161,-62.178,-62.184,-62.18,-62.173,-62.163,-62.149,-62.131,-62.088,-61.983,-61.939,-61.9,-61.871,-61.853,-61.843,-61.84,-61.841,-61.835,-61.828,-61.818,-61.805,-61.789,-61.768,-61.744,-61.716,-61.683,-61.614,-61.433,-61.388,-61.352,-61.319,-61.297,-61.286,-61.287,-61.292,-61.303,-61.317,-61.337,-61.36,-61.389,-61.423,-61.461,-61.534,-61.627,-61.719,-61.95,-62.062,-62.113,-62.158,-62.198,-62.233,-62.265,-62.291,-62.313,-62.33,-62.341,-62.349,-62.351,-62.349,-62.338,-62.318,-62.289,-62.22,-62.192,-62.167,-62.15,-62.144,-62.141,-62.141,-62.144,-62.156,-62.196,-62.202,-62.203,-62.194,-62.176,-62.163,-62.148,-62.13,-62.109,-62.078,-62.042,-62.002,-61.956,-61.904,-61.848,-61.786,-61.718,-61.656,-61.59,-61.436,-61.281,-60.888,-60.784,-60.691,-60.594,-60.51,-60.435,-60.37,-60.303,-60.249,-60.206,-60.189,-60.175,-60.163,-60.155,-60.15,-60.148,-60.151,-60.166,-60.18,-60.199,-60.222,-60.248,-60.28,-60.316,-60.357,-60.402,-60.476,-60.563,-60.658,-60.985,-61.095,-61.198,-61.292,-61.39,-61.763,-61.846,-61.926,-62.012,-62.1,-62.192,-62.29,-62.481,-62.941,-63.064,-63.172,-63.287,-63.387,-63.474,-63.513,-63.549,-63.611,-63.662,-63.704,-63.739,-63.762,-63.781,-63.795,-63.825,-63.839,-63.855,-63.881,-63.912,-63.95,-63.996,-64.05,-64.111,-64.182,-64.264,-64.339,-64.426,-64.713,-64.81,-64.899,-64.974,-65.042,-65.099,-65.148,-65.186,-65.219,-65.241,-65.254,-65.257,-65.251,-65.236,-65.212,-65.175,-65.182,-65.204,-65.232,-65.278,-65.346,-65.428,-65.556,-65.704,-66.019,-66.288,-66.542,-66.786,-67.024,-67.229,-67.43,-67.622,-67.81,-67.994,-68.169,-68.34,-68.507,-68.669,-68.823,-68.974,-69.123,-69.267,-69.407,-69.542,-69.673,-69.8,-69.925,-70.045,-70.163,-70.276,-70.386,-70.491,-70.594,-70.674,-70.752,-70.827,-70.9,-70.97,-71.041,-71.107,-71.173,-71.237,-71.299,-71.358,-71.416,-71.526,-71.629,-71.726,-71.815,-71.898,-71.975,-72.046,-72.112,-72.172,-72.226,-72.265,-72.301,-72.334,-72.365,-72.392,-72.417,-72.44,-72.46,-72.477,-72.493,-72.518,-72.535,-72.545,-72.55,-72.549,-72.523,-72.51,-72.504,-72.501
