-70.031,-69.616,-69.263,-68.946,-68.65,-68.37,-68.101,-67.841,-67.588,-67.341,-67.099,-66.861,-66.627,-66.396,-66.167,-65.942,-65.719,-65.498,-65.279,-65.063,-64.848,-64.636,-64.426,-64.218,-64.011,-63.806,-63.604,-63.403,-63.204,-63.006,-62.811,-62.617,-62.425,-62.234,-62.046,-61.859,-61.673,-61.489,-61.307,-61.126,-60.947,-60.769,-60.593,-60.419,-60.245,-60.073,-59.903,-59.733,-59.564,-59.397,-59.23,-59.064,-58.899,-58.733,-58.567,-58.398,-58.222,-57.98,-56.946,-55.492,-41.99,-35.499,-20.613,1.9125,-12.05,-24.419,-36.614,-47.478,-53.515,-56.772,-58.795,-60.134,-61.021,-61.612,-62.01,-62.264,-62.414,-62.487,-62.503,-62.478,-62.416,-62.328,-62.227,-62.118,-61.985,-61.846,-61.701,-61.547,-61.392,-61.236,-61.078,-60.919,-60.76,-60.602,-60.444,-60.287,-60.131,-59.978,-59.826,-59.675,-59.527,-59.377,-59.231,-59.086,-58.942,-58.798,-58.655,-58.513,-58.371,-58.229,-58.082,-57.921,-57.315,-56.305,-49.403,-38.902,-31.868,-6.4019,-3.3209,-17.102,-29.092,-41.228,-50.104,-54.768,-57.478,-59.206,-60.368,-61.143,-61.673,-62.026,-62.253,-62.396,-62.457,-62.487,-62.465,-62.416,-62.344,-62.245,-62.14,-62.024,-61.906,-61.779,-61.646,-61.513,-61.371,-61.234,-61.094,-60.955,-60.814,-60.676,-60.539,-60.401,-60.265,-60.131,-59.998,-59.867,-59.737,-59.608,-59.481,-59.354,-59.23,-59.107,-58.984,-58.863,-58.742,-58.622,-58.504,-58.386,-58.268,-58.151,-58.034,-57.916,-57.797,-57.672,-57.534,-56.957,-55.954,-48.335,-38.598,-31.692,-7.6475,-3.537,-16.995,-28.774,-40.514,-49.347,-54.102,-56.875,-58.664,-59.86,-60.675,-61.245,-61.638,-61.892,-62.058,-62.149,-62.187,-62.189,-62.171,-62.12,-62.046,-61.955,-61.857,-61.755,-61.652,-61.539,-61.421,-61.303,-61.182,-61.061,-60.938,-60.818,-60.697,-60.576,-60.454,-60.335,-60.219,-60.103,-59.991,-59.876,-59.764,-59.655,-59.545,-59.437,-59.33,-59.224,-59.12,-59.016,-58.913,-58.812,-58.711,-58.611,-58.512,-58.414,-58.317,-58.221,-58.125,-58.03,-57.935,-57.841,-57.748,-57.655,-57.562,-57.47,-57.377,-57.285,-57.192,-57.099,-57.003,-56.904,-56.795,-56.504,-55.469,-49.233,-38.721,-32.416,-12.7,-3.1402,-15.627,-27.029,-38.179,-47.237,-52.443,-55.448,-57.381,-58.7,-59.602,-60.235,-60.674,-60.98,-61.186,-61.318,-61.388,-61.431,-61.43,-61.403,-61.367,-61.31,-61.245,-61.165,-61.08,-60.988,-60.895,-60.795,-60.697,-60.596,-60.494,-60.393,-60.291,-60.191,-60.091,-59.991,-59.892,-59.796,-59.7,-59.604,-59.511,-59.419,-59.327,-59.236,-59.147,-59.059,-58.972,-58.885,-58.8,-58.715,-58.631,-58.548,-58.466,-58.385,-58.304,-58.225,-58.145,-58.067,-57.989,-57.912,-57.836,-57.76,-57.685,-57.61,-57.536,-57.462,-57.389,-57.316,-57.243,-57.171,-57.099,-57.028,-56.957,-56.886,-56.815,-56.745,-56.675,-56.605,-56.535,-56.464,-56.392,-56.32,-56.247,-56.173,-56.095,-56.004,-55.679,-54.585,-44.79,-37.263,-30.289,-9.4483,-5.9847,-17.627,-28.342,-38.646,-46.818,-51.641,-54.541,-56.412,-57.686,-58.607,-59.243,-59.697,-60.022,-60.246,-60.399,-60.495,-60.548,-60.569,-60.576,-60.561,-60.52,-60.464,-60.404,-60.336,-60.267,-60.193,-60.118,-60.036,-59.957,-59.874,-59.792,-59.709,-59.626,-59.545,-59.463,-59.381,-59.301,-59.224,-59.145,-59.068,-58.992,-58.917,-58.843,-58.77,-58.697,-58.625,-58.554,-58.485,-58.415,-58.347,-58.279,-58.212,-58.146,-58.08,-58.015,-57.951,-57.887,-57.824,-57.761,-57.699,-57.637,-57.576,-57.515,-57.455,-57.395,-57.336,-57.278,-57.219,-57.162,-57.104,-57.047,-56.99,-56.934,-56.877,-56.822,-56.766,-56.711,-56.657,-56.602,-56.548,-56.494,-56.44,-56.387,-56.333,-56.28,-56.227,-56.175,-56.122,-56.069,-56.016,-55.963,-55.909,-55.856,-55.802,-55.747,-55.692,-55.636,-55.579,-55.52,-55.457,-55.378,-54.901,-53.573,-41.381,-35.618,-27.123,-6.6938,-9.2384,-20.117,-30.252,-39.73,-46.942,-51.271,-53.93,-55.698,-56.933,-57.812,-58.447,-58.894,-59.225,-59.457,-59.623,-59.729,-59.799,-59.845,-59.856,-59.847,-59.83,-59.791,-59.747,-59.702,-59.649,-59.59,-59.527,-59.464,-59.397,-59.33,-59.261,-59.193,-59.125,-59.057,-58.989,-58.922,-58.856,-58.791,-58.725,-58.661,-58.597,-58.535,-58.473,-58.413,-58.352,-58.292,-58.233,-58.175,-58.118,-58.061,-58.005,-57.95,-57.895,-57.84,-57.787,-57.733,-57.68,-57.628,-57.576,-57.525,-57.474,-57.423,-57.373,-57.323,-57.274,-57.225,-57.176,-57.128,-57.08,-57.032,-56.985,-56.938,-56.892,-56.846,-56.799,-56.754,-56.709,-56.663,-56.619,-56.574,-56.53,-56.486,-56.443,-56.399,-56.356,-56.313,-56.27,-56.228,-56.186,-56.143,-56.101,-56.06,-56.018,-55.977,-55.936,-55.895,-55.854,-55.813,-55.773,-55.732,-55.692,-55.652,-55.611,-55.571,-55.531,-55.49,-55.45,-55.409,-55.369,-55.328,-55.287,-55.245,-55.203,-55.159,-55.114,-55.065,-55.009,-54.921,-54.096,-48.653,-38.283,-32.835,-19.98,-5.7908,-13.953,-24.152,-33.677,-42.16,-48.093,-51.679,-53.961,-55.524,-56.622,-57.409,-57.981,-58.409,-58.714,-58.935,-59.091,-59.212,-59.283,-59.322,-59.338,-59.335,-59.321,-59.303,-59.272,-59.232,-59.188,-59.138,-59.084,-59.03,-58.974,-58.917,-58.856,-58.798,-58.741,-58.684,-58.626,-58.57,-58.513,-58.457,-58.402,-58.348,-58.294,-58.24,-58.188,-58.136,-58.084,-58.034,-57.984,-57.934,-57.885,-57.837,-57.788,-57.741,-57.694,-57.647,-57.601,-57.556,-57.51,-57.465,-57.421,-57.377,-57.333,-57.29,-57.247,-57.204,-57.162,-57.12,-57.078,-57.037,-56.996,-56.955,-56.914,-56.874,-56.834,-56.794,-56.755,-56.716,-56.677,-56.638,-56.6,-56.562,-56.524,-56.486,-56.449,-56.412,-56.375,-56.338,-56.303,-56.266,-56.23,-56.193,-56.156,-56.122,-56.086,-56.052,-56.019,-55.984,-55.949,-55.915,-55.88,-55.847,-55.811,-55.775,-55.743,-55.709,-55.676,-55.644,-55.611,-55.577,-55.543,-55.512,-55.476,-55.441,-55.409,-55.375,-55.342,-55.31,-55.278,-55.246,-55.213,-55.181,-55.149,-55.117,-55.084,-55.051,-55.018,-54.985,-54.951,-54.916,-54.88,-54.844,-54.806,-54.764,-54.715,-54.625,-53.739,-46.452,-37.698,-32.198,-18.976,-6.7288,-14.713,-24.632,-33.852,-41.984,-47.733,-51.248,-53.516,-55.07,-56.17,-56.96,-57.543,-57.988,-58.3,-58.532,-58.699,-58.815,-58.894,-58.947,-58.97,-58.978,-58.979,-58.967,-58.941,-58.91,-58.872,-58.83,-58.78,-58.733,-58.683,-58.632,-58.583,-58.531,-58.48,-58.43,-58.38,-58.329,-58.28,-58.23,-58.181,-58.133,-58.085,-58.037,-57.99,-57.944,-57.899,-57.854,-57.809,-57.765,-57.722,-57.678,-57.636,-57.594,-57.552,-57.511,-57.47,-57.429,-57.389,-57.349,-57.31,-57.271,-57.232,-57.193,-57.155,-57.117,-57.08,-57.043,-57.006,-56.969,-56.933,-56.897,-56.861,-56.825,-56.789,-56.754,-56.718,-56.684,-56.649,-56.615,-56.58,-56.546,-56.512,-56.479,-56.446,-56.412,-56.379,-56.347,-56.314,-56.282,-56.25,-56.218,-56.186,-56.154,-56.123,-56.092,-56.061,-56.03,-55.999,-55.969,-55.938,-55.908,-55.878,-55.848,-55.818,-55.789,-55.759,-55.73,-55.701,-55.672,-55.643,-55.614,-55.585,-55.557,-55.528,-55.5,-55.472,-55.444,-55.416,-55.388,-55.36,-55.332,-55.305,-55.277,-55.25,-55.223,-55.196,-55.169,-55.142,-55.115,-55.088,-55.061,-55.034,-55.007,-54.979,-54.952,-54.925,-54.897,-54.87,-54.842,-54.813,-54.785,-54.756,-54.726,-54.696,-54.664,-54.631,-54.595,-54.554,-54.494,-53.928,-51.673,-39.236,-34.171,-24.892,-8.2007,-11.735,-21.506,-30.801,-39.248,-45.774,-49.922,-52.532,-54.305,-55.539,-56.435,-57.085,-57.565,-57.924,-58.198,-58.395,-58.534,-58.63,-58.693,-58.735,-58.75,-58.752,-58.747,-58.736,-58.713,-58.68,-58.646,-58.607,-58.565,-58.52,-58.475,-58.429,-58.382,-58.334,-58.288,-58.242,-58.195,-58.149,-58.104,-58.058,-58.014,-57.97,-57.926,-57.883,-57.839,-57.796,-57.754,-57.713,-57.672,-57.632,-57.592,-57.553,-57.514,-57.475,-57.437,-57.399,-57.362,-57.325,-57.289,-57.252,-57.216,-57.18,-57.145,-57.109,-57.074,-57.039,-57.005,-56.971,-56.937,-56.903,-56.869,-56.836,-56.803,-56.77,-56.737,-56.705,-56.672,-56.64,-56.609,-56.577,-56.545,-56.514,-56.483,-56.452,-56.421,-56.391,-56.361,-56.331,-56.301,-56.271,-56.241,-56.212,-56.183,-56.154,-56.125,-56.096,-56.068,-56.039,-56.011,-55.983,-55.955,-55.927,-55.9,-55.873,-55.846,-55.819,-55.792,-55.765,-55.738,-55.712,-55.686,-55.659,-55.633,-55.608,-55.582,-55.556,-55.53,-55.505,-55.48,-55.454,-55.429,-55.404,-55.379,-55.355,-55.33,-55.305,-55.281,-55.257,-55.232,-55.208,-55.184,-55.16,-55.136,-55.112,-55.088,-55.064,-55.041,-55.017,-54.993,-54.969,-54.945,-54.921,-54.897,-54.873,-54.849,-54.825,-54.8,-54.776,-54.752,-54.727,-54.702,-54.676,-54.65,-54.623,-54.596,-54.568,-54.538,-54.505,-54.465,-54.402,-53.725,-50.119,-38.573,-33.517,-23.36,-7.8946,-12.796,-22.443,-31.59,-39.815,-46.065,-50.028,-52.549,-54.258,-55.462,-56.338,-56.994,-57.469,-57.822,-58.08,-58.272,-58.408,-58.51,-58.57,-58.609,-58.637,-58.643,-58.642,-58.627,-58.594,-58.565,-58.527,-58.49,-58.449,-58.409,-58.367,-58.324,-58.278,-58.233,-58.192,-58.148,-58.104,-58.06,-58.016,-57.974,-57.932,-57.89,-57.849,-57.808,-57.768,-57.727,-57.688,-57.649,-57.611,-57.573,-57.535,-57.498,-57.461,-57.425,-57.389,-57.353,-57.318,-57.283,-57.248,-57.213,-57.179,-57.145,-57.111,-57.078,-57.045,-57.012,-56.979,-56.947,-56.915,-56.883,-56.851,-56.819,-56.788,-56.757,-56.726,-56.695,-56.664,-56.634,-56.604,-56.573,-56.543,-56.514,-56.484,-56.455,-56.426,-56.396,-56.368,-56.339,-56.31,-56.282,-56.254,-56.226,-56.198,-56.171,-56.143,-56.116,-56.089,-56.062,-56.035,-56.009,-55.982,-55.956,-55.93,-55.904,-55.878,-55.852,-55.826,-55.801,-55.776,-55.751,-55.726,-55.701,-55.677,-55.652,-55.628,-55.604,-55.579,-55.555,-55.532,-55.508,-55.484,-55.46,-55.437,-55.414,-55.39,-55.367,-55.344,-55.321,-55.298,-55.275,-55.253,-55.23,-55.208,-55.186,-55.163,-55.141,-55.119,-55.097,-55.075,-55.053,-55.031,-55.009,-54.987,-54.965,-54.944,-54.922,-54.9,-54.878,-54.857,-54.835,-54.813,-54.791,-54.769,-54.747,-54.726,-54.703,-54.681,-54.658,-54.635,-54.612,-54.588,-54.563,-54.538,-54.512,-54.484,-54.453,-54.418,-54.373,-54.124,-52.847,-41.312,-35.735,-28.904,-12.826,-9.3046,-18.398,-27.782,-36.429,-43.612,-48.473,-51.502,-53.51,-54.904,-55.907,-56.652,-57.194,-57.598,-57.901,-58.118,-58.281,-58.399,-58.474,-58.524,-58.562,-58.576,-58.582,-58.567,-58.537,-58.515,-58.479,-58.446,-58.408,-58.369,-58.329,-58.287,-58.246,-58.204,-58.162,-58.119,-58.076,-58.035,-57.992,-57.951,-57.91,-57.869,-57.828,-57.788,-57.749,-57.709,-57.671,-57.633,-57.596,-57.559,-57.522,-57.486,-57.45,-57.415,-57.38,-57.345,-57.311,-57.277,-57.243,-57.209,-57.176,-57.143,-57.11,-57.078,-57.045,-57.013,-56.981,-56.95,-56.918,-56.887,-56.856,-56.825,-56.795,-56.764,-56.734,-56.704,-56.674,-56.645,-56.615,-56.586,-56.557,-56.529,-56.5,-56.471,-56.443,-56.415,-56.387,-56.359,-56.331,-56.303,-56.276,-56.249,-56.222,-56.195,-56.169,-56.142,-56.116,-56.09,-56.064,-56.038,-56.012,-55.987,-55.962,-55.936,-55.911,-55.886,-55.862,-55.837,-55.813,-55.788,-55.764,-55.74,-55.716,-55.692,-55.668,-55.645,-55.621,-55.598,-55.575,-55.552,-55.529,-55.506,-55.484,-55.461,-55.439,-55.417,-55.395,-55.373,-55.351,-55.329,-55.307,-55.285,-55.264,-55.243,-55.221,-55.2,-55.179,-55.159,-55.138,-55.117,-55.096,-55.075,-55.054,-55.033,-55.013,-54.992,-54.971,-54.951,-54.93,-54.91,-54.89,-54.869,-54.849,-54.828,-54.808,-54.788,-54.767,-54.747,-54.726,-54.705,-54.685,-54.664,-54.643,-54.622,-54.601,-54.58,-54.559,-54.537,-54.515,-54.491,-54.468,-54.443,-54.418,-54.389,-54.355,-54.305,-53.912,-52.348,-40.102,-34.969,-27.273,-10.844,-10.509,-19.819,-29.037,-37.475,-44.325,-48.869,-51.723,-53.627,-54.96,-55.922,-56.639,-57.163,-57.551,-57.842,-58.053,-58.211,-58.325,-58.403,-58.451,-58.484,-58.498,-58.504,-58.494,-58.465,-58.442,-58.406,-58.374,-58.337,-58.299,-58.26,-58.218,-58.18,-58.14,-58.098,-58.056,-58.015,-57.974,-57.933,-57.893,-57.853,-57.813,-57.773,-57.734,-57.697,-57.659,-57.621,-57.584,-57.548,-57.512,-57.476,-57.441,-57.406,-57.372,-57.338,-57.304,-57.271,-57.237,-57.205,-57.172,-57.14,-57.108,-57.077,-57.045,-57.014,-56.983,-56.952,-56.921,-56.891,-56.861,-56.831,-56.801,-56.771,-56.742,-56.713,-56.683,-56.654,-56.625,-56.597,-56.568,-56.54,-56.512,-56.484,-56.456,-56.429,-56.401,-56.374,-56.347,-56.32,-56.293,-56.267,-56.24,-56.214,-56.188,-56.162,-56.136,-56.11,-56.085,-56.06,-56.035,-56.009,-55.985,-55.96,-55.935,-55.911,-55.887,-55.863,-55.839,-55.815,-55.792,-55.768,-55.745,-55.722,-55.699,-55.676,-55.653,-55.63,-55.607,-55.585,-55.562,-55.54,-55.518,-55.496,-55.474,-55.452,-55.431,-55.409,-55.388,-55.366,-55.345,-55.324,-55.304,-55.282,-55.261,-55.241,-55.22,-55.199,-55.179,-55.158,-55.138,-55.118,-55.098,-55.078,-55.058,-55.038,-55.018,-54.998,-54.978,-54.959,-54.939,-54.92,-54.9,-54.881,-54.861,-54.842,-54.822,-54.803,-54.783,-54.764,-54.744,-54.724,-54.705,-54.685,-54.665,-54.646,-54.626,-54.606,-54.586,-54.565,-54.545,-54.524,-54.503,-54.482,-54.46,-54.437,-54.413,-54.389,-54.361,-54.331,-54.293,-54.21,-53.276,-44.616,-37.139,-31.649,-18.923,-8.096,-15.417,-24.84,-33.655,-41.343,-46.953,-50.476,-52.759,-54.328,-55.446,-56.263,-56.881,-57.324,-57.658,-57.903,-58.087,-58.22,-58.32,-58.38,-58.417,-58.447,-58.454,-58.453,-58.436,-58.407,-58.386,-58.351,-58.318,-58.279,-58.241,-58.204,-58.162,-58.121,-58.079,-58.039,-57.997,-57.957,-57.916,-57.877,-57.838,-57.799,-57.76,-57.722,-57.684,-57.647,-57.61,-57.574,-57.538,-57.503,-57.468,-57.433,-57.399,-57.365,-57.331,-57.298,-57.266,-57.233,-57.2,-57.168,-57.136,-57.104,-57.073,-57.042,-57.011,-56.98,-56.95,-56.92,-56.889,-56.86,-56.83,-56.801,-56.771,-56.742,-56.714,-56.685,-56.656,-56.628,-56.6,-56.572,-56.544,-56.517,-56.489,-56.462,-56.435,-56.408,-56.381,-56.354,-56.328,-56.301,-56.275,-56.249,-56.223,-56.197,-56.172,-56.146,-56.121,-56.096,-56.071,-56.046,-56.022,-55.997,-55.973,-55.949,-55.925,-55.901,-55.877,-55.854,-55.83,-55.807,-55.784,-55.76,-55.737,-55.715,-55.692,-55.669,-55.647,-55.625,-55.603,-55.581,-55.559,-55.537,-55.515,-55.494,-55.472,-55.451,-55.43,-55.409,-55.388,-55.367,-55.346,-55.325,-55.305,-55.285,-55.264,-55.244,-55.224,-55.203,-55.183,-55.164,-55.144,-55.124,-55.104,-55.085,-55.065,-55.046,-55.027,-55.007,-54.988,-54.969,-54.949,-54.93,-54.911,-54.892,-54.873,-54.854,-54.835,-54.816,-54.797,-54.778,-54.759,-54.74,-54.721,-54.702,-54.683,-54.664,-54.645,-54.625,-54.606,-54.587,-54.567,-54.547,-54.527,-54.507,-54.487,-54.466,-54.444,-54.421,-54.397,-54.372,-54.345,-54.31,-54.253,-53.64,-50.417,-38.664,-33.692,-24.145,-8.6823,-12.498,-21.967,-30.997,-39.141,-45.486,-49.591,-52.185,-53.931,-55.176,-56.07,-56.728,-57.214,-57.584,-57.853,-58.053,-58.2,-58.315,-58.388,-58.43,-58.454,-58.465,-58.462,-58.45,-58.433,-58.412,-58.384,-58.351,-58.315,-58.276,-58.238,-58.198,-58.157,-58.115,-58.073,-58.032,-57.991,-57.95,-57.911,-57.87,-57.831,-57.792,-57.753,-57.715,-57.678,-57.641,-57.604,-57.567,-57.532,-57.496,-57.461,-57.427,-57.392,-57.359,-57.325,-57.292,-57.259,-57.226,-57.194,-57.162,-57.13,-57.099,-57.067,-57.036,-57.006,-56.975,-56.945,-56.915,-56.885,-56.855,-56.826,-56.796,-56.767,-56.738,-56.709,-56.681,-56.652,-56.624,-56.596,-56.568,-56.54,-56.512,-56.485,-56.458,-56.431,-56.404,-56.377,-56.35,-56.324,-56.298,-56.272,-56.246,-56.22,-56.194,-56.169,-56.144,-56.119,-56.094,-56.069,-56.044,-56.02,-55.995,-55.971,-55.947,-55.923,-55.899,-55.875,-55.852,-55.828,-55.805,-55.782,-55.759,-55.736,-55.714,-55.691,-55.669,-55.647,-55.625,-55.603,-55.581,-55.559,-55.538,-55.516,-55.494,-55.473,-55.451,-55.431,-55.41,-55.389,-55.368,-55.348,-55.327,-55.307,-55.287,-55.266,-55.246,-55.227,-55.206,-55.187,-55.167,-55.147,-55.128,-55.108,-55.089,-55.07,-55.051,-55.031,-55.012,-54.993,-54.974,-54.955,-54.936,-54.917,-54.899,-54.88,-54.861,-54.842,-54.823,-54.805,-54.786,-54.767,-54.749,-54.73,-54.711,-54.692,-54.673,-54.654,-54.635,-54.616,-54.597,-54.578,-54.559,-54.539,-54.52,-54.5,-54.48,-54.459,-54.437,-54.415,-54.391,-54.367,-54.339,-54.304,-54.246,-53.602,-50.003,-38.534,-33.552,-23.811,-8.6001,-12.699,-22.184,-31.156,-39.282,-45.565,-49.608,-52.184,-53.93,-55.165,-56.054,-56.711,-57.195,-57.575,-57.841,-58.041,-58.186,-58.291,-58.363,-58.408,-58.433,-58.442,-58.449,-58.441,-58.421,-58.398,-58.369,-58.336,-58.3,-58.26,-58.219,-58.178,-58.138,-58.098,-58.056,-58.016,-57.976,-57.935,-57.895,-57.855,-57.816,-57.777,-57.739,-57.7,-57.662,-57.625,-57.588,-57.552,-57.517,-57.481,-57.446,-57.412,-57.378,-57.344,-57.311,-57.278,-57.245,-57.213,-57.181,-57.149,-57.117,-57.086,-57.055,-57.024,-56.993,-56.963,-56.933,-56.903,-56.873,-56.844,-56.815,-56.785,-56.756,-56.728,-56.699,-56.67,-56.642,-56.614,-56.586,-56.559,-56.531,-56.504,-56.477,-56.45,-56.423,-56.396,-56.37,-56.343,-56.317,-56.291,-56.265,-56.239,-56.213,-56.188,-56.163,-56.138,-56.113,-56.088,-56.063,-56.039,-56.014,-55.99,-55.966,-55.942,-55.918,-55.895,-55.871,-55.848,-55.825,-55.802,-55.779,-55.756,-55.734,-55.711,-55.689,-55.666,-55.644,-55.622,-55.6,-55.579,-55.557,-55.536,-55.514,-55.493,-55.472,-55.451,-55.43,-55.409,-55.388,-55.368,-55.347,-55.327,-55.306,-55.286,-55.266,-55.246,-55.226,-55.206,-55.186,-55.167,-55.147,-55.128,-55.108,-55.089,-55.07,-55.051,-55.031,-55.012,-54.993,-54.974,-54.956,-54.937,-54.918,-54.9,-54.881,-54.863,-54.844,-54.826,-54.807,-54.789,-54.77,-54.752,-54.733,-54.715,-54.696,-54.677,-54.659,-54.64,-54.621,-54.602,-54.583,-54.564,-54.545,-54.526,-54.506,-54.486,-54.466,-54.445,-54.423,-54.401,-54.377,-54.351,-54.321,-54.279,-54.118,-52.933,-42.058,-36.137,-29.858,-14.945,-8.9205,-17.437,-26.758,-35.383,-42.71,-47.834,-51.032,-53.133,-54.598,-55.643,-56.407,-56.969,-57.394,-57.715,-57.947,-58.118,-58.241,-58.329,-58.386,-58.42,-58.436,-58.445,-58.444,-58.429,-58.408,-58.382,-58.35,-58.316,-58.279,-58.238,-58.197,-58.155,-58.115,-58.075,-58.033,-57.993,-57.953,-57.912,-57.872,-57.832,-57.793,-57.754,-57.715,-57.678,-57.641,-57.604,-57.568,-57.532,-57.496,-57.461,-57.427,-57.392,-57.359,-57.325,-57.292,-57.259,-57.227,-57.195,-57.162,-57.131,-57.099,-57.068,-57.037,-57.007,-56.977,-56.946,-56.917,-56.887,-56.857,-56.828,-56.798,-56.769,-56.741,-56.712,-56.684,-56.655,-56.627,-56.599,-56.572,-56.544,-56.517,-56.489,-56.462,-56.435,-56.409,-56.382,-56.355,-56.329,-56.303,-56.277,-56.252,-56.226,-56.201,-56.175,-56.15,-56.125,-56.1,-56.076,-56.051,-56.027,-56.003,-55.979,-55.955,-55.931,-55.908,-55.884,-55.861,-55.838,-55.815,-55.791,-55.769,-55.747,-55.724,-55.702,-55.679,-55.657,-55.635,-55.613,-55.591,-55.57,-55.548,-55.527,-55.506,-55.484,-55.463,-55.442,-55.421,-55.401,-55.38,-55.36,-55.339,-55.319,-55.299,-55.279,-55.258,-55.24,-55.217,-55.198,-55.178,-55.158,-55.14,-55.118,-55.099,-55.079,-55.06,-55.039,-55.02,-55.002,-54.986,-54.967,-54.949,-54.929,-54.911,-54.89,-54.872,-54.85,-54.832,-54.811,-54.793,-54.774,-54.755,-54.737,-54.719,-54.698,-54.68,-54.66,-54.639,-54.623,-54.603,-54.584,-54.565,-54.546,-54.526,-54.504,-54.482,-54.462,-54.441,-54.421,-54.394,-54.37,-54.343,-54.312,-54.269,-54.042,-52.78,-41.382,-35.794,-29.173,-13.686,-9.3486,-18.132,-27.427,-35.99,-43.173,-48.117,-51.209,-53.257,-54.677,-55.699,-56.446,-56.995,-57.427,-57.729,-57.956,-58.122,-58.24,-58.324,-58.383,-58.415,-58.43,-58.441,-58.437,-58.421,-58.4,-58.373,-58.341,-58.301,-58.265,-58.225,-58.185,-58.143,-58.103,-58.064,-58.022,-57.982,-57.941,-57.901,-57.861,-57.822,-57.782,-57.743,-57.706,-57.668,-57.63,-57.594,-57.558,-57.522,-57.487,-57.452,-57.418,-57.383,-57.35,-57.316,-57.283,-57.251,-57.218,-57.186,-57.154,-57.122,-57.091,-57.06,-57.029,-56.999,-56.969,-56.938,-56.909,-56.879,-56.849,-56.82,-56.791,-56.762,-56.733,-56.704,-56.676,-56.648,-56.62,-56.592,-56.565,-56.537,-56.51,-56.483,-56.456,-56.429,-56.402,-56.376,-56.35,-56.324,-56.298,-56.272,-56.246,-56.221,-56.195,-56.17,-56.145,-56.12,-56.095,-56.07,-56.046,-56.022,-55.998,-55.974,-55.95,-55.926,-55.903,-55.879,-55.856,-55.833,-55.81,-55.787,-55.765,-55.742,-55.72,-55.697,-55.675,-55.653,-55.631,-55.609,-55.587,-55.566,-55.545,-55.523,-55.502,-55.481,-55.46,-55.44,-55.419,-55.399,-55.378,-55.358,-55.337,-55.317,-55.297,-55.277,-55.257,-55.238,-55.218,-55.199,-55.179,-55.16,-55.141,-55.121,-55.102,-55.083,-55.064,-55.045,-55.026,-55.007,-54.989,-54.97,-54.951,-54.932,-54.914,-54.896,-54.878,-54.859,-54.84,-54.822,-54.804,-54.786,-54.768,-54.749,-54.731,-54.713,-54.694,-54.675,-54.657,-54.638,-54.62,-54.601,-54.582,-54.563,-54.543,-54.524,-54.504,-54.484,-54.464,-54.443,-54.421,-54.399,-54.375,-54.349,-54.318,-54.279,-54.182,-53.156,-43.558,-36.773,-31.049,-17.531,-8.3284,-16.14,-25.533,-34.274,-41.845,-47.275,-50.675,-52.89,-54.418,-55.51,-56.309,-56.909,-57.349,-57.677,-57.914,-58.094,-58.222,-58.314,-58.372,-58.412,-58.437,-58.445,-58.442,-58.418,-58.394,-58.363,-58.328,-58.294,-58.259,-58.221,-58.182,-58.141,-58.101,-58.062,-58.022,-57.98,-57.94,-57.9,-57.86,-57.821,-57.782,-57.744,-57.706,-57.668,-57.631,-57.594,-57.558,-57.522,-57.487,-57.452,-57.418,-57.384,-57.35,-57.316,-57.284,-57.251,-57.218,-57.186,-57.155,-57.123,-57.092,-57.061,-57.03,-56.999,-56.969,-56.939,-56.909,-56.879,-56.85,-56.821,-56.791,-56.763,-56.734,-56.705,-56.677,-56.649,-56.621,-56.593,-56.565,-56.538,-56.511,-56.483,-56.456,-56.429,-56.402,-56.376,-56.35,-56.324,-56.297,-56.272,-56.246,-56.22,-56.195,-56.17,-56.145,-56.12,-56.095,-56.07,-56.046,-56.022,-55.998,-55.974,-55.95,-55.927,-55.903,-55.88,-55.856,-55.834,-55.811,-55.788,-55.765,-55.743,-55.72,-55.698,-55.676,-55.654,-55.632,-55.61,-55.588,-55.567,-55.545,-55.524,-55.503,-55.482,-55.461,-55.44,-55.42,-55.399,-55.379,-55.358,-55.338,-55.318,-55.298,-55.278,-55.258,-55.239,-55.219,-55.199,-55.18,-55.16,-55.141,-55.122,-55.103,-55.085,-55.066,-55.047,-55.027,-55.008,-54.99,-54.971,-54.952,-54.934,-54.915,-54.897,-54.879,-54.861,-54.842,-54.824,-54.805,-54.786,-54.768,-54.749,-54.731,-54.712,-54.694,-54.675,-54.657,-54.638,-54.619,-54.6,-54.581,-54.562,-54.543,-54.524,-54.504,-54.484,-54.464,-54.443,-54.421,-54.399,-54.375,-54.349,-54.319,-54.283,-54.206,-53.308,-45.111,-37.292,-31.896,-19.608,-8.1014,-15.096,-24.508,-33.337,-41.076,-46.769,-50.357,-52.676,-54.268,-55.404,-56.227,-56.834,-57.298,-57.641,-57.891,-58.075,-58.204,-58.299,-58.368,-58.404,-58.423,-58.436,-58.437,-58.423,-58.405,-58.379,-58.348,-58.311,-58.272,-58.233,-58.193,-58.152,-58.112,-58.072,-58.031,-57.99,-57.949,-57.909,-57.869,-57.829,-57.79,-57.751,-57.712,-57.675,-57.637,-57.6,-57.564,-57.528,-57.492,-57.457,-57.422,-57.388,-57.354,-57.321,-57.288,-57.255,-57.222,-57.19,-57.158,-57.126,-57.095,-57.064,-57.033,-57.003,-56.972,-56.942,-56.912,-56.882,-56.852,-56.823,-56.794,-56.765,-56.736,-56.707,-56.679,-56.65,-56.622,-56.595,-56.567,-56.539,-56.512,-56.485,-56.458,-56.431,-56.404,-56.378,-56.351,-56.325,-56.299,-56.273,-56.247,-56.222,-56.196,-56.171,-56.146,-56.121,-56.096,-56.072,-56.047,-56.023,-55.998,-55.974,-55.951,-55.927,-55.904,-55.88,-55.857,-55.834,-55.811,-55.788,-55.765,-55.743,-55.72,-55.698,-55.676,-55.653,-55.632,-55.61,-55.588,-55.566,-55.545,-55.524,-55.503,-55.482,-55.461,-55.44,-55.419,-55.399,-55.379,-55.358,-55.338,-55.318,-55.298,-55.278,-55.258,-55.239,-55.219,-55.199,-55.179,-55.16,-55.14,-55.121,-55.102,-55.083,-55.064,-55.045,-55.026,-55.007,-54.988,-54.969,-54.95,-54.932,-54.913,-54.895,-54.876,-54.858,-54.839,-54.821,-54.802,-54.784,-54.765,-54.747,-54.728,-54.71,-54.691,-54.672,-54.654,-54.635,-54.616,-54.597,-54.578,-54.559,-54.54,-54.52,-54.5,-54.479,-54.458,-54.437,-54.415,-54.391,-54.366,-54.336,-54.3,-54.23,-53.406,-46.391,-37.649,-32.424,-20.874,-8.0494,-14.368,-23.818,-32.672,-40.569,-46.446,-50.167,-52.557,-54.196,-55.359,-56.2,-56.822,-57.284,-57.643,-57.896,-58.085,-58.222,-58.313,-58.378,-58.418,-58.439,-58.452,-58.454,-58.443,-58.422,-58.397,-58.366,-58.332,-58.293,-58.251,-58.211,-58.169,-58.131,-58.088,-58.047,-58.006,-57.964,-57.924,-57.884,-57.843,-57.804,-57.765,-57.726,-57.689,-57.65,-57.613,-57.576,-57.54,-57.504,-57.469,-57.434,-57.399,-57.365,-57.331,-57.298,-57.265,-57.232,-57.199,-57.167,-57.135,-57.104,-57.072,-57.041,-57.01,-56.98,-56.949,-56.919,-56.889,-56.86,-56.83,-56.801,-56.772,-56.743,-56.714,-56.686,-56.657,-56.629,-56.601,-56.573,-56.545,-56.518,-56.49,-56.463,-56.436,-56.409,-56.382,-56.355,-56.329,-56.303,-56.277,-56.251,-56.225,-56.2,-56.174,-56.149,-56.124,-56.1,-56.075,-56.05,-56.026,-56.002,-55.978,-55.954,-55.93,-55.907,-55.883,-55.86,-55.836,-55.813,-55.79,-55.767,-55.745,-55.722,-55.7,-55.678,-55.655,-55.633,-55.612,-55.59,-55.568,-55.547,-55.526,-55.505,-55.483,-55.463,-55.442,-55.421,-55.399,-55.379,-55.358,-55.338,-55.317,-55.297,-55.277,-55.258,-55.238,-55.218,-55.198,-55.179,-55.16,-55.14,-55.121,-55.101,-55.082,-55.063,-55.044,-55.025,-55.006,-54.986,-54.967,-54.949,-54.93,-54.911,-54.892,-54.873,-54.855,-54.836,-54.817,-54.798,-54.779,-54.76,-54.741,-54.722,-54.703,-54.684,-54.666,-54.647,-54.627,-54.609,-54.589,-54.57,-54.551,-54.531,-54.511,-54.491,-54.47,-54.448,-54.426,-54.402,-54.378,-54.349,-54.313,-54.243,-53.416,-46.384,-37.649,-32.412,-20.833,-8.0064,-14.406,-23.872,-32.784,-40.66,-46.517,-50.216,-52.598,-54.23,-55.386,-56.226,-56.866,-57.321,-57.661,-57.913,-58.1,-58.235,-58.337,-58.4,-58.438,-58.467,-58.474,-58.473,-58.452,-58.423,-58.397,-58.361,-58.326,-58.291,-58.253,-58.21,-58.17,-58.132,-58.09,-58.049,-58.008,-57.967,-57.927,-57.886,-57.846,-57.806,-57.767,-57.727,-57.69,-57.652,-57.614,-57.577,-57.541,-57.505,-57.47,-57.435,-57.4,-57.366,-57.332,-57.299,-57.265,-57.233,-57.2,-57.168,-57.136,-57.104,-57.073,-57.041,-57.011,-56.98,-56.95,-56.919,-56.889,-56.86,-56.83,-56.801,-56.772,-56.743,-56.714,-56.685,-56.657,-56.629,-56.6,-56.573,-56.545,-56.517,-56.49,-56.463,-56.436,-56.409,-56.382,-56.355,-56.329,-56.303,-56.277,-56.251,-56.225,-56.199,-56.174,-56.149,-56.124,-56.099,-56.074,-56.049,-56.025,-56.001,-55.976,-55.952,-55.928,-55.904,-55.881,-55.857,-55.834,-55.811,-55.788,-55.765,-55.743,-55.72,-55.697,-55.675,-55.653,-55.631,-55.609,-55.587,-55.565,-55.544,-55.522,-55.501,-55.48,-55.459,-55.438,-55.417,-55.396,-55.375,-55.355,-55.335,-55.314,-55.294,-55.274,-55.254,-55.234,-55.214,-55.194,-55.175,-55.155,-55.135,-55.116,-55.097,-55.078,-55.058,-55.039,-55.02,-55.001,-54.982,-54.964,-54.945,-54.926,-54.907,-54.888,-54.87,-54.851,-54.832,-54.814,-54.795,-54.777,-54.758,-54.739,-54.72,-54.702,-54.683,-54.664,-54.645,-54.626,-54.607,-54.588,-54.568,-54.549,-54.529,-54.509,-54.489,-54.468,-54.447,-54.424,-54.4,-54.375,-54.346,-54.309,-54.228,-53.302,-44.812,-37.196,-31.733,-19.081,-8.0487,-15.292,-24.723,-33.54,-41.29,-46.938,-50.481,-52.783,-54.359,-55.482,-56.298,-56.899,-57.349,-57.692,-57.939,-58.121,-58.253,-58.346,-58.409,-58.448,-58.465,-58.469,-58.471,-58.458,-58.437,-58.41,-58.379,-58.344,-58.305,-58.263,-58.222,-58.18,-58.138,-58.097,-58.055,-58.013,-57.972,-57.931,-57.891,-57.85,-57.811,-57.772,-57.732,-57.694,-57.656,-57.618,-57.581,-57.544,-57.508,-57.472,-57.438,-57.403,-57.369,-57.335,-57.301,-57.268,-57.235,-57.202,-57.17,-57.137,-57.106,-57.074,-57.043,-57.012,-56.981,-56.951,-56.92,-56.89,-56.86,-56.831,-56.801,-56.772,-56.743,-56.714,-56.686,-56.657,-56.629,-56.6,-56.572,-56.544,-56.517,-56.489,-56.462,-56.435,-56.408,-56.381,-56.355,-56.328,-56.302,-56.276,-56.25,-56.224,-56.199,-56.173,-56.148,-56.123,-56.098,-56.073,-56.048,-56.024,-55.999,-55.975,-55.951,-55.927,-55.903,-55.88,-55.856,-55.833,-55.81,-55.787,-55.764,-55.741,-55.718,-55.696,-55.674,-55.651,-55.629,-55.607,-55.585,-55.563,-55.542,-55.521,-55.499,-55.478,-55.457,-55.436,-55.415,-55.394,-55.374,-55.353,-55.333,-55.313,-55.292,-55.272,-55.252,-55.232,-55.212,-55.192,-55.173,-55.154,-55.134,-55.115,-55.095,-55.076,-55.057,-55.038,-55.019,-55.0,-54.981,-54.962,-54.943,-54.924,-54.905,-54.886,-54.868,-54.849,-54.83,-54.812,-54.793,-54.774,-54.755,-54.736,-54.718,-54.699,-54.68,-54.661,-54.642,-54.623,-54.603,-54.584,-54.565,-54.545,-54.525,-54.505,-54.485,-54.463,-54.441,-54.419,-54.395,-54.368,-54.337,-54.292,-53.99,-52.625,-40.75,-35.417,-28.321,-12.257,-9.8475,-18.908,-28.2,-36.726,-43.761,-48.514,-51.489,-53.465,-54.842,-55.832,-56.56,-57.108,-57.51,-57.809,-58.021,-58.185,-58.3,-58.377,-58.427,-58.458,-58.479,-58.48,-58.474,-58.452,-58.416,-58.391,-58.352,-58.317,-58.279,-58.239,-58.198,-58.156,-58.116,-58.073,-58.033,-57.993,-57.95,-57.91,-57.869,-57.829,-57.79,-57.751,-57.712,-57.674,-57.636,-57.599,-57.561,-57.525,-57.489,-57.454,-57.419,-57.384,-57.35,-57.317,-57.283,-57.25,-57.217,-57.184,-57.152,-57.12,-57.089,-57.057,-57.026,-56.995,-56.964,-56.934,-56.904,-56.874,-56.844,-56.814,-56.785,-56.756,-56.727,-56.698,-56.669,-56.641,-56.613,-56.584,-56.557,-56.529,-56.501,-56.474,-56.446,-56.419,-56.393,-56.366,-56.339,-56.313,-56.287,-56.261,-56.235,-56.209,-56.184,-56.158,-56.133,-56.108,-56.083,-56.058,-56.033,-56.009,-55.984,-55.96,-55.936,-55.912,-55.888,-55.865,-55.841,-55.818,-55.795,-55.772,-55.749,-55.726,-55.705,-55.682,-55.661,-55.637,-55.616,-55.594,-55.572,-55.548,-55.525,-55.505,-55.482,-55.463,-55.439,-55.419,-55.397,-55.377,-55.358,-55.335,-55.314,-55.292,-55.274,-55.251,-55.231,-55.209,-55.189,-55.168,-55.148,-55.127,-55.11,-55.091,-55.073,-55.052,-55.037,-55.018,-54.998,-54.978,-54.956,-54.94,-54.92,-54.898,-54.88,-54.859,-54.84,-54.821,-54.802,-54.784,-54.763,-54.743,-54.724,-54.706,-54.688,-54.669,-54.651,-54.635,-54.613,-54.593,-54.573,-54.553,-54.533,-54.514,-54.492,-54.47,-54.452,-54.427,-54.402,-54.378,-54.348,-54.316,-54.264,-53.769,-51.807,-39.424,-34.437,-26.045,-9.836,-11.373,-20.722,-29.752,-38.136,-44.769,-49.13,-51.878,-53.728,-55.022,-55.959,-56.643,-57.153,-57.545,-57.824,-58.033,-58.185,-58.294,-58.369,-58.415,-58.441,-58.452,-58.459,-58.452,-58.432,-58.409,-58.379,-58.345,-58.309,-58.266,-58.226,-58.185,-58.142,-58.1,-58.059,-58.017,-57.976,-57.935,-57.895,-57.854,-57.814,-57.775,-57.736,-57.697,-57.659,-57.622,-57.584,-57.547,-57.511,-57.475,-57.44,-57.406,-57.371,-57.337,-57.304,-57.27,-57.237,-57.205,-57.172,-57.14,-57.108,-57.077,-57.045,-57.014,-56.983,-56.952,-56.922,-56.892,-56.862,-56.832,-56.802,-56.773,-56.744,-56.715,-56.686,-56.658,-56.63,-56.602,-56.573,-56.545,-56.518,-56.491,-56.463,-56.436,-56.409,-56.383,-56.356,-56.329,-56.303,-56.276,-56.25,-56.224,-56.199,-56.173,-56.148,-56.123,-56.098,-56.073,-56.048,-56.024,-55.999,-55.975,-55.951,-55.927,-55.903,-55.879,-55.856,-55.833,-55.809,-55.786,-55.763,-55.74,-55.718,-55.695,-55.673,-55.65,-55.628,-55.606,-55.584,-55.562,-55.541,-55.519,-55.498,-55.477,-55.455,-55.434,-55.413,-55.393,-55.372,-55.351,-55.331,-55.31,-55.29,-55.27,-55.25,-55.23,-55.21,-55.19,-55.17,-55.15,-55.131,-55.111,-55.092,-55.072,-55.053,-55.033,-55.014,-54.995,-54.976,-54.957,-54.938,-54.919,-54.901,-54.882,-54.863,-54.844,-54.825,-54.806,-54.788,-54.769,-54.75,-54.731,-54.712,-54.693,-54.674,-54.655,-54.636,-54.616,-54.597,-54.577,-54.558,-54.538,-54.517,-54.496,-54.474,-54.452,-54.428,-54.403,-54.373,-54.336,-54.268,-53.491,-47.267,-37.873,-32.709,-21.547,-7.9819,-13.998,-23.487,-32.455,-40.419,-46.38,-50.149,-52.568,-54.223,-55.392,-56.243,-56.886,-57.345,-57.689,-57.943,-58.131,-58.268,-58.371,-58.431,-58.469,-58.499,-58.505,-58.504,-58.481,-58.453,-58.425,-58.388,-58.353,-58.317,-58.278,-58.236,-58.194,-58.154,-58.113,-58.072,-58.029,-57.987,-57.946,-57.905,-57.864,-57.824,-57.784,-57.744,-57.706,-57.668,-57.629,-57.593,-57.555,-57.519,-57.483,-57.447,-57.412,-57.377,-57.343,-57.309,-57.276,-57.243,-57.21,-57.177,-57.145,-57.113,-57.081,-57.05,-57.018,-56.988,-56.957,-56.926,-56.896,-56.866,-56.836,-56.806,-56.777,-56.748,-56.718,-56.689,-56.66,-56.632,-56.604,-56.575,-56.548,-56.52,-56.492,-56.465,-56.437,-56.41,-56.383,-56.357,-56.33,-56.304,-56.277,-56.251,-56.225,-56.199,-56.174,-56.148,-56.123,-56.098,-56.073,-56.048,-56.023,-55.998,-55.974,-55.95,-55.926,-55.902,-55.878,-55.855,-55.831,-55.808,-55.785,-55.762,-55.739,-55.716,-55.693,-55.671,-55.648,-55.626,-55.604,-55.582,-55.56,-55.538,-55.517,-55.495,-55.474,-55.452,-55.431,-55.41,-55.389,-55.369,-55.347,-55.327,-55.308,-55.287,-55.268,-55.247,-55.227,-55.204,-55.184,-55.165,-55.143,-55.123,-55.101,-55.081,-55.062,-55.043,-55.023,-55.003,-54.985,-54.963,-54.943,-54.925,-54.906,-54.886,-54.869,-54.85,-54.83,-54.811,-54.79,-54.774,-54.755,-54.737,-54.719,-54.697,-54.676,-54.657,-54.637,-54.619,-54.601,-54.58,-54.56,-54.54,-54.52,-54.499,-54.478,-54.456,-54.433,-54.408,-54.381,-54.349,-54.309,-54.16,-53.002,-42.323,-36.262,-30.071,-15.29,-8.7376,-17.228,-26.559,-35.242,-42.648,-47.815,-51.044,-53.164,-54.634,-55.685,-56.445,-57.021,-57.441,-57.753,-57.984,-58.166,-58.283,-58.368,-58.424,-58.457,-58.473,-58.474,-58.474,-58.459,-58.437,-58.409,-58.375,-58.34,-58.302,-58.262,-58.22,-58.178,-58.136,-58.093,-58.052,-58.009,-57.968,-57.927,-57.885,-57.845,-57.805,-57.765,-57.727,-57.688,-57.65,-57.612,-57.574,-57.538,-57.501,-57.466,-57.43,-57.395,-57.361,-57.326,-57.293,-57.259,-57.226,-57.193,-57.161,-57.129,-57.097,-57.065,-57.034,-57.002,-56.971,-56.941,-56.91,-56.88,-56.85,-56.82,-56.79,-56.761,-56.732,-56.703,-56.674,-56.645,-56.617,-56.589,-56.56,-56.533,-56.505,-56.478,-56.45,-56.423,-56.396,-56.369,-56.343,-56.316,-56.289,-56.263,-56.238,-56.212,-56.186,-56.161,-56.135,-56.11,-56.085,-56.06,-56.035,-56.01,-55.986,-55.961,-55.937,-55.913,-55.89,-55.866,-55.842,-55.819,-55.796,-55.773,-55.75,-55.727,-55.704,-55.682,-55.659,-55.637,-55.615,-55.593,-55.571,-55.549,-55.527,-55.506,-55.484,-55.463,-55.442,-55.421,-55.4,-55.379,-55.359,-55.338,-55.318,-55.297,-55.277,-55.257,-55.237,-55.216,-55.196,-55.176,-55.156,-55.136,-55.116,-55.097,-55.077,-55.058,-55.039,-55.019,-55.0,-54.981,-54.962,-54.943,-54.923,-54.904,-54.885,-54.866,-54.847,-54.828,-54.809,-54.791,-54.772,-54.753,-54.734,-54.715,-54.696,-54.677,-54.657,-54.638,-54.619,-54.599,-54.58,-54.56,-54.54,-54.52,-54.499,-54.478,-54.456,-54.433,-54.409,-54.382,-54.352,-54.314,-54.235,-53.33,-45.078,-37.281,-31.863,-19.39,-8.0097,-15.124,-24.569,-33.405,-41.188,-46.876,-50.453,-52.763,-54.352,-55.484,-56.301,-56.906,-57.356,-57.704,-57.95,-58.132,-58.264,-58.351,-58.412,-58.449,-58.468,-58.478,-58.478,-58.466,-58.443,-58.416,-58.384,-58.349,-58.31,-58.269,-58.227,-58.184,-58.141,-58.101,-58.057,-58.016,-57.975,-57.933,-57.892,-57.852,-57.811,-57.772,-57.733,-57.693,-57.655,-57.617,-57.58,-57.542,-57.506,-57.47,-57.435,-57.4,-57.365,-57.331,-57.297,-57.264,-57.23,-57.198,-57.165,-57.133,-57.101,-57.068,-57.037,-57.006,-56.975,-56.944,-56.913,-56.883,-56.853,-56.823,-56.794,-56.764,-56.735,-56.706,-56.677,-56.648,-56.62,-56.591,-56.563,-56.535,-56.507,-56.48,-56.452,-56.425,-56.398,-56.371,-56.344,-56.318,-56.291,-56.265,-56.239,-56.213,-56.187,-56.162,-56.137,-56.111,-56.086,-56.061,-56.037,-56.012,-55.987,-55.963,-55.939,-55.915,-55.891,-55.867,-55.844,-55.82,-55.797,-55.774,-55.751,-55.728,-55.705,-55.682,-55.66,-55.637,-55.615,-55.593,-55.571,-55.549,-55.528,-55.506,-55.485,-55.463,-55.442,-55.421,-55.4,-55.379,-55.359,-55.338,-55.317,-55.297,-55.277,-55.256,-55.236,-55.216,-55.196,-55.176,-55.156,-55.137,-55.117,-55.098,-55.078,-55.058,-55.039,-55.019,-55.0,-54.981,-54.962,-54.943,-54.923,-54.904,-54.885,-54.866,-54.847,-54.828,-54.809,-54.79,-54.771,-54.752,-54.733,-54.714,-54.694,-54.675,-54.655,-54.636,-54.617,-54.597,-54.577,-54.557,-54.537,-54.516,-54.495,-54.473,-54.451,-54.428,-54.404,-54.376,-54.345,-54.3,-54.047,-52.755,-41.181,-35.676,-28.881,-13.088,-9.4681,-18.418,-27.729,-36.308,-43.457,-48.329,-51.37,-53.386,-54.792,-55.797,-56.544,-57.095,-57.498,-57.798,-58.019,-58.182,-58.3,-58.384,-58.433,-58.467,-58.483,-58.49,-58.479,-58.451,-58.427,-58.391,-58.354,-58.321,-58.283,-58.243,-58.201,-58.159,-58.119,-58.076,-58.036,-57.994,-57.952,-57.911,-57.87,-57.83,-57.79,-57.75,-57.711,-57.673,-57.634,-57.597,-57.56,-57.523,-57.487,-57.451,-57.416,-57.382,-57.347,-57.313,-57.28,-57.246,-57.213,-57.18,-57.148,-57.116,-57.084,-57.053,-57.021,-56.99,-56.959,-56.929,-56.898,-56.868,-56.838,-56.808,-56.779,-56.749,-56.72,-56.691,-56.662,-56.634,-56.605,-56.577,-56.549,-56.521,-56.494,-56.466,-56.439,-56.412,-56.385,-56.358,-56.331,-56.305,-56.278,-56.252,-56.226,-56.2,-56.175,-56.149,-56.124,-56.098,-56.073,-56.048,-56.024,-55.999,-55.975,-55.95,-55.926,-55.902,-55.878,-55.855,-55.831,-55.808,-55.785,-55.762,-55.739,-55.716,-55.693,-55.671,-55.648,-55.626,-55.604,-55.582,-55.56,-55.538,-55.517,-55.495,-55.474,-55.452,-55.431,-55.41,-55.389,-55.368,-55.347,-55.327,-55.307,-55.286,-55.266,-55.245,-55.225,-55.205,-55.185,-55.165,-55.145,-55.125,-55.106,-55.086,-55.067,-55.047,-55.028,-55.008,-54.989,-54.969,-54.95,-54.931,-54.912,-54.893,-54.874,-54.855,-54.836,-54.817,-54.798,-54.779,-54.76,-54.74,-54.721,-54.702,-54.683,-54.663,-54.644,-54.624,-54.605,-54.585,-54.565,-54.545,-54.524,-54.504,-54.482,-54.46,-54.437,-54.413,-54.386,-54.356,-54.319,-54.223,-53.218,-43.888,-36.887,-31.215,-17.787,-8.1767,-15.929,-25.348,-34.143,-41.783,-47.269,-50.701,-52.94,-54.475,-55.575,-56.37,-56.961,-57.398,-57.737,-57.977,-58.154,-58.281,-58.368,-58.426,-58.46,-58.477,-58.486,-58.485,-58.471,-58.448,-58.42,-58.388,-58.352,-58.313,-58.269,-58.228,-58.185,-58.143,-58.101,-58.057,-58.017,-57.975,-57.933,-57.892,-57.852,-57.811,-57.771,-57.732,-57.694,-57.655,-57.616,-57.578,-57.541,-57.505,-57.469,-57.433,-57.399,-57.364,-57.329,-57.295,-57.262,-57.228,-57.195,-57.162,-57.13,-57.098,-57.066,-57.034,-57.003,-56.972,-56.941,-56.911,-56.88,-56.85,-56.82,-56.79,-56.761,-56.731,-56.702,-56.673,-56.645,-56.616,-56.588,-56.56,-56.532,-56.504,-56.476,-56.449,-56.421,-56.394,-56.367,-56.34,-56.314,-56.287,-56.261,-56.235,-56.209,-56.183,-56.158,-56.132,-56.107,-56.082,-56.057,-56.032,-56.008,-55.983,-55.958,-55.934,-55.91,-55.886,-55.863,-55.839,-55.816,-55.793,-55.769,-55.746,-55.723,-55.7,-55.677,-55.654,-55.632,-55.61,-55.588,-55.566,-55.544,-55.522,-55.5,-55.479,-55.457,-55.436,-55.415,-55.394,-55.373,-55.352,-55.331,-55.311,-55.29,-55.27,-55.249,-55.229,-55.209,-55.189,-55.169,-55.149,-55.129,-55.109,-55.09,-55.07,-55.05,-55.031,-55.011,-54.992,-54.973,-54.953,-54.934,-54.915,-54.896,-54.877,-54.857,-54.838,-54.819,-54.8,-54.781,-54.762,-54.743,-54.723,-54.704,-54.685,-54.665,-54.646,-54.626,-54.607,-54.587,-54.567,-54.547,-54.526,-54.505,-54.483,-54.461,-54.438,-54.414,-54.387,-54.357,-54.316,-54.201,-53.116,-42.995,-36.55,-30.612,-16.408,-8.4243,-16.648,-26.066,-34.807,-42.313,-47.614,-50.922,-53.086,-54.58,-55.647,-56.429,-57.021,-57.444,-57.76,-57.994,-58.166,-58.289,-58.374,-58.432,-58.466,-58.489,-58.491,-58.488,-58.471,-58.438,-58.409,-58.37,-58.334,-58.295,-58.256,-58.215,-58.173,-58.13,-58.088,-58.047,-58.006,-57.964,-57.922,-57.881,-57.84,-57.801,-57.761,-57.722,-57.683,-57.645,-57.607,-57.569,-57.532,-57.496,-57.46,-57.425,-57.39,-57.355,-57.321,-57.287,-57.254,-57.22,-57.187,-57.155,-57.122,-57.09,-57.059,-57.027,-56.996,-56.965,-56.935,-56.904,-56.874,-56.844,-56.814,-56.784,-56.755,-56.726,-56.696,-56.668,-56.639,-56.61,-56.582,-56.554,-56.526,-56.498,-56.47,-56.443,-56.416,-56.39,-56.361,-56.335,-56.308,-56.283,-56.256,-56.231,-56.203,-56.178,-56.153,-56.127,-56.102,-56.078,-56.054,-56.029,-56.004,-55.98,-55.957,-55.934,-55.909,-55.886,-55.861,-55.838,-55.817,-55.792,-55.769,-55.746,-55.723,-55.701,-55.679,-55.656,-55.634,-55.61,-55.59,-55.566,-55.545,-55.52,-55.499,-55.474,-55.453,-55.431,-55.412,-55.387,-55.367,-55.344,-55.323,-55.301,-55.277,-55.255,-55.237,-55.219,-55.2,-55.179,-55.16,-55.142,-55.119,-55.098,-55.079,-55.06,-55.042,-55.022,-55.004,-54.987,-54.965,-54.947,-54.929,-54.906,-54.886,-54.87,-54.848,-54.828,-54.809,-54.789,-54.772,-54.748,-54.728,-54.71,-54.691,-54.671,-54.653,-54.633,-54.612,-54.59,-54.568,-54.547,-54.526,-54.507,-54.485,-54.46,-54.435,-54.409,-54.379,-54.34,-54.258,-53.346,-45.112,-37.289,-31.848,-19.299,-7.9244,-15.161,-24.646,-33.526,-41.307,-46.982,-50.535,-52.831,-54.411,-55.535,-56.353,-56.965,-57.415,-57.748,-57.99,-58.171,-58.298,-58.391,-58.449,-58.487,-58.511,-58.519,-58.515,-58.488,-58.464,-58.434,-58.401,-58.362,-58.324,-58.283,-58.242,-58.201,-58.159,-58.117,-58.075,-58.032,-57.99,-57.949,-57.907,-57.866,-57.825,-57.785,-57.746,-57.707,-57.668,-57.63,-57.592,-57.555,-57.519,-57.482,-57.447,-57.411,-57.376,-57.342,-57.307,-57.273,-57.24,-57.207,-57.174,-57.141,-57.109,-57.077,-57.045,-57.014,-56.983,-56.951,-56.921,-56.89,-56.86,-56.83,-56.8,-56.77,-56.74,-56.711,-56.682,-56.653,-56.624,-56.595,-56.567,-56.539,-56.511,-56.483,-56.455,-56.428,-56.401,-56.374,-56.347,-56.32,-56.294,-56.267,-56.241,-56.215,-56.189,-56.163,-56.137,-56.112,-56.087,-56.062,-56.037,-56.012,-55.987,-55.963,-55.938,-55.914,-55.89,-55.866,-55.842,-55.819,-55.795,-55.772,-55.749,-55.726,-55.703,-55.68,-55.658,-55.636,-55.613,-55.591,-55.569,-55.547,-55.525,-55.503,-55.481,-55.459,-55.438,-55.417,-55.396,-55.375,-55.354,-55.333,-55.312,-55.291,-55.271,-55.25,-55.23,-55.21,-55.189,-55.169,-55.149,-55.129,-55.109,-55.089,-55.07,-55.05,-55.03,-55.011,-54.991,-54.972,-54.952,-54.933,-54.914,-54.894,-54.875,-54.856,-54.837,-54.817,-54.798,-54.779,-54.76,-54.74,-54.721,-54.702,-54.682,-54.663,-54.643,-54.623,-54.604,-54.584,-54.564,-54.543,-54.523,-54.501,-54.48,-54.457,-54.434,-54.41,-54.383,-54.353,-54.316,-54.234,-53.306,-44.813,-37.2,-31.741,-19.107,-8.0256,-15.289,-24.752,-33.593,-41.338,-46.974,-50.513,-52.802,-54.376,-55.499,-56.313,-56.935,-57.379,-57.708,-57.952,-58.133,-58.261,-58.351,-58.41,-58.446,-58.472,-58.477,-58.476,-58.462,-58.429,-58.399,-58.363,-58.326,-58.289,-58.25,-58.209,-58.167,-58.124,-58.083,-58.041,-58.0,-57.958,-57.916,-57.876,-57.835,-57.795,-57.756,-57.717,-57.677,-57.64,-57.601,-57.564,-57.527,-57.491,-57.455,-57.42,-57.385,-57.35,-57.316,-57.282,-57.249,-57.216,-57.183,-57.15,-57.118,-57.086,-57.054,-57.023,-56.992,-56.961,-56.93,-56.9,-56.87,-56.84,-56.81,-56.78,-56.75,-56.721,-56.692,-56.663,-56.635,-56.606,-56.578,-56.549,-56.521,-56.493,-56.466,-56.439,-56.411,-56.384,-56.358,-56.331,-56.304,-56.277,-56.251,-56.225,-56.199,-56.173,-56.148,-56.123,-56.097,-56.072,-56.047,-56.023,-55.998,-55.973,-55.949,-55.925,-55.901,-55.877,-55.853,-55.83,-55.807,-55.783,-55.76,-55.737,-55.714,-55.692,-55.669,-55.646,-55.624,-55.602,-55.579,-55.557,-55.536,-55.514,-55.492,-55.471,-55.449,-55.428,-55.407,-55.386,-55.365,-55.344,-55.323,-55.303,-55.282,-55.262,-55.242,-55.221,-55.201,-55.181,-55.16,-55.14,-55.12,-55.101,-55.081,-55.061,-55.042,-55.022,-55.003,-54.984,-54.964,-54.945,-54.925,-54.906,-54.887,-54.868,-54.848,-54.829,-54.81,-54.791,-54.771,-54.752,-54.733,-54.713,-54.694,-54.674,-54.655,-54.635,-54.615,-54.596,-54.575,-54.555,-54.535,-54.514,-54.492,-54.47,-54.447,-54.423,-54.398,-54.369,-54.336,-54.287,-53.828,-52.058,-39.744,-34.701,-26.658,-10.316,-10.946,-20.281,-29.455,-37.824,-44.57,-49.019,-51.815,-53.687,-55.002,-55.951,-56.657,-57.172,-57.555,-57.843,-58.047,-58.202,-58.312,-58.386,-58.431,-58.463,-58.475,-58.48,-58.466,-58.436,-58.413,-58.376,-58.342,-58.304,-58.266,-58.226,-58.183,-58.144,-58.103,-58.061,-58.018,-57.977,-57.935,-57.894,-57.854,-57.813,-57.773,-57.734,-57.695,-57.657,-57.619,-57.582,-57.544,-57.507,-57.471,-57.435,-57.4,-57.365,-57.33,-57.296,-57.263,-57.23,-57.197,-57.164,-57.132,-57.1,-57.068,-57.036,-57.005,-56.974,-56.943,-56.913,-56.882,-56.852,-56.822,-56.793,-56.763,-56.734,-56.705,-56.676,-56.647,-56.618,-56.59,-56.561,-56.533,-56.506,-56.478,-56.45,-56.423,-56.396,-56.369,-56.342,-56.315,-56.289,-56.263,-56.236,-56.211,-56.185,-56.159,-56.134,-56.108,-56.083,-56.058,-56.033,-56.008,-55.984,-55.959,-55.935,-55.911,-55.887,-55.863,-55.839,-55.816,-55.792,-55.769,-55.746,-55.723,-55.7,-55.677,-55.655,-55.632,-55.61,-55.588,-55.566,-55.544,-55.522,-55.5,-55.479,-55.457,-55.436,-55.415,-55.393,-55.372,-55.351,-55.331,-55.31,-55.29,-55.269,-55.249,-55.228,-55.208,-55.187,-55.166,-55.146,-55.125,-55.105,-55.086,-55.066,-55.046,-55.026,-55.007,-54.987,-54.968,-54.948,-54.929,-54.909,-54.89,-54.871,-54.852,-54.833,-54.814,-54.795,-54.775,-54.756,-54.737,-54.717,-54.698,-54.678,-54.659,-54.639,-54.619,-54.6,-54.579,-54.559,-54.539,-54.518,-54.496,-54.473,-54.45,-54.426,-54.399,-54.368,-54.327,-54.191,-53.053,-42.554,-36.36,-30.24,-15.565,-8.5943,-17.056,-26.464,-35.184,-42.62,-47.823,-51.062,-53.186,-54.658,-55.71,-56.48,-57.063,-57.481,-57.792,-58.022,-58.191,-58.312,-58.396,-58.452,-58.484,-58.506,-58.508,-58.503,-58.485,-58.451,-58.422,-58.382,-58.346,-58.306,-58.266,-58.225,-58.183,-58.14,-58.097,-58.056,-58.015,-57.972,-57.93,-57.889,-57.848,-57.808,-57.768,-57.729,-57.69,-57.651,-57.613,-57.576,-57.539,-57.503,-57.467,-57.432,-57.396,-57.361,-57.327,-57.293,-57.259,-57.225,-57.193,-57.16,-57.127,-57.095,-57.063,-57.032,-57.0,-56.969,-56.938,-56.907,-56.877,-56.847,-56.816,-56.786,-56.757,-56.727,-56.698,-56.669,-56.64,-56.611,-56.583,-56.554,-56.526,-56.498,-56.471,-56.443,-56.416,-56.389,-56.361,-56.334,-56.308,-56.281,-56.254,-56.228,-56.202,-56.176,-56.15,-56.124,-56.099,-56.073,-56.048,-56.024,-55.999,-55.974,-55.95,-55.925,-55.901,-55.877,-55.853,-55.83,-55.806,-55.782,-55.759,-55.736,-55.713,-55.69,-55.668,-55.645,-55.622,-55.6,-55.578,-55.556,-55.534,-55.512,-55.49,-55.469,-55.447,-55.426,-55.404,-55.383,-55.362,-55.341,-55.321,-55.3,-55.279,-55.259,-55.238,-55.218,-55.197,-55.177,-55.157,-55.137,-55.117,-55.097,-55.077,-55.057,-55.037,-55.018,-54.998,-54.979,-54.959,-54.94,-54.921,-54.901,-54.882,-54.863,-54.843,-54.824,-54.805,-54.785,-54.766,-54.746,-54.727,-54.707,-54.688,-54.668,-54.648,-54.629,-54.609,-54.589,-54.569,-54.548,-54.527,-54.506,-54.484,-54.461,-54.437,-54.413,-54.385,-54.352,-54.304,-53.952,-52.501,-40.437,-35.21,-27.844,-11.56,-10.145,-19.334,-28.599,-37.098,-44.053,-48.707,-51.623,-53.568,-54.923,-55.898,-56.627,-57.154,-57.552,-57.844,-58.056,-58.213,-58.329,-58.4,-58.448,-58.484,-58.497,-58.501,-58.486,-58.455,-58.432,-58.396,-58.361,-58.325,-58.286,-58.246,-58.208,-58.164,-58.123,-58.081,-58.039,-57.997,-57.954,-57.913,-57.87,-57.83,-57.79,-57.749,-57.711,-57.672,-57.634,-57.596,-57.559,-57.522,-57.486,-57.45,-57.414,-57.379,-57.345,-57.311,-57.277,-57.243,-57.21,-57.177,-57.144,-57.112,-57.08,-57.048,-57.017,-56.986,-56.954,-56.924,-56.893,-56.862,-56.832,-56.802,-56.772,-56.743,-56.714,-56.684,-56.656,-56.627,-56.599,-56.57,-56.542,-56.514,-56.486,-56.458,-56.431,-56.403,-56.376,-56.349,-56.323,-56.296,-56.269,-56.243,-56.217,-56.191,-56.165,-56.139,-56.114,-56.088,-56.063,-56.038,-56.013,-55.989,-55.964,-55.94,-55.915,-55.891,-55.867,-55.843,-55.82,-55.796,-55.772,-55.749,-55.726,-55.703,-55.681,-55.658,-55.635,-55.612,-55.59,-55.568,-55.546,-55.524,-55.502,-55.48,-55.459,-55.437,-55.416,-55.395,-55.374,-55.353,-55.332,-55.311,-55.29,-55.269,-55.249,-55.228,-55.208,-55.187,-55.167,-55.147,-55.127,-55.107,-55.088,-55.068,-55.048,-55.028,-55.009,-54.989,-54.97,-54.95,-54.931,-54.912,-54.892,-54.873,-54.854,-54.834,-54.815,-54.796,-54.776,-54.757,-54.737,-54.718,-54.698,-54.679,-54.659,-54.639,-54.619,-54.599,-54.579,-54.559,-54.538,-54.517,-54.495,-54.473,-54.45,-54.426,-54.4,-54.37,-54.331,-54.243,-53.274,-44.29,-37.029,-31.443,-18.26,-8.0164,-15.625,-25.115,-33.957,-41.68,-47.221,-50.686,-52.938,-54.491,-55.593,-56.395,-57.009,-57.443,-57.767,-58.007,-58.184,-58.309,-58.397,-58.455,-58.491,-58.515,-58.518,-58.515,-58.496,-58.463,-58.435,-58.396,-58.359,-58.321,-58.281,-58.239,-58.196,-58.155,-58.111,-58.07,-58.029,-57.985,-57.943,-57.902,-57.861,-57.82,-57.781,-57.74,-57.701,-57.662,-57.624,-57.585,-57.549,-57.512,-57.475,-57.439,-57.404,-57.369,-57.334,-57.3,-57.266,-57.233,-57.2,-57.166,-57.134,-57.101,-57.069,-57.037,-57.006,-56.974,-56.943,-56.912,-56.882,-56.851,-56.821,-56.791,-56.761,-56.732,-56.702,-56.673,-56.644,-56.615,-56.587,-56.559,-56.53,-56.503,-56.475,-56.447,-56.42,-56.392,-56.365,-56.339,-56.312,-56.285,-56.258,-56.232,-56.206,-56.18,-56.154,-56.128,-56.103,-56.078,-56.052,-56.027,-56.002,-55.978,-55.953,-55.929,-55.904,-55.88,-55.856,-55.832,-55.809,-55.785,-55.762,-55.738,-55.715,-55.692,-55.669,-55.647,-55.624,-55.601,-55.579,-55.557,-55.534,-55.512,-55.491,-55.469,-55.447,-55.426,-55.404,-55.383,-55.362,-55.341,-55.32,-55.299,-55.279,-55.258,-55.237,-55.217,-55.197,-55.177,-55.156,-55.137,-55.117,-55.097,-55.077,-55.057,-55.037,-55.018,-54.998,-54.978,-54.959,-54.939,-54.919,-54.9,-54.881,-54.861,-54.842,-54.822,-54.803,-54.784,-54.764,-54.745,-54.725,-54.705,-54.686,-54.666,-54.646,-54.627,-54.607,-54.586,-54.566,-54.546,-54.525,-54.503,-54.481,-54.458,-54.435,-54.41,-54.382,-54.351,-54.311,-54.171,-53.023,-42.41,-36.302,-30.147,-15.425,-8.6715,-17.17,-26.527,-35.233,-42.641,-47.817,-51.052,-53.171,-54.639,-55.692,-56.464,-57.044,-57.461,-57.772,-58.002,-58.17,-58.29,-58.379,-58.433,-58.467,-58.487,-58.493,-58.485,-58.457,-58.433,-58.397,-58.36,-58.326,-58.288,-58.248,-58.206,-58.164,-58.124,-58.081,-58.04,-57.997,-57.955,-57.914,-57.873,-57.832,-57.792,-57.752,-57.712,-57.674,-57.635,-57.597,-57.56,-57.523,-57.486,-57.45,-57.415,-57.38,-57.345,-57.311,-57.277,-57.243,-57.21,-57.177,-57.144,-57.112,-57.08,-57.049,-57.017,-56.986,-56.955,-56.924,-56.893,-56.863,-56.833,-56.803,-56.773,-56.743,-56.714,-56.684,-56.656,-56.627,-56.6,-56.572,-56.544,-56.515,-56.488,-56.459,-56.433,-56.407,-56.379,-56.352,-56.324,-56.295,-56.27,-56.246,-56.219,-56.19,-56.166,-56.14,-56.115,-56.088,-56.061,-56.038,-56.013,-55.99,-55.967,-55.943,-55.918,-55.893,-55.871,-55.849,-55.823,-55.798,-55.776,-55.752,-55.728,-55.707,-55.682,-55.661,-55.638,-55.615,-55.594,-55.569,-55.546,-55.523,-55.503,-55.481,-55.459,-55.435,-55.414,-55.393,-55.375,-55.357,-55.337,-55.316,-55.293,-55.274,-55.252,-55.235,-55.214,-55.195,-55.171,-55.151,-55.132,-55.113,-55.093,-55.074,-55.056,-55.033,-55.013,-54.995,-54.976,-54.955,-54.937,-54.915,-54.896,-54.875,-54.852,-54.834,-54.816,-54.794,-54.774,-54.755,-54.736,-54.716,-54.697,-54.678,-54.658,-54.638,-54.618,-54.598,-54.577,-54.557,-54.536,-54.514,-54.492,-54.468,-54.443,-54.415,-54.382,-54.338,-54.075,-52.78,-41.184,-35.673,-28.828,-12.874,-9.4422,-18.466,-27.812,-36.425,-43.584,-48.438,-51.465,-53.475,-54.87,-55.871,-56.616,-57.16,-57.561,-57.862,-58.078,-58.241,-58.357,-58.435,-58.483,-58.518,-58.531,-58.536,-58.523,-58.49,-58.469,-58.439,-58.401,-58.364,-58.325,-58.283,-58.24,-58.199,-58.156,-58.114,-58.072,-58.028,-57.986,-57.944,-57.902,-57.861,-57.82,-57.78,-57.74,-57.701,-57.662,-57.624,-57.586,-57.549,-57.512,-57.476,-57.44,-57.404,-57.369,-57.335,-57.3,-57.266,-57.232,-57.199,-57.166,-57.133,-57.101,-57.068,-57.036,-57.005,-56.974,-56.943,-56.912,-56.881,-56.85,-56.82,-56.79,-56.76,-56.73,-56.701,-56.671,-56.642,-56.613,-56.585,-56.556,-56.528,-56.5,-56.472,-56.444,-56.416,-56.389,-56.361,-56.334,-56.308,-56.281,-56.255,-56.228,-56.202,-56.176,-56.15,-56.124,-56.099,-56.073,-56.048,-56.023,-55.998,-55.974,-55.949,-55.925,-55.9,-55.876,-55.852,-55.828,-55.804,-55.781,-55.757,-55.734,-55.711,-55.688,-55.665,-55.642,-55.62,-55.597,-55.575,-55.553,-55.531,-55.509,-55.487,-55.466,-55.444,-55.422,-55.401,-55.38,-55.359,-55.338,-55.317,-55.295,-55.273,-55.252,-55.232,-55.212,-55.191,-55.171,-55.15,-55.13,-55.11,-55.09,-55.069,-55.049,-55.029,-55.009,-54.989,-54.97,-54.95,-54.93,-54.91,-54.891,-54.871,-54.851,-54.832,-54.813,-54.793,-54.773,-54.753,-54.733,-54.713,-54.692,-54.672,-54.651,-54.631,-54.611,-54.59,-54.57,-54.549,-54.527,-54.506,-54.483,-54.46,-54.435,-54.408,-54.378,-54.338,-54.232,-53.18,-43.397,-36.709,-30.882,-16.954,-8.2482,-16.32,-25.788,-34.573,-42.151,-47.529,-50.882,-53.068,-54.577,-55.656,-56.442,-57.035,-57.463,-57.783,-58.015,-58.19,-58.316,-58.402,-58.457,-58.49,-58.515,-58.517,-58.512,-58.487,-58.457,-58.427,-58.389,-58.355,-58.316,-58.275,-58.233,-58.19,-58.149,-58.107,-58.065,-58.022,-57.979,-57.938,-57.896,-57.855,-57.815,-57.775,-57.735,-57.695,-57.656,-57.618,-57.58,-57.543,-57.506,-57.469,-57.433,-57.398,-57.363,-57.329,-57.295,-57.261,-57.227,-57.194,-57.161,-57.128,-57.096,-57.063,-57.032,-57.0,-56.969,-56.938,-56.907,-56.876,-56.846,-56.815,-56.786,-56.756,-56.727,-56.697,-56.668,-56.639,-56.61,-56.582,-56.553,-56.525,-56.497,-56.469,-56.441,-56.414,-56.387,-56.36,-56.333,-56.306,-56.279,-56.252,-56.226,-56.2,-56.174,-56.148,-56.123,-56.097,-56.072,-56.047,-56.022,-55.997,-55.973,-55.948,-55.924,-55.899,-55.875,-55.851,-55.828,-55.804,-55.781,-55.757,-55.734,-55.712,-55.689,-55.666,-55.643,-55.621,-55.598,-55.576,-55.554,-55.531,-55.51,-55.488,-55.466,-55.444,-55.423,-55.402,-55.38,-55.359,-55.338,-55.317,-55.297,-55.276,-55.255,-55.235,-55.214,-55.194,-55.174,-55.153,-55.133,-55.113,-55.093,-55.073,-55.053,-55.034,-55.014,-54.994,-54.975,-54.955,-54.936,-54.916,-54.897,-54.877,-54.858,-54.839,-54.819,-54.8,-54.78,-54.761,-54.741,-54.722,-54.702,-54.683,-54.663,-54.643,-54.623,-54.603,-54.583,-54.563,-54.542,-54.521,-54.499,-54.477,-54.454,-54.431,-54.406,-54.377,-54.343,-54.297,-53.902,-52.346,-40.111,-34.984,-27.334,-10.956,-10.501,-19.759,-28.988,-37.433,-44.301,-48.863,-51.721,-53.63,-54.966,-55.928,-56.643,-57.174,-57.559,-57.845,-58.057,-58.211,-58.319,-58.398,-58.447,-58.474,-58.491,-58.493,-58.484,-58.457,-58.424,-58.396,-58.356,-58.32,-58.283,-58.24,-58.198,-58.156,-58.114,-58.07,-58.029,-57.987,-57.946,-57.904,-57.863,-57.823,-57.782,-57.743,-57.704,-57.665,-57.626,-57.589,-57.552,-57.515,-57.478,-57.443,-57.407,-57.372,-57.337,-57.303,-57.269,-57.235,-57.202,-57.169,-57.137,-57.105,-57.073,-57.041,-57.01,-56.978,-56.947,-56.917,-56.886,-56.856,-56.825,-56.795,-56.766,-56.736,-56.707,-56.678,-56.649,-56.62,-56.592,-56.563,-56.535,-56.507,-56.479,-56.452,-56.424,-56.396,-56.369,-56.342,-56.315,-56.289,-56.262,-56.236,-56.209,-56.183,-56.157,-56.132,-56.106,-56.081,-56.056,-56.031,-56.006,-55.982,-55.957,-55.933,-55.909,-55.885,-55.861,-55.837,-55.813,-55.79,-55.767,-55.744,-55.721,-55.698,-55.675,-55.652,-55.629,-55.607,-55.585,-55.562,-55.54,-55.518,-55.497,-55.475,-55.453,-55.432,-55.41,-55.389,-55.368,-55.347,-55.326,-55.305,-55.285,-55.264,-55.243,-55.223,-55.203,-55.182,-55.162,-55.142,-55.122,-55.102,-55.082,-55.062,-55.042,-55.022,-55.003,-54.983,-54.964,-54.944,-54.925,-54.905,-54.886,-54.866,-54.847,-54.827,-54.808,-54.788,-54.768,-54.749,-54.729,-54.71,-54.69,-54.67,-54.65,-54.631,-54.611,-54.591,-54.57,-54.55,-54.529,-54.507,-54.485,-54.462,-54.438,-54.413,-54.386,-54.352,-54.3,-53.791,-51.769,-39.36,-34.367,-25.791,-9.5415,-11.464,-20.922,-30.049,-38.384,-44.986,-49.292,-52.008,-53.837,-55.119,-56.044,-56.732,-57.243,-57.615,-57.891,-58.095,-58.242,-58.346,-58.417,-58.463,-58.489,-58.504,-58.504,-58.494,-58.467,-58.432,-58.402,-58.362,-58.325,-58.287,-58.246,-58.204,-58.162,-58.119,-58.077,-58.035,-57.994,-57.95,-57.909,-57.868,-57.827,-57.787,-57.748,-57.708,-57.669,-57.63,-57.593,-57.555,-57.518,-57.482,-57.446,-57.411,-57.375,-57.341,-57.306,-57.272,-57.238,-57.205,-57.172,-57.139,-57.107,-57.075,-57.043,-57.012,-56.981,-56.95,-56.919,-56.888,-56.857,-56.827,-56.796,-56.766,-56.737,-56.707,-56.678,-56.649,-56.62,-56.592,-56.563,-56.535,-56.507,-56.479,-56.451,-56.423,-56.396,-56.369,-56.342,-56.315,-56.288,-56.262,-56.235,-56.209,-56.183,-56.157,-56.132,-56.106,-56.081,-56.055,-56.03,-56.006,-55.981,-55.957,-55.932,-55.908,-55.884,-55.859,-55.835,-55.811,-55.788,-55.764,-55.741,-55.718,-55.695,-55.672,-55.65,-55.627,-55.604,-55.582,-55.559,-55.537,-55.515,-55.493,-55.471,-55.45,-55.428,-55.407,-55.385,-55.364,-55.343,-55.322,-55.302,-55.281,-55.26,-55.24,-55.219,-55.199,-55.178,-55.158,-55.138,-55.118,-55.098,-55.078,-55.058,-55.038,-55.018,-54.999,-54.979,-54.96,-54.94,-54.921,-54.902,-54.882,-54.863,-54.843,-54.824,-54.804,-54.785,-54.765,-54.746,-54.726,-54.706,-54.687,-54.667,-54.647,-54.627,-54.607,-54.586,-54.566,-54.545,-54.524,-54.502,-54.479,-54.456,-54.432,-54.405,-54.375,-54.337,-54.255,-53.33,-44.913,-37.233,-31.765,-19.093,-7.9579,-15.13,-24.684,-33.578,-41.361,-47.017,-50.568,-52.863,-54.449,-55.57,-56.386,-56.983,-57.425,-57.753,-57.999,-58.193,-58.319,-58.406,-58.463,-58.498,-58.515,-58.518,-58.514,-58.5,-58.48,-58.452,-58.417,-58.382,-58.343,-58.301,-58.259,-58.216,-58.173,-58.129,-58.085,-58.043,-58.001,-57.958,-57.916,-57.874,-57.834,-57.793,-57.753,-57.714,-57.675,-57.637,-57.599,-57.561,-57.524,-57.487,-57.452,-57.416,-57.381,-57.346,-57.311,-57.277,-57.243,-57.21,-57.176,-57.144,-57.111,-57.079,-57.047,-57.015,-56.983,-56.952,-56.921,-56.89,-56.859,-56.829,-56.799,-56.769,-56.739,-56.709,-56.68,-56.651,-56.622,-56.593,-56.564,-56.536,-56.508,-56.48,-56.452,-56.425,-56.397,-56.37,-56.343,-56.316,-56.289,-56.263,-56.236,-56.21,-56.184,-56.157,-56.132,-56.106,-56.081,-56.056,-56.03,-56.005,-55.98,-55.956,-55.931,-55.906,-55.882,-55.858,-55.834,-55.81,-55.786,-55.763,-55.739,-55.716,-55.693,-55.67,-55.647,-55.624,-55.602,-55.579,-55.557,-55.534,-55.512,-55.491,-55.469,-55.448,-55.426,-55.405,-55.383,-55.362,-55.34,-55.319,-55.298,-55.277,-55.256,-55.236,-55.216,-55.195,-55.175,-55.154,-55.134,-55.114,-55.094,-55.074,-55.054,-55.034,-55.014,-54.995,-54.975,-54.955,-54.935,-54.916,-54.896,-54.877,-54.857,-54.838,-54.818,-54.799,-54.779,-54.759,-54.74,-54.72,-54.7,-54.681,-54.661,-54.641,-54.621,-54.601,-54.581,-54.56,-54.539,-54.518,-54.496,-54.474,-54.451,-54.427,-54.401,-54.371,-54.333,-54.251,-53.334,-44.927,-37.235,-31.78,-19.152,-7.9733,-15.247,-24.719,-33.585,-41.352,-47.002,-50.545,-52.835,-54.409,-55.531,-56.346,-56.965,-57.406,-57.735,-57.978,-58.158,-58.287,-58.383,-58.441,-58.476,-58.501,-58.505,-58.502,-58.482,-58.452,-58.426,-58.389,-58.356,-58.313,-58.273,-58.232,-58.189,-58.146,-58.103,-58.06,-58.017,-57.974,-57.932,-57.891,-57.851,-57.81,-57.771,-57.731,-57.692,-57.653,-57.615,-57.578,-57.541,-57.504,-57.468,-57.432,-57.397,-57.362,-57.327,-57.293,-57.259,-57.226,-57.192,-57.159,-57.127,-57.095,-57.062,-57.03,-56.999,-56.968,-56.936,-56.905,-56.875,-56.844,-56.814,-56.784,-56.754,-56.725,-56.696,-56.667,-56.638,-56.609,-56.58,-56.552,-56.524,-56.496,-56.468,-56.44,-56.413,-56.385,-56.358,-56.331,-56.304,-56.278,-56.251,-56.225,-56.199,-56.173,-56.147,-56.121,-56.096,-56.07,-56.045,-56.02,-55.995,-55.97,-55.946,-55.922,-55.897,-55.873,-55.849,-55.825,-55.802,-55.778,-55.755,-55.732,-55.709,-55.686,-55.663,-55.641,-55.618,-55.596,-55.573,-55.551,-55.529,-55.507,-55.485,-55.463,-55.442,-55.42,-55.399,-55.378,-55.357,-55.336,-55.315,-55.294,-55.273,-55.252,-55.231,-55.211,-55.191,-55.17,-55.15,-55.13,-55.11,-55.09,-55.07,-55.05,-55.03,-55.01,-54.99,-54.971,-54.951,-54.931,-54.912,-54.892,-54.873,-54.853,-54.834,-54.814,-54.795,-54.775,-54.755,-54.736,-54.716,-54.696,-54.677,-54.657,-54.637,-54.617,-54.597,-54.576,-54.555,-54.535,-54.513,-54.491,-54.468,-54.444,-54.419,-54.391,-54.358,-54.308,-53.837,-52.022,-39.616,-34.588,-26.337,-9.9483,-11.123,-20.52,-29.7,-38.079,-44.777,-49.167,-51.928,-53.784,-55.085,-56.021,-56.717,-57.235,-57.611,-57.89,-58.096,-58.245,-58.35,-58.422,-58.468,-58.494,-58.51,-58.511,-58.501,-58.474,-58.439,-58.41,-58.371,-58.334,-58.295,-58.254,-58.211,-58.168,-58.126,-58.083,-58.04,-57.997,-57.956,-57.915,-57.873,-57.832,-57.792,-57.753,-57.713,-57.674,-57.636,-57.598,-57.561,-57.523,-57.487,-57.451,-57.415,-57.38,-57.345,-57.311,-57.277,-57.243,-57.21,-57.176,-57.144,-57.111,-57.079,-57.046,-57.015,-56.983,-56.952,-56.921,-56.89,-56.859,-56.829,-56.799,-56.769,-56.74,-56.71,-56.681,-56.652,-56.623,-56.594,-56.566,-56.537,-56.509,-56.481,-56.453,-56.426,-56.398,-56.371,-56.344,-56.317,-56.29,-56.264,-56.237,-56.211,-56.185,-56.159,-56.133,-56.108,-56.082,-56.057,-56.032,-56.007,-55.982,-55.957,-55.933,-55.908,-55.884,-55.86,-55.836,-55.812,-55.789,-55.765,-55.742,-55.719,-55.696,-55.673,-55.65,-55.628,-55.606,-55.583,-55.561,-55.539,-55.516,-55.494,-55.473,-55.451,-55.43,-55.408,-55.387,-55.366,-55.345,-55.324,-55.303,-55.282,-55.261,-55.241,-55.22,-55.2,-55.18,-55.16,-55.139,-55.119,-55.099,-55.079,-55.059,-55.039,-55.019,-54.999,-54.98,-54.96,-54.94,-54.92,-54.901,-54.881,-54.862,-54.842,-54.823,-54.803,-54.784,-54.764,-54.745,-54.725,-54.705,-54.686,-54.666,-54.646,-54.626,-54.606,-54.585,-54.565,-54.544,-54.522,-54.501,-54.479,-54.456,-54.432,-54.407,-54.379,-54.345,-54.3,-53.968,-52.554,-40.564,-35.299,-28.055,-11.856,-10.015,-19.14,-28.428,-36.941,-43.933,-48.63,-51.571,-53.529,-54.893,-55.875,-56.606,-57.14,-57.534,-57.83,-58.042,-58.203,-58.317,-58.394,-58.442,-58.475,-58.488,-58.494,-58.481,-58.45,-58.427,-58.39,-58.354,-58.319,-58.281,-58.24,-58.198,-58.155,-58.114,-58.072,-58.03,-57.988,-57.946,-57.904,-57.864,-57.822,-57.782,-57.742,-57.703,-57.665,-57.625,-57.588,-57.551,-57.513,-57.477,-57.441,-57.406,-57.371,-57.336,-57.302,-57.268,-57.234,-57.201,-57.168,-57.135,-57.103,-57.071,-57.039,-57.007,-56.976,-56.945,-56.914,-56.883,-56.853,-56.823,-56.793,-56.763,-56.734,-56.704,-56.675,-56.646,-56.617,-56.589,-56.56,-56.532,-56.504,-56.476,-56.448,-56.421,-56.394,-56.366,-56.34,-56.313,-56.286,-56.259,-56.233,-56.207,-56.181,-56.155,-56.129,-56.104,-56.078,-56.053,-56.028,-56.003,-55.979,-55.954,-55.93,-55.905,-55.881,-55.857,-55.833,-55.81,-55.786,-55.763,-55.74,-55.717,-55.694,-55.671,-55.649,-55.626,-55.603,-55.581,-55.559,-55.537,-55.515,-55.493,-55.471,-55.449,-55.428,-55.406,-55.385,-55.364,-55.343,-55.322,-55.301,-55.28,-55.259,-55.238,-55.218,-55.197,-55.177,-55.157,-55.137,-55.117,-55.097,-55.077,-55.057,-55.038,-55.018,-54.998,-54.978,-54.959,-54.939,-54.919,-54.9,-54.88,-54.861,-54.841,-54.822,-54.802,-54.783,-54.763,-54.743,-54.724,-54.704,-54.684,-54.664,-54.644,-54.624,-54.605,-54.584,-54.564,-54.543,-54.522,-54.5,-54.478,-54.455,-54.431,-54.406,-54.376,-54.342,-54.293,-53.818,-51.973,-39.57,-34.555,-26.276,-9.9435,-11.179,-20.561,-29.728,-38.086,-44.768,-49.151,-51.907,-53.763,-55.062,-56.002,-56.704,-57.214,-57.591,-57.869,-58.075,-58.224,-58.335,-58.405,-58.452,-58.484,-58.495,-58.497,-58.478,-58.449,-58.424,-58.393,-58.357,-58.32,-58.281,-58.239,-58.197,-58.158,-58.115,-58.073,-58.03,-57.987,-57.946,-57.905,-57.863,-57.822,-57.78,-57.742,-57.702,-57.662,-57.625,-57.587,-57.549,-57.512,-57.476,-57.44,-57.405,-57.37,-57.335,-57.301,-57.267,-57.233,-57.2,-57.167,-57.135,-57.102,-57.07,-57.038,-57.007,-56.975,-56.944,-56.913,-56.883,-56.852,-56.822,-56.792,-56.762,-56.732,-56.703,-56.674,-56.645,-56.616,-56.587,-56.559,-56.53,-56.502,-56.474,-56.447,-56.419,-56.392,-56.364,-56.337,-56.311,-56.284,-56.257,-56.231,-56.205,-56.179,-56.153,-56.127,-56.101,-56.076,-56.051,-56.026,-56.0,-55.975,-55.951,-55.927,-55.902,-55.878,-55.854,-55.83,-55.806,-55.783,-55.759,-55.736,-55.713,-55.69,-55.667,-55.644,-55.621,-55.599,-55.576,-55.554,-55.532,-55.51,-55.488,-55.466,-55.444,-55.423,-55.401,-55.38,-55.359,-55.337,-55.316,-55.296,-55.275,-55.255,-55.234,-55.213,-55.193,-55.173,-55.153,-55.133,-55.113,-55.093,-55.073,-55.053,-55.033,-55.013,-54.993,-54.973,-54.954,-54.934,-54.915,-54.895,-54.876,-54.856,-54.836,-54.817,-54.797,-54.777,-54.758,-54.738,-54.719,-54.699,-54.679,-54.659,-54.639,-54.619,-54.599,-54.578,-54.558,-54.537,-54.515,-54.493,-54.47,-54.446,-54.42,-54.393,-54.358,-54.302,-53.735,-51.233,-39.001,-34.024,-24.945,-8.9533,-12.011,-21.489,-30.61,-38.879,-45.34,-49.515,-52.161,-53.943,-55.198,-56.108,-56.795,-57.285,-57.648,-57.918,-58.117,-58.26,-58.368,-58.436,-58.478,-58.509,-58.518,-58.518,-58.497,-58.468,-58.441,-58.404,-58.37,-58.331,-58.291,-58.252,-58.212,-58.167,-58.126,-58.084,-58.042,-57.999,-57.956,-57.915,-57.873,-57.832,-57.792,-57.752,-57.713,-57.674,-57.635,-57.597,-57.559,-57.523,-57.486,-57.45,-57.414,-57.379,-57.345,-57.31,-57.276,-57.242,-57.209,-57.175,-57.142,-57.11,-57.078,-57.045,-57.014,-56.982,-56.951,-56.92,-56.889,-56.858,-56.828,-56.798,-56.768,-56.738,-56.708,-56.679,-56.65,-56.621,-56.592,-56.563,-56.535,-56.507,-56.479,-56.451,-56.423,-56.396,-56.368,-56.341,-56.314,-56.287,-56.26,-56.234,-56.208,-56.181,-56.156,-56.13,-56.105,-56.079,-56.054,-56.029,-56.004,-55.979,-55.954,-55.929,-55.905,-55.881,-55.857,-55.833,-55.809,-55.785,-55.762,-55.738,-55.715,-55.692,-55.669,-55.646,-55.624,-55.601,-55.579,-55.557,-55.536,-55.513,-55.491,-56.233,-56.636,-56.977,-57.282,-57.562,-57.824,-58.069,-58.302,-58.525,-58.741,-58.949,-59.15,-59.345,-59.534,-59.719,-59.9,-60.078,-60.252,-60.422,-60.589,-60.753,-60.914,-61.072,-61.227,-61.38,-61.53,-61.678,-61.824,-61.967,-62.108,-62.247,-62.385,-62.52,-62.653,-62.785,-62.915,-63.042,-63.168,-63.293,-63.416,-63.536,-63.656,-63.774,-63.891,-64.006,-64.119,-64.232,-64.342,-64.452,-64.56,-64.666,-64.772,-64.876,-64.978,-65.08,-65.18,-65.28,-65.378,-65.475,-65.571,-65.665,-65.759,-65.851,-65.943,-66.033,-66.123,-66.211,-66.299,-66.385,-66.471,-66.556,-66.639,-66.723,-66.805,-66.886,-66.966,-67.046,-67.124,-67.202,-67.279,-67.355,-67.43,-67.505,-67.578,-67.651,-67.723,-67.795,-67.865,-67.936,-68.005,-68.073,-68.141,-68.209,-68.275,-68.341,-68.406,-68.471,-68.535,-68.598,-68.66,-68.722,-68.784,-68.845,-68.905,-68.964,-69.023,-69.082,-69.14,-69.197,-69.254,-69.31,-69.365,-69.42,-69.475,-69.529,-69.582,-69.635,-69.688,-69.74,-69.791,-69.842,-69.892,-69.942,-69.992,-70.04,-70.089,-70.137,-70.184,-70.232,-70.278,-70.324,-70.37,-70.415,-70.46,-70.505,-70.549,-70.592,-70.635,-70.678,-70.72,-70.762,-70.804,-70.845,-70.886,-70.926,-70.966,-71.006,-71.045,-71.083,-71.122,-71.16,-71.198,-71.235,-71.272,-71.308,-71.345,-71.38,-71.416,-71.451,-71.486,-71.52,-71.554,-71.588,-71.622,-71.655,-71.688,-71.72,-71.752,-71.784,-71.816,-71.847,-71.878,-71.908,-71.939,-71.969,-71.998,-72.028,-72.057,-72.086,-72.114,-72.142,-72.17,-72.198,-72.225,-72.253,-72.279,-72.306,-72.332,-72.358,-72.384,-72.41,-72.435,-72.46,-72.485,-72.509,-72.533,-72.557,-72.581,-72.604,-72.628,-72.651,-72.673,-72.696,-72.718,-72.74,-72.762,-72.783,-72.805,-72.826,-72.847,-72.868,-72.888,-72.908,-72.928,-72.948,-72.968,-72.987,-73.006,-73.025,-73.044,-73.063,-73.081,-73.099,-73.117,-73.135,-73.152,-73.17,-73.187,-73.204,-73.221,-73.237,-73.254,-73.27,-73.286,-73.302,-73.317,-73.333,-73.348,-73.363,-73.378,-73.393,-73.408,-73.422,-73.436,-73.45,-73.464,-73.478,-73.492,-73.505,-73.518,-73.531,-73.544,-73.557,-73.57,-73.582,-73.595,-73.607,-73.619,-73.631,-73.642,-73.654,-73.665,-73.677,-73.688,-73.699,-73.71,-73.72,-73.731,-73.741,-73.752,-73.762,-73.772,-73.782,-73.792,-73.801,-73.811,-73.82,-73.829,-73.838,-73.847,-73.856,-73.865,-73.874,-73.882,-73.89,-73.899,-73.907,-73.915,-73.923,-73.931,-73.938,-73.946,-73.953,-73.96,-73.968,-73.975,-73.982,-73.989,-73.995,-74.002,-74.009,-74.015,-74.021,-74.028,-74.034,-74.04,-74.046,-74.052,-74.057,-74.063,-74.069,-74.074,-74.079,-74.085,-74.09,-74.095,-74.1,-74.105,-74.11,-74.114,-74.119,-74.124,-74.128,-74.132,-74.137,-74.141,-74.145,-74.149,-74.153,-74.157,-74.161,-74.164,-74.168,-74.171,-74.175,-74.178,-74.182,-74.185,-74.188,-74.191,-74.194,-74.197,-74.2,-74.203,-74.205,-74.208,-74.21,-74.213,-74.215,-74.218,-74.22,-74.222,-74.224,-74.226,-74.228,-74.23,-74.232,-74.234,-74.236,-74.238,-74.239,-74.241,-74.242,-74.244,-74.245,-74.247,-74.248,-74.249,-74.25,-74.251,-74.252,-74.253,-74.254,-74.255,-74.256,-74.257,-74.257,-74.258,-74.259,-74.259,-74.26,-74.26,-74.261,-74.261,-74.261,-74.262,-74.262,-74.262,-74.262,-74.262,-74.262,-74.262,-74.262,-74.262,-74.262,-74.262,-74.261,-74.261,-74.261,-74.26,-74.26,-74.26,-74.259,-74.258,-74.258,-74.257,-74.257,-74.256,-74.255,-74.254,-74.254,-74.253,-74.252,-74.251,-74.25,-74.249,-74.248,-74.247,-74.246,-74.245,-74.243,-74.242,-74.241,-74.24,-74.238,-74.237,-74.236,-74.234,-74.233,-74.231,-74.23,-74.228,-74.227,-74.225,-74.224,-74.222,-74.22,-74.219,-74.217,-74.215,-74.214,-74.212,-74.21,-74.208,-74.206,-74.204,-74.202,-74.2,-74.198,-74.196,-74.194,-74.192,-74.19,-74.188,-74.186,-74.184,-74.182,-74.18,-74.177,-74.175,-74.173,-74.171,-74.168,-74.166,-74.164,-74.161,-74.159,-74.157,-74.154,-74.152,-74.149,-74.147,-74.144,-74.142,-74.139,-74.137,-74.134,-74.132,-74.129,-74.126,-74.124,-74.121,-74.119,-74.116,-74.113,-74.111,-74.108,-74.105,-74.102,-74.1,-74.097,-74.094,-74.091,-74.089,-74.086,-74.083,-74.08,-74.077,-74.074,-74.071,-74.069,-74.066,-74.063,-74.06,-74.057,-74.054,-74.051,-74.048,-74.045,-74.042,-74.039,-74.036,-74.033,-74.03,-74.027,-74.024,-74.021,-74.018,-74.015,-74.012,-74.009,-74.005,-74.002,-73.999,-73.996,-73.993,-73.99,-73.987,-73.984,-73.98,-73.977,-73.974,-73.971,-73.968,-73.964,-73.961,-73.958,-73.955,-73.952,-73.948,-73.945,-73.942,-73.939,-73.936,-73.932,-73.929,-73.926,-73.923,-73.919,-73.916,-73.913,-73.909,-73.906,-73.903,-73.9,-73.896,-73.893,-73.89,-73.886,-73.883,-73.88,-73.877,-73.873,-73.87,-73.867,-73.863,-73.86,-73.857,-73.853,-73.85,-73.847,-73.843,-73.84,-73.837,-73.833,-73.83,-73.827,-73.823,-73.82,-73.817,-73.813,-73.81,-73.807,-73.803,-73.8,-73.797,-73.793,-73.79,-73.787,-73.783,-73.78,-73.777,-73.773,-73.77,-73.767,-73.763,-73.76,-73.757,-73.753,-73.75,-73.746,-73.743,-73.74,-73.736,-73.733,-73.73,-73.726,-73.723,-73.72,-73.716,-73.713,-73.71,-73.706,-73.703,-73.7,-73.696,-73.693,-73.69,-73.686,-73.683,-73.68,-73.677,-73.673,-73.67,-73.667,-73.663,-73.66,-73.657,-73.653,-73.65,-73.647,-73.643,-73.64,-73.637,-73.634,-73.63,-73.627,-73.624,-73.62,-73.617,-73.614,-73.611,-73.607,-73.604,-73.601,-73.598,-73.594,-73.591,-73.588,-73.585,-73.581,-73.578,-73.575,-73.572,-73.568,-73.565,-73.562,-73.559,-73.556,-73.552,-73.549,-73.546,-73.543,-73.539,-73.536,-73.533,-73.53,-73.527,-73.524,-73.52,-73.517,-73.514,-73.511,-73.508,-73.505,-73.501,-73.498,-73.495,-73.492,-73.489,-73.486,-73.483,-73.479,-73.476,-73.473,-73.47,-73.467,-73.464,-73.461,-73.458,-73.455,-73.451,-73.448,-73.445,-73.442,-73.439,-73.436,-73.433,-73.43,-73.427,-73.424,-73.421,-73.418,-73.415,-73.412,-73.409,-73.406,-73.403,-73.399,-73.396,-73.393,-73.39,-73.387,-73.384,-73.381,-73.378,-73.375,-73.372,-73.37,-73.367,-73.364,-73.361,-73.358,-73.355,-73.352,-73.349,-73.346,-73.343,-73.34,-73.337,-73.334,-73.331,-73.328,-73.325,-73.322,-73.32,-73.317,-73.314,-73.311,-73.308,-73.305,-73.302,-73.299,-73.297,-73.294,-73.291,-73.288,-73.285,-73.282,-73.279,-73.277,-73.274,-73.271,-73.268,-73.265,-73.262,-73.26,-73.257,-73.254,-73.251,-73.248,-73.246,-73.243,-73.24,-73.237,-73.235,-73.232,-73.229,-73.226,-73.224,-73.221,-73.218,-73.215,-73.213,-73.21,-73.207,-73.204,-73.202,-73.199,-73.196,-73.194,-73.191,-73.188,-73.186,-73.183,-73.18,-73.177,-73.175,-73.172,-73.169,-73.167,-73.164,-73.162,-73.159,-73.156,-73.154,-73.151,-73.148,-73.146,-73.143,-73.14,-73.138,-73.135,-73.133,-73.13,-73.127,-73.125,-73.122,-73.12,-73.117,-73.115,-73.112,-73.109,-73.107,-73.104,-73.102,-73.099,-73.097,-73.094,-73.092,-73.089,-73.087,-73.084,-73.081,-73.079,-73.076,-73.074,-73.071,-73.069,-73.066,-73.064,-73.061,-73.059,-73.056,-73.054,-73.052,-73.049,-73.047,-73.044,-73.042,-73.039,-73.037,-73.034,-73.032,-73.029,-73.027,-73.025,-73.022,-73.02,-73.017,-73.015,-73.013,-73.01,-73.008,-73.005,-73.003,-73.001,-72.998,-72.996,-72.993,-72.991,-72.989,-72.986,-72.984,-72.981,-72.979,-72.977,-72.974,-72.972,-72.97,-72.967,-72.965,-72.963,-72.96,-72.958,-72.956,-72.953,-72.951,-72.949,-72.946,-72.944,-72.942,-72.94,-72.937,-72.935,-72.933,-72.93,-72.928,-72.926,-72.924,-72.921,-72.919,-72.917,-72.914,-72.912,-72.91,-72.908,-72.905,-72.903,-72.901,-72.899,-72.896,-72.894,-72.892,-72.89,-72.888,-72.885,-72.883,-72.881,-72.879,-72.876,-72.874,-72.872,-72.87,-72.868,-72.865,-72.863,-72.861,-72.859,-72.857,-72.855,-72.852,-72.85,-72.848,-72.846,-72.844,-72.842,-72.839,-72.837,-72.835,-72.833,-72.831,-72.829,-72.826,-72.824,-72.822,-72.82,-72.818,-72.816,-72.814,-72.812,-72.809,-72.807,-72.805,-72.803,-72.801,-72.799,-72.797,-72.795,-72.793,-72.791,-72.788,-72.786,-72.784,-72.782,-72.78,-72.778,-72.776,-72.774,-72.772,-72.77,-72.768,-72.766,-72.764,-72.761,-72.759,-72.757,-72.755,-72.753,-72.751,-72.749,-72.747,-72.745,-72.743,-72.741,-72.739,-72.737,-72.735,-72.733,-72.731,-72.729,-72.727,-72.725,-72.723,-72.721,-72.719,-72.717,-72.715,-72.713,-72.711,-72.709,-72.707,-72.705,-72.703,-72.701,-72.699,-72.697,-72.695,-72.693,-72.691