-72.039,-71.982,-71.934,-71.888,-71.845,-71.802,-71.761,-71.721,-71.681,-71.642,-71.603,-71.565,-71.528,-71.491,-71.455,-71.419,-71.384,-71.35,-71.316,-71.282,-71.249,-71.216,-71.184,-71.153,-71.122,-71.091,-71.061,-71.031,-71.002,-70.973,-70.945,-70.917,-70.889,-70.862,-70.835,-70.809,-70.783,-70.757,-70.732,-70.707,-70.683,-70.659,-70.635,-70.612,-70.589,-70.567,-70.544,-70.523,-70.501,-70.48,-70.459,-70.439,-70.418,-70.399,-70.379,-70.36,-70.341,-70.322,-70.304,-70.286,-70.268,-70.251,-70.233,-70.216,-70.2,-70.183,-70.167,-70.151,-70.136,-70.12,-70.105,-70.091,-70.076,-70.062,-70.047,-70.033,-70.02,-70.006,-69.993,-69.98,-69.967,-69.955,-69.942,-69.93,-69.918,-69.907,-69.895,-69.884,-69.873,-69.862,-69.851,-69.84,-69.83,-69.82,-69.809,-69.8,-69.79,-69.78,-69.771,-69.762,-69.753,-69.744,-69.735,-69.726,-69.718,-69.709,-69.701,-69.693,-69.685,-69.677,-69.67,-69.662,-69.655,-69.648,-69.641,-69.634,-69.627,-69.62,-69.613,-69.607,-69.6,-69.594,-69.588,-69.582,-69.576,-69.57,-69.564,-69.559,-69.553,-69.547,-69.542,-69.537,-69.532,-69.527,-69.522,-69.517,-69.512,-69.507,-69.502,-69.498,-69.493,-69.489,-69.485,-69.481,-69.476,-69.472,-69.468,-69.464,-69.46,-69.457,-69.453,-69.449,-69.446,-69.442,-69.439,-69.435,-69.432,-69.429,-69.426,-69.422,-69.419,-69.416,-69.413,-69.41,-69.408,-69.405,-69.402,-69.399,-69.397,-69.394,-69.392,-69.389,-69.387,-69.384,-69.382,-69.379,-69.377,-69.375,-69.373,-69.371,-69.369,-69.366,-69.364,-69.362,-69.361,-69.359,-69.357,-69.355,-69.353,-69.351,-69.35,-69.348,-69.346,-69.345,-69.343,-69.342,-69.34,-69.339,-69.337,-69.336,-69.334,-69.333,-69.332,-69.33,-69.329,-69.328,-69.326,-69.325,-69.324,-69.323,-69.322,-69.321,-69.32,-69.318,-69.317,-69.316,-69.315,-69.314,-69.313,-69.312,-69.312,-69.311,-69.31,-69.309,-69.308,-69.307,-69.306,-69.306,-69.305,-69.304,-69.303,-69.303,-69.302,-69.301,-69.301,-69.3,-69.299,-69.299,-69.298,-69.297,-69.297,-69.296,-69.296,-69.295,-69.295,-69.294,-69.294,-69.293,-69.293,-69.292,-69.292,-69.291,-69.291,-69.29,-69.29,-69.29,-69.289,-69.289,-69.288,-69.288,-69.288,-69.287,-69.287,-69.287,-69.286,-69.286,-69.286,-69.285,-69.285,-69.285,-69.285,-69.284,-69.284,-69.284,-69.284,-69.283,-69.283,-69.283,-69.283,-69.283,-69.282,-69.282,-69.282,-69.282,-69.282,-69.282,-69.281,-69.281,-69.281,-69.281,-69.281,-69.281,-69.281,-69.28,-69.28,-69.28,-69.28,-69.28,-69.28,-69.28,-69.28,-69.28,-69.28,-69.28,-69.279,-69.279,-69.279,-69.279,-69.279,-69.279,-69.279,-69.279,-69.279,-69.279,-69.279,-69.279,-69.279,-69.279,-69.279,-69.279,-69.279,-69.279,-69.279,-69.279,-69.279,-69.279,-69.279,-69.279,-69.279,-69.279,-69.279,-69.279,-69.279,-69.279,-69.279,-69.279,-69.279,-69.279,-69.279,-69.279,-69.279,-69.279,-69.279,-69.279,-69.279,-69.279,-69.279,-69.279,-69.279,-69.279,-69.279,-69.279,-69.279,-69.279,-69.28,-69.28,-69.28,-69.28,-69.28,-69.28,-69.28,-69.28,-69.28,-69.28,-69.28,-69.28,-69.28,-69.28,-69.28,-69.28,-69.28,-69.28,-69.281,-69.281,-69.281,-69.281,-69.281,-69.281,-69.281,-69.281,-69.281,-69.281,-69.281,-69.281,-69.281,-69.281,-69.282,-69.282,-69.282,-69.282,-69.282,-69.282,-69.282,-69.282,-69.282,-69.282,-69.282,-69.282,-69.282,-69.283,-69.283,-69.283,-69.283,-69.283,-69.283,-69.283,-69.283,-69.283,-69.283,-69.283,-69.283,-69.283,-69.284,-69.284,-69.284,-69.284,-69.284,-69.284,-69.284,-69.284,-69.284,-69.284,-69.284,-69.284,-69.285,-69.285,-69.285,-69.285,-69.285,-69.285,-69.285,-69.285,-69.285,-69.285,-69.285,-69.285,-69.285,-69.286,-69.286,-69.286,-69.286,-69.286,-69.286,-69.286,-69.286,-69.286,-69.286,-69.286,-69.286,-69.286,-69.287,-69.287,-69.287,-69.287,-69.287,-69.287,-69.287,-69.287,-69.287,-69.287,-69.287,-69.287,-69.287,-69.288,-69.288,-69.288,-69.288,-69.288,-69.288,-69.288,-69.288,-69.288,-69.288,-69.288,-69.288,-69.288,-69.288,-69.289,-69.289,-69.289,-69.289,-69.289,-69.289,-69.289,-69.289,-69.289,-69.289,-69.289,-69.289,-69.289,-69.289,-69.29,-69.29,-69.29,-69.29,-69.29,-69.29,-69.29,-69.29,-69.29,-69.29,-69.29,-69.29,-69.29,-69.29,-69.29,-69.291,-69.291,-69.291,-69.291,-69.291,-69.291,-69.291,-69.291,-69.291,-69.291,-69.291,-69.291,-69.291,-69.291,-69.291,-69.291,-69.291,-69.292,-69.292,-69.292,-69.292,-69.292,-69.292,-69.292,-69.292,-69.292,-69.292,-69.292,-69.292,-69.292,-69.292,-69.292,-69.292,-69.292,-69.293,-69.293,-69.293,-69.293,-69.293,-69.293,-69.293,-69.293,-69.293,-69.293,-69.293,-69.293,-69.293,-69.293,-69.293,-69.293,-69.293,-69.293,-69.293,-69.294,-69.294,-69.294,-69.294,-69.294,-69.294,-69.294,-69.294,-69.294,-69.294,-69.294,-69.294,-69.294,-69.294,-69.294,-69.294,-69.294,-69.294,-69.294,-69.294,-69.294,-69.295,-69.295,-69.295,-69.295,-69.295,-69.295,-69.295,-69.295,-69.295,-69.295,-69.295,-69.295,-69.295,-69.295,-69.295,-69.295,-69.295,-69.295,-69.295,-69.295,-69.295,-69.295,-69.295,-69.295,-69.296,-69.296,-69.296,-69.296,-69.296,-69.296,-69.296,-69.296,-69.296,-69.296,-69.296,-69.296,-69.296,-69.296,-69.296,-69.296,-69.296,-69.296,-69.296,-69.296,-69.296,-69.296,-69.296,-69.296,-69.296,-69.296,-69.296,-69.297,-69.297,-69.297,-69.297,-69.297,-69.297,-69.297,-69.297,-69.297,-69.297,-69.297,-69.297,-69.297,-69.297,-69.297,-69.297,-69.297,-69.297,-69.297,-69.297,-69.297,-69.297,-69.297,-69.297,-69.297,-69.297,-69.297,-69.297,-69.297,-69.297,-69.297,-69.298,-69.298,-69.298,-69.298,-69.298,-69.298,-69.298,-69.298,-69.298,-69.298,-69.298,-69.298,-69.298,-69.298,-69.298,-69.298,-69.298,-69.298,-69.298,-69.298,-69.298,-69.298,-69.298,-69.298,-69.298,-69.298,-69.298,-69.298,-69.298,-69.298,-69.298,-69.298,-69.298,-69.298,-69.298,-69.298,-69.298,-69.298,-69.299,-69.299,-69.299,-69.299,-69.299,-69.299,-69.299,-69.299,-69.299,-69.299,-69.299,-69.299,-69.299,-69.299,-69.299,-69.299,-69.299,-69.299,-69.299,-69.299,-69.299,-69.299,-69.299,-69.299,-69.299,-69.299,-69.299,-69.299,-69.299,-69.299,-69.299,-69.299,-69.299,-69.299,-69.299,-69.299,-69.299,-69.299,-69.299,-69.299,-69.299,-69.299,-69.299,-69.299,-69.299,-69.299,-69.299,-69.3,-69.3,-69.3,-69.3,-69.3,-69.3,-69.3,-69.3,-69.3,-69.3,-69.3,-69.3,-69.3,-69.3,-69.3,-69.3,-69.3,-69.3,-69.3,-69.3,-69.3,-69.3,-69.3,-69.3,-69.3,-69.3,-69.3,-69.3,-69.3,-69.3,-69.3,-69.3,-69.3,-69.3,-69.3,-69.3,-69.3,-69.3,-69.3,-69.3,-69.3,-69.3,-69.3,-69.3,-69.3,-69.3,-69.3,-69.3,-69.3,-69.3,-69.3,-69.3,-69.3,-69.3,-69.3,-69.3,-69.3,-69.3,-69.3,-69.301,-69.301,-69.301,-69.301,-69.301,-69.301,-69.301,-69.301,-69.301,-69.301,-69.301,-69.301,-69.301,-69.301,-69.301,-69.301,-69.301,-69.301,-69.301,-69.301,-69.301,-69.301,-69.301,-69.301,-69.301,-69.301,-69.301,-69.301,-69.301,-69.301,-69.301,-69.301,-69.301,-69.301,-69.301,-69.301,-69.301,-69.301,-69.301,-69.301,-69.301,-69.301,-69.301,-69.301,-69.301,-69.301,-69.301,-69.301,-69.301,-69.301,-69.301,-69.301,-69.301,-69.301,-69.301,-69.301,-69.301,-69.301,-69.301,-69.301,-69.301,-69.301,-69.301,-69.301,-69.301,-69.301,-69.301,-69.301,-69.301,-69.301,-69.301,-69.301,-69.301,-69.301,-69.301,-69.301,-69.301,-69.301,-69.301,-69.301,-69.301,-69.301,-69.301,-69.302,-69.302,-69.302,-69.302,-69.302,-69.302,-69.302,-69.302,-69.302,-69.302,-69.302,-69.302,-69.302,-69.302,-69.302,-69.302,-69.302,-69.302,-69.302,-69.302,-69.302,-69.302,-69.302,-69.302,-69.302,-69.302,-69.302,-69.302,-69.302,-69.302,-69.302,-69.302,-69.302,-69.302,-69.302,-69.302,-69.302,-69.302,-69.302,-69.302,-69.302,-69.302,-69.302,-69.302,-69.302,-69.302,-69.302,-69.302,-69.302,-69.302,-69.302,-69.302,-69.302,-69.302,-69.302,-69.302,-69.302,-69.302,-69.302,-69.302,-69.302,-69.302,-69.302,-69.302,-69.302,-69.302,-69.302,-69.302,-69.302,-69.302,-69.302,-69.302,-69.302,-69.302,-69.302,-69.302,-69.302,-69.302,-69.302,-69.302,-69.302,-69.302,-69.302,-69.302,-69.302,-69.302,-69.302,-69.302,-69.302,-69.302,-69.302,-69.302,-69.302,-69.302,-69.302,-69.302,-69.302,-69.302,-69.302,-69.302,-69.302,-69.302,-69.302,-69.302,-69.302,-69.302,-69.302,-69.302,-69.302,-69.302,-69.302,-69.302,-69.302,-69.302,-69.302,-69.302,-69.302,-69.302,-69.302,-69.303,-69.303,-69.303,-69.303,-69.303,-69.303,-69.303,-69.303,-69.303,-69.303,-69.303,-69.303,-69.303,-69.303,-69.303,-69.303,-69.303,-69.303,-69.303,-69.303,-69.303,-69.303,-69.303,-69.303,-69.303,-69.303,-69.303,-69.303,-69.303,-69.303,-69.303,-69.303,-69.303,-69.303,-69.303,-69.303,-69.303,-69.303,-69.303,-69.303,-69.303,-69.303,-69.303,-69.303,-69.303,-69.303,-69.303,-69.303,-69.303,-69.303,-69.303,-69.303,-69.303,-69.303,-69.303,-69.303,-69.303,-69.303,-69.303,-69.303,-69.303,-69.303,-69.303,-69.303,-69.303,-69.303,-69.303,-69.303,-69.303,-69.303,-69.303,-69.303,-69.303,-69.303,-69.303,-69.303,-69.303,-69.303,-69.303,-69.303,-69.303,-69.303,-69.303,-69.303,-69.303,-69.303,-69.303,-69.303,-69.303,-69.303,-69.303,-69.303,-69.303,-69.303,-69.303,-69.303,-69.303,-69.303,-69.303,-69.303,-69.303,-69.303,-69.303,-69.303,-69.303,-69.303,-69.303,-69.303,-69.303,-69.303,-69.303,-69.303,-69.303,-69.303,-69.303,-69.303,-69.303,-69.303,-69.303,-69.303,-69.303,-69.303,-69.303,-69.303,-69.303,-69.303,-69.303,-69.303,-69.303,-69.303,-69.303,-69.303,-69.303,-69.303,-69.303,-69.303,-69.303,-69.303,-69.303,-69.303,-69.303,-69.303,-69.303,-69.303,-69.303,-69.303,-69.303,-69.303,-69.303,-69.303,-69.303,-69.303,-69.303,-69.303,-69.303,-69.303,-69.303,-69.303,-69.303,-69.303,-69.303,-69.303,-69.303,-69.303,-69.303,-69.303,-69.303,-69.303,-69.303,-69.303,-69.303,-69.303,-69.303,-69.303,-69.303,-69.303,-69.303,-69.304,-69.304,-69.304,-69.304,-69.304,-69.304,-69.304,-69.304,-69.304,-69.304,-69.304,-69.304,-69.304,-69.304,-69.304,-69.304,-69.304,-69.304,-69.304,-69.304,-69.304,-69.304,-69.304,-69.304,-69.304,-69.304,-69.304,-69.304,-69.304,-69.304,-69.304,-69.304,-69.304,-69.304,-69.304,-69.304,-69.304,-69.304,-69.304,-69.304,-69.304,-69.304,-69.304,-69.304,-69.304,-69.304,-69.304,-69.304,-69.304,-69.304,-69.304,-69.304,-69.304,-69.304,-69.304,-69.304,-69.304,-69.304,-69.304,-69.304,-69.304,-69.304,-69.304,-69.304,-69.304,-69.304,-69.304,-69.304,-69.304,-69.304,-69.304,-69.304,-69.304,-69.304,-69.304,-69.304,-69.304,-69.304,-69.304,-69.304,-69.304,-69.304,-69.304,-69.304,-69.304,-69.304,-69.304,-69.304,-69.304,-69.304,-69.304,-69.304,-69.304,-69.304,-69.304,-69.304,-69.304,-69.304,-69.304,-69.304,-69.304,-69.304,-69.304,-69.304,-69.304,-69.304,-69.304,-69.304,-69.304,-69.304,-69.304,-69.304,-69.304,-69.304,-69.304,-69.304,-69.304,-69.304,-69.304,-69.304,-69.304,-69.304,-69.304,-69.304,-69.304,-69.304,-69.304,-69.304,-69.304,-69.304,-69.304,-69.304,-69.304,-69.304,-69.304,-69.304,-69.304,-69.304,-69.304,-69.304,-69.304,-69.304,-69.304,-69.304,-69.304,-69.304,-69.304,-69.304,-69.304,-69.304,-69.304,-69.304,-69.304,-69.304,-69.304,-69.304,-69.304,-69.304,-69.304,-69.304,-69.304,-69.304,-69.304,-69.304,-69.304,-69.304,-69.304,-69.304,-69.304,-69.304,-69.304,-69.304,-69.304,-69.304,-69.304,-69.304,-69.304,-69.304,-69.304,-69.304,-69.304,-69.304,-69.304,-69.304,-69.304,-69.304,-69.304,-69.304,-69.304,-69.304,-69.304,-69.304,-69.304,-69.304,-69.304,-69.304,-69.304,-69.304,-69.304,-69.304,-69.304,-69.304,-69.304,-69.304,-69.304,-69.304,-69.304,-69.304,-69.304,-69.304,-69.304,-69.304,-69.304,-69.304,-69.304,-69.304,-69.304,-69.304,-69.304,-69.304,-69.304,-69.304,-69.304,-69.304,-69.304,-69.304,-69.304,-69.304,-69.304,-69.304,-69.304,-69.304,-69.304,-69.304,-69.304,-69.304,-69.304,-69.304,-69.304,-69.304,-69.304,-69.305,-69.305,-69.305,-69.305,-69.305,-69.305,-69.305,-69.305,-69.305,-69.305,-69.305,-69.305,-69.305,-69.305,-69.305,-69.305,-69.305,-69.305,-69.305,-69.305,-69.305,-69.305,-69.305,-69.305,-69.305,-69.305,-69.305,-69.305,-69.305,-69.305,-69.305,-69.305,-69.305,-69.305,-69.305,-69.305,-69.305,-69.305,-69.305,-69.305,-69.305,-69.305,-69.305,-69.305,-69.305,-69.305,-69.305,-69.305,-69.305,-69.305,-69.305,-69.305,-69.305,-69.305,-69.305,-69.305,-69.305,-69.305,-69.305,-69.305,-69.305,-69.305,-69.305,-69.305,-69.305,-69.305,-69.305,-69.305,-69.305,-69.305,-69.305,-69.305,-69.305,-69.305,-69.305,-69.305,-69.305,-69.305,-69.305,-69.305,-69.305,-69.305,-69.305,-69.305,-69.305,-69.305,-69.305,-69.305,-69.305,-69.305,-69.305,-69.305,-69.305,-69.305,-69.305,-69.305,-69.305,-69.305,-69.305,-69.305,-69.305,-69.305,-69.305,-69.305,-69.305,-69.305,-69.305,-69.305,-69.305,-69.305,-69.305,-69.305,-69.305,-69.305,-69.305,-69.305,-69.305,-69.305,-69.305,-69.305,-69.305,-69.305,-69.305,-69.305,-69.305,-69.305,-69.305,-69.305,-69.305,-69.305,-69.305,-69.305,-69.305,-69.305,-69.305,-69.305,-69.305,-69.305,-69.305,-69.305,-69.305,-69.305,-69.305,-69.305,-69.305,-69.305,-69.305,-69.305,-69.305,-69.305,-69.305,-69.305,-69.305,-69.305,-69.305,-69.305,-69.305,-69.305,-69.305,-69.305,-69.305,-69.305,-69.305,-69.305,-69.305,-69.305,-69.305,-69.305,-69.305,-69.305,-69.305,-69.305,-69.305,-69.305,-69.305,-69.305,-69.305,-69.305,-69.305,-69.305,-69.305,-69.305,-69.305,-69.305,-69.305,-69.305,-69.305,-69.305,-69.305,-69.305,-69.305,-69.305,-69.305,-69.305,-69.305,-69.305,-69.305,-69.305,-69.305,-69.305,-69.305,-69.305,-69.305,-69.305,-69.305,-69.305,-69.305,-69.305,-69.305,-69.305,-69.305,-69.305,-69.305,-69.305,-69.305,-69.305,-69.305,-69.305,-69.305,-69.305,-69.305,-69.305,-69.305,-69.305,-69.305,-69.305,-69.305,-69.305,-69.305,-69.305,-69.305,-69.305,-69.305,-69.305,-69.305,-69.305,-69.305,-69.305,-69.305,-69.305,-69.305,-69.305,-69.305,-69.305,-69.305,-69.305,-69.305,-69.305,-69.305,-69.305,-69.305,-69.305,-69.305,-69.305,-69.305,-69.305,-69.305,-69.305,-69.305,-69.305,-69.305,-69.305,-69.305,-69.305,-69.305,-69.305,-69.305,-69.305,-69.305,-69.305,-69.305,-69.305,-69.305,-69.305,-69.305,-69.305,-69.305,-69.305,-69.305,-69.305,-69.305,-69.305,-69.305,-69.305,-69.305,-69.305,-69.305,-69.305,-69.305,-69.306,-69.306,-69.306,-69.306,-69.306,-69.306,-69.306,-69.306,-69.306,-69.306,-69.306,-69.306,-69.306,-69.306,-69.306,-69.306,-69.306,-69.306,-69.306,-69.306,-69.306,-69.306,-69.306,-69.306,-69.306,-69.306,-69.306,-69.306,-69.306,-69.306,-69.306,-69.306,-69.306,-69.306,-69.306,-69.306,-69.306,-69.306,-69.306,-69.306,-69.306,-69.306,-69.306,-69.306,-69.306,-69.306,-69.306,-69.306,-69.306,-69.306,-69.306,-69.306,-69.306,-69.306,-69.306,-69.306,-69.306,-69.306,-69.306,-69.306,-69.306,-69.306,-69.306,-69.306,-69.306,-69.306,-69.306,-69.306,-69.306,-69.306,-69.306,-69.306,-69.306,-69.306,-69.306,-69.306,-69.306,-69.306,-69.306,-69.306,-69.306,-69.306,-69.306,-69.306,-69.306,-69.306,-69.306,-69.306,-69.306,-69.306,-69.306,-69.306,-69.306,-69.306,-69.306,-69.306,-69.306,-69.306,-69.306,-69.306,-69.306,-69.306,-69.306,-69.306,-69.306,-69.306,-69.306,-69.306,-69.306,-69.306,-69.306,-69.306,-69.306,-69.306,-69.306,-69.306,-69.306,-69.306,-69.306,-69.306,-69.306,-69.306,-69.306,-69.306,-69.306,-69.306,-69.306,-69.306,-69.306,-69.306,-69.306,-69.306,-69.306,-69.306,-69.306,-69.306,-69.306,-69.306,-69.306,-69.306,-69.306,-69.306,-69.306,-69.306,-69.306,-69.306,-69.306,-69.306,-69.306,-69.306,-69.306,-69.306,-69.306,-69.306,-69.306,-69.306,-69.306,-69.306,-69.306,-69.306,-69.306,-69.306,-69.306,-69.306,-69.306,-69.306,-69.306,-69.306,-69.306,-69.306,-69.306,-69.306,-69.306,-69.306,-69.306,-69.306,-69.306,-69.306,-69.306,-69.306,-69.306,-69.306,-69.306,-69.306,-69.306,-69.306,-69.306,-69.306,-69.306,-69.306,-69.306,-69.306,-69.306,-69.306,-69.306,-69.306,-69.306,-69.306,-69.306,-69.306,-69.306,-69.306,-69.306,-69.306,-69.306,-69.306,-69.306,-69.306,-69.306,-69.306,-69.306,-69.306,-69.306,-69.306,-69.306,-69.306,-69.306,-69.306,-69.306,-69.306,-69.306,-69.306,-69.306,-69.306,-69.306,-69.306,-69.306,-69.306,-69.306,-69.306,-69.306,-69.306,-69.306,-69.306,-69.306,-69.306,-69.306,-69.306,-69.306,-69.306,-69.306,-69.306,-69.306,-69.306,-69.306,-69.306,-69.306,-69.306,-69.306,-69.306,-69.306,-69.306,-69.306,-69.306,-69.306,-69.306,-69.306,-69.306,-69.306,-69.306,-69.306,-69.306,-69.306,-69.306,-69.306,-69.306,-69.306,-69.306,-69.306,-69.306,-69.306,-69.306,-69.306,-69.306,-69.306,-69.306,-69.306,-69.306,-69.306,-69.306,-69.306,-69.306,-69.306,-69.306,-69.306,-69.306,-69.306,-69.306,-69.306,-69.306,-69.306,-69.306,-69.306,-69.306,-69.306,-69.306,-69.306,-69.306,-69.306,-69.306,-69.306,-69.306,-69.306,-69.306,-69.306,-69.306,-69.306,-69.306,-69.306,-69.306,-69.306,-69.306,-69.306,-69.306,-69.306,-69.306,-69.306,-69.306,-69.306,-69.306,-69.306,-69.306,-69.306,-69.306,-69.306,-69.306,-69.306,-69.306,-69.306,-69.307,-69.307,-69.307,-69.307,-69.307,-69.307,-69.307,-69.307,-69.307,-69.307,-69.307,-69.307,-69.307,-69.307,-69.307,-69.307,-69.307,-69.307,-69.307,-69.307,-69.307,-69.307,-69.307,-69.307,-69.307,-69.307,-69.307,-69.307,-69.307,-69.307,-69.307,-69.307,-69.307,-69.307,-69.307,-69.307,-69.307,-69.307,-69.307,-69.307,-69.307,-69.307,-69.307,-69.307,-69.307,-69.307,-69.307,-69.307,-69.307,-69.307,-69.307,-69.307,-69.307,-69.307,-69.307,-69.307,-69.307,-69.307,-69.307,-69.307,-69.307,-69.307,-69.307,-69.307,-69.307,-69.307,-69.307,-69.307,-69.307,-69.307,-69.307,-69.307,-69.307,-69.307,-69.307,-69.307,-69.307,-69.307,-69.307,-69.307,-69.307,-69.307,-69.307,-69.307,-69.307,-69.307,-69.307,-69.307,-69.307,-69.307,-69.307,-69.307,-69.307,-69.307,-69.307,-69.307,-69.307,-69.307,-69.307,-69.307,-69.307,-69.307,-69.307,-69.307,-69.307,-69.307,-69.307,-69.307,-69.307,-69.307,-69.307,-69.307,-69.307,-69.307,-69.307,-69.307,-69.307,-69.307,-69.307,-69.307,-69.307,-69.307,-69.307,-69.307,-69.307,-69.307,-69.307,-69.307,-69.307,-69.307,-69.307,-69.307,-69.307,-69.307,-69.307,-69.307,-69.307,-69.307,-69.307,-69.307,-69.307,-69.307,-69.307,-69.307,-69.307,-69.307,-69.307,-69.307,-69.307,-69.307,-69.307,-69.307,-69.307,-69.307,-69.307,-69.307,-69.307,-69.307,-69.307,-69.307,-69.307,-69.307,-69.307,-69.307,-69.307,-69.307,-69.307,-69.307,-69.307,-69.307,-69.307,-69.307,-69.307,-69.307,-69.307,-69.307,-69.307,-69.307,-69.307,-69.307,-69.307,-69.307,-69.307,-69.307,-69.307,-69.307,-69.307,-69.307,-69.307,-69.307,-69.307,-69.307,-69.307,-69.307,-69.307,-69.307,-69.307,-69.307,-69.307,-69.307,-69.307,-69.307,-69.307,-69.307,-69.307,-69.307,-69.307,-69.307,-69.307,-69.307,-69.307,-69.307,-69.307,-69.307,-69.307,-69.307,-69.307,-69.307,-69.307,-69.307,-69.307,-69.307,-69.307,-69.307,-69.307,-69.307,-69.307,-69.307,-69.307,-69.307,-69.307,-69.307,-69.307,-69.307,-69.307,-69.307,-69.307,-69.307,-69.307,-69.307,-69.307,-69.307,-69.307,-69.307,-69.307,-69.307,-69.307,-69.307,-69.307,-69.307,-69.307,-69.307,-69.307,-69.307,-69.307,-69.307,-69.307,-69.307,-69.307,-69.307,-69.307,-69.307,-69.307,-69.307,-69.307,-69.307,-69.307,-69.307,-69.307,-69.307,-69.307,-69.307,-69.307,-69.307,-69.307,-69.307,-69.307,-69.307,-69.307,-69.307,-69.307,-69.307,-69.307,-69.307,-69.307,-69.307,-69.307,-69.307,-69.307,-69.307,-69.307,-69.307,-69.307,-69.307,-69.307,-69.307,-69.307,-69.307,-69.307,-69.307,-69.307,-69.307,-69.307,-69.307,-69.307,-69.307,-69.307,-69.307,-69.307,-69.307,-69.307,-69.307,-69.307,-69.307,-69.307,-69.307,-69.307,-69.307,-69.307,-69.307,-69.307,-69.307,-69.307,-69.307,-69.307,-69.307,-69.307,-69.307,-69.307,-69.307,-69.307,-69.307,-69.307,-69.307,-69.307,-69.307,-69.307,-69.307,-69.307,-69.307,-69.307,-69.307,-69.307,-69.307,-69.307,-69.307,-69.307,-69.307,-69.307,-69.307,-69.307,-69.307,-69.307,-69.307,-69.307,-69.307,-69.307,-69.307,-69.307,-69.307,-69.307,-69.307,-69.307,-69.307,-69.307,-69.307,-69.307,-69.307,-69.307,-69.307,-69.307,-69.307,-69.308,-69.308,-69.308,-69.308,-69.308,-69.308,-69.308,-69.308,-69.308,-69.308,-69.308,-69.308,-69.308,-69.308,-69.308,-69.308,-69.308,-69.308,-69.308,-69.308,-69.308,-69.308,-69.308,-69.308,-69.308,-69.308,-69.308,-69.308,-69.308,-69.308,-69.308,-69.308,-69.308,-69.308,-69.308,-69.308,-69.308,-69.308,-69.308,-69.308,-69.308,-69.308,-69.308,-69.308,-69.308,-69.308,-69.308,-69.308,-69.308,-69.308,-69.308,-69.308,-69.308,-69.308,-69.308,-69.308,-69.308,-69.308,-69.308,-69.308,-69.308,-69.308,-69.308,-69.308,-69.308,-69.308,-69.308,-69.308,-69.308,-69.308,-69.308,-69.308,-69.308,-69.308,-69.308,-69.308,-69.308,-69.308,-69.308,-69.308,-69.308,-69.308,-69.308,-69.308,-69.308,-69.308,-69.308,-69.308,-69.308,-69.308,-69.308,-69.308,-69.308,-69.308,-69.308,-69.308,-69.308,-69.308,-69.308,-69.308,-69.308,-69.308,-69.308,-69.308,-69.308,-69.308,-69.308,-69.308,-69.308,-69.308,-69.308,-69.308,-69.308,-69.308,-69.308,-69.308,-69.308,-69.308,-69.308,-69.308,-69.308,-69.308,-69.308,-69.308,-69.308,-69.308,-69.308,-69.308,-69.308,-69.308,-69.308,-69.308,-69.308,-69.308,-69.308,-69.308,-69.308,-69.308,-69.308,-69.308,-69.308,-69.308,-69.308,-69.308,-69.308,-69.308,-69.308,-69.308,-69.308,-69.308,-69.308,-69.308,-69.308,-69.308,-69.308,-69.308,-69.308,-69.308,-69.308,-69.308,-69.308,-69.308,-69.308,-69.308,-69.308,-69.308,-69.308,-69.308,-69.308,-69.308,-69.308,-69.308,-69.308,-69.308,-69.308,-69.308,-69.308,-69.308,-69.308,-69.308,-69.308,-69.308,-69.308,-69.308,-69.308,-69.308,-69.308,-69.308,-69.308,-69.308,-69.308,-69.308,-69.308,-69.308,-69.308,-69.308,-69.308,-69.308,-69.308,-69.308,-69.308,-69.308,-69.308,-69.308,-69.308,-69.308,-69.308,-69.308,-69.308,-69.308,-69.308,-69.308,-69.308,-69.308,-69.308,-69.308,-69.308,-69.308,-69.308,-69.308,-69.308,-69.308,-69.308,-69.308,-69.308,-69.308,-69.308,-69.308,-69.308,-69.308,-69.308,-69.308,-69.308,-69.308,-69.308,-69.308,-69.308,-69.308,-69.308,-69.308,-69.308,-69.308,-69.308,-69.308,-69.308,-69.308,-69.308,-69.308,-69.308,-69.308,-69.308,-69.308,-69.308,-69.308,-69.308,-69.308,-69.308,-69.308,-69.308,-69.308,-69.308,-69.308,-69.308,-69.308,-69.308,-69.308,-69.308,-69.308,-69.308,-69.308,-69.308,-69.308,-69.308,-69.308,-69.308,-69.308,-69.308,-69.308,-69.308,-69.308,-69.308,-69.308,-69.308,-69.308,-69.308,-69.308,-69.308,-69.308,-69.308,-69.308,-69.308,-69.308,-69.308,-69.308,-69.308,-69.308,-69.308,-69.308,-69.308,-69.308,-69.308,-69.308,-69.308,-69.308,-69.308,-69.308,-69.308,-69.308,-69.308,-69.308,-69.308,-69.308,-69.308,-69.308,-69.308,-69.308,-69.308,-69.308,-69.308,-69.308,-69.308,-69.308,-69.308,-69.308,-69.308,-69.308,-69.308,-69.308,-69.308,-69.308,-69.308,-69.308,-69.308,-69.308,-69.308,-69.308,-69.308,-69.308,-69.308,-69.308,-69.308,-69.308,-69.308,-69.308,-69.308,-69.308,-69.308,-69.308,-69.308,-69.308,-69.308,-69.308,-69.308,-69.308,-69.308,-69.308,-69.308,-69.308,-69.308,-69.308,-69.308,-69.308,-69.308,-69.308,-69.308,-69.308,-69.308,-69.308,-69.308,-69.308,-69.308,-69.308,-69.308,-69.308,-69.308,-69.308,-69.308,-69.308,-69.308,-69.308,-69.308,-69.308,-69.308,-69.308,-69.308,-69.308,-69.308,-69.308,-69.308,-69.308,-69.308,-69.308,-69.308,-69.308,-69.308,-69.308,-69.308,-69.308,-69.308,-69.308,-69.308,-69.308,-69.308,-69.308,-69.308,-69.308,-69.308,-69.308,-69.308,-69.308,-69.308,-69.308,-69.308,-69.308,-69.308,-69.308,-69.308,-69.308,-69.308,-69.308,-69.308,-69.308,-69.308,-69.308,-69.308,-69.308,-69.308,-69.308,-69.308,-69.308,-69.308,-69.308,-69.308,-69.308,-69.309,-69.309,-69.309,-69.309,-69.309,-69.309,-69.309,-69.309,-69.309,-69.309,-69.309,-69.309,-69.309,-69.309,-69.309,-69.309,-69.309,-69.309,-69.309,-69.309,-69.309,-69.309,-69.309,-69.309,-69.309,-69.309,-69.309,-69.309,-69.309,-69.309,-69.309,-69.309,-69.309,-69.309,-69.309,-69.309,-69.309,-69.309,-69.309,-69.309,-69.309,-69.309,-69.309,-69.309,-69.309,-69.309,-69.309,-69.309,-69.309,-69.309,-69.309,-69.309,-69.309,-69.309,-69.309,-69.309,-69.309,-69.309,-69.309,-69.309,-69.309,-69.309,-69.309,-69.309,-69.309,-69.309,-69.309,-69.309,-69.309,-69.309,-69.309,-69.309,-69.309,-69.309,-69.309,-69.309,-69.309,-69.309,-69.309,-69.309,-69.309,-69.309,-69.309,-69.309,-69.309,-69.309,-69.309,-69.309,-69.309,-69.309,-69.309,-69.309,-69.309,-69.309,-69.309,-69.309,-69.309,-69.309,-69.309,-69.309,-69.309,-69.309,-69.309,-69.309,-69.309,-69.309,-69.309,-69.309,-69.309,-69.309,-69.309,-69.309,-69.309,-69.309,-69.309,-69.309,-69.309,-69.309,-69.309,-69.309,-69.309,-69.309,-69.309,-69.309,-69.309,-69.309,-69.309,-69.309,-69.309,-69.309,-69.309,-69.309,-69.309,-69.309,-69.309,-69.309,-69.309,-69.309,-69.309,-69.309,-69.309,-69.309,-69.309,-69.309,-69.309,-69.309,-69.309,-69.309,-69.309,-69.309,-69.309,-69.309,-69.309,-69.309,-69.309,-69.309,-69.309,-69.309,-69.309,-69.309,-69.309,-69.309,-69.309,-69.309,-69.309,-69.309,-69.309,-69.309,-69.309,-69.309,-69.309,-69.309,-69.309,-69.309,-69.309,-69.309,-69.309,-69.309,-69.309,-69.309,-69.309,-69.309,-69.309,-69.309,-69.309,-69.309,-69.309,-69.309,-69.309,-69.309,-69.309,-69.309,-69.309,-69.309,-69.309,-69.309,-69.309,-69.309,-69.309,-69.309,-69.309,-69.309,-69.309,-69.309,-69.309,-69.309,-69.309,-69.309,-69.309,-69.309,-69.309,-69.309,-69.309,-69.309,-69.309,-69.309,-69.309,-69.309,-69.309,-69.309,-69.309,-69.309,-69.309,-69.309,-69.309,-69.309,-69.309,-69.309,-69.309,-69.309,-69.309,-69.309,-69.309,-69.309,-69.309,-69.309,-69.309,-69.309,-69.309,-69.309,-69.309,-69.309,-69.309,-69.309,-69.309,-69.309,-69.309,-69.309,-69.309,-69.309,-69.309,-69.309,-69.309,-69.309,-69.309,-69.309,-69.309,-69.309,-69.309,-69.309,-69.309,-69.309,-69.309,-69.309,-69.309,-69.309,-69.309,-69.309,-69.309,-69.309,-69.309,-69.309,-69.309,-69.309,-69.309,-69.309,-69.309,-69.309,-69.309,-69.309,-69.309,-69.309,-69.309,-69.309,-69.309,-69.309,-69.309,-69.309,-69.309,-69.309,-69.309,-69.309,-69.309,-69.309,-69.309,-69.309,-69.309,-69.309,-69.309,-69.309,-69.309,-69.309,-69.309,-69.309,-69.309,-69.309,-69.309,-69.309,-69.309,-69.309,-69.309,-69.309,-69.309,-69.309,-69.309,-69.309,-69.309,-69.309,-69.309,-69.309,-69.309,-69.309,-69.309,-69.309,-69.309,-69.309,-69.309,-69.309,-69.309,-69.309,-69.309,-69.309,-69.309,-69.309,-69.309,-69.309,-69.309,-69.309,-69.309,-69.309,-69.309,-69.309,-69.309,-69.309,-69.309,-69.309,-69.309,-69.309,-69.309,-69.309,-69.309,-69.309,-69.309,-69.309,-69.309,-69.309,-69.309,-69.309,-69.309,-69.309,-69.309,-69.309,-69.309,-69.309,-69.309,-69.309,-69.309,-69.309,-69.309,-69.309,-69.309,-69.309,-69.309,-69.309,-69.309,-69.309,-69.309,-69.309,-69.309,-69.309,-69.309,-69.309,-69.309,-69.309,-69.309,-69.309,-69.309,-69.309,-69.309,-69.309,-69.309,-69.309,-69.309,-69.309,-69.309,-69.309,-69.309,-69.309,-69.309,-69.309,-69.309,-69.309,-69.309,-69.309,-69.309,-69.309,-69.309,-69.309,-69.309,-69.309,-69.309,-69.309,-69.309,-69.309,-69.309,-69.309,-69.309,-69.309,-69.309,-69.309,-69.309,-69.309,-69.309,-69.309,-69.309,-69.309,-69.309,-69.309,-69.309,-69.309,-69.309,-69.309,-69.309,-69.309,-69.309,-69.309,-69.309,-69.309,-69.309,-69.309,-69.309,-69.309,-69.309,-69.309,-69.309,-69.309,-69.309,-69.309,-69.309,-69.309,-69.309,-69.309,-69.309,-69.309,-69.309,-69.309,-69.309,-69.309,-69.309,-69.309,-69.309,-69.309,-69.309,-69.309,-69.309,-69.309,-69.309,-69.309,-69.309,-69.309,-69.309,-69.309,-69.309,-69.309,-69.309,-69.309,-69.309,-69.309,-69.309,-69.309,-69.309,-69.309,-69.309,-69.309,-69.309,-69.309,-69.309,-69.309,-69.309,-69.309,-69.309,-69.309,-69.309,-69.309,-69.309,-69.309,-69.309,-69.309,-69.309,-69.309,-69.309,-69.309,-69.309,-69.309,-69.309,-69.309,-69.309,-69.309,-69.309,-69.309,-69.31,-69.31,-69.31,-69.31,-69.31,-69.31,-69.31,-69.31,-69.31,-69.31,-69.31,-69.31,-69.31,-69.31,-69.31,-69.31,-69.31,-69.31,-69.31,-69.31,-69.31,-69.31,-69.31,-69.31,-69.31,-69.31,-69.31,-69.31,-69.31,-69.31,-69.31,-69.31,-69.31,-69.31,-69.31,-69.31,-69.31,-69.31,-69.31,-69.31,-69.31,-69.31,-69.31,-69.31,-69.31,-69.31,-69.31,-69.31,-69.31,-69.31,-69.31,-69.31,-69.31,-69.31,-69.31,-69.31,-69.31,-69.31,-69.31,-69.31,-69.31,-69.31,-69.31,-69.31,-69.31,-69.31,-69.31,-69.31,-69.31,-69.31,-69.31,-69.31,-69.31,-69.31,-69.31,-69.31,-69.31,-69.31,-69.31,-69.31,-69.31,-69.31,-69.31,-69.31,-69.31,-69.31,-69.31,-69.31,-69.31,-69.31,-69.31,-69.31,-69.31,-69.31,-69.31,-69.31,-69.31,-69.31,-69.31,-69.31,-69.31,-69.31,-69.31,-69.31,-69.31,-69.31,-69.31,-69.31,-69.31,-69.31,-69.31,-69.31,-69.31,-69.31,-69.31,-69.31,-69.31,-69.31,-69.31,-69.31,-69.31,-69.31,-69.31,-69.31,-69.31,-69.31,-69.31,-69.31,-69.31,-69.31,-69.31,-69.31,-69.31,-69.31,-69.31,-69.31,-69.31,-69.31,-69.31,-69.31,-69.31,-69.31,-69.31,-69.31,-69.31,-69.31,-69.31,-69.31,-69.31,-69.31,-69.31,-69.31,-69.31,-69.31,-69.31,-69.31,-69.31,-69.31,-69.31,-69.31,-69.31,-69.31,-69.31,-69.31,-69.31,-69.31,-69.31,-69.31,-69.31,-69.31,-69.31,-69.31,-69.31,-69.31,-69.31,-69.31,-69.31,-69.31,-69.31,-69.31,-69.31,-69.31,-69.31,-69.31,-69.31,-69.31,-69.31,-69.31,-69.31,-69.31,-69.31,-69.31,-69.31,-69.31,-69.31,-69.31,-69.31,-69.31,-69.31,-69.31,-69.31,-69.31,-69.31,-69.31,-69.31,-69.31,-69.31,-69.31,-69.31,-69.31,-69.31,-69.31,-69.31,-69.31,-69.31,-69.31,-69.31,-69.31,-69.31,-69.31,-69.31,-69.31,-69.31,-69.31,-69.31,-69.31,-69.31,-69.31,-69.31,-69.31,-69.31,-69.31,-69.31,-69.31,-69.31,-69.31,-69.31,-69.31,-69.31,-69.31,-69.31,-69.31,-69.31,-69.31,-69.31,-69.31,-69.31,-69.31,-69.31,-69.31,-69.31,-69.31,-69.31,-69.31,-69.31,-69.31,-69.31,-69.31,-69.31,-69.31,-69.31,-69.31,-69.31,-69.31,-69.31,-69.31,-69.31,-69.31,-69.31,-69.31,-69.31,-69.31,-69.31,-69.31,-69.31,-69.31,-69.31,-69.31,-69.31,-69.31,-69.31,-69.31,-69.31,-69.31,-69.31,-69.31,-69.31,-69.31,-69.31,-69.31,-69.31,-69.31,-69.31,-69.31,-69.31,-69.31,-69.31,-69.31,-69.31,-69.31,-69.31,-69.31,-69.31,-69.31,-69.31,-69.31,-69.31,-69.31,-69.31,-69.31,-69.31,-69.31,-69.31,-69.31,-69.31,-69.31,-69.31,-69.31,-69.31,-69.31,-69.31,-69.31,-69.31,-69.31,-69.31,-69.31,-69.31,-69.31,-69.31,-69.31,-69.31,-69.31,-69.31,-69.31,-69.31,-69.31,-69.31,-69.31,-69.31,-69.31,-69.31,-69.31,-69.31,-69.31,-69.31,-69.31,-69.31,-69.31,-69.31,-69.31,-69.31,-69.31,-69.31,-69.31,-69.31,-69.31,-69.31,-69.31,-69.31,-69.31,-69.31,-69.31,-69.31,-69.31,-69.31,-69.31,-69.31,-69.31,-69.31,-69.31,-69.31,-69.31,-69.31,-69.31,-69.31,-69.31,-69.31,-69.31,-69.31,-69.31,-69.31,-69.31,-69.31,-69.31,-69.31,-69.31,-69.31,-69.31,-69.31,-69.31,-69.31,-69.31,-69.31,-69.31,-69.31,-69.31,-69.31,-69.31,-69.31,-69.31,-69.31,-69.31,-69.31,-69.31,-69.31,-69.31,-69.31,-69.31,-69.31,-69.31,-69.31,-69.31,-69.31,-69.31,-69.31,-69.31,-69.31,-69.31,-69.31,-69.31,-69.31,-69.31,-69.31,-69.31,-69.31,-69.31,-69.31,-69.31,-69.31,-69.31,-69.31,-69.31,-69.31,-69.31,-69.31,-69.31,-69.31,-69.31,-69.31,-69.31,-69.31,-69.31,-69.31,-69.31,-69.31,-69.31,-69.31,-69.31,-69.31,-69.31,-69.31,-69.31,-69.31,-69.31,-69.31,-69.31,-69.31,-69.31,-69.31,-69.31,-69.31,-69.31,-69.31,-69.31,-69.31,-69.31,-69.31,-69.31,-69.31,-69.31,-69.31,-69.31,-69.31,-69.31,-69.31,-69.31,-69.31,-69.31,-69.31,-69.31,-69.31,-69.31,-69.31,-69.31,-69.31,-69.31,-69.31,-69.31,-69.31,-69.31,-69.31,-69.31,-69.31,-69.31,-69.31,-69.31,-69.31,-69.31,-69.31,-69.31,-69.31,-69.31,-69.31,-69.31,-69.31,-69.31,-69.31,-69.31,-69.31,-69.31,-69.31,-69.31,-69.31,-69.31,-69.31,-69.31,-69.31,-69.31,-69.31,-69.31,-69.31,-69.31,-69.31,-69.31,-69.31,-69.31,-69.31,-69.31,-69.31,-69.31,-69.31,-69.31,-69.31,-69.31,-69.31,-69.31,-69.31,-69.31,-69.31,-69.31,-69.31,-69.31,-69.31,-69.31,-69.31,-69.31,-69.31,-69.31,-69.31,-69.31,-69.31,-69.31,-69.31,-69.31,-69.31,-69.31,-69.31,-69.31,-69.31,-69.31,-69.31,-69.31,-69.31,-69.31,-69.31,-69.31,-69.31,-69.31,-69.31,-69.31,-69.31,-69.31,-69.31,-69.31,-69.31,-69.31,-69.31,-69.31,-69.31,-69.31,-69.31,-69.31,-69.31,-69.31,-69.31,-69.31,-69.31,-69.31,-69.31,-69.31,-69.31,-69.31,-69.31,-69.31,-69.31,-69.31,-69.31,-69.31,-69.31,-69.31,-69.31,-69.31,-69.31,-69.31,-69.31,-69.31,-69.31,-69.31,-69.31,-69.31,-69.31,-69.31,-69.31,-69.31,-69.31,-69.31,-69.31,-69.31,-69.31,-69.31,-69.31,-69.31,-69.31,-69.31,-69.31,-69.31,-69.31,-69.31,-69.31,-69.31,-69.31,-69.31,-69.31,-69.31,-69.31,-69.31,-69.31,-69.31,-69.31,-69.31,-69.39,-69.446,-69.495,-69.54,-69.583,-69.625,-69.666,-69.706,-69.746,-69.784,-69.822,-69.859,-69.896,-69.931,-69.966,-70.001,-70.035,-70.068,-70.101,-70.133,-70.165,-70.196,-70.227,-70.257,-70.287,-70.316,-70.345,-70.373,-70.401,-70.429,-70.456,-70.482,-70.508,-70.534,-70.559,-70.584,-70.609,-70.633,-70.656,-70.68,-70.703,-70.726,-70.748,-70.77,-70.791,-70.813,-70.834,-70.854,-70.874,-70.895,-70.914,-70.934,-70.953,-70.971,-70.99,-71.008,-71.026,-71.044,-71.061,-71.078,-71.095,-71.112,-71.128,-71.144,-71.16,-71.176,-71.191,-71.206,-71.221,-71.236,-71.25,-71.265,-71.279,-71.292,-71.306,-71.319,-71.333,-71.346,-71.358,-71.371,-71.383,-71.396,-71.408,-71.42,-71.431,-71.443,-71.454,-71.465,-71.476,-71.487,-71.498,-71.509,-71.519,-71.529,-71.539,-71.549,-71.559,-71.568,-71.578,-71.587,-71.596,-71.605,-71.614,-71.623,-71.632,-71.64,-71.649,-71.657,-71.665,-71.673,-71.681,-71.689,-71.696,-71.704,-71.711,-71.719,-71.726,-71.733,-71.74,-71.747,-71.754,-71.76,-71.767,-71.773,-71.78,-71.786,-71.792,-71.798,-71.804,-71.81,-71.816,-71.822,-71.828,-71.833,-71.839,-71.844,-71.849,-71.855,-71.86,-71.865,-71.87,-71.875,-71.88,-71.884,-71.889,-71.894,-71.898,-71.903,-71.907,-71.912,-71.916,-71.92,-71.924,-71.928,-71.932,-71.936,-71.94,-71.944,-71.948,-71.952,-71.955,-71.959,-71.963,-71.966,-71.97,-71.973,-71.976,-71.98,-71.983,-71.986,-71.989,-71.992,-71.995,-71.998,-72.001,-72.004,-72.007,-72.01,-72.013,-72.015,-72.018,-72.021,-72.023,-72.026,-72.028,-72.031,-72.033,-72.036,-72.038,-72.04,-72.042,-72.045,-72.047,-72.049,-72.051,-72.053,-72.055,-72.057,-72.059,-72.061,-72.063,-72.065,-72.067,-72.069,-72.071,-72.072,-72.074,-72.076,-72.078,-72.079,-72.081,-72.083,-72.084,-72.086,-72.087,-72.089,-72.09,-72.092,-72.093,-72.094,-72.096,-72.097,-72.099,-72.1,-72.101,-72.102,-72.104,-72.105,-72.106,-72.107,-72.108,-72.11,-72.111,-72.112,-72.113,-72.114,-72.115,-72.116,-72.117,-72.118,-72.119,-72.12,-72.121,-72.122,-72.123,-72.123,-72.124,-72.125,-72.126,-72.127,-72.128,-72.128,-72.129,-72.13,-72.131,-72.131,-72.132,-72.133,-72.133,-72.134,-72.135,-72.135,-72.136,-72.137,-72.137,-72.138,-72.138,-72.139,-72.14,-72.14,-72.141,-72.141,-72.142,-72.142,-72.143,-72.143,-72.144,-72.144,-72.145,-72.145,-72.145,-72.146,-72.146,-72.147,-72.147,-72.148,-72.148,-72.148,-72.149,-72.149,-72.149,-72.15,-72.15,-72.15,-72.151,-72.151,-72.151,-72.152,-72.152,-72.152,-72.152,-72.153,-72.153,-72.153,-72.153,-72.154,-72.154,-72.154,-72.154,-72.154,-72.155,-72.155,-72.155,-72.155,-72.155,-72.156,-72.156,-72.156,-72.156,-72.156,-72.156,-72.157,-72.157,-72.157,-72.157,-72.157,-72.157,-72.157,-72.157,-72.158,-72.158,-72.158,-72.158,-72.158,-72.158,-72.158,-72.158,-72.158,-72.158,-72.158,-72.159,-72.159,-72.159,-72.159,-72.159,-72.159,-72.159,-72.159,-72.159,-72.159,-72.159,-72.159,-72.159,-72.159,-72.159,-72.159,-72.159,-72.159,-72.159,-72.159,-72.159,-72.159,-72.159,-72.159,-72.159,-72.159,-72.159,-72.159,-72.159,-72.159,-72.159,-72.159,-72.159,-72.159,-72.159,-72.159,-72.159,-72.159,-72.159,-72.159,-72.159,-72.159,-72.159,-72.159,-72.159,-72.159,-72.159,-72.159,-72.159,-72.159,-72.159,-72.159,-72.158,-72.158,-72.158,-72.158,-72.158,-72.158,-72.158,-72.158,-72.158,-72.158,-72.158,-72.158,-72.158,-72.158,-72.158,-72.158,-72.158,-72.157,-72.157,-72.157,-72.157,-72.157,-72.157,-72.157,-72.157,-72.157,-72.157,-72.157,-72.157,-72.157,-72.157,-72.156,-72.156,-72.156,-72.156,-72.156,-72.156,-72.156,-72.156,-72.156,-72.156,-72.156,-72.156,-72.156,-72.155,-72.155,-72.155,-72.155,-72.155,-72.155,-72.155,-72.155,-72.155,-72.155,-72.155,-72.155,-72.154,-72.154,-72.154,-72.154,-72.154,-72.154,-72.154,-72.154,-72.154,-72.154,-72.154,-72.153,-72.153,-72.153,-72.153,-72.153,-72.153,-72.153,-72.153,-72.153,-72.153,-72.153,-72.153,-72.152,-72.152,-72.152,-72.152,-72.152,-72.152,-72.152,-72.152,-72.152,-72.152,-72.152,-72.151,-72.151,-72.151,-72.151,-72.151,-72.151,-72.151,-72.151,-72.151,-72.151,-72.151,-72.151,-72.15,-72.15,-72.15,-72.15,-72.15,-72.15,-72.15,-72.15,-72.15,-72.15,-72.15,-72.149,-72.149,-72.149,-72.149,-72.149,-72.149,-72.149,-72.149,-72.149,-72.149,-72.149,-72.149,-72.149,-72.148,-72.148,-72.148,-72.148,-72.148,-72.148,-72.148,-72.148,-72.148,-72.148,-72.148,-72.148,-72.147,-72.147,-72.147,-72.147,-72.147,-72.147,-72.147,-72.147,-72.147,-72.147,-72.147,-72.147,-72.147,-72.146,-72.146,-72.146,-72.146,-72.146,-72.146,-72.146,-72.146,-72.146,-72.146,-72.146,-72.146,-72.146,-72.146,-72.145,-72.145,-72.145,-72.145,-72.145,-72.145,-72.145,-72.145,-72.145,-72.145,-72.145,-72.145,-72.145,-72.145,-72.144,-72.144,-72.144,-72.144,-72.144,-72.144,-72.144,-72.144,-72.144,-72.144,-72.144,-72.144,-72.144,-72.144,-72.144,-72.143,-72.143,-72.143,-72.143,-72.143,-72.143,-72.143,-72.143,-72.143,-72.143,-72.143,-72.143,-72.143,-72.143,-72.143,-72.143,-72.143,-72.142,-72.142,-72.142,-72.142,-72.142,-72.142,-72.142,-72.142,-72.142,-72.142,-72.142,-72.142,-72.142,-72.142,-72.142,-72.142,-72.142,-72.142,-72.141,-72.141,-72.141,-72.141,-72.141,-72.141,-72.141,-72.141,-72.141,-72.141,-72.141,-72.141,-72.141,-72.141,-72.141,-72.141,-72.141,-72.141,-72.141,-72.14,-72.14,-72.14,-72.14,-72.14,-72.14,-72.14,-72.14,-72.14,-72.14,-72.14,-72.14,-72.14,-72.14,-72.14,-72.14,-72.14,-72.14,-72.14,-72.14,-72.14,-72.14,-72.139,-72.139,-72.139,-72.139,-72.139,-72.139,-72.139,-72.139,-72.139,-72.139,-72.139,-72.139,-72.139,-72.139,-72.139,-72.139,-72.139,-72.139,-72.139,-72.139,-72.139,-72.139,-72.139,-72.139,-72.138,-72.138,-72.138,-72.138,-72.138,-72.138,-72.138,-72.138,-72.138,-72.138,-72.138,-72.138,-72.138,-72.138,-72.138,-72.138,-72.138,-72.138,-72.138,-72.138,-72.138,-72.138,-72.138,-72.138,-72.138,-72.138,-72.138,-72.138,-72.138,-72.137,-72.137,-72.137,-72.137,-72.137,-72.137,-72.137,-72.137,-72.137,-72.137,-72.137,-72.137,-72.137,-72.137,-72.137,-72.137,-72.137,-72.137,-72.137,-72.137,-72.137,-72.137,-72.137,-72.137,-72.137,-72.137,-72.137,-72.137,-72.137,-72.137,-72.137,-72.137,-72.137,-72.137,-72.136,-72.136,-72.136,-72.136,-72.136,-72.136,-72.136,-72.136,-72.136,-72.136,-72.136,-72.136,-72.136,-72.136,-72.136,-72.136,-72.136,-72.136,-72.136,-72.136,-72.136,-72.136,-72.136,-72.136,-72.136,-72.136,-72.136,-72.136,-72.136,-72.136,-72.136,-72.136,-72.136,-72.136,-72.136,-72.136,-72.136,-72.136,-72.136,-72.136,-72.136,-72.136,-72.136,-72.135,-72.135,-72.135,-72.135,-72.135,-72.135,-72.135,-72.135,-72.135,-72.135,-72.135,-72.135,-72.135,-72.135,-72.135,-72.135,-72.135,-72.135,-72.135,-72.135,-72.135,-72.135,-72.135,-72.135,-72.135,-72.135,-72.135,-72.135,-72.135,-72.135,-72.135,-72.135,-72.135,-72.135,-72.135,-72.135,-72.135,-72.135,-72.135,-72.135,-72.135,-72.135,-72.135,-72.135,-72.135,-72.135,-72.135,-72.135,-72.135,-72.135,-72.135,-72.135,-72.135,-72.135,-72.135,-72.135,-72.135,-72.135,-72.134,-72.134,-72.134,-72.134,-72.134,-72.134,-72.134,-72.134,-72.134,-72.134,-72.134,-72.134,-72.134,-72.134,-72.134,-72.134,-72.134,-72.134,-72.134,-72.134,-72.134,-72.134,-72.134,-72.134,-72.134,-72.134,-72.134,-72.134,-72.134,-72.134,-72.134,-72.134,-72.134,-72.134,-72.134,-72.134,-72.134,-72.134,-72.134,-72.134,-72.134,-72.134,-72.134,-72.134,-72.134,-72.134,-72.134,-72.134,-72.134,-72.134,-72.134,-72.134,-72.134,-72.134,-72.134,-72.134,-72.134,-72.134,-72.134,-72.134,-72.134,-72.134,-72.134,-72.134,-72.134,-72.134,-72.134,-72.134,-72.134,-72.134,-72.134,-72.134,-72.134,-72.134,-72.134,-72.134,-72.134,-72.134,-72.134,-72.134,-72.134,-72.134,-72.134,-72.134,-72.134,-72.134,-72.134,-72.134,-72.134,-72.134,-72.134,-72.134,-72.134,-72.134,-72.133,-72.133,-72.133,-72.133,-72.133,-72.133,-72.133,-72.133,-72.133,-72.133,-72.133,-72.133,-72.133,-72.133,-72.133,-72.133,-72.133,-72.133,-72.133,-72.133,-72.133,-72.133,-72.133,-72.133,-72.133,-72.133,-72.133,-72.133,-72.133,-72.133,-72.133,-72.133,-72.133,-72.133,-72.133,-72.133,-72.133,-72.133,-72.133,-72.133,-72.133,-72.133,-72.133,-72.133,-72.133,-72.133,-72.133,-72.133,-72.133,-72.133,-72.133,-72.133,-72.133,-72.133,-72.133,-72.133